Date,PST,Outflow
19931001,0000,54
19931002,0000,68
19931003,0000,74
19931004,0000,74
19931005,0000,74
19931006,0000,75
19931007,0000,74
19931008,0000,74
19931009,0000,77
19931010,0000,78
19931011,0000,78
19931012,0000,76
19931013,0000,76
19931014,0000,74
19931015,0000,74
19931016,0000,m
19931017,0000,76
19931018,0000,73
19931019,0000,70
19931020,0000,70
19931021,0000,69
19931022,0000,70
19931023,0000,70
19931024,0000,70
19931025,0000,78
19931026,0000,89
19931027,0000,95
19931028,0000,95
19931029,0000,m
19931030,0000,95
19931031,0000,94
19931101,0000,91
19931102,0000,91
19931103,0000,89
19931104,0000,91
19931105,0000,87
19931106,0000,90
19931107,0000,91
19931108,0000,85
19931109,0000,76
19931110,0000,74
19931111,0000,76
19931112,0000,29
19931113,0000,0
19931114,0000,0
19931115,0000,m
19931116,0000,55
19931117,0000,46
19931118,0000,44
19931119,0000,m
19931120,0000,43
19931121,0000,43
19931122,0000,43
19931123,0000,41
19931124,0000,35
19931125,0000,20
19931126,0000,21
19931127,0000,23
19931128,0000,46
19931129,0000,43
19931130,0000,50
19931201,0000,54
19931202,0000,54
19931203,0000,39
19931204,0000,50
19931205,0000,56
19931206,0000,57
19931207,0000,57
19931208,0000,56
19931209,0000,33
19931210,0000,2
19931211,0000,0
19931212,0000,3
19931213,0000,3
19931214,0000,3
19931215,0000,3
19931216,0000,3
19931217,0000,1
19931218,0000,1
19931219,0000,1
19931220,0000,1
19931221,0000,0
19931222,0000,0
19931223,0000,0
19931224,0000,0
19931225,0000,0
19931226,0000,0
19931227,0000,0
19931228,0000,0
19931229,0000,0
19931230,0000,19
19931231,0000,80
19940101,0000,m
19940102,0000,0
19940103,0000,0
19940104,0000,0
19940105,0000,0
19940106,0000,0
19940107,0000,0
19940108,0000,m
19940109,0000,0
19940110,0000,0
19940111,0000,0
19940112,0000,0
19940113,0000,0
19940114,0000,0
19940115,0000,19
19940116,0000,m
19940117,0000,0
19940118,0000,0
19940119,0000,0
19940120,0000,0
19940121,0000,0
19940122,0000,0
19940123,0000,0
19940124,0000,1
19940125,0000,2
19940126,0000,1
19940127,0000,0
19940128,0000,0
19940129,0000,0
19940130,0000,0
19940131,0000,0
19940201,0000,0
19940202,0000,0
19940203,0000,0
19940204,0000,0
19940205,0000,7
19940206,0000,0
19940207,0000,0
19940208,0000,m
19940209,0000,0
19940210,0000,18
19940211,0000,0
19940212,0000,0
19940213,0000,0
19940214,0000,0
19940215,0000,0
19940216,0000,0
19940217,0000,0
19940218,0000,20
19940219,0000,1
19940220,0000,m
19940221,0000,m
19940222,0000,0
19940223,0000,0
19940224,0000,0
19940225,0000,0
19940226,0000,0
19940227,0000,0
19940228,0000,0
19940301,0000,0
19940302,0000,0
19940303,0000,0
19940304,0000,0
19940305,0000,0
19940306,0000,0
19940307,0000,0
19940308,0000,0
19940309,0000,0
19940310,0000,0
19940311,0000,0
19940312,0000,0
19940313,0000,0
19940314,0000,0
19940315,0000,0
19940316,0000,0
19940317,0000,0
19940318,0000,0
19940319,0000,0
19940320,0000,0
19940321,0000,0
19940322,0000,0
19940323,0000,0
19940324,0000,0
19940325,0000,19
19940326,0000,0
19940327,0000,0
19940328,0000,0
19940329,0000,0
19940330,0000,0
19940331,0000,0
19940401,0000,19
19940402,0000,0
19940403,0000,0
19940404,0000,0
19940405,0000,0
19940406,0000,0
19940407,0000,0
19940408,0000,19
19940409,0000,20
19940410,0000,m
19940411,0000,1
19940412,0000,0
19940413,0000,0
19940414,0000,0
19940415,0000,0
19940416,0000,0
19940417,0000,0
19940418,0000,0
19940419,0000,0
19940420,0000,0
19940421,0000,0
19940422,0000,0
19940423,0000,0
19940424,0000,0
19940425,0000,1
19940426,0000,6
19940427,0000,7
19940428,0000,7
19940429,0000,7
19940430,0000,8
19940501,0000,7
19940502,0000,7
19940503,0000,7
19940504,0000,7
19940505,0000,7
19940506,0000,2
19940507,0000,m
19940508,0000,m
19940509,0000,18
19940510,0000,19
19940511,0000,18
19940512,0000,m
19940513,0000,18
19940514,0000,17
19940515,0000,17
19940516,0000,17
19940517,0000,6
19940518,0000,0
19940519,0000,m
19940520,0000,0
19940521,0000,0
19940522,0000,0
19940523,0000,0
19940524,0000,0
19940525,0000,0
19940526,0000,0
19940527,0000,0
19940528,0000,0
19940529,0000,0
19940530,0000,0
19940531,0000,0
19940601,0000,7
19940602,0000,6
19940603,0000,4
19940604,0000,4
19940605,0000,4
19940606,0000,4
19940607,0000,76
19940608,0000,136
19940609,0000,134
19940610,0000,133
19940611,0000,134
19940612,0000,135
19940613,0000,139
19940614,0000,139
19940615,0000,138
19940616,0000,138
19940617,0000,139
19940618,0000,139
19940619,0000,149
19940620,0000,161
19940621,0000,161
19940622,0000,174
19940623,0000,181
19940624,0000,182
19940625,0000,186
19940626,0000,197
19940627,0000,209
19940628,0000,217
19940629,0000,228
19940630,0000,239
19940701,0000,242
19940702,0000,240
19940703,0000,225
19940704,0000,216
19940705,0000,217
19940706,0000,216
19940707,0000,216
19940708,0000,216
19940709,0000,219
19940710,0000,223
19940711,0000,229
19940712,0000,234
19940713,0000,240
19940714,0000,238
19940715,0000,242
19940716,0000,242
19940717,0000,233
19940718,0000,219
19940719,0000,m
19940720,0000,191
19940721,0000,195
19940722,0000,200
19940723,0000,190
19940724,0000,188
19940725,0000,182
19940726,0000,186
19940727,0000,198
19940728,0000,m
19940729,0000,244
19940730,0000,244
19940731,0000,238
19940801,0000,235
19940802,0000,229
19940803,0000,228
19940804,0000,213
19940805,0000,m
19940806,0000,m
19940807,0000,205
19940808,0000,205
19940809,0000,198
19940810,0000,202
19940811,0000,204
19940812,0000,200
19940813,0000,196
19940814,0000,195
19940815,0000,194
19940816,0000,187
19940817,0000,m
19940818,0000,170
19940819,0000,159
19940820,0000,52
19940821,0000,0
19940822,0000,0
19940823,0000,0
19940824,0000,0
19940825,0000,0
19940826,0000,0
19940827,0000,0
19940828,0000,0
19940829,0000,1
19940830,0000,0
19940831,0000,0
19940901,0000,0
19940902,0000,0
19940903,0000,0
19940904,0000,0
19940905,0000,0
19940906,0000,0
19940907,0000,0
19940908,0000,m
19940909,0000,m
19940910,0000,m
19940911,0000,0
19940912,0000,0
19940913,0000,0
19940914,0000,0
19940915,0000,0
19940916,0000,0
19940917,0000,0
19940918,0000,0
19940919,0000,0
19940920,0000,0
19940921,0000,0
19940922,0000,0
19940923,0000,0
19940924,0000,0
19940925,0000,0
19940926,0000,0
19940927,0000,0
19940928,0000,0
19940929,0000,0
19940930,0000,0
19941001,0000,0
19941002,0000,0
19941003,0000,0
19941004,0000,0
19941005,0000,0
19941006,0000,0
19941007,0000,0
19941008,0000,0
19941009,0000,0
19941010,0000,0
19941011,0000,m
19941012,0000,0
19941013,0000,0
19941014,0000,0
19941015,0000,0
19941016,0000,0
19941017,0000,0
19941018,0000,0
19941019,0000,m
19941020,0000,0
19941021,0000,0
19941022,0000,0
19941023,0000,0
19941024,0000,0
19941025,0000,0
19941026,0000,0
19941027,0000,0
19941028,0000,m
19941029,0000,0
19941030,0000,0
19941031,0000,0
19941101,0000,0
19941102,0000,0
19941103,0000,0
19941104,0000,0
19941105,0000,0
19941106,0000,0
19941107,0000,0
19941108,0000,0
19941109,0000,0
19941110,0000,0
19941111,0000,0
19941112,0000,0
19941113,0000,0
19941114,0000,0
19941115,0000,0
19941116,0000,0
19941117,0000,0
19941118,0000,0
19941119,0000,0
19941120,0000,0
19941121,0000,0
19941122,0000,0
19941123,0000,0
19941124,0000,0
19941125,0000,0
19941126,0000,0
19941127,0000,0
19941128,0000,0
19941129,0000,0
19941130,0000,0
19941201,0000,0
19941202,0000,0
19941203,0000,0
19941204,0000,0
19941205,0000,0
19941206,0000,0
19941207,0000,0
19941208,0000,0
19941209,0000,0
19941210,0000,0
19941211,0000,0
19941212,0000,0
19941213,0000,0
19941214,0000,2
19941215,0000,2
19941216,0000,2
19941217,0000,3
19941218,0000,3
19941219,0000,4
19941220,0000,4
19941221,0000,2
19941222,0000,0
19941223,0000,0
19941224,0000,0
19941225,0000,1
19941226,0000,3
19941227,0000,3
19941228,0000,4
19941229,0000,1
19941230,0000,0
19941231,0000,0
19950101,0000,0
19950102,0000,0
19950103,0000,0
19950104,0000,0
19950105,0000,0
19950106,0000,0
19950107,0000,0
19950108,0000,0
19950109,0000,0
19950110,0000,0
19950111,0000,0
19950112,0000,0
19950113,0000,0
19950114,0000,0
19950115,0000,0
19950116,0000,0
19950117,0000,0
19950118,0000,0
19950119,0000,0
19950120,0000,0
19950121,0000,0
19950122,0000,0
19950123,0000,0
19950124,0000,106
19950125,0000,196
19950126,0000,293
19950127,0000,294
19950128,0000,401
19950129,0000,481
19950130,0000,484
19950131,0000,484
19950201,0000,485
19950202,0000,406
19950203,0000,406
19950204,0000,310
19950205,0000,310
19950206,0000,310
19950207,0000,155
19950208,0000,155
19950209,0000,149
19950210,0000,151
19950211,0000,151
19950212,0000,151
19950213,0000,151
19950214,0000,152
19950215,0000,152
19950216,0000,154
19950217,0000,154
19950218,0000,155
19950219,0000,155
19950220,0000,155
19950221,0000,157
19950222,0000,160
19950223,0000,168
19950224,0000,170
19950225,0000,167
19950226,0000,168
19950227,0000,183
19950228,0000,183
19950301,0000,220
19950302,0000,224
19950303,0000,92
19950304,0000,12
19950305,0000,12
19950306,0000,11
19950307,0000,12
19950308,0000,13
19950309,0000,14
19950310,0000,23
19950311,0000,98
19950312,0000,793
19950313,0000,2472
19950314,0000,3036
19950315,0000,2695
19950316,0000,1925
19950317,0000,775
19950318,0000,775
19950319,0000,480
19950320,0000,480
19950321,0000,478
19950322,0000,480
19950323,0000,480
19950324,0000,1109
19950325,0000,1664
19950326,0000,1944
19950327,0000,1944
19950328,0000,1453
19950329,0000,863
19950330,0000,546
19950331,0000,404
19950401,0000,405
19950402,0000,405
19950403,0000,405
19950404,0000,189
19950405,0000,189
19950406,0000,190
19950407,0000,189
19950408,0000,190
19950409,0000,189
19950410,0000,189
19950411,0000,147
19950412,0000,103
19950413,0000,103
19950414,0000,103
19950415,0000,103
19950416,0000,102
19950417,0000,103
19950418,0000,96
19950419,0000,89
19950420,0000,89
19950421,0000,90
19950422,0000,92
19950423,0000,93
19950424,0000,94
19950425,0000,94
19950426,0000,94
19950427,0000,94
19950428,0000,222
19950429,0000,467
19950430,0000,703
19950501,0000,670
19950502,0000,470
19950503,0000,450
19950504,0000,348
19950505,0000,288
19950506,0000,274
19950507,0000,275
19950508,0000,276
19950509,0000,277
19950510,0000,277
19950511,0000,277
19950512,0000,276
19950513,0000,276
19950514,0000,98
19950515,0000,0
19950516,0000,0
19950517,0000,0
19950518,0000,2
19950519,0000,3
19950520,0000,4
19950521,0000,4
19950522,0000,71
19950523,0000,119
19950524,0000,138
19950525,0000,144
19950526,0000,153
19950527,0000,157
19950528,0000,157
19950529,0000,155
19950530,0000,155
19950531,0000,184
19950601,0000,m
19950602,0000,206
19950603,0000,207
19950604,0000,206
19950605,0000,206
19950606,0000,198
19950607,0000,191
19950608,0000,191
19950609,0000,191
19950610,0000,191
19950611,0000,209
19950612,0000,217
19950613,0000,217
19950614,0000,216
19950615,0000,216
19950616,0000,192
19950617,0000,180
19950618,0000,184
19950619,0000,173
19950620,0000,176
19950621,0000,183
19950622,0000,209
19950623,0000,m
19950624,0000,269
19950625,0000,286
19950626,0000,286
19950627,0000,287
19950628,0000,293
19950629,0000,296
19950630,0000,m
19950701,0000,282
19950702,0000,300
19950703,0000,m
19950704,0000,299
19950705,0000,m
19950706,0000,285
19950707,0000,234
19950708,0000,198
19950709,0000,163
19950710,0000,146
19950711,0000,190
19950712,0000,236
19950713,0000,256
19950714,0000,m
19950715,0000,265
19950716,0000,269
19950717,0000,295
19950718,0000,318
19950719,0000,319
19950720,0000,320
19950721,0000,311
19950722,0000,306
19950723,0000,312
19950724,0000,304
19950725,0000,296
19950726,0000,m
19950727,0000,296
19950728,0000,294
19950729,0000,293
19950730,0000,m
19950731,0000,283
19950801,0000,277
19950802,0000,287
19950803,0000,300
19950804,0000,288
19950805,0000,281
19950806,0000,280
19950807,0000,272
19950808,0000,264
19950809,0000,m
19950810,0000,289
19950811,0000,273
19950812,0000,263
19950813,0000,251
19950814,0000,244
19950815,0000,240
19950816,0000,241
19950817,0000,244
19950818,0000,232
19950819,0000,222
19950820,0000,221
19950821,0000,221
19950822,0000,220
19950823,0000,219
19950824,0000,207
19950825,0000,168
19950826,0000,115
19950827,0000,54
19950828,0000,13
19950829,0000,m
19950830,0000,0
19950831,0000,m
19950901,0000,0
19950902,0000,0
19950903,0000,1
19950904,0000,1
19950905,0000,1
19950906,0000,1
19950907,0000,1
19950908,0000,1
19950909,0000,m
19950910,0000,1
19950911,0000,1
19950912,0000,0
19950913,0000,0
19950914,0000,0
19950915,0000,0
19950916,0000,0
19950917,0000,m
19950918,0000,0
19950919,0000,0
19950920,0000,0
19950921,0000,0
19950922,0000,0
19950923,0000,m
19950924,0000,0
19950925,0000,0
19950926,0000,140
19950927,0000,m
19950928,0000,149
19950929,0000,159
19950930,0000,158
19951001,0000,158
19951002,0000,155
19951003,0000,154
19951004,0000,156
19951005,0000,157
19951006,0000,156
19951007,0000,155
19951008,0000,155
19951009,0000,142
19951010,0000,128
19951011,0000,128
19951012,0000,128
19951013,0000,128
19951014,0000,129
19951015,0000,129
19951016,0000,129
19951017,0000,129
19951018,0000,129
19951019,0000,128
19951020,0000,126
19951021,0000,m
19951022,0000,m
19951023,0000,123
19951024,0000,123
19951025,0000,117
19951026,0000,113
19951027,0000,m
19951028,0000,m
19951029,0000,124
19951030,0000,121
19951031,0000,104
19951101,0000,79
19951102,0000,71
19951103,0000,m
19951104,0000,100
19951105,0000,93
19951106,0000,128
19951107,0000,99
19951108,0000,73
19951109,0000,74
19951110,0000,m
19951111,0000,m
19951112,0000,m
19951113,0000,75
19951114,0000,75
19951115,0000,m
19951116,0000,74
19951117,0000,26
19951118,0000,0
19951119,0000,0
19951120,0000,0
19951121,0000,m
19951122,0000,13
19951123,0000,36
19951124,0000,44
19951125,0000,54
19951126,0000,m
19951127,0000,m
19951128,0000,54
19951129,0000,53
19951130,0000,53
19951201,0000,53
19951202,0000,54
19951203,0000,54
19951204,0000,54
19951205,0000,54
19951206,0000,56
19951207,0000,59
19951208,0000,58
19951209,0000,57
19951210,0000,56
19951211,0000,57
19951212,0000,57
19951213,0000,58
19951214,0000,m
19951215,0000,m
19951216,0000,m
19951217,0000,m
19951218,0000,296
19951219,0000,304
19951220,0000,304
19951221,0000,301
19951222,0000,m
19951223,0000,m
19951224,0000,296
19951225,0000,296
19951226,0000,295
19951227,0000,m
19951228,0000,166
19951229,0000,2
19951230,0000,3
19951231,0000,3
19960101,0000,3
19960102,0000,3
19960103,0000,4
19960104,0000,4
19960105,0000,4
19960106,0000,4
19960107,0000,4
19960108,0000,4
19960109,0000,4
19960110,0000,4
19960111,0000,4
19960112,0000,4
19960113,0000,4
19960114,0000,m
19960115,0000,4
19960116,0000,4
19960117,0000,m
19960118,0000,1
19960119,0000,1
19960120,0000,m
19960121,0000,1
19960122,0000,1
19960123,0000,0
19960124,0000,m
19960125,0000,2
19960126,0000,1
19960127,0000,1
19960128,0000,1
19960129,0000,0
19960130,0000,0
19960131,0000,4
19960201,0000,3
19960202,0000,1
19960203,0000,1
19960204,0000,4
19960206,0000,2
19960207,0000,94
19960208,0000,174
19960209,0000,181
19960210,0000,180
19960211,0000,178
19960212,0000,132
19960213,0000,108
19960214,0000,108
19960215,0000,135
19960216,0000,171
19960217,0000,170
19960218,0000,170
19960219,0000,171
19960220,0000,172
19960221,0000,174
19960222,0000,297
19960223,0000,439
19960224,0000,493
19960225,0000,494
19960226,0000,501
19960227,0000,506
19960228,0000,506
19960229,0000,504
19960301,0000,503
19960302,0000,502
19960303,0000,500
19960304,0000,499
19960305,0000,500
19960306,0000,501
19960307,0000,502
19960308,0000,496
19960309,0000,489
19960311,0000,485
19960312,0000,488
19960313,0000,488
19960314,0000,488
19960315,0000,488
19960317,0000,486
19960318,0000,413
19960319,0000,370
19960320,0000,182
19960321,0000,0
19960322,0000,0
19960324,0000,1
19960325,0000,2
19960326,0000,2
19960327,0000,2
19960328,0000,0
19960329,0000,0
19960330,0000,0
19960331,0000,0
19960401,0000,1
19960402,0000,1
19960403,0000,0
19960404,0000,m
19960405,0000,0
19960406,0000,0
19960407,0000,m
19960408,0000,m
19960409,0000,0
19960410,0000,0
19960411,0000,1
19960412,0000,m
19960413,0000,1
19960414,0000,1
19960415,0000,1
19960416,0000,2
19960417,0000,2
19960418,0000,3
19960419,0000,2
19960420,0000,1
19960421,0000,1
19960422,0000,1
19960423,0000,1
19960424,0000,1
19960425,0000,0
19960426,0000,m
19960427,0000,0
19960428,0000,0
19960429,0000,0
19960430,0000,0
19960501,0000,m
19960502,0000,62
19960503,0000,m
19960504,0000,101
19960505,0000,83
19960506,0000,63
19960507,0000,60
19960508,0000,60
19960509,0000,69
19960510,0000,80
19960511,0000,48
19960512,0000,49
19960513,0000,49
19960514,0000,49
19960515,0000,49
19960516,0000,27
19960517,0000,0
19960518,0000,0
19960519,0000,0
19960520,0000,0
19960521,0000,0
19960522,0000,43
19960523,0000,69
19960524,0000,92
19960525,0000,113
19960526,0000,m
19960527,0000,185
19960528,0000,198
19960529,0000,202
19960530,0000,211
19960531,0000,m
19960601,0000,240
19960602,0000,m
19960603,0000,163
19960604,0000,m
19960605,0000,190
19960606,0000,258
19960607,0000,m
19960608,0000,m
19960609,0000,227
19960610,0000,190
19960611,0000,174
19960612,0000,181
19960613,0000,195
19960614,0000,194
19960615,0000,199
19960616,0000,218
19960617,0000,231
19960618,0000,244
19960619,0000,242
19960620,0000,234
19960621,0000,m
19960622,0000,m
19960623,0000,236
19960624,0000,247
19960625,0000,247
19960626,0000,220
19960627,0000,m
19960628,0000,163
19960629,0000,153
19960630,0000,161
19960701,0000,183
19960702,0000,m
19960703,0000,263
19960704,0000,253
19960705,0000,m
19960706,0000,m
19960707,0000,248
19960708,0000,275
19960709,0000,295
19960710,0000,287
19960711,0000,281
19960712,0000,m
19960713,0000,264
19960714,0000,257
19960715,0000,261
19960716,0000,254
19960717,0000,261
19960718,0000,274
19960719,0000,268
19960720,0000,250
19960721,0000,246
19960722,0000,272
19960723,0000,m
19960724,0000,m
19960725,0000,279
19960726,0000,254
19960727,0000,236
19960728,0000,235
19960729,0000,234
19960730,0000,234
19960731,0000,m
19960801,0000,m
19960802,0000,m
19960803,0000,m
19960804,0000,m
19960805,0000,237
19960806,0000,m
19960807,0000,238
19960808,0000,m
19960809,0000,m
19960810,0000,m
19960811,0000,m
19960812,0000,245
19960813,0000,m
19960814,0000,m
19960815,0000,m
19960816,0000,m
19960817,0000,m
19960818,0000,m
19960819,0000,m
19960820,0000,m
19960821,0000,m
19960822,0000,188
19960823,0000,177
19960824,0000,167
19960825,0000,176
19960826,0000,175
19960827,0000,175
19960828,0000,176
19960829,0000,173
19960830,0000,168
19960831,0000,167
19960901,0000,162
19960902,0000,153
19960903,0000,157
19960904,0000,161
19960905,0000,153
19960906,0000,152
19960907,0000,143
19960908,0000,134
19960909,0000,136
19960910,0000,146
19960911,0000,144
19960912,0000,144
19960913,0000,145
19960914,0000,141
19960915,0000,134
19960916,0000,137
19960917,0000,137
19960918,0000,141
19960919,0000,153
19960920,0000,152
19960921,0000,144
19960922,0000,130
19960923,0000,141
19960924,0000,148
19960925,0000,152
19960926,0000,154
19960927,0000,159
19960928,0000,158
19960929,0000,155
19960930,0000,150
19961001,0000,144
19961002,0000,140
19961003,0000,134
19961004,0000,131
19961005,0000,123
19961006,0000,122
19961007,0000,123
19961008,0000,142
19961009,0000,149
19961010,0000,m
19961011,0000,139
19961012,0000,143
19961013,0000,138
19961014,0000,137
19961015,0000,65
19961016,0000,0
19961017,0000,0
19961018,0000,0
19961019,0000,0
19961020,0000,0
19961021,0000,0
19961022,0000,0
19961023,0000,0
19961024,0000,0
19961025,0000,0
19961026,0000,0
19961027,0000,0
19961028,0000,0
19961029,0000,0
19961030,0000,1
19961031,0000,0
19961101,0000,0
19961102,0000,0
19961103,0000,0
19961104,0000,0
19961105,0000,0
19961106,0000,0
19961107,0000,m
19961108,0000,0
19961109,0000,0
19961110,0000,0
19961111,0000,0
19961112,0000,0
19961113,0000,0
19961114,0000,0
19961115,0000,0
19961116,0000,1
19961117,0000,6
19961118,0000,m
19961119,0000,6
19961120,0000,6
19961121,0000,10
19961122,0000,16
19961123,0000,14
19961124,0000,10
19961125,0000,9
19961126,0000,m
19961127,0000,7
19961128,0000,7
19961129,0000,7
19961130,0000,7
19961201,0000,6
19961202,0000,6
19961203,0000,6
19961204,0000,5
19961205,0000,9
19961206,0000,12
19961207,0000,11
19961208,0000,10
19961209,0000,17
19961210,0000,496
19961211,0000,1318
19961212,0000,1857
19961213,0000,1548
19961214,0000,1010
19961215,0000,1003
19961216,0000,924
19961217,0000,806
19961218,0000,741
19961219,0000,608
19961220,0000,417
19961221,0000,294
19961222,0000,301
19961223,0000,513
19961224,0000,931
19961225,0000,988
19961226,0000,979
19961227,0000,1264
19961228,0000,1883
19961229,0000,1350
19961230,0000,515
19961231,0000,1074
19970101,0000,1478
19970102,0000,1551
19970103,0000,1050
19970104,0000,509
19970105,0000,512
19970106,0000,514
19970107,0000,516
19970108,0000,516
19970109,0000,517
19970110,0000,516
19970111,0000,517
19970112,0000,517
19970113,0000,754
19970114,0000,1035
19970115,0000,993
19970116,0000,989
19970117,0000,987
19970118,0000,802
19970119,0000,491
19970120,0000,495
19970121,0000,644
19970122,0000,991
19970123,0000,1539
19970124,0000,3294
19970125,0000,4256
19970126,0000,3911
19970127,0000,3416
19970128,0000,3169
19970129,0000,3267
19970130,0000,3208
19970131,0000,3154
19970201,0000,3093
19970202,0000,3038
19970203,0000,2796
19970204,0000,2379
19970205,0000,1867
19970206,0000,1212
19970207,0000,768
19970208,0000,753
19970209,0000,750
19970210,0000,662
19970211,0000,605
19970212,0000,457
19970213,0000,374
19970214,0000,374
19970215,0000,374
19970216,0000,375
19970217,0000,375
19970218,0000,377
19970219,0000,215
19970220,0000,0
19970221,0000,0
19970222,0000,0
19970223,0000,0
19970224,0000,0
19970225,0000,0
19970226,0000,0
19970227,0000,3
19970228,0000,4
19970301,0000,4
19970302,0000,5
19970303,0000,6
19970304,0000,6
19970305,0000,7
19970306,0000,9
19970307,0000,9
19970308,0000,10
19970309,0000,9
19970310,0000,9
19970311,0000,10
19970312,0000,10
19970313,0000,11
19970314,0000,11
19970315,0000,13
19970316,0000,13
19970317,0000,14
19970318,0000,0
19970319,0000,0
19970320,0000,0
19970321,0000,0
19970322,0000,0
19970323,0000,0
19970324,0000,0
19970325,0000,0
19970326,0000,0
19970327,0000,0
19970328,0000,0
19970329,0000,0
19970330,0000,0
19970331,0000,0
19970401,0000,0
19970402,0000,0
19970403,0000,0
19970404,0000,0
19970405,0000,0
19970406,0000,0
19970407,0000,0
19970408,0000,0
19970409,0000,0
19970410,0000,0
19970411,0000,0
19970412,0000,0
19970413,0000,0
19970414,0000,77
19970415,0000,120
19970416,0000,134
19970417,0000,129
19970418,0000,127
19970419,0000,124
19970420,0000,123
19970421,0000,105
19970422,0000,102
19970423,0000,102
19970424,0000,103
19970425,0000,101
19970426,0000,100
19970427,0000,100
19970428,0000,100
19970429,0000,101
19970430,0000,103
19970501,0000,108
19970502,0000,141
19970503,0000,149
19970504,0000,149
19970505,0000,149
19970506,0000,153
19970507,0000,150
19970508,0000,152
19970509,0000,158
19970510,0000,157
19970511,0000,157
19970512,0000,158
19970513,0000,159
19970514,0000,170
19970515,0000,187
19970516,0000,173
19970517,0000,165
19970518,0000,159
19970519,0000,158
19970520,0000,160
19970521,0000,205
19970522,0000,225
19970523,0000,225
19970524,0000,198
19970525,0000,186
19970526,0000,160
19970527,0000,156
19970528,0000,159
19970529,0000,193
19970530,0000,195
19970531,0000,199
19970601,0000,188
19970602,0000,175
19970603,0000,181
19970604,0000,170
19970605,0000,122
19970606,0000,108
19970607,0000,126
19970608,0000,154
19970609,0000,165
19970610,0000,169
19970611,0000,184
19970612,0000,195
19970613,0000,192
19970614,0000,163
19970615,0000,138
19970616,0000,138
19970617,0000,148
19970618,0000,187
19970619,0000,225
19970620,0000,241
19970621,0000,233
19970622,0000,212
19970623,0000,233
19970624,0000,173
19970625,0000,179
19970626,0000,192
19970627,0000,187
19970628,0000,195
19970629,0000,191
19970630,0000,191
19970701,0000,178
19970702,0000,182
19970703,0000,186
19970704,0000,163
19970705,0000,141
19970706,0000,140
19970707,0000,163
19970708,0000,200
19970709,0000,235
19970710,0000,200
19970711,0000,259
19970712,0000,235
19970713,0000,216
19970714,0000,235
19970715,0000,195
19970716,0000,194
19970717,0000,205
19970718,0000,189
19970719,0000,189
19970720,0000,189
19970721,0000,189
19970722,0000,195
19970723,0000,209
19970724,0000,205
19970725,0000,190
19970726,0000,180
19970727,0000,178
19970728,0000,175
19970729,0000,175
19970730,0000,175
19970731,0000,183
19970801,0000,208
19970802,0000,217
19970803,0000,214
19970804,0000,205
19970805,0000,210
19970806,0000,206
19970807,0000,192
19970808,0000,159
19970809,0000,143
19970810,0000,143
19970811,0000,143
19970812,0000,140
19970813,0000,133
19970814,0000,132
19970815,0000,129
19970816,0000,122
19970817,0000,112
19970818,0000,109
19970819,0000,100
19970820,0000,93
19970821,0000,93
19970822,0000,93
19970823,0000,93
19970824,0000,92
19970825,0000,92
19970826,0000,92
19970827,0000,85
19970828,0000,71
19970829,0000,71
19970830,0000,69
19970831,0000,69
19970901,0000,68
19970902,0000,69
19970903,0000,95
19970904,0000,112
19970905,0000,112
19970906,0000,111
19970907,0000,117
19970908,0000,134
19970909,0000,140
19970910,0000,126
19970911,0000,122
19970912,0000,118
19970913,0000,110
19970914,0000,110
19970915,0000,110
19970916,0000,61
19970917,0000,2
19970918,0000,4
19970919,0000,8
19970920,0000,0
19970921,0000,1
19970922,0000,1
19970923,0000,2
19970924,0000,0
19970925,0000,0
19970926,0000,0
19970927,0000,0
19970928,0000,0
19970929,0000,0
19970930,0000,0
19971001,0000,0
19971002,0000,0
19971003,0000,0
19971004,0000,0
19971005,0000,0
19971006,0000,0
19971007,0000,0
19971008,0000,0
19971009,0000,0
19971010,0000,0
19971011,0000,0
19971012,0000,0
19971013,0000,0
19971014,0000,60
19971015,0000,104
19971016,0000,103
19971017,0000,103
19971018,0000,102
19971019,0000,101
19971020,0000,88
19971021,0000,79
19971022,0000,81
19971023,0000,79
19971024,0000,79
19971025,0000,79
19971026,0000,79
19971027,0000,31
19971028,0000,0
19971029,0000,0
19971030,0000,0
19971031,0000,0
19971101,0000,0
19971102,0000,0
19971103,0000,0
19971104,0000,0
19971105,0000,0
19971106,0000,1
19971107,0000,1
19971108,0000,2
19971109,0000,2
19971110,0000,3
19971111,0000,5
19971112,0000,0
19971113,0000,0
19971114,0000,0
19971115,0000,0
19971116,0000,0
19971117,0000,0
19971118,0000,0
19971119,0000,1
19971120,0000,0
19971121,0000,0
19971122,0000,0
19971123,0000,0
19971124,0000,0
19971125,0000,0
19971126,0000,0
19971127,0000,0
19971128,0000,0
19971129,0000,0
19971130,0000,0
19971201,0000,0
19971202,0000,0
19971203,0000,0
19971204,0000,0
19971205,0000,0
19971206,0000,1
19971207,0000,0
19971208,0000,0
19971209,0000,0
19971210,0000,0
19971211,0000,0
19971212,0000,0
19971213,0000,0
19971214,0000,0
19971215,0000,0
19971216,0000,0
19971217,0000,0
19971218,0000,0
19971219,0000,0
19971220,0000,0
19971221,0000,0
19971222,0000,0
19971223,0000,0
19971224,0000,0
19971225,0000,0
19971226,0000,0
19971227,0000,0
19971228,0000,0
19971229,0000,0
19971230,0000,0
19971231,0000,0
19980101,0000,0
19980102,0000,0
19980103,0000,0
19980104,0000,0
19980105,0000,0
19980106,0000,0
19980107,0000,0
19980108,0000,0
19980109,0000,0
19980110,0000,0
19980111,0000,0
19980112,0000,0
19980113,0000,0
19980114,0000,0
19980115,0000,2
19980116,0000,0
19980117,0000,0
19980118,0000,0
19980119,0000,0
19980120,0000,0
19980121,0000,0
19980122,0000,0
19980123,0000,0
19980124,0000,0
19980125,0000,0
19980126,0000,0
19980127,0000,0
19980128,0000,0
19980129,0000,0
19980130,0000,0
19980131,0000,0
19980201,0000,0
19980202,0000,48
19980203,0000,381
19980204,0000,997
19980205,0000,2117
19980206,0000,2108
19980207,0000,1736
19980208,0000,1941
19980209,0000,1919
19980210,0000,1414
19980211,0000,1414
19980212,0000,906
19980213,0000,754
19980214,0000,754
19980215,0000,761
19980216,0000,763
19980217,0000,735
19980218,0000,708
19980219,0000,709
19980220,0000,710
19980221,0000,713
19980222,0000,718
19980223,0000,1036
19980224,0000,1510
19980225,0000,1491
19980226,0000,1012
19980227,0000,621
19980228,0000,593
19980301,0000,592
19980302,0000,460
19980303,0000,286
19980304,0000,142
19980305,0000,161
19980306,0000,205
19980307,0000,205
19980308,0000,206
19980309,0000,207
19980310,0000,169
19980311,0000,99
19980312,0000,99
19980313,0000,99
19980314,0000,99
19980315,0000,99
19980316,0000,99
19980317,0000,99
19980318,0000,99
19980319,0000,99
19980320,0000,99
19980321,0000,99
19980322,0000,99
19980323,0000,99
19980324,0000,100
19980325,0000,103
19980326,0000,319
19980327,0000,500
19980328,0000,502
19980329,0000,504
19980330,0000,505
19980331,0000,506
19980401,0000,508
19980402,0000,498
19980403,0000,511
19980404,0000,516
19980405,0000,518
19980406,0000,519
19980407,0000,521
19980408,0000,522
19980409,0000,523
19980410,0000,523
19980411,0000,523
19980412,0000,524
19980413,0000,329
19980414,0000,193
19980415,0000,193
19980416,0000,194
19980417,0000,195
19980418,0000,195
19980419,0000,195
19980420,0000,191
19980421,0000,195
19980422,0000,193
19980423,0000,m
19980424,0000,194
19980425,0000,191
19980426,0000,195
19980427,0000,195
19980428,0000,195
19980429,0000,195
19980430,0000,144
19980501,0000,107
19980502,0000,116
19980503,0000,116
19980504,0000,116
19980505,0000,113
19980506,0000,101
19980507,0000,101
19980508,0000,101
19980509,0000,102
19980510,0000,102
19980511,0000,102
19980512,0000,103
19980513,0000,292
19980514,0000,541
19980515,0000,489
19980516,0000,386
19980517,0000,386
19980518,0000,386
19980519,0000,214
19980520,0000,116
19980521,0000,116
19980522,0000,125
19980523,0000,145
19980524,0000,149
19980525,0000,153
19980526,0000,160
19980527,0000,166
19980528,0000,171
19980529,0000,156
19980530,0000,140
19980531,0000,146
19980601,0000,168
19980602,0000,192
19980603,0000,211
19980604,0000,235
19980605,0000,223
19980606,0000,196
19980607,0000,197
19980608,0000,332
19980609,0000,413
19980610,0000,393
19980611,0000,391
19980612,0000,391
19980613,0000,391
19980614,0000,390
19980615,0000,389
19980616,0000,389
19980617,0000,387
19980618,0000,385
19980619,0000,328
19980620,0000,241
19980621,0000,253
19980622,0000,277
19980623,0000,268
19980624,0000,238
19980625,0000,227
19980626,0000,218
19980627,0000,211
19980628,0000,216
19980629,0000,228
19980630,0000,244
19980701,0000,237
19980702,0000,224
19980703,0000,216
19980704,0000,194
19980705,0000,176
19980706,0000,165
19980707,0000,189
19980708,0000,244
19980709,0000,262
19980710,0000,262
19980711,0000,262
19980712,0000,262
19980713,0000,253
19980714,0000,242
19980715,0000,260
19980716,0000,260
19980717,0000,278
19980718,0000,278
19980719,0000,250
19980720,0000,249
19980721,0000,250
19980722,0000,250
19980723,0000,242
19980724,0000,223
19980725,0000,223
19980726,0000,212
19980727,0000,233
19980728,0000,281
19980729,0000,280
19980730,0000,271
19980731,0000,254
19980801,0000,250
19980802,0000,238
19980803,0000,238
19980804,0000,254
19980805,0000,290
19980806,0000,285
19980807,0000,271
19980808,0000,270
19980809,0000,270
19980810,0000,270
19980811,0000,m
19980812,0000,236
19980813,0000,m
19980814,0000,227
19980815,0000,216
19980816,0000,210
19980817,0000,216
19980818,0000,213
19980819,0000,192
19980820,0000,183
19980821,0000,188
19980822,0000,m
19980823,0000,m
19980824,0000,154
19980825,0000,154
19980826,0000,165
19980827,0000,165
19980828,0000,160
19980829,0000,145
19980830,0000,145
19980831,0000,145
19980901,0000,147
19980902,0000,155
19980903,0000,152
19980904,0000,148
19980905,0000,151
19980906,0000,141
19980907,0000,196
19980908,0000,142
19980909,0000,m
19980910,0000,141
19980911,0000,132
19980912,0000,117
19980913,0000,100
19980914,0000,101
19980915,0000,99
19980916,0000,98
19980917,0000,108
19980918,0000,129
19980919,0000,129
19980920,0000,129
19980921,0000,131
19980922,0000,138
19980923,0000,68
19980924,0000,1
19980925,0000,1
19980926,0000,93
19980927,0000,140
19980928,0000,128
19980929,0000,118
19980930,0000,m
19981001,0000,110
19981002,0000,139
19981003,0000,160
19981004,0000,161
19981005,0000,162
19981006,0000,161
19981007,0000,159
19981008,0000,162
19981009,0000,168
19981010,0000,168
19981011,0000,176
19981012,0000,193
19981013,0000,218
19981014,0000,346
19981015,0000,406
19981016,0000,406
19981017,0000,404
19981018,0000,402
19981019,0000,401
19981020,0000,400
19981021,0000,398
19981022,0000,m
19981023,0000,393
19981024,0000,391
19981025,0000,m
19981026,0000,393
19981027,0000,390
19981028,0000,388
19981029,0000,388
19981030,0000,397
19981031,0000,400
19981101,0000,399
19981102,0000,394
19981103,0000,395
19981104,0000,398
19981105,0000,396
19981106,0000,220
19981107,0000,m
19981108,0000,97
19981109,0000,97
19981110,0000,97
19981111,0000,97
19981112,0000,97
19981113,0000,97
19981114,0000,97
19981115,0000,97
19981116,0000,97
19981117,0000,97
19981118,0000,97
19981119,0000,96
19981120,0000,96
19981121,0000,m
19981122,0000,195
19981123,0000,195
19981124,0000,223
19981125,0000,158
19981126,0000,100
19981127,0000,100
19981128,0000,100
19981129,0000,100
19981130,0000,100
19981201,0000,m
19981202,0000,100
19981203,0000,100
19981204,0000,101
19981205,0000,100
19981206,0000,100
19981207,0000,100
19981208,0000,99
19981209,0000,99
19981210,0000,99
19981211,0000,107
19981212,0000,112
19981213,0000,111
19981214,0000,110
19981215,0000,109
19981216,0000,109
19981217,0000,104
19981218,0000,40
19981219,0000,0
19981220,0000,0
19981221,0000,0
19981222,0000,m
19981223,0000,0
19981224,0000,0
19981225,0000,1
19981226,0000,m
19981227,0000,m
19981228,0000,1
19981229,0000,1
19981230,0000,1
19981231,0000,1
19990101,0000,2
19990102,0000,2
19990103,0000,m
19990104,0000,2
19990105,0000,3
19990106,0000,4
19990107,0000,5
19990108,0000,0
19990109,0000,0
19990110,0000,0
19990111,0000,0
19990112,0000,0
19990113,0000,0
19990114,0000,0
19990115,0000,0
19990116,0000,m
19990117,0000,m
19990118,0000,m
19990119,0000,0
19990120,0000,0
19990121,0000,0
19990122,0000,0
19990123,0000,0
19990124,0000,0
19990125,0000,0
19990126,0000,0
19990127,0000,0
19990128,0000,0
19990129,0000,0
19990130,0000,0
19990131,0000,m
19990201,0000,0
19990202,0000,0
19990203,0000,0
19990204,0000,59
19990205,0000,37
19990206,0000,0
19990207,0000,0
19990208,0000,0
19990209,0000,0
19990210,0000,330
19990211,0000,502
19990212,0000,366
19990213,0000,290
19990214,0000,287
19990215,0000,287
19990216,0000,177
19990217,0000,96
19990218,0000,95
19990219,0000,95
19990220,0000,94
19990221,0000,95
19990222,0000,64
19990223,0000,0
19990224,0000,0
19990225,0000,0
19990226,0000,0
19990227,0000,0
19990228,0000,0
19990301,0000,0
19990302,0000,0
19990303,0000,0
19990304,0000,0
19990305,0000,0
19990306,0000,0
19990307,0000,0
19990308,0000,0
19990309,0000,0
19990310,0000,0
19990311,0000,0
19990312,0000,0
19990313,0000,0
19990314,0000,0
19990315,0000,0
19990316,0000,0
19990317,0000,0
19990318,0000,0
19990319,0000,0
19990320,0000,0
19990321,0000,0
19990322,0000,0
19990323,0000,0
19990324,0000,0
19990325,0000,0
19990326,0000,0
19990327,0000,0
19990328,0000,0
19990329,0000,0
19990330,0000,0
19990331,0000,0
19990401,0000,0
19990402,0000,0
19990403,0000,0
19990404,0000,0
19990405,0000,0
19990406,0000,0
19990407,0000,0
19990408,0000,0
19990409,0000,m
19990410,0000,m
19990411,0000,m
19990412,0000,m
19990413,0000,m
19990414,0000,m
19990415,0000,m
19990416,0000,m
19990417,0000,m
19990418,0000,m
19990419,0000,m
19990420,0000,m
19990421,0000,m
19990422,0000,m
19990423,0000,m
19990424,0000,m
19990425,0000,m
19990426,0000,m
19990427,0000,m
19990428,0000,m
19990429,0000,m
19990430,0000,m
19990501,0000,m
19990502,0000,m
19990503,0000,m
19990504,0000,112
19990505,0000,110
19990506,0000,131
19990507,0000,143
19990508,0000,142
19990509,0000,140
19990510,0000,148
19990511,0000,175
19990512,0000,180
19990513,0000,161
19990514,0000,129
19990515,0000,71
19990516,0000,0
19990517,0000,0
19990518,0000,0
19990519,0000,0
19990520,0000,84
19990521,0000,120
19990522,0000,118
19990523,0000,131
19990524,0000,156
19990525,0000,166
19990526,0000,193
19990527,0000,207
19990528,0000,75
19990529,0000,0
19990530,0000,0
19990531,0000,0
19990601,0000,0
19990602,0000,0
19990603,0000,0
19990604,0000,0
19990605,0000,0
19990606,0000,0
19990607,0000,0
19990608,0000,0
19990609,0000,0
19990610,0000,126
19990611,0000,213
19990612,0000,229
19990613,0000,211
19990614,0000,209
19990615,0000,190
19990616,0000,173
19990617,0000,177
19990618,0000,179
19990619,0000,168
19990620,0000,167
19990621,0000,172
19990622,0000,188
19990623,0000,186
19990624,0000,167
19990625,0000,167
19990626,0000,167
19990627,0000,175
19990628,0000,199
19990629,0000,202
19990630,0000,202
19990701,0000,200
19990702,0000,195
19990703,0000,184
19990704,0000,179
19990705,0000,173
19990706,0000,181
19990707,0000,198
19990708,0000,202
19990709,0000,207
19990710,0000,210
19990711,0000,196
19990712,0000,203
19990713,0000,205
19990714,0000,189
19990715,0000,171
19990716,0000,167
19990717,0000,166
19990718,0000,173
19990719,0000,156
19990720,0000,166
19990721,0000,184
19990722,0000,178
19990723,0000,183
19990724,0000,172
19990725,0000,178
19990726,0000,190
19990727,0000,203
19990728,0000,m
19990729,0000,206
19990730,0000,185
19990731,0000,179
19990801,0000,181
19990802,0000,176
19990803,0000,173
19990804,0000,191
19990805,0000,193
19990806,0000,184
19990807,0000,165
19990808,0000,m
19990809,0000,147
19990810,0000,153
19990811,0000,170
19990812,0000,176
19990813,0000,169
19990814,0000,152
19990815,0000,141
19990816,0000,149
19990817,0000,152
19990818,0000,158
19990819,0000,171
19990820,0000,163
19990821,0000,159
19990822,0000,157
19990823,0000,182
19990824,0000,193
19990825,0000,176
19990826,0000,155
19990827,0000,136
19990828,0000,126
19990829,0000,125
19990830,0000,128
19990831,0000,116
19990901,0000,105
19990902,0000,95
19990903,0000,103
19990904,0000,108
19990905,0000,108
19990906,0000,111
19990907,0000,118
19990908,0000,119
19990909,0000,122
19990910,0000,127
19990911,0000,124
19990912,0000,115
19990913,0000,114
19990914,0000,107
19990915,0000,105
19990916,0000,105
19990917,0000,105
19990918,0000,106
19990919,0000,112
19990920,0000,132
19990921,0000,m
19990922,0000,0
19990923,0000,72
19990924,0000,117
19990925,0000,0
19990926,0000,88
19990927,0000,120
19990928,0000,114
19990929,0000,107
19990930,0000,m
19991001,0000,111
19991002,0000,123
19991003,0000,130
19991004,0000,135
19991005,0000,147
19991006,0000,139
19991007,0000,133
19991008,0000,134
19991009,0000,136
19991010,0000,138
19991011,0000,140
19991012,0000,143
19991013,0000,148
19991014,0000,150
19991015,0000,151
19991016,0000,144
19991017,0000,149
19991018,0000,154
19991019,0000,151
19991020,0000,142
19991021,0000,137
19991022,0000,129
19991023,0000,135
19991024,0000,123
19991025,0000,108
19991026,0000,101
19991027,0000,67
19991028,0000,0
19991029,0000,0
19991030,0000,0
19991031,0000,0
19991101,0000,0
19991102,0000,0
19991103,0000,0
19991104,0000,0
19991105,0000,0
19991106,0000,0
19991107,0000,0
19991108,0000,0
19991109,0000,0
19991110,0000,0
19991111,0000,0
19991112,0000,0
19991113,0000,0
19991114,0000,0
19991115,0000,0
19991116,0000,0
19991117,0000,0
19991118,0000,0
19991119,0000,0
19991120,0000,0
19991121,0000,0
19991122,0000,0
19991123,0000,0
19991124,0000,0
19991125,0000,0
19991126,0000,0
19991127,0000,1
19991128,0000,1
19991129,0000,1
19991130,0000,1
19991201,0000,1
19991202,0000,1
19991203,0000,1
19991204,0000,1
19991205,0000,1
19991206,0000,2
19991207,0000,2
19991208,0000,2
19991209,0000,2
19991210,0000,2
19991211,0000,2
19991212,0000,2
19991213,0000,2
19991214,0000,2
19991215,0000,2
19991216,0000,2
19991217,0000,3
19991218,0000,3
19991219,0000,3
19991220,0000,3
19991221,0000,3
19991222,0000,3
19991223,0000,3
19991224,0000,4
19991225,0000,4
19991226,0000,4
19991227,0000,4
19991228,0000,4
19991229,0000,5
19991230,0000,5
19991231,0000,5
20000101,0000,6
20000102,0000,6
20000103,0000,5
20000104,0000,4
20000105,0000,0
20000106,0000,0
20000107,0000,0
20000108,0000,0
20000109,0000,0
20000110,0000,0
20000111,0000,0
20000112,0000,0
20000113,0000,0
20000114,0000,0
20000115,0000,1
20000116,0000,2
20000117,0000,3
20000118,0000,6
20000119,0000,6
20000120,0000,0
20000121,0000,0
20000122,0000,0
20000123,0000,0
20000124,0000,0
20000125,0000,0
20000126,0000,0
20000127,0000,0
20000128,0000,0
20000129,0000,0
20000130,0000,0
20000131,0000,0
20000201,0000,0
20000202,0000,0
20000203,0000,0
20000204,0000,0
20000205,0000,0
20000206,0000,0
20000207,0000,0
20000208,0000,0
20000209,0000,0
20000210,0000,0
20000211,0000,0
20000212,0000,0
20000213,0000,0
20000214,0000,0
20000215,0000,0
20000216,0000,0
20000217,0000,0
20000218,0000,0
20000219,0000,0
20000220,0000,0
20000221,0000,0
20000222,0000,0
20000223,0000,0
20000224,0000,0
20000225,0000,136
20000226,0000,261
20000227,0000,268
20000228,0000,151
20000229,0000,362
20000301,0000,529
20000302,0000,430
20000303,0000,480
20000304,0000,477
20000305,0000,479
20000306,0000,478
20000307,0000,477
20000308,0000,488
20000309,0000,494
20000310,0000,490
20000311,0000,484
20000312,0000,483
20000313,0000,382
20000314,0000,315
20000315,0000,314
20000316,0000,246
20000317,0000,127
20000318,0000,126
20000319,0000,126
20000320,0000,126
20000321,0000,126
20000322,0000,126
20000323,0000,126
20000324,0000,126
20000325,0000,126
20000326,0000,126
20000327,0000,126
20000328,0000,52
20000329,0000,0
20000330,0000,0
20000331,0000,0
20000401,0000,0
20000402,0000,1
20000403,0000,1
20000404,0000,2
20000405,0000,2
20000406,0000,0
20000407,0000,69
20000408,0000,107
20000409,0000,107
20000410,0000,141
20000411,0000,164
20000412,0000,180
20000413,0000,157
20000414,0000,144
20000415,0000,122
20000416,0000,116
20000417,0000,108
20000418,0000,108
20000419,0000,m
20000420,0000,127
20000421,0000,145
20000422,0000,148
20000423,0000,154
20000424,0000,167
20000425,0000,197
20000426,0000,198
20000427,0000,182
20000428,0000,150
20000429,0000,140
20000430,0000,140
20000501,0000,139
20000502,0000,144
20000503,0000,160
20000504,0000,162
20000505,0000,151
20000506,0000,145
20000507,0000,131
20000508,0000,130
20000509,0000,132
20000510,0000,142
20000511,0000,154
20000512,0000,153
20000513,0000,153
20000514,0000,153
20000515,0000,153
20000516,0000,133
20000517,0000,130
20000518,0000,145
20000519,0000,168
20000520,0000,168
20000521,0000,167
20000522,0000,175
20000523,0000,195
20000524,0000,192
20000525,0000,185
20000526,0000,172
20000527,0000,160
20000528,0000,162
20000529,0000,169
20000530,0000,166
20000531,0000,164
20000601,0000,175
20000602,0000,m
20000603,0000,177
20000604,0000,187
20000605,0000,137
20000606,0000,0
20000607,0000,144
20000608,0000,196
20000609,0000,157
20000610,0000,150
20000611,0000,133
20000612,0000,138
20000613,0000,162
20000614,0000,197
20000615,0000,238
20000616,0000,256
20000617,0000,249
20000618,0000,244
20000619,0000,232
20000620,0000,215
20000621,0000,224
20000622,0000,224
20000623,0000,223
20000624,0000,222
20000625,0000,222
20000626,0000,219
20000627,0000,202
20000628,0000,190
20000629,0000,219
20000630,0000,205
20000701,0000,174
20000702,0000,173
20000703,0000,189
20000704,0000,212
20000705,0000,213
20000706,0000,m
20000707,0000,181
20000708,0000,188
20000709,0000,207
20000710,0000,213
20000711,0000,m
20000712,0000,228
20000713,0000,227
20000714,0000,224
20000715,0000,213
20000716,0000,202
20000717,0000,187
20000718,0000,177
20000719,0000,188
20000720,0000,210
20000721,0000,m
20000722,0000,m
20000723,0000,167
20000724,0000,179
20000725,0000,191
20000726,0000,194
20000727,0000,m
20000728,0000,m
20000729,0000,m
20000730,0000,m
20000731,0000,m
20000801,0000,220
20000802,0000,211
20000803,0000,207
20000804,0000,m
20000805,0000,192
20000806,0000,178
20000807,0000,175
20000808,0000,175
20000809,0000,170
20000810,0000,167
20000811,0000,m
20000812,0000,m
20000813,0000,m
20000814,0000,170
20000815,0000,155
20000816,0000,155
20000817,0000,m
20000818,0000,156
20000819,0000,153
20000820,0000,144
20000821,0000,144
20000822,0000,140
20000823,0000,139
20000824,0000,147
20000825,0000,122
20000826,0000,108
20000827,0000,114
20000828,0000,128
20000829,0000,m
20000830,0000,m
20000831,0000,107
20000901,0000,105
20000902,0000,101
20000903,0000,101
20000904,0000,100
20000905,0000,100
20000906,0000,99
20000907,0000,99
20000908,0000,99
20000909,0000,98
20000910,0000,98
20000911,0000,98
20000912,0000,96
20000913,0000,92
20000914,0000,m
20000915,0000,93
20000916,0000,m
20000917,0000,m
20000918,0000,m
20000919,0000,m
20000920,0000,111
20000921,0000,108
20000922,0000,104
20000923,0000,102
20000924,0000,102
20000925,0000,99
20000926,0000,89
20000927,0000,84
20000928,0000,84
20000929,0000,110
20000930,0000,112
20001001,0000,112
20001002,0000,m
20001003,0000,127
20001004,0000,138
20001005,0000,144
20001006,0000,139
20001007,0000,135
20001008,0000,134
20001009,0000,134
20001010,0000,134
20001011,0000,125
20001012,0000,116
20001013,0000,112
20001014,0000,100
20001015,0000,100
20001016,0000,65
20001017,0000,0
20001018,0000,0
20001019,0000,0
20001020,0000,0
20001021,0000,0
20001022,0000,0
20001023,0000,0
20001024,0000,0
20001025,0000,0
20001026,0000,1
20001027,0000,0
20001028,0000,0
20001029,0000,0
20001030,0000,0
20001031,0000,0
20001101,0000,m
20001102,0000,0
20001103,0000,0
20001104,0000,0
20001105,0000,0
20001106,0000,0
20001107,0000,0
20001108,0000,0
20001109,0000,0
20001110,0000,0
20001111,0000,0
20001112,0000,0
20001113,0000,0
20001114,0000,0
20001115,0000,0
20001116,0000,0
20001117,0000,0
20001118,0000,0
20001119,0000,0
20001120,0000,0
20001121,0000,0
20001122,0000,0
20001123,0000,0
20001124,0000,0
20001125,0000,0
20001126,0000,0
20001127,0000,0
20001128,0000,0
20001129,0000,0
20001130,0000,35
20001201,0000,37
20001202,0000,0
20001203,0000,0
20001204,0000,0
20001205,0000,44
20001206,0000,46
20001207,0000,0
20001208,0000,0
20001209,0000,0
20001210,0000,0
20001211,0000,49
20001212,0000,43
20001213,0000,0
20001214,0000,50
20001215,0000,44
20001216,0000,0
20001217,0000,0
20001218,0000,0
20001219,0000,0
20001220,0000,50
20001221,0000,41
20001222,0000,0
20001223,0000,0
20001224,0000,0
20001225,0000,1
20001226,0000,1
20001227,0000,0
20001228,0000,47
20001229,0000,40
20001230,0000,0
20001231,0000,0
20010101,0000,0
20010102,0000,0
20010103,0000,0
20010104,0000,0
20010105,0000,0
20010106,0000,0
20010107,0000,0
20010108,0000,0
20010109,0000,0
20010110,0000,0
20010111,0000,0
20010112,0000,0
20010113,0000,0
20010114,0000,0
20010115,0000,0
20010116,0000,0
20010117,0000,0
20010118,0000,0
20010119,0000,0
20010120,0000,0
20010121,0000,0
20010122,0000,0
20010123,0000,0
20010124,0000,0
20010125,0000,0
20010126,0000,0
20010127,0000,m
20010128,0000,0
20010129,0000,0
20010130,0000,0
20010131,0000,0
20010201,0000,0
20010202,0000,0
20010203,0000,0
20010204,0000,0
20010205,0000,0
20010206,0000,0
20010207,0000,0
20010208,0000,0
20010209,0000,0
20010210,0000,0
20010211,0000,0
20010212,0000,65
20010213,0000,117
20010214,0000,121
20010215,0000,124
20010216,0000,99
20010217,0000,82
20010218,0000,82
20010219,0000,82
20010220,0000,89
20010221,0000,89
20010222,0000,84
20010223,0000,86
20010224,0000,75
20010225,0000,74
20010226,0000,133
20010227,0000,160
20010228,0000,128
20010301,0000,52
20010302,0000,2
20010303,0000,3
20010304,0000,5
20010305,0000,7
20010306,0000,6
20010307,0000,7
20010308,0000,7
20010309,0000,7
20010310,0000,8
20010311,0000,9
20010312,0000,m
20010313,0000,10
20010314,0000,11
20010315,0000,0
20010316,0000,0
20010317,0000,0
20010318,0000,0
20010319,0000,0
20010320,0000,0
20010321,0000,0
20010322,0000,0
20010323,0000,0
20010324,0000,0
20010325,0000,0
20010326,0000,0
20010327,0000,0
20010328,0000,0
20010329,0000,0
20010330,0000,61
20010331,0000,98
20010401,0000,97
20010402,0000,99
20010403,0000,114
20010404,0000,138
20010405,0000,143
20010406,0000,116
20010407,0000,98
20010408,0000,96
20010409,0000,91
20010410,0000,m
20010411,0000,75
20010412,0000,79
20010413,0000,78
20010414,0000,78
20010415,0000,77
20010416,0000,76
20010417,0000,76
20010418,0000,m
20010419,0000,74
20010420,0000,73
20010421,0000,73
20010422,0000,74
20010423,0000,m
20010424,0000,m
20010425,0000,73
20010426,0000,72
20010427,0000,42
20010428,0000,10
20010429,0000,11
20010430,0000,m
20010501,0000,89
20010502,0000,100
20010503,0000,103
20010504,0000,103
20010505,0000,102
20010506,0000,102
20010507,0000,101
20010508,0000,m
20010509,0000,99
20010510,0000,122
20010511,0000,121
20010512,0000,119
20010513,0000,119
20010514,0000,119
20010515,0000,118
20010516,0000,121
20010517,0000,m
20010518,0000,190
20010519,0000,178
20010520,0000,m
20010521,0000,139
20010522,0000,138
20010523,0000,139
20010524,0000,139
20010525,0000,139
20010526,0000,138
20010527,0000,138
20010528,0000,138
20010529,0000,148
20010530,0000,168
20010531,0000,m
20010601,0000,151
20010602,0000,136
20010603,0000,136
20010604,0000,136
20010605,0000,139
20010606,0000,m
20010607,0000,139
20010608,0000,138
20010609,0000,m
20010610,0000,137
20010611,0000,137
20010612,0000,139
20010613,0000,141
20010614,0000,140
20010615,0000,139
20010616,0000,138
20010617,0000,m
20010618,0000,163
20010619,0000,172
20010620,0000,186
20010621,0000,185
20010622,0000,184
20010623,0000,183
20010624,0000,182
20010625,0000,182
20010626,0000,174
20010627,0000,160
20010628,0000,m
20010629,0000,159
20010630,0000,m
20010701,0000,m
20010702,0000,164
20010703,0000,178
20010704,0000,177
20010705,0000,m
20010706,0000,160
20010707,0000,134
20010708,0000,133
20010709,0000,137
20010710,0000,139
20010711,0000,138
20010712,0000,138
20010713,0000,137
20010714,0000,137
20010715,0000,137
20010716,0000,142
20010717,0000,159
20010718,0000,158
20010719,0000,160
20010720,0000,m
20010721,0000,162
20010722,0000,161
20010723,0000,160
20010724,0000,160
20010725,0000,172
20010726,0000,194
20010727,0000,192
20010728,0000,191
20010729,0000,190
20010730,0000,189
20010731,0000,188
20010801,0000,190
20010802,0000,190
20010803,0000,181
20010804,0000,m
20010805,0000,163
20010806,0000,162
20010807,0000,161
20010808,0000,153
20010809,0000,139
20010810,0000,139
20010811,0000,138
20010812,0000,138
20010813,0000,129
20010814,0000,115
20010815,0000,114
20010816,0000,114
20010817,0000,114
20010818,0000,113
20010819,0000,111
20010820,0000,111
20010821,0000,79
20010822,0000,3
20010823,0000,2
20010824,0000,3
20010825,0000,m
20010826,0000,1
20010827,0000,0
20010828,0000,0
20010829,0000,m
20010830,0000,0
20010831,0000,0
20010901,0000,0
20010902,0000,0
20010903,0000,0
20010904,0000,0
20010905,0000,0
20010906,0000,0
20010907,0000,0
20010908,0000,0
20010909,0000,0
20010910,0000,0
20010911,0000,0
20010912,0000,0
20010913,0000,m
20010914,0000,0
20010915,0000,0
20010916,0000,0
20010917,0000,0
20010918,0000,0
20010919,0000,0
20010920,0000,0
20010921,0000,0
20010922,0000,0
20010923,0000,0
20010924,0000,m
20010925,0000,0
20010926,0000,0
20010927,0000,0
20010928,0000,0
20010929,0000,m
20010930,0000,0
20011001,0000,0
20011002,0000,0
20011003,0000,0
20011004,0000,m
20011005,0000,0
20011006,0000,m
20011007,0000,0
20011008,0000,0
20011009,0000,0
20011010,0000,0
20011011,0000,0
20011012,0000,0
20011013,0000,0
20011014,0000,0
20011015,0000,m
20011016,0000,m
20011017,0000,0
20011018,0000,m
20011019,0000,0
20011020,0000,0
20011021,0000,0
20011022,0000,0
20011023,0000,0
20011024,0000,0
20011025,0000,0
20011026,0000,0
20011027,0000,m
20011028,0000,m
20011029,0000,m
20011030,0000,m
20011031,0000,0
20011101,0000,m
20011102,0000,0
20011103,0000,m
20011104,0000,m
20011105,0000,m
20011106,0000,m
20011107,0000,0
20011108,0000,0
20011109,0000,0
20011110,0000,0
20011111,0000,0
20011112,0000,0
20011113,0000,0
20011114,0000,m
20011115,0000,0
20011116,0000,0
20011117,0000,0
20011118,0000,0
20011119,0000,m
20011120,0000,0
20011121,0000,0
20011122,0000,0
20011123,0000,0
20011124,0000,0
20011125,0000,m
20011126,0000,m
20011127,0000,0
20011128,0000,m
20011129,0000,0
20011130,0000,0
20011201,0000,0
20011202,0000,0
20011203,0000,1
20011204,0000,0
20011205,0000,0
20011206,0000,m
20011207,0000,1
20011208,0000,1
20011209,0000,1
20011210,0000,1
20011211,0000,m
20011212,0000,2
20011213,0000,2
20011214,0000,1
20011215,0000,0
20011216,0000,m
20011217,0000,0
20011218,0000,0
20011219,0000,0
20011220,0000,0
20011221,0000,0
20011222,0000,0
20011223,0000,0
20011224,0000,0
20011225,0000,0
20011226,0000,0
20011227,0000,0
20011228,0000,0
20011229,0000,0
20011230,0000,m
20011231,0000,m
20020101,0000,0
20020102,0000,0
20020103,0000,0
20020104,0000,0
20020105,0000,0
20020106,0000,0
20020107,0000,0
20020108,0000,0
20020109,0000,0
20020110,0000,0
20020111,0000,0
20020112,0000,m
20020113,0000,0
20020114,0000,1
20020115,0000,1
20020116,0000,1
20020117,0000,1
20020118,0000,1
20020119,0000,1
20020120,0000,1
20020121,0000,1
20020122,0000,m
20020123,0000,0
20020124,0000,0
20020125,0000,0
20020126,0000,0
20020127,0000,0
20020128,0000,0
20020129,0000,m
20020130,0000,0
20020131,0000,0
20020201,0000,0
20020202,0000,0
20020203,0000,0
20020204,0000,0
20020205,0000,0
20020206,0000,0
20020207,0000,0
20020208,0000,0
20020209,0000,0
20020210,0000,0
20020211,0000,0
20020212,0000,0
20020213,0000,0
20020214,0000,m
20020215,0000,0
20020216,0000,0
20020217,0000,0
20020218,0000,0
20020219,0000,0
20020220,0000,0
20020221,0000,0
20020222,0000,0
20020223,0000,0
20020224,0000,m
20020225,0000,0
20020226,0000,0
20020227,0000,0
20020228,0000,0
20020301,0000,0
20020302,0000,0
20020303,0000,0
20020304,0000,0
20020305,0000,0
20020306,0000,0
20020307,0000,0
20020308,0000,0
20020309,0000,m
20020310,0000,0
20020311,0000,0
20020312,0000,0
20020313,0000,0
20020314,0000,0
20020315,0000,0
20020316,0000,0
20020317,0000,0
20020318,0000,0
20020319,0000,0
20020320,0000,0
20020321,0000,0
20020322,0000,0
20020323,0000,0
20020324,0000,0
20020325,0000,m
20020326,0000,m
20020327,0000,m
20020328,0000,0
20020329,0000,0
20020330,0000,0
20020331,0000,0
20020401,0000,0
20020402,0000,0
20020403,0000,0
20020404,0000,0
20020405,0000,0
20020406,0000,m
20020407,0000,m
20020408,0000,m
20020409,0000,0
20020410,0000,0
20020411,0000,0
20020412,0000,0
20020413,0000,0
20020414,0000,0
20020415,0000,0
20020416,0000,0
20020417,0000,0
20020418,0000,0
20020419,0000,0
20020420,0000,0
20020421,0000,0
20020422,0000,0
20020423,0000,0
20020424,0000,0
20020425,0000,0
20020426,0000,0
20020427,0000,0
20020428,0000,0
20020429,0000,0
20020430,0000,0
20020501,0000,0
20020502,0000,0
20020503,0000,0
20020504,0000,0
20020505,0000,0
20020506,0000,0
20020507,0000,0
20020508,0000,0
20020509,0000,m
20020510,0000,0
20020511,0000,0
20020512,0000,0
20020513,0000,0
20020514,0000,0
20020515,0000,0
20020516,0000,m
20020517,0000,0
20020518,0000,0
20020519,0000,0
20020520,0000,0
20020521,0000,0
20020522,0000,0
20020523,0000,0
20020524,0000,m
20020525,0000,m
20020526,0000,m
20020527,0000,0
20020528,0000,96
20020529,0000,153
20020530,0000,151
20020531,0000,149
20020601,0000,147
20020602,0000,146
20020603,0000,150
20020604,0000,159
20020605,0000,159
20020606,0000,161
20020607,0000,163
20020608,0000,164
20020609,0000,m
20020610,0000,m
20020611,0000,170
20020612,0000,160
20020613,0000,145
20020614,0000,135
20020615,0000,122
20020616,0000,121
20020617,0000,128
20020618,0000,141
20020619,0000,148
20020620,0000,157
20020621,0000,142
20020622,0000,118
20020623,0000,101
20020624,0000,m
20020625,0000,188
20020626,0000,187
20020627,0000,186
20020628,0000,m
20020629,0000,m
20020630,0000,184
20020701,0000,m
20020702,0000,186
20020703,0000,190
20020704,0000,192
20020705,0000,193
20020706,0000,184
20020707,0000,172
20020708,0000,172
20020709,0000,178
20020710,0000,181
20020711,0000,185
20020712,0000,m
20020713,0000,m
20020714,0000,m
20020715,0000,186
20020716,0000,180
20020717,0000,m
20020718,0000,m
20020719,0000,m
20020720,0000,150
20020721,0000,150
20020722,0000,157
20020723,0000,161
20020724,0000,59
20020725,0000,1
20020726,0000,0
20020727,0000,0
20020728,0000,m
20020729,0000,m
20020730,0000,0
20020731,0000,0
20020801,0000,14
20020802,0000,104
20020803,0000,107
20020804,0000,107
20020805,0000,106
20020806,0000,m
20020807,0000,100
20020808,0000,97
20020809,0000,91
20020810,0000,88
20020811,0000,88
20020812,0000,88
20020813,0000,87
20020814,0000,m
20020815,0000,86
20020816,0000,85
20020817,0000,m
20020818,0000,m
20020819,0000,m
20020820,0000,m
20020821,0000,85
20020822,0000,84
20020823,0000,m
20020824,0000,91
20020825,0000,92
20020826,0000,91
20020827,0000,90
20020828,0000,62
20020829,0000,0
20020830,0000,0
20020831,0000,0
20020901,0000,0
20020902,0000,0
20020903,0000,76
20020904,0000,114
20020905,0000,108
20020906,0000,63
20020907,0000,0
20020908,0000,0
20020909,0000,0
20020910,0000,0
20020911,0000,0
20020912,0000,0
20020913,0000,0
20020914,0000,0
20020915,0000,0
20020916,0000,0
20020917,0000,0
20020918,0000,0
20020919,0000,0
20020920,0000,0
20020921,0000,0
20020922,0000,0
20020923,0000,0
20020924,0000,m
20020925,0000,m
20020926,0000,0
20020927,0000,0
20020928,0000,0
20020929,0000,0
20020930,0000,0
20021001,0000,0
20021002,0000,0
20021003,0000,0
20021004,0000,0
20021005,0000,0
20021006,0000,0
20021007,0000,0
20021008,0000,0
20021009,0000,0
20021010,0000,0
20021011,0000,0
20021012,0000,0
20021013,0000,0
20021014,0000,0
20021015,0000,0
20021016,0000,0
20021017,0000,0
20021018,0000,0
20021019,0000,0
20021020,0000,0
20021021,0000,0
20021022,0000,0
20021023,0000,m
20021024,0000,m
20021025,0000,0
20021026,0000,m
20021027,0000,0
20021028,0000,0
20021029,0000,0
20021030,0000,0
20021031,0000,0
20021101,0000,0
20021102,0000,0
20021103,0000,0
20021104,0000,0
20021105,0000,0
20021106,0000,0
20021107,0000,0
20021108,0000,0
20021109,0000,m
20021110,0000,m
20021111,0000,m
20021112,0000,m
20021113,0000,m
20021114,0000,m
20021115,0000,m
20021116,0000,m
20021117,0000,m
20021118,0000,m
20021119,0000,0
20021120,0000,0
20021121,0000,0
20021122,0000,0
20021123,0000,0
20021124,0000,0
20021125,0000,0
20021126,0000,0
20021127,0000,0
20021128,0000,0
20021129,0000,0
20021130,0000,0
20021201,0000,m
20021202,0000,0
20021203,0000,0
20021204,0000,0
20021205,0000,0
20021206,0000,m
20021207,0000,0
20021208,0000,0
20021209,0000,0
20021210,0000,0
20021211,0000,0
20021212,0000,m
20021213,0000,0
20021214,0000,0
20021215,0000,0
20021216,0000,0
20021217,0000,0
20021218,0000,0
20021219,0000,0
20021220,0000,0
20021221,0000,0
20021222,0000,0
20021223,0000,0
20021224,0000,0
20021225,0000,0
20021226,0000,0
20021227,0000,m
20021228,0000,0
20021229,0000,0
20021230,0000,0
20021231,0000,0
20030101,0000,0
20030102,0000,m
20030103,0000,0
20030104,0000,1
20030105,0000,1
20030106,0000,1
20030107,0000,1
20030108,0000,1
20030109,0000,0
20030110,0000,0
20030111,0000,m
20030112,0000,m
20030113,0000,m
20030114,0000,m
20030115,0000,m
20030116,0000,0
20030117,0000,0
20030118,0000,0
20030119,0000,0
20030120,0000,0
20030121,0000,0
20030122,0000,0
20030123,0000,0
20030124,0000,0
20030125,0000,0
20030126,0000,0
20030127,0000,0
20030128,0000,0
20030129,0000,0
20030130,0000,0
20030131,0000,0
20030201,0000,0
20030202,0000,0
20030203,0000,0
20030204,0000,0
20030205,0000,0
20030206,0000,0
20030207,0000,0
20030208,0000,0
20030209,0000,0
20030210,0000,0
20030211,0000,0
20030212,0000,0
20030213,0000,0
20030214,0000,0
20030215,0000,0
20030216,0000,0
20030217,0000,0
20030218,0000,0
20030219,0000,0
20030220,0000,0
20030221,0000,0
20030222,0000,0
20030223,0000,0
20030224,0000,0
20030225,0000,0
20030226,0000,0
20030227,0000,0
20030228,0000,0
20030301,0000,0
20030302,0000,0
20030303,0000,0
20030304,0000,0
20030305,0000,0
20030306,0000,0
20030307,0000,0
20030308,0000,0
20030309,0000,0
20030310,0000,0
20030311,0000,0
20030312,0000,0
20030313,0000,0
20030314,0000,0
20030315,0000,0
20030316,0000,0
20030317,0000,0
20030318,0000,0
20030319,0000,0
20030320,0000,0
20030321,0000,0
20030322,0000,0
20030323,0000,0
20030324,0000,0
20030325,0000,0
20030326,0000,0
20030327,0000,0
20030328,0000,0
20030329,0000,0
20030330,0000,0
20030331,0000,0
20030401,0000,0
20030402,0000,0
20030403,0000,0
20030404,0000,0
20030405,0000,0
20030406,0000,0
20030407,0000,0
20030408,0000,0
20030409,0000,0
20030410,0000,0
20030411,0000,0
20030412,0000,0
20030413,0000,0
20030414,0000,0
20030415,0000,0
20030416,0000,0
20030417,0000,0
20030418,0000,0
20030419,0000,0
20030420,0000,0
20030421,0000,0
20030422,0000,0
20030423,0000,0
20030424,0000,0
20030425,0000,0
20030426,0000,0
20030427,0000,0
20030428,0000,0
20030429,0000,0
20030430,0000,0
20030501,0000,0
20030502,0000,0
20030503,0000,0
20030504,0000,0
20030505,0000,0
20030506,0000,0
20030507,0000,0
20030508,0000,0
20030509,0000,0
20030510,0000,0
20030511,0000,0
20030512,0000,0
20030513,0000,0
20030514,0000,0
20030515,0000,0
20030516,0000,0
20030517,0000,0
20030518,0000,0
20030519,0000,0
20030520,0000,0
20030521,0000,0
20030522,0000,0
20030523,0000,0
20030524,0000,0
20030525,0000,0
20030526,0000,0
20030527,0000,0
20030528,0000,0
20030529,0000,0
20030530,0000,0
20030531,0000,0
20030601,0000,0
20030602,0000,0
20030603,0000,0
20030604,0000,0
20030605,0000,0
20030606,0000,0
20030607,0000,0
20030608,0000,0
20030609,0000,0
20030610,0000,0
20030611,0000,0
20030612,0000,0
20030613,0000,0
20030614,0000,0
20030615,0000,0
20030616,0000,0
20030617,0000,0
20030618,0000,0
20030619,0000,0
20030620,0000,m
20030621,0000,0
20030622,0000,0
20030623,0000,84
20030624,0000,112
20030625,0000,133
20030626,0000,153
20030627,0000,157
20030628,0000,183
20030629,0000,181
20030630,0000,180
20030701,0000,179
20030702,0000,160
20030703,0000,141
20030704,0000,141
20030705,0000,139
20030706,0000,138
20030707,0000,138
20030708,0000,102
20030709,0000,99
20030710,0000,199
20030711,0000,193
20030712,0000,195
20030713,0000,195
20030714,0000,196
20030715,0000,195
20030716,0000,194
20030717,0000,195
20030718,0000,201
20030719,0000,210
20030720,0000,211
20030721,0000,207
20030722,0000,205
20030723,0000,196
20030724,0000,190
20030725,0000,167
20030726,0000,167
20030727,0000,167
20030728,0000,176
20030729,0000,205
20030730,0000,199
20030731,0000,m
20030801,0000,164
20030802,0000,165
20030803,0000,164
20030804,0000,157
20030805,0000,152
20030806,0000,152
20030807,0000,150
20030808,0000,136
20030809,0000,120
20030810,0000,120
20030811,0000,120
20030812,0000,120
20030813,0000,120
20030814,0000,120
20030815,0000,120
20030816,0000,120
20030817,0000,120
20030818,0000,120
20030819,0000,m
20030820,0000,121
20030821,0000,121
20030822,0000,121
20030823,0000,121
20030824,0000,120
20030825,0000,120
20030826,0000,118
20030827,0000,100
20030828,0000,81
20030829,0000,80
20030830,0000,80
20030831,0000,79
20030901,0000,79
20030902,0000,72
20030903,0000,72
20030904,0000,m
20030905,0000,72
20030906,0000,72
20030907,0000,72
20030908,0000,72
20030909,0000,72
20030910,0000,72
20030911,0000,72
20030912,0000,72
20030913,0000,71
20030914,0000,71
20030915,0000,72
20030916,0000,79
20030917,0000,94
20030918,0000,100
20030919,0000,100
20030920,0000,101
20030921,0000,101
20030922,0000,100
20030923,0000,97
20030924,0000,91
20030925,0000,91
20030926,0000,91
20030927,0000,91
20030928,0000,91
20030929,0000,86
20030930,0000,85
20031001,0000,85
20031002,0000,85
20031003,0000,85
20031004,0000,85
20031005,0000,85
20031006,0000,84
20031007,0000,87
20031008,0000,82
20031009,0000,75
20031010,0000,75
20031011,0000,75
20031012,0000,75
20031013,0000,75
20031014,0000,75
20031015,0000,75
20031016,0000,75
20031017,0000,29
20031018,0000,6
20031019,0000,0
20031020,0000,0
20031021,0000,0
20031022,0000,0
20031023,0000,0
20031024,0000,0
20031025,0000,0
20031026,0000,0
20031027,0000,0
20031028,0000,0
20031029,0000,0
20031030,0000,0
20031031,0000,0
20031101,0000,0
20031102,0000,0
20031103,0000,0
20031104,0000,0
20031105,0000,0
20031106,0000,0
20031107,0000,0
20031108,0000,0
20031109,0000,0
20031110,0000,0
20031111,0000,0
20031112,0000,0
20031113,0000,0
20031114,0000,0
20031115,0000,0
20031116,0000,0
20031117,0000,0
20031118,0000,0
20031119,0000,0
20031120,0000,0
20031121,0000,0
20031122,0000,0
20031123,0000,0
20031124,0000,0
20031125,0000,0
20031126,0000,0
20031127,0000,0
20031128,0000,0
20031129,0000,0
20031130,0000,0
20031201,0000,0
20031202,0000,0
20031203,0000,0
20031204,0000,0
20031205,0000,0
20031206,0000,0
20031207,0000,0
20031208,0000,0
20031209,0000,0
20031210,0000,0
20031211,0000,0
20031212,0000,0
20031213,0000,0
20031214,0000,0
20031215,0000,0
20031216,0000,0
20031217,0000,0
20031218,0000,0
20031219,0000,0
20031220,0000,0
20031221,0000,m
20031222,0000,0
20031223,0000,0
20031224,0000,0
20031225,0000,m
20031226,0000,0
20031227,0000,m
20031228,0000,m
20031229,0000,0
20031230,0000,0
20031231,0000,m
20040101,0000,0
20040102,0000,0
20040103,0000,0
20040104,0000,0
20040105,0000,0
20040106,0000,0
20040107,0000,0
20040108,0000,0
20040109,0000,0
20040110,0000,0
20040111,0000,0
20040112,0000,m
20040113,0000,0
20040114,0000,0
20040115,0000,0
20040116,0000,0
20040117,0000,0
20040118,0000,0
20040119,0000,m
20040120,0000,m
20040121,0000,0
20040122,0000,0
20040123,0000,0
20040124,0000,0
20040125,0000,0
20040126,0000,0
20040127,0000,0
20040128,0000,0
20040129,0000,0
20040130,0000,0
20040131,0000,0
20040201,0000,0
20040202,0000,0
20040203,0000,0
20040204,0000,0
20040205,0000,0
20040206,0000,0
20040207,0000,0
20040208,0000,0
20040209,0000,0
20040210,0000,0
20040211,0000,0
20040212,0000,0
20040213,0000,0
20040214,0000,0
20040215,0000,0
20040216,0000,0
20040217,0000,0
20040218,0000,0
20040219,0000,0
20040220,0000,0
20040221,0000,0
20040222,0000,0
20040223,0000,0
20040224,0000,0
20040225,0000,0
20040226,0000,0
20040227,0000,0
20040228,0000,0
20040229,0000,0
20040301,0000,0
20040302,0000,0
20040303,0000,0
20040304,0000,0
20040305,0000,0
20040306,0000,0
20040307,0000,0
20040308,0000,0
20040309,0000,0
20040310,0000,0
20040311,0000,0
20040312,0000,0
20040313,0000,0
20040314,0000,0
20040315,0000,0
20040316,0000,0
20040317,0000,0
20040318,0000,0
20040319,0000,0
20040320,0000,0
20040321,0000,0
20040322,0000,0
20040323,0000,0
20040324,0000,0
20040325,0000,0
20040326,0000,0
20040327,0000,0
20040328,0000,0
20040329,0000,0
20040330,0000,0
20040331,0000,0
20040401,0000,0
20040402,0000,0
20040403,0000,0
20040404,0000,0
20040405,0000,0
20040406,0000,0
20040407,0000,0
20040408,0000,0
20040409,0000,0
20040410,0000,0
20040411,0000,0
20040412,0000,0
20040413,0000,0
20040414,0000,0
20040415,0000,0
20040416,0000,0
20040417,0000,0
20040418,0000,0
20040419,0000,0
20040420,0000,0
20040421,0000,0
20040422,0000,0
20040423,0000,0
20040424,0000,0
20040425,0000,0
20040426,0000,0
20040427,0000,0
20040428,0000,0
20040429,0000,0
20040430,0000,0
20040501,0000,m
20040502,0000,0
20040503,0000,0
20040504,0000,0
20040505,0000,0
20040506,0000,0
20040507,0000,m
20040508,0000,0
20040509,0000,0
20040510,0000,0
20040511,0000,0
20040512,0000,0
20040513,0000,0
20040514,0000,0
20040515,0000,0
20040516,0000,0
20040517,0000,70
20040518,0000,114
20040519,0000,128
20040520,0000,130
20040521,0000,116
20040522,0000,117
20040523,0000,117
20040524,0000,108
20040525,0000,107
20040526,0000,103
20040527,0000,105
20040528,0000,104
20040529,0000,104
20040530,0000,103
20040531,0000,103
20040601,0000,103
20040602,0000,103
20040603,0000,104
20040604,0000,102
20040605,0000,101
20040606,0000,95
20040607,0000,94
20040608,0000,94
20040609,0000,93
20040610,0000,92
20040611,0000,92
20040612,0000,92
20040613,0000,92
20040614,0000,94
20040615,0000,94
20040616,0000,89
20040617,0000,90
20040618,0000,89
20040619,0000,86
20040620,0000,134
20040621,0000,134
20040622,0000,134
20040623,0000,134
20040624,0000,133
20040625,0000,133
20040626,0000,133
20040627,0000,132
20040628,0000,132
20040629,0000,132
20040630,0000,131
20040701,0000,130
20040702,0000,123
20040703,0000,114
20040704,0000,114
20040705,0000,113
20040706,0000,125
20040707,0000,130
20040708,0000,126
20040709,0000,123
20040710,0000,122
20040711,0000,119
20040712,0000,116
20040713,0000,114
20040714,0000,116
20040715,0000,116
20040716,0000,116
20040717,0000,116
20040718,0000,115
20040719,0000,118
20040720,0000,117
20040721,0000,117
20040722,0000,117
20040723,0000,115
20040724,0000,114
20040725,0000,109
20040726,0000,106
20040727,0000,114
20040728,0000,116
20040729,0000,114
20040730,0000,107
20040731,0000,102
20040801,0000,106
20040802,0000,96
20040803,0000,93
20040804,0000,99
20040805,0000,103
20040806,0000,102
20040807,0000,102
20040808,0000,103
20040809,0000,103
20040810,0000,102
20040811,0000,98
20040812,0000,93
20040813,0000,92
20040814,0000,92
20040815,0000,92
20040816,0000,92
20040817,0000,91
20040818,0000,90
20040819,0000,89
20040820,0000,37
20040821,0000,2
20040822,0000,2
20040823,0000,1
20040824,0000,26
20040825,0000,97
20040826,0000,99
20040827,0000,39
20040828,0000,1
20040829,0000,2
20040830,0000,2
20040831,0000,0
20040901,0000,0
20040902,0000,0
20040903,0000,0
20040904,0000,0
20040905,0000,0
20040906,0000,0
20040907,0000,0
20040908,0000,0
20040909,0000,0
20040910,0000,0
20040911,0000,0
20040912,0000,0
20040913,0000,0
20040914,0000,0
20040915,0000,0
20040916,0000,0
20040917,0000,0
20040918,0000,0
20040919,0000,0
20040920,0000,0
20040921,0000,0
20040922,0000,0
20040923,0000,0
20040924,0000,0
20040925,0000,0
20040926,0000,0
20040927,0000,0
20040928,0000,0
20040929,0000,0
20040930,0000,0
20041001,0000,0
20041002,0000,0
20041003,0000,0
20041004,0000,0
20041005,0000,0
20041006,0000,0
20041007,0000,0
20041008,0000,0
20041009,0000,0
20041010,0000,0
20041011,0000,0
20041012,0000,0
20041013,0000,0
20041014,0000,0
20041015,0000,0
20041016,0000,0
20041017,0000,0
20041018,0000,0
20041019,0000,0
20041020,0000,0
20041021,0000,0
20041022,0000,0
20041023,0000,0
20041024,0000,0
20041025,0000,0
20041026,0000,0
20041027,0000,0
20041028,0000,0
20041029,0000,0
20041030,0000,0
20041031,0000,0
20041101,0000,0
20041102,0000,0
20041103,0000,0
20041104,0000,0
20041105,0000,0
20041106,0000,0
20041107,0000,0
20041108,0000,0
20041109,0000,0
20041110,0000,0
20041111,0000,0
20041112,0000,0
20041113,0000,0
20041114,0000,0
20041115,0000,0
20041116,0000,0
20041117,0000,0
20041118,0000,0
20041119,0000,0
20041120,0000,0
20041121,0000,0
20041122,0000,0
20041123,0000,0
20041124,0000,0
20041125,0000,0
20041126,0000,0
20041127,0000,0
20041128,0000,0
20041129,0000,0
20041130,0000,0
20041201,0000,0
20041202,0000,0
20041203,0000,0
20041204,0000,0
20041205,0000,0
20041206,0000,0
20041207,0000,0
20041208,0000,0
20041209,0000,0
20041210,0000,0
20041211,0000,0
20041212,0000,0
20041213,0000,0
20041214,0000,0
20041215,0000,0
20041216,0000,0
20041217,0000,0
20041218,0000,0
20041219,0000,0
20041220,0000,0
20041221,0000,0
20041222,0000,0
20041223,0000,0
20041224,0000,0
20041225,0000,0
20041226,0000,0
20041227,0000,0
20041228,0000,0
20041229,0000,0
20041230,0000,0
20041231,0000,0
20050101,0000,0
20050102,0000,0
20050103,0000,0
20050104,0000,0
20050105,0000,0
20050106,0000,0
20050107,0000,0
20050108,0000,0
20050109,0000,0
20050110,0000,0
20050111,0000,0
20050112,0000,0
20050113,0000,0
20050114,0000,0
20050115,0000,0
20050116,0000,0
20050117,0000,0
20050118,0000,0
20050119,0000,0
20050120,0000,0
20050121,0000,0
20050122,0000,0
20050123,0000,0
20050124,0000,0
20050125,0000,0
20050126,0000,0
20050127,0000,0
20050128,0000,0
20050129,0000,0
20050130,0000,0
20050131,0000,0
20050201,0000,0
20050202,0000,0
20050203,0000,0
20050204,0000,34
20050205,0000,70
20050206,0000,68
20050207,0000,93
20050208,0000,94
20050209,0000,81
20050210,0000,81
20050211,0000,93
20050212,0000,103
20050213,0000,104
20050214,0000,104
20050215,0000,104
20050216,0000,117
20050217,0000,125
20050218,0000,126
20050219,0000,126
20050220,0000,123
20050221,0000,121
20050222,0000,136
20050223,0000,167
20050224,0000,173
20050225,0000,173
20050226,0000,173
20050227,0000,173
20050228,0000,174
20050301,0000,180
20050302,0000,185
20050303,0000,185
20050304,0000,185
20050305,0000,185
20050306,0000,185
20050307,0000,161
20050308,0000,131
20050309,0000,128
20050310,0000,118
20050311,0000,114
20050312,0000,114
20050313,0000,114
20050314,0000,114
20050315,0000,114
20050316,0000,106
20050317,0000,95
20050318,0000,95
20050319,0000,96
20050320,0000,96
20050321,0000,130
20050322,0000,156
20050323,0000,287
20050324,0000,702
20050325,0000,886
20050326,0000,881
20050327,0000,872
20050328,0000,865
20050329,0000,700
20050330,0000,522
20050331,0000,471
20050401,0000,363
20050402,0000,325
20050403,0000,325
20050404,0000,325
20050405,0000,294
20050406,0000,261
20050407,0000,253
20050408,0000,m
20050409,0000,257
20050410,0000,257
20050411,0000,235
20050412,0000,199
20050413,0000,188
20050414,0000,161
20050415,0000,118
20050416,0000,97
20050417,0000,95
20050418,0000,99
20050419,0000,100
20050420,0000,98
20050421,0000,102
20050422,0000,106
20050423,0000,106
20050424,0000,106
20050425,0000,112
20050426,0000,126
20050427,0000,137
20050428,0000,138
20050429,0000,131
20050430,0000,120
20050501,0000,120
20050502,0000,110
20050503,0000,101
20050504,0000,100
20050505,0000,101
20050506,0000,94
20050507,0000,80
20050508,0000,80
20050509,0000,80
20050510,0000,133
20050511,0000,145
20050512,0000,84
20050513,0000,84
20050514,0000,82
20050515,0000,81
20050516,0000,98
20050517,0000,167
20050518,0000,187
20050519,0000,114
20050520,0000,98
20050521,0000,113
20050522,0000,113
20050523,0000,112
20050524,0000,115
20050525,0000,121
20050526,0000,133
20050527,0000,146
20050528,0000,146
20050529,0000,146
20050530,0000,145
20050531,0000,171
20050601,0000,196
20050602,0000,196
20050603,0000,187
20050604,0000,171
20050605,0000,171
20050606,0000,152
20050607,0000,130
20050608,0000,130
20050609,0000,124
20050610,0000,120
20050611,0000,120
20050612,0000,119
20050613,0000,139
20050614,0000,158
20050615,0000,173
20050616,0000,176
20050617,0000,175
20050618,0000,160
20050619,0000,160
20050620,0000,142
20050621,0000,137
20050622,0000,156
20050623,0000,169
20050624,0000,169
20050625,0000,169
20050626,0000,169
20050627,0000,174
20050628,0000,192
20050629,0000,208
20050630,0000,215
20050701,0000,232
20050702,0000,240
20050703,0000,239
20050704,0000,229
20050705,0000,231
20050706,0000,234
20050707,0000,209
20050708,0000,196
20050709,0000,169
20050710,0000,169
20050711,0000,201
20050712,0000,231
20050713,0000,241
20050714,0000,223
20050715,0000,216
20050716,0000,228
20050717,0000,228
20050718,0000,210
20050719,0000,200
20050720,0000,209
20050721,0000,228
20050722,0000,214
20050723,0000,186
20050724,0000,186
20050725,0000,192
20050726,0000,206
20050727,0000,206
20050728,0000,209
20050729,0000,208
20050730,0000,186
20050731,0000,167
20050801,0000,169
20050802,0000,181
20050803,0000,207
20050804,0000,216
20050805,0000,219
20050806,0000,226
20050807,0000,225
20050808,0000,225
20050809,0000,225
20050810,0000,216
20050811,0000,m
20050812,0000,m
20050813,0000,m
20050814,0000,m
20050815,0000,156
20050816,0000,141
20050817,0000,121
20050818,0000,114
20050819,0000,114
20050820,0000,114
20050821,0000,114
20050822,0000,114
20050823,0000,111
20050824,0000,105
20050825,0000,108
20050826,0000,112
20050827,0000,119
20050828,0000,116
20050829,0000,139
20050830,0000,159
20050831,0000,160
20050901,0000,160
20050902,0000,150
20050903,0000,129
20050904,0000,128
20050905,0000,129
20050906,0000,124
20050907,0000,114
20050908,0000,113
20050909,0000,105
20050910,0000,97
20050911,0000,97
20050912,0000,104
20050913,0000,41
20050914,0000,43
20050915,0000,107
20050916,0000,91
20050917,0000,85
20050918,0000,85
20050919,0000,79
20050920,0000,79
20050921,0000,83
20050922,0000,83
20050923,0000,83
20050924,0000,83
20050925,0000,83
20050926,0000,80
20050927,0000,71
20050928,0000,75
20050929,0000,93
20050930,0000,101
20051001,0000,101
20051002,0000,100
20051003,0000,104
20051004,0000,111
20051005,0000,107
20051006,0000,103
20051007,0000,108
20051008,0000,108
20051009,0000,108
20051010,0000,102
20051011,0000,99
20051012,0000,99
20051013,0000,103
20051014,0000,106
20051015,0000,95
20051016,0000,94
20051017,0000,99
20051018,0000,109
20051019,0000,115
20051020,0000,120
20051021,0000,108
20051022,0000,101
20051023,0000,101
20051024,0000,101
20051025,0000,96
20051026,0000,82
20051027,0000,83
20051028,0000,82
20051029,0000,72
20051030,0000,72
20051031,0000,77
20051101,0000,83
20051102,0000,73
20051103,0000,59
20051104,0000,46
20051105,0000,46
20051106,0000,46
20051107,0000,46
20051108,0000,60
20051109,0000,72
20051110,0000,81
20051111,0000,98
20051112,0000,96
20051113,0000,94
20051114,0000,96
20051115,0000,100
20051116,0000,108
20051117,0000,108
20051118,0000,108
20051119,0000,105
20051120,0000,105
20051121,0000,107
20051122,0000,107
20051123,0000,106
20051124,0000,106
20051125,0000,106
20051126,0000,106
20051127,0000,106
20051128,0000,119
20051129,0000,132
20051130,0000,119
20051201,0000,99
20051202,0000,110
20051203,0000,119
20051204,0000,118
20051205,0000,117
20051206,0000,117
20051207,0000,117
20051208,0000,123
20051209,0000,126
20051210,0000,126
20051211,0000,125
20051212,0000,123
20051213,0000,112
20051214,0000,102
20051215,0000,102
20051216,0000,102
20051217,0000,102
20051218,0000,102
20051219,0000,102
20051220,0000,102
20051221,0000,96
20051222,0000,78
20051223,0000,78
20051224,0000,78
20051225,0000,77
20051226,0000,79
20051227,0000,m
20051228,0000,121
20051229,0000,123
20051230,0000,131
20051231,0000,137
20060101,0000,138
20060102,0000,142
20060103,0000,181
20060104,0000,205
20060105,0000,205
20060106,0000,183
20060107,0000,143
20060108,0000,142
20060109,0000,147
20060110,0000,150
20060111,0000,142
20060112,0000,124
20060113,0000,124
20060114,0000,124
20060115,0000,124
20060116,0000,124
20060117,0000,124
20060118,0000,124
20060119,0000,139
20060120,0000,150
20060121,0000,150
20060122,0000,m
20060123,0000,150
20060124,0000,132
20060125,0000,114
20060126,0000,102
20060127,0000,87
20060128,0000,79
20060129,0000,79
20060130,0000,76
20060131,0000,70
20060201,0000,70
20060202,0000,36
20060203,0000,1
20060204,0000,1
20060205,0000,1
20060206,0000,0
20060207,0000,0
20060208,0000,0
20060209,0000,0
20060210,0000,0
20060211,0000,0
20060212,0000,0
20060213,0000,0
20060214,0000,0
20060215,0000,0
20060216,0000,0
20060217,0000,0
20060218,0000,0
20060219,0000,0
20060220,0000,0
20060221,0000,0
20060222,0000,0
20060223,0000,0
20060224,0000,0
20060225,0000,0
20060226,0000,0
20060227,0000,0
20060228,0000,0
20060301,0000,0
20060302,0000,0
20060303,0000,0
20060304,0000,0
20060305,0000,0
20060306,0000,0
20060307,0000,0
20060308,0000,0
20060309,0000,0
20060310,0000,0
20060311,0000,0
20060312,0000,0
20060313,0000,0
20060314,0000,0
20060315,0000,0
20060316,0000,0
20060317,0000,0
20060318,0000,0
20060319,0000,0
20060320,0000,2
20060321,0000,75
20060322,0000,75
20060323,0000,95
20060324,0000,121
20060325,0000,119
20060326,0000,118
20060327,0000,164
20060328,0000,394
20060329,0000,502
20060330,0000,467
20060331,0000,412
20060401,0000,429
20060402,0000,430
20060403,0000,722
20060404,0000,2310
20060405,0000,4160
20060406,0000,4061
20060407,0000,3082
20060408,0000,2362
20060409,0000,2216
20060410,0000,1569
20060411,0000,432
20060412,0000,77
20060413,0000,1
20060414,0000,0
20060415,0000,0
20060416,0000,0
20060417,0000,118
20060418,0000,212
20060419,0000,227
20060420,0000,283
20060421,0000,567
20060422,0000,1012
20060423,0000,1327
20060424,0000,1017
20060425,0000,520
20060426,0000,289
20060427,0000,313
20060428,0000,317
20060429,0000,325
20060430,0000,325
20060501,0000,325
20060502,0000,325
20060503,0000,291
20060504,0000,310
20060505,0000,244
20060506,0000,189
20060507,0000,189
20060508,0000,214
20060509,0000,231
20060510,0000,211
20060511,0000,165
20060512,0000,95
20060513,0000,70
20060514,0000,70
20060515,0000,105
20060516,0000,170
20060517,0000,182
20060518,0000,160
20060519,0000,156
20060520,0000,156
20060521,0000,157
20060522,0000,231
20060523,0000,212
20060524,0000,139
20060525,0000,128
20060526,0000,119
20060527,0000,101
20060528,0000,101
20060529,0000,101
20060530,0000,101
20060531,0000,101
20060601,0000,101
20060602,0000,96
20060603,0000,91
20060604,0000,91
20060605,0000,108
20060606,0000,129
20060607,0000,130
20060608,0000,133
20060609,0000,150
20060610,0000,150
20060611,0000,150
20060612,0000,152
20060613,0000,148
20060614,0000,132
20060615,0000,136
20060616,0000,144
20060617,0000,135
20060618,0000,135
20060619,0000,130
20060620,0000,128
20060621,0000,128
20060622,0000,136
20060623,0000,153
20060624,0000,153
20060625,0000,153
20060626,0000,153
20060627,0000,151
20060628,0000,152
20060629,0000,153
20060630,0000,153
20060701,0000,153
20060702,0000,153
20060703,0000,153
20060704,0000,157
20060705,0000,166
20060706,0000,177
20060707,0000,186
20060708,0000,180
20060709,0000,180
20060710,0000,188
20060711,0000,204
20060712,0000,211
20060713,0000,215
20060714,0000,212
20060715,0000,200
20060716,0000,200
20060717,0000,199
20060718,0000,200
20060719,0000,199
20060720,0000,199
20060721,0000,206
20060722,0000,205
20060723,0000,209
20060724,0000,206
20060725,0000,198
20060726,0000,198
20060727,0000,198
20060728,0000,195
20060729,0000,189
20060730,0000,188
20060731,0000,190
20060801,0000,194
20060802,0000,191
20060803,0000,189
20060804,0000,180
20060805,0000,161
20060806,0000,161
20060807,0000,158
20060808,0000,153
20060809,0000,155
20060810,0000,159
20060811,0000,159
20060812,0000,159
20060813,0000,129
20060814,0000,169
20060815,0000,167
20060816,0000,152
20060817,0000,147
20060818,0000,135
20060819,0000,131
20060820,0000,131
20060821,0000,130
20060822,0000,143
20060823,0000,161
20060824,0000,162
20060825,0000,152
20060826,0000,145
20060827,0000,145
20060828,0000,127
20060829,0000,115
20060830,0000,115
20060831,0000,111
20060901,0000,102
20060902,0000,97
20060903,0000,97
20060904,0000,101
20060905,0000,116
20060906,0000,129
20060907,0000,129
20060908,0000,126
20060909,0000,121
20060910,0000,118
20060911,0000,120
20060912,0000,120
20060913,0000,120
20060914,0000,120
20060915,0000,116
20060916,0000,109
20060917,0000,109
20060918,0000,127
20060919,0000,136
20060920,0000,124
20060921,0000,119
20060922,0000,120
20060923,0000,120
20060924,0000,120
20060925,0000,118
20060926,0000,117
20060927,0000,116
20060928,0000,120
20060929,0000,124
20060930,0000,125
20061001,0000,125
20061002,0000,133
20061003,0000,8493
20061004,0000,136
20061005,0000,116
20061006,0000,100
20061007,0000,102
20061008,0000,102
20061009,0000,102
20061010,0000,102
20061011,0000,96
20061012,0000,82
20061013,0000,83
20061014,0000,83
20061015,0000,83
20061016,0000,92
20061017,0000,103
20061018,0000,114
20061019,0000,114
20061020,0000,114
20061021,0000,114
20061022,0000,114
20061023,0000,114
20061024,0000,114
20061025,0000,114
20061026,0000,113
20061027,0000,113
20061028,0000,113
20061029,0000,113
20061030,0000,113
20061031,0000,117
20061101,0000,125
20061102,0000,125
20061103,0000,125
20061104,0000,125
20061105,0000,125
20061106,0000,8481
20061107,0000,125
20061108,0000,131
20061109,0000,141
20061110,0000,149
20061111,0000,148
20061112,0000,148
20061113,0000,148
20061114,0000,148
20061115,0000,147
20061116,0000,73
20061117,0000,52
20061118,0000,118
20061119,0000,118
20061120,0000,118
20061121,0000,118
20061122,0000,118
20061123,0000,118
20061124,0000,117
20061125,0000,117
20061126,0000,117
20061127,0000,115
20061128,0000,117
20061129,0000,117
20061130,0000,117
20061201,0000,117
20061202,0000,117
20061203,0000,116
20061204,0000,117
20061205,0000,116
20061206,0000,116
20061207,0000,103
20061208,0000,72
20061209,0000,72
20061210,0000,72
20061211,0000,72
20061212,0000,71
20061213,0000,73
20061214,0000,74
20061215,0000,74
20061216,0000,74
20061217,0000,74
20061218,0000,74
20061219,0000,74
20061220,0000,74
20061221,0000,74
20061222,0000,74
20061223,0000,74
20061224,0000,74
20061225,0000,74
20061226,0000,74
20061227,0000,74
20061228,0000,74
20061229,0000,74
20061230,0000,74
20061231,0000,74
20070101,0000,74
20070102,0000,74
20070103,0000,74
20070104,0000,74
20070105,0000,53
20070106,0000,1
20070107,0000,1
20070108,0000,1
20070109,0000,1
20070110,0000,1
20070111,0000,m

