Date,PST,Inflow
19940101,0000,m
19940102,0000,52
19940103,0000,63
19940104,0000,146
19940105,0000,363
19940106,0000,383
19940107,0000,371
19940108,0000,396
19940109,0000,393
19940110,0000,385
19940111,0000,288
19940112,0000,76
19940113,0000,88
19940114,0000,35
19940115,0000,44
19940116,0000,36
19940117,0000,58
19940118,0000,44
19940119,0000,33
19940120,0000,33
19940121,0000,40
19940122,0000,81
19940123,0000,278
19940124,0000,515
19940125,0000,316
19940126,0000,169
19940127,0000,126
19940128,0000,126
19940129,0000,90
19940130,0000,73
19940131,0000,87
19941002,0000,-8
19941003,0000,-3
19941004,0000,-49
19941005,0000,37
19941006,0000,-1
19941007,0000,16
19941008,0000,23
19941009,0000,19
19941010,0000,15
19941011,0000,-26
19941013,0000,-45
19941014,0000,-17
19941015,0000,-7
19941016,0000,-29
19941017,0000,6
19941018,0000,-24
19941019,0000,-30
19941021,0000,-28
19941022,0000,-9
19941023,0000,2
19941024,0000,4
19941025,0000,-7
19941026,0000,-15
19941027,0000,-18
19941028,0000,-26
19941030,0000,3
19941031,0000,10
19941101,0000,-19
19941102,0000,-11
19941103,0000,-18
19941104,0000,264
19941105,0000,23
19941106,0000,67
19941107,0000,38
19941108,0000,-5
19941109,0000,20
19941110,0000,34
19941111,0000,12
19941112,0000,15
19941113,0000,6
19941114,0000,13
19941115,0000,10
19941116,0000,6
19941117,0000,6
19941118,0000,-1
19941119,0000,7
19941120,0000,10
19941121,0000,10
19941122,0000,12
19941123,0000,24
19941124,0000,21
19941125,0000,85
19941126,0000,89
19941127,0000,120
19941128,0000,94
19941129,0000,73
19941130,0000,169
19941201,0000,92
19941202,0000,104
19941203,0000,213
19941204,0000,213
19941205,0000,183
19941206,0000,183
19941207,0000,150
19941208,0000,m
19941209,0000,38
19941210,0000,38
19941211,0000,43
19941212,0000,54
19941213,0000,60
19941214,0000,m
19941215,0000,80
19941216,0000,80
19941217,0000,62
19941218,0000,68
19941219,0000,32
19941220,0000,160
19941221,0000,87
19941222,0000,74
19941223,0000,74
19941224,0000,53
19941225,0000,102
19941226,0000,62
19941227,0000,60
19941228,0000,66
19941229,0000,66
19941230,0000,62
19941231,0000,59
19950101,0000,55
19950102,0000,55
19950103,0000,48
19950104,0000,2003
19950105,0000,849
19950106,0000,1707
19950107,0000,1707
19950108,0000,5048
19950109,0000,19784
19950110,0000,17554
19950111,0000,17554
19950112,0000,10744
19950113,0000,9543
19950114,0000,11348
19950115,0000,16237
19950116,0000,9165
19950117,0000,3416
19950118,0000,3416
19950119,0000,2399
19950120,0000,1617
19950121,0000,1435
19950122,0000,2656
19950123,0000,13862
19950124,0000,13632
19950125,0000,16097
19950126,0000,10818
19950127,0000,7211
19950128,0000,6714
19950129,0000,6086
19950130,0000,7779
19950131,0000,7779
19950201,0000,7601
19950202,0000,6095
19950203,0000,6095
19950204,0000,4479
19950205,0000,3549
19950206,0000,3086
19950207,0000,2535
19950208,0000,2535
19950209,0000,2309
19950210,0000,1708
19950211,0000,1708
19950212,0000,1600
19950213,0000,1529
19950214,0000,1292
19950215,0000,1292
19950216,0000,1201
19950217,0000,1201
19950218,0000,1180
19950219,0000,1227
19950220,0000,1197
19950221,0000,1183
19950222,0000,1187
19950223,0000,1146
19950224,0000,1130
19950225,0000,1134
19950226,0000,836
19950227,0000,427
19950228,0000,427
19950301,0000,428
19950302,0000,382
19950303,0000,586
19950304,0000,433
19950305,0000,433
19950306,0000,425
19950307,0000,402
19950308,0000,346
19950309,0000,1635
19950310,0000,31958
19950311,0000,27997
19950312,0000,15555
19950313,0000,8074
19950314,0000,7869
19950315,0000,12077
19950316,0000,9880
19950317,0000,4682
19950318,0000,4682
19950319,0000,3976
19950320,0000,3708
19950321,0000,6328
19950322,0000,5891
19950323,0000,5891
19950324,0000,4866
19950325,0000,4866
19950326,0000,3511
19950327,0000,2810
19950328,0000,2511
19950329,0000,2255
19950330,0000,2022
19950331,0000,1907
19950401,0000,1789
19950402,0000,1540
19950403,0000,1540
19950404,0000,1505
19950405,0000,1505
19950406,0000,1676
19950407,0000,2055
19950408,0000,2179
19950409,0000,2093
19950410,0000,1878
19950411,0000,1692
19950412,0000,1639
19950413,0000,1533
19950414,0000,1377
19950415,0000,1412
19950416,0000,1471
19950417,0000,1341
19950418,0000,1290
19950419,0000,1295
19950420,0000,1275
19950421,0000,1097
19950422,0000,847
19950423,0000,768
19950424,0000,m
19950425,0000,749
19950426,0000,692
19950427,0000,745
19950428,0000,785
19950429,0000,1331
19950430,0000,1734
19950501,0000,2484
19950502,0000,2864
19950503,0000,2031
19950504,0000,1904
19950505,0000,1512
19950506,0000,1414
19950507,0000,1441
19950508,0000,1262
19950509,0000,1246
19950510,0000,1174
19950511,0000,1118
19950512,0000,1226
19950513,0000,1281
19950514,0000,m
19950515,0000,1296
19950516,0000,1205
19950517,0000,1230
19950518,0000,1193
19950519,0000,1175
19950520,0000,1155
19950521,0000,1131
19950522,0000,1119
19950523,0000,1084
19950524,0000,1116
19950525,0000,928
19950526,0000,763
19950527,0000,762
19950528,0000,714
19950529,0000,686
19950530,0000,679
19950531,0000,511
19950601,0000,m
19950602,0000,275
19950603,0000,272
19950604,0000,279
19950605,0000,219
19950606,0000,180
19950607,0000,191
19950608,0000,205
19950609,0000,185
19950610,0000,m
19950611,0000,455
19950612,0000,469
19950613,0000,472
19950614,0000,494
19950615,0000,521
19950616,0000,521
19950617,0000,469
19950618,0000,506
19950619,0000,452
19950620,0000,m
19950621,0000,165
19950622,0000,170
19950623,0000,102
19950624,0000,100
19950625,0000,113
19950626,0000,134
19950627,0000,117
19950628,0000,122
19950629,0000,111
19950630,0000,178
19950701,0000,345
19950702,0000,356
19950703,0000,349
19950704,0000,392
19950705,0000,343
19950706,0000,m
19950707,0000,331
19950708,0000,269
19950709,0000,72
19950710,0000,41
19950711,0000,32
19950712,0000,34
19950713,0000,36
19950714,0000,m
19950715,0000,67
19950716,0000,71
19950717,0000,30
19950718,0000,68
19950719,0000,6
19950720,0000,42
19950721,0000,29
19950722,0000,38
19950723,0000,29
19950724,0000,7
19950725,0000,20
19950726,0000,28
19950727,0000,30
19950728,0000,17
19950729,0000,11
19950730,0000,-54
19950731,0000,11
19950801,0000,18
19950802,0000,24
19950803,0000,43
19950804,0000,3
19950805,0000,20
19950806,0000,-15
19950807,0000,-27
19950808,0000,17
19950809,0000,-26
19950810,0000,10
19950811,0000,-14
19950812,0000,-6
19950813,0000,11
19950814,0000,13
19950815,0000,53
19950816,0000,-61
19950817,0000,m
19950818,0000,-35
19950819,0000,22
19950820,0000,18
19950821,0000,19
19950822,0000,-9
19950823,0000,3
19950824,0000,m
19950825,0000,m
19950826,0000,14
19950827,0000,10
19950828,0000,-14
19950829,0000,20
19950830,0000,211
19950831,0000,216
19950901,0000,m
19950902,0000,m
19950903,0000,m
19950904,0000,251
19950905,0000,267
19950906,0000,246
19950907,0000,268
19950908,0000,m
19950909,0000,m
19950910,0000,262
19950911,0000,262
19950912,0000,249
19950913,0000,243
19950914,0000,269
19950915,0000,m
19950916,0000,m
19950917,0000,m
19950918,0000,214
19950919,0000,233
19950920,0000,254
19950921,0000,220
19950922,0000,m
19950923,0000,m
19950924,0000,240
19950925,0000,m
19950926,0000,249
19950927,0000,253
19950928,0000,212
19950929,0000,m
19950930,0000,m
19951001,0000,84
19951002,0000,132
19951003,0000,-20
19951004,0000,m
19951005,0000,35
19951006,0000,m
19951007,0000,12
19951008,0000,m
19951009,0000,18
19951010,0000,-21
19951011,0000,-20
19951012,0000,-39
19951013,0000,-11
19951014,0000,14
19951015,0000,-14
19951016,0000,-2
19951017,0000,-3
19951018,0000,-12
19951019,0000,8
19951020,0000,m
19951021,0000,m
19951022,0000,m
19951023,0000,20
19951024,0000,5
19951025,0000,28
19951026,0000,32
19951027,0000,m
19951028,0000,m
19951029,0000,36
19951030,0000,1
19951031,0000,16
19951101,0000,13
19951102,0000,9
19951103,0000,m
19951104,0000,m
19951105,0000,15
19951106,0000,-88
19951107,0000,13
19951108,0000,11
19951109,0000,m
19951110,0000,m
19951111,0000,m
19951112,0000,8
19951113,0000,m
19951114,0000,-1
19951115,0000,-3
19951116,0000,27
19951117,0000,43
19951118,0000,41
19951119,0000,-106
19951120,0000,18
19951121,0000,m
19951122,0000,m
19951123,0000,41
19951124,0000,m
19951125,0000,m
19951126,0000,29
19951127,0000,28
19951128,0000,2
19951129,0000,57
19951130,0000,69
19951201,0000,130
19951202,0000,39
19951203,0000,35
19951204,0000,32
19951205,0000,m
19951206,0000,31
19951207,0000,34
19951208,0000,-132
19951209,0000,34
19951210,0000,97
19951211,0000,280
19951212,0000,m
19951213,0000,2418
19951214,0000,m
19951215,0000,m
19951216,0000,m
19951217,0000,1084
19951218,0000,m
19951219,0000,677
19951220,0000,m
19951221,0000,131
19951222,0000,m
19951223,0000,m
19951224,0000,m
19951225,0000,m
19951226,0000,110
19951227,0000,79
19951228,0000,67
19951229,0000,m
19951230,0000,m
19951231,0000,m
19960101,0000,462
19960102,0000,m
19960103,0000,924
19960104,0000,900
19960105,0000,m
19960106,0000,843
19960107,0000,830
19960108,0000,805
19960109,0000,573
19960110,0000,192
19960111,0000,196
19960112,0000,161
19960113,0000,147
19960114,0000,m
19960115,0000,254
19960116,0000,2996
19960117,0000,2310
19960118,0000,3556
19960119,0000,m
19960120,0000,m
19960121,0000,3057
19960122,0000,2059
19960123,0000,1479
19960124,0000,2485
19960125,0000,5222
19960126,0000,2895
19960127,0000,m
19960128,0000,4808
19960129,0000,2934
19960130,0000,2634
19960131,0000,4406
19960201,0000,3790
19960202,0000,2718
19960203,0000,2327
19960204,0000,9432
19960205,0000,10532
19960206,0000,5753
19960207,0000,4051
19960208,0000,3160
19960209,0000,2621
19960210,0000,2261
19960211,0000,1919
19960212,0000,1791
19960214,0000,1466
19960216,0000,1565
19960217,0000,1519
19960218,0000,2072
19960219,0000,5076
19960220,0000,7260
19960221,0000,8382
19960222,0000,5448
19960223,0000,3704
19960224,0000,3140
19960225,0000,2449
19960226,0000,2080
19960227,0000,1911
19960228,0000,1940
19960229,0000,4890
19960301,0000,3872
19960302,0000,2922
19960303,0000,2514
19960304,0000,3663
19960305,0000,5831
19960306,0000,3998
19960307,0000,3193
19960308,0000,2512
19960309,0000,2566
19960311,0000,3114
19960312,0000,4821
19960313,0000,3900
19960314,0000,2925
19960315,0000,2263
19960316,0000,1877
19960317,0000,1797
19960318,0000,1711
19960319,0000,1502
19960320,0000,1269
19960321,0000,1093
19960322,0000,1030
19960324,0000,1208
19960325,0000,1008
19960326,0000,812
19960327,0000,792
19960328,0000,961
19960329,0000,1017
19960330,0000,1104
19960331,0000,1122
19960401,0000,1329
19960402,0000,1333
19960403,0000,1189
19960404,0000,m
19960405,0000,1070
19960406,0000,m
19960407,0000,m
19960408,0000,1073
19960409,0000,911
19960410,0000,708
19960411,0000,642
19960412,0000,m
19960413,0000,639
19960414,0000,600
19960415,0000,640
19960416,0000,552
19960417,0000,476
19960418,0000,365
19960419,0000,569
19960420,0000,875
19960421,0000,758
19960422,0000,618
19960423,0000,589
19960424,0000,730
19960425,0000,781
19960426,0000,836
19960427,0000,957
19960428,0000,955
19960429,0000,896
19960430,0000,679
19960501,0000,m
19960502,0000,663
19960503,0000,644
19960504,0000,787
19960505,0000,940
19960506,0000,889
19960507,0000,898
19960508,0000,864
19960509,0000,863
19960510,0000,767
19960511,0000,837
19960512,0000,858
19960513,0000,858
19960514,0000,691
19960515,0000,528
19960516,0000,461
19960517,0000,m
19960518,0000,612
19960519,0000,515
19960520,0000,374
19960521,0000,500
19960522,0000,666
19960523,0000,459
19960524,0000,362
19960525,0000,346
19960526,0000,453
19960527,0000,493
19960528,0000,543
19960529,0000,530
19960530,0000,517
19960531,0000,515
19960601,0000,512
19960602,0000,486
19960603,0000,485
19960604,0000,416
19960605,0000,262
19960606,0000,m
19960607,0000,265
19960608,0000,238
19960609,0000,222
19960610,0000,215
19960611,0000,203
19960612,0000,192
19960613,0000,197
19960614,0000,225
19960615,0000,181
19960616,0000,188
19960617,0000,163
19960618,0000,131
19960619,0000,177
19960620,0000,164
19960621,0000,203
19960622,0000,m
19960623,0000,169
19960624,0000,m
19960625,0000,411
19960626,0000,207
19960627,0000,192
19960628,0000,190
19960629,0000,174
19960630,0000,m
19960701,0000,148
19960702,0000,176
19960703,0000,175
19960704,0000,130
19960705,0000,177
19960706,0000,161
19960707,0000,170
19960708,0000,158
19960709,0000,m
19960710,0000,157
19960711,0000,130
19960712,0000,m
19960713,0000,150
19960714,0000,m
19960715,0000,144
19960716,0000,101
19960717,0000,125
19960718,0000,138
19960719,0000,112
19960720,0000,116
19960721,0000,151
19960722,0000,139
19960723,0000,m
19960724,0000,m
19960725,0000,m
19960726,0000,m
19960727,0000,m
19960728,0000,m
19960729,0000,m
19960730,0000,122
19960731,0000,m
19960801,0000,115
19960802,0000,100
19960803,0000,m
19960804,0000,m
19960805,0000,91
19960806,0000,m
19960807,0000,112
19960808,0000,115
19960809,0000,m
19960810,0000,m
19960811,0000,m
19960812,0000,125
19960813,0000,m
19960814,0000,m
19960815,0000,m
19960816,0000,m
19960817,0000,m
19960818,0000,m
19960819,0000,m
19960820,0000,m
19960821,0000,m
19960822,0000,118
19960823,0000,98
19960824,0000,132
19960825,0000,91
19960826,0000,110
19960827,0000,93
19960828,0000,108
19960829,0000,132
19960830,0000,126
19960831,0000,118
19960901,0000,104
19960902,0000,92
19960903,0000,85
19960904,0000,111
19960905,0000,121
19960906,0000,117
19960907,0000,118
19960908,0000,119
19960909,0000,119
19960910,0000,122
19960911,0000,40
19960912,0000,31
19960913,0000,28
19960914,0000,12
19960915,0000,-8
19960916,0000,-7
19960917,0000,-23
19960918,0000,30
19960919,0000,7
19960920,0000,19
19960921,0000,-7
19960922,0000,20
19960923,0000,-11
19960924,0000,11
19960925,0000,-4
19960926,0000,0
19960927,0000,8
19960928,0000,12
19960929,0000,8
19960930,0000,10
19961001,0000,-400
19961002,0000,29
19961003,0000,8
19961004,0000,7
19961005,0000,-7
19961006,0000,7
19961007,0000,-13
19961008,0000,-7
19961009,0000,-4
19961010,0000,m
19961011,0000,8
19961012,0000,7
19961013,0000,12
19961014,0000,1
19961015,0000,-29
19961016,0000,-62
19961017,0000,21
19961018,0000,1
19961019,0000,1
19961020,0000,-36
19961021,0000,12
19961022,0000,10
19961023,0000,23
19961024,0000,32
19961025,0000,-52
19961026,0000,-4
19961027,0000,10
19961028,0000,7
19961029,0000,297
19961030,0000,61
19961031,0000,27
19961101,0000,51
19961102,0000,55
19961103,0000,43
19961104,0000,43
19961105,0000,21
19961106,0000,51
19961107,0000,m
19961108,0000,33
19961109,0000,73
19961110,0000,34
19961111,0000,34
19961112,0000,25
19961113,0000,33
19961114,0000,17
19961115,0000,39
19961116,0000,66
19961117,0000,63
19961118,0000,m
19961119,0000,279
19961120,0000,814
19961121,0000,775
19961122,0000,633
19961123,0000,167
19961124,0000,110
19961125,0000,78
19961126,0000,m
19961127,0000,56
19961128,0000,28
19961129,0000,60
19961130,0000,43
19961201,0000,45
19961202,0000,59
19961203,0000,58
19961204,0000,78
19961205,0000,1457
19961206,0000,1182
19961207,0000,1023
19961208,0000,1151
19961209,0000,1598
19961210,0000,2544
19961211,0000,2010
19961212,0000,2015
19961213,0000,1524
19961214,0000,1211
19961215,0000,1038
19961216,0000,991
19961217,0000,933
19961218,0000,896
19961219,0000,589
19961220,0000,215
19961221,0000,244
19961222,0000,303
19961223,0000,671
19961224,0000,603
19961225,0000,553
19961226,0000,837
19961227,0000,2273
19961228,0000,2981
19961229,0000,5627
19961230,0000,9525
19961231,0000,19529
19970101,0000,30168
19970102,0000,18563
19970103,0000,8196
19970104,0000,4506
19970105,0000,3307
19970106,0000,2465
19970107,0000,2086
19970108,0000,1634
19970109,0000,1431
19970110,0000,1329
19970111,0000,1076
19970112,0000,982
19970113,0000,1003
19970114,0000,910
19970115,0000,954
19970116,0000,895
19970117,0000,900
19970118,0000,981
19970119,0000,898
19970120,0000,709
19970121,0000,699
19970122,0000,3311
19970123,0000,4828
19970124,0000,2706
19970125,0000,17188
19970126,0000,15071
19970127,0000,8318
19970128,0000,6010
19970129,0000,4529
19970130,0000,3794
19970131,0000,3225
19970201,0000,2705
19970202,0000,2402
19970203,0000,1860
19970204,0000,1764
19970205,0000,1621
19970206,0000,1570
19970207,0000,1532
19970208,0000,1383
19970209,0000,1314
19970210,0000,1221
19970211,0000,1177
19970212,0000,1101
19970213,0000,1102
19970214,0000,918
19970215,0000,729
19970216,0000,735
19970217,0000,731
19970218,0000,742
19970219,0000,705
19970220,0000,664
19970221,0000,700
19970222,0000,659
19970223,0000,626
19970224,0000,630
19970225,0000,513
19970226,0000,306
19970227,0000,290
19970228,0000,276
19970301,0000,263
19970302,0000,254
19970303,0000,273
19970304,0000,239
19970305,0000,248
19970306,0000,235
19970307,0000,227
19970308,0000,221
19970309,0000,214
19970310,0000,216
19970311,0000,188
19970312,0000,195
19970313,0000,202
19970314,0000,169
19970315,0000,158
19970316,0000,537
19970317,0000,727
19970318,0000,391
19970319,0000,333
19970320,0000,222
19970321,0000,332
19970322,0000,579
19970323,0000,566
19970324,0000,488
19970325,0000,421
19970326,0000,378
19970327,0000,369
19970328,0000,319
19970329,0000,322
19970330,0000,337
19970331,0000,324
19970401,0000,282
19970402,0000,314
19970403,0000,304
19970404,0000,324
19970405,0000,301
19970406,0000,303
19970407,0000,301
19970408,0000,267
19970409,0000,224
19970410,0000,202
19970411,0000,215
19970412,0000,210
19970413,0000,233
19970414,0000,228
19970415,0000,178
19970416,0000,220
19970417,0000,208
19970418,0000,235
19970419,0000,261
19970420,0000,312
19970421,0000,322
19970422,0000,327
19970423,0000,327
19970424,0000,347
19970425,0000,298
19970426,0000,335
19970427,0000,371
19970428,0000,382
19970429,0000,372
19970430,0000,381
19970501,0000,356
19970502,0000,341
19970503,0000,330
19970504,0000,330
19970505,0000,330
19970506,0000,294
19970507,0000,325
19970508,0000,286
19970509,0000,266
19970510,0000,221
19970511,0000,197
19970512,0000,266
19970513,0000,189
19970514,0000,186
19970515,0000,166
19970516,0000,208
19970517,0000,169
19970518,0000,180
19970519,0000,177
19970520,0000,157
19970521,0000,151
19970522,0000,244
19970523,0000,153
19970524,0000,300
19970525,0000,158
19970526,0000,124
19970527,0000,129
19970528,0000,150
19970529,0000,142
19970530,0000,135
19970531,0000,147
19970601,0000,133
19970602,0000,140
19970603,0000,132
19970604,0000,162
19970605,0000,138
19970606,0000,99
19970607,0000,130
19970608,0000,145
19970609,0000,143
19970610,0000,128
19970611,0000,154
19970612,0000,195
19970613,0000,280
19970614,0000,297
19970615,0000,311
19970616,0000,307
19970617,0000,290
19970618,0000,299
19970619,0000,348
19970620,0000,292
19970621,0000,297
19970622,0000,283
19970623,0000,291
19970624,0000,269
19970625,0000,293
19970626,0000,287
19970627,0000,284
19970628,0000,270
19970629,0000,270
19970630,0000,270
19970701,0000,289
19970702,0000,310
19970703,0000,280
19970704,0000,267
19970705,0000,322
19970706,0000,344
19970707,0000,289
19970708,0000,326
19970709,0000,320
19970710,0000,326
19970711,0000,330
19970712,0000,334
19970713,0000,317
19970714,0000,330
19970715,0000,333
19970716,0000,332
19970717,0000,321
19970718,0000,319
19970719,0000,303
19970720,0000,323
19970721,0000,309
19970722,0000,321
19970723,0000,297
19970724,0000,326
19970725,0000,316
19970726,0000,290
19970727,0000,308
19970728,0000,298
19970729,0000,299
19970730,0000,293
19970731,0000,285
19970801,0000,309
19970802,0000,282
19970803,0000,310
19970804,0000,314
19970805,0000,300
19970806,0000,313
19970807,0000,328
19970808,0000,293
19970809,0000,284
19970810,0000,290
19970811,0000,273
19970812,0000,274
19970813,0000,291
19970814,0000,269
19970815,0000,273
19970816,0000,280
19970817,0000,266
19970818,0000,270
19970819,0000,260
19970820,0000,309
19970821,0000,285
19970822,0000,275
19970823,0000,271
19970824,0000,273
19970825,0000,266
19970826,0000,253
19970827,0000,286
19970828,0000,278
19970829,0000,262
19970830,0000,265
19970831,0000,274
19970901,0000,274
19970902,0000,264
19970903,0000,264
19970904,0000,258
19970905,0000,265
19970906,0000,272
19970907,0000,271
19970908,0000,272
19970909,0000,273
19970910,0000,269
19970911,0000,277
19970912,0000,259
19970913,0000,225
19970914,0000,243
19970915,0000,251
19970916,0000,245
19970917,0000,261
19970918,0000,248
19970919,0000,270
19970920,0000,288
19970921,0000,260
19970922,0000,118
19970923,0000,60
19970924,0000,28
19970925,0000,19
19970926,0000,3
19970927,0000,-33
19970928,0000,12
19970929,0000,8
19970930,0000,-3
19971001,0000,0
19971002,0000,7
19971003,0000,5
19971004,0000,-14
19971005,0000,-3
19971006,0000,16
19971007,0000,-18
19971008,0000,6
19971009,0000,25
19971010,0000,20
19971011,0000,30
19971012,0000,8
19971013,0000,28
19971014,0000,23
19971015,0000,20
19971016,0000,22
19971017,0000,21
19971018,0000,11
19971019,0000,17
19971020,0000,7
19971021,0000,-20
19971022,0000,-19
19971023,0000,-36
19971024,0000,0
19971025,0000,0
19971026,0000,46
19971027,0000,27
19971028,0000,118
19971029,0000,113
19971030,0000,-4
19971031,0000,7
19971101,0000,24
19971102,0000,17
19971103,0000,15
19971104,0000,15
19971105,0000,7
19971106,0000,7
19971107,0000,17
19971108,0000,14
19971109,0000,2
19971110,0000,15
19971111,0000,13
19971112,0000,7
19971113,0000,51
19971114,0000,57
19971115,0000,103
19971116,0000,104
19971117,0000,91
19971118,0000,138
19971119,0000,82
19971120,0000,128
19971121,0000,81
19971122,0000,78
19971123,0000,47
19971124,0000,95
19971125,0000,118
19971126,0000,1079
19971127,0000,639
19971128,0000,236
19971129,0000,326
19971130,0000,996
19971201,0000,329
19971202,0000,196
19971203,0000,148
19971204,0000,222
19971205,0000,658
19971206,0000,820
19971207,0000,914
19971208,0000,813
19971209,0000,382
19971210,0000,260
19971211,0000,204
19971212,0000,189
19971213,0000,183
19971214,0000,553
19971215,0000,486
19971216,0000,281
19971217,0000,417
19971218,0000,412
19971219,0000,318
19971220,0000,248
19971221,0000,168
19971222,0000,182
19971223,0000,153
19971224,0000,154
19971225,0000,125
19971226,0000,104
19971227,0000,91
19971228,0000,123
19971229,0000,-634
19971230,0000,68
19971231,0000,112
19980101,0000,121
19980102,0000,186
19980103,0000,341
19980104,0000,537
19980105,0000,405
19980106,0000,541
19980107,0000,727
19980108,0000,397
19980109,0000,423
19980110,0000,624
19980111,0000,1663
19980112,0000,4767
19980113,0000,4766
19980114,0000,4692
19980115,0000,8269
19980116,0000,5353
19980117,0000,5431
19980118,0000,6074
19980119,0000,6110
19980120,0000,3626
19980121,0000,2212
19980122,0000,1829
19980123,0000,1610
19980124,0000,1489
19980125,0000,1442
19980126,0000,5332
19980127,0000,7833
19980128,0000,4214
19980129,0000,5337
19980130,0000,4067
19980131,0000,3678
19980201,0000,6938
19980202,0000,11366
19980203,0000,32851
19980204,0000,11467
19980205,0000,15581
19980206,0000,23117
19980207,0000,22035
19980208,0000,15786
19980209,0000,8158
19980210,0000,6233
19980211,0000,6233
19980212,0000,5286
19980213,0000,5302
19980214,0000,6848
19980215,0000,5485
19980216,0000,7316
19980217,0000,6035
19980218,0000,4378
19980219,0000,12417
19980220,0000,9328
19980221,0000,11681
19980222,0000,9105
19980223,0000,12328
19980224,0000,8485
19980225,0000,4814
19980226,0000,3615
19980227,0000,4236
19980228,0000,3289
19980301,0000,2731
19980302,0000,2426
19980303,0000,2291
19980304,0000,2123
19980305,0000,1834
19980306,0000,1559
19980307,0000,1425
19980308,0000,1350
19980309,0000,1240
19980310,0000,1176
19980311,0000,1259
19980312,0000,1514
19980313,0000,3150
19980314,0000,2973
19980315,0000,2848
19980316,0000,2998
19980317,0000,2761
19980318,0000,2472
19980319,0000,2252
19980320,0000,2154
19980321,0000,2466
19980322,0000,6375
19980323,0000,5401
19980324,0000,6433
19980325,0000,5050
19980326,0000,3546
19980327,0000,2807
19980328,0000,2511
19980329,0000,2067
19980330,0000,1720
19980331,0000,2344
19980401,0000,3982
19980402,0000,2626
19980403,0000,3771
19980404,0000,3416
19980405,0000,2813
19980406,0000,2701
19980407,0000,2434
19980408,0000,2009
19980409,0000,2004
19980410,0000,1950
19980411,0000,1784
19980412,0000,1647
19980413,0000,1599
19980414,0000,1525
19980415,0000,1375
19980416,0000,1239
19980417,0000,1224
19980418,0000,1194
19980419,0000,1185
19980420,0000,1257
19980421,0000,1272
19980422,0000,1383
19980423,0000,m
19980424,0000,1594
19980425,0000,1538
19980426,0000,1227
19980427,0000,1248
19980428,0000,1369
19980429,0000,1450
19980430,0000,1452
19980501,0000,1545
19980502,0000,1649
19980503,0000,1575
19980504,0000,1504
19980505,0000,1436
19980506,0000,1402
19980507,0000,1364
19980508,0000,1283
19980509,0000,1249
19980510,0000,1201
19980511,0000,1118
19980512,0000,1199
19980513,0000,1149
19980514,0000,1140
19980515,0000,1095
19980516,0000,1150
19980517,0000,1053
19980518,0000,1000
19980519,0000,885
19980520,0000,725
19980521,0000,599
19980522,0000,734
19980523,0000,699
19980524,0000,751
19980525,0000,962
19980526,0000,1123
19980527,0000,1005
19980528,0000,3358
19980529,0000,9479
19980530,0000,5171
19980531,0000,2997
19980601,0000,2205
19980602,0000,1758
19980603,0000,3061
19980604,0000,2519
19980605,0000,2055
19980606,0000,1816
19980607,0000,1843
19980608,0000,1577
19980609,0000,1465
19980610,0000,1368
19980611,0000,2016
19980612,0000,1604
19980613,0000,1823
19980614,0000,1332
19980615,0000,1276
19980616,0000,1000
19980617,0000,1169
19980618,0000,1079
19980619,0000,1052
19980620,0000,1017
19980621,0000,890
19980622,0000,777
19980623,0000,764
19980624,0000,733
19980625,0000,681
19980626,0000,701
19980627,0000,659
19980628,0000,632
19980629,0000,621
19980630,0000,587
19980701,0000,531
19980702,0000,508
19980703,0000,524
19980704,0000,502
19980705,0000,484
19980706,0000,415
19980707,0000,345
19980708,0000,313
19980709,0000,290
19980710,0000,275
19980711,0000,289
19980712,0000,276
19980713,0000,286
19980714,0000,269
19980715,0000,271
19980716,0000,271
19980717,0000,m
19980718,0000,217
19980719,0000,217
19980720,0000,191
19980721,0000,183
19980722,0000,177
19980723,0000,164
19980724,0000,176
19980725,0000,183
19980726,0000,215
19980727,0000,157
19980728,0000,191
19980729,0000,163
19980730,0000,120
19980731,0000,144
19980801,0000,132
19980802,0000,200
19980803,0000,171
19980804,0000,161
19980805,0000,158
19980806,0000,134
19980807,0000,161
19980808,0000,m
19980809,0000,123
19980810,0000,146
19980811,0000,m
19980812,0000,m
19980813,0000,m
19980814,0000,141
19980815,0000,m
19980816,0000,m
19980817,0000,152
19980818,0000,125
19980819,0000,137
19980820,0000,130
19980821,0000,119
19980822,0000,m
19980823,0000,m
19980824,0000,143
19980825,0000,102
19980826,0000,134
19980827,0000,134
19980828,0000,131
19980829,0000,174
19980830,0000,113
19980831,0000,149
19980901,0000,150
19980902,0000,143
19980903,0000,148
19980904,0000,131
19980905,0000,122
19980906,0000,128
19980907,0000,145
19980908,0000,145
19980909,0000,m
19980910,0000,118
19980911,0000,133
19980912,0000,81
19980913,0000,153
19980914,0000,128
19980915,0000,147
19980916,0000,127
19980917,0000,124
19980918,0000,136
19980919,0000,125
19980920,0000,94
19980921,0000,121
19980922,0000,142
19980923,0000,132
19980924,0000,127
19980925,0000,117
19980926,0000,144
19980927,0000,129
19980928,0000,113
19980929,0000,132
19980930,0000,m
19981001,0000,120
19981002,0000,120
19981003,0000,111
19981004,0000,109
19981005,0000,95
19981006,0000,m
19981007,0000,106
19981008,0000,15
19981009,0000,19
19981010,0000,9
19981011,0000,-3
19981012,0000,-11
19981013,0000,-3
19981014,0000,3
19981015,0000,-9
19981016,0000,-19
19981017,0000,-1
19981018,0000,3
19981019,0000,10
19981020,0000,2
19981021,0000,21
19981022,0000,m
19981023,0000,7
19981024,0000,-9
19981025,0000,m
19981026,0000,6
19981027,0000,16
19981028,0000,18
19981029,0000,10
19981030,0000,9
19981031,0000,12
19981101,0000,13
19981102,0000,15
19981103,0000,-4
19981104,0000,19
19981105,0000,8
19981106,0000,8
19981107,0000,m
19981108,0000,114
19981109,0000,40
19981110,0000,28
19981111,0000,m
19981112,0000,33
19981113,0000,10
19981114,0000,16
19981115,0000,7
19981116,0000,10
19981117,0000,18
19981118,0000,13
19981119,0000,28
19981120,0000,23
19981121,0000,m
19981122,0000,110
19981123,0000,110
19981124,0000,378
19981125,0000,968
19981126,0000,550
19981127,0000,493
19981128,0000,501
19981129,0000,459
19981130,0000,612
19981201,0000,1273
19981202,0000,1395
19981203,0000,1113
19981204,0000,1739
19981205,0000,1228
19981206,0000,1020
19981207,0000,912
19981208,0000,684
19981209,0000,502
19981210,0000,413
19981211,0000,151
19981212,0000,101
19981213,0000,122
19981214,0000,221
19981215,0000,214
19981216,0000,193
19981217,0000,191
19981218,0000,173
19981219,0000,175
19981220,0000,145
19981221,0000,100
19981222,0000,m
19981223,0000,95
19981224,0000,131
19981225,0000,77
19981226,0000,m
19981227,0000,m
19981228,0000,151
19981229,0000,458
19981230,0000,373
19981231,0000,134
19990101,0000,108
19990102,0000,116
19990103,0000,84
19990104,0000,121
19990105,0000,97
19990106,0000,172
19990107,0000,402
19990108,0000,425
19990109,0000,392
19990110,0000,437
19990111,0000,438
19990112,0000,325
19990113,0000,114
19990114,0000,86
19990115,0000,87
19990116,0000,m
19990117,0000,m
19990118,0000,m
19990119,0000,197
19990120,0000,323
19990121,0000,385
19990122,0000,747
19990123,0000,1009
19990124,0000,2099
19990125,0000,2101
19990126,0000,1187
19990127,0000,1065
19990128,0000,959
19990129,0000,771
19990130,0000,576
19990131,0000,m
19990201,0000,284
19990202,0000,181
19990203,0000,285
19990204,0000,470
19990205,0000,500
19990206,0000,752
19990207,0000,3260
19990208,0000,3755
19990209,0000,5906
19990210,0000,3961
19990211,0000,2043
19990212,0000,1156
19990213,0000,1088
19990214,0000,1139
19990215,0000,1088
19990216,0000,1727
19990217,0000,3981
19990218,0000,3044
19990219,0000,2378
19990220,0000,2218
19990221,0000,2140
19990222,0000,1656
19990223,0000,1456
19990224,0000,1632
19990225,0000,1784
19990226,0000,1697
19990227,0000,1645
19990228,0000,2127
19990301,0000,2724
19990302,0000,2293
19990303,0000,2165
19990304,0000,1762
19990305,0000,1409
19990306,0000,1286
19990307,0000,1130
19990308,0000,985
19990309,0000,1042
19990310,0000,775
19990311,0000,772
19990312,0000,689
19990313,0000,717
19990314,0000,949
19990315,0000,1375
19990316,0000,1248
19990317,0000,1186
19990318,0000,1165
19990319,0000,1146
19990320,0000,1075
19990321,0000,872
19990322,0000,848
19990323,0000,811
19990324,0000,3316
19990325,0000,8948
19990326,0000,4402
19990327,0000,2515
19990328,0000,1835
19990329,0000,1420
19990330,0000,1428
19990331,0000,1305
19990401,0000,1219
19990402,0000,1201
19990403,0000,1056
19990404,0000,758
19990405,0000,654
19990406,0000,797
19990407,0000,853
19990408,0000,766
19990409,0000,m
19990410,0000,m
19990411,0000,m
19990412,0000,m
19990413,0000,m
19990414,0000,m
19990415,0000,m
19990416,0000,m
19990417,0000,m
19990418,0000,m
19990419,0000,m
19990420,0000,m
19990421,0000,m
19990422,0000,m
19990423,0000,m
19990424,0000,m
19990425,0000,m
19990426,0000,m
19990427,0000,m
19990428,0000,m
19990429,0000,m
19990430,0000,m
19990501,0000,m
19990502,0000,m
19990503,0000,m
19990504,0000,672
19990505,0000,620
19990506,0000,583
19990507,0000,994
19990508,0000,430
19990509,0000,375
19990510,0000,583
19990511,0000,625
19990512,0000,570
19990513,0000,526
19990514,0000,810
19990515,0000,329
19990516,0000,303
19990517,0000,367
19990518,0000,558
19990519,0000,564
19990520,0000,569
19990521,0000,533
19990522,0000,538
19990523,0000,552
19990524,0000,393
19990525,0000,424
19990526,0000,387
19990527,0000,397
19990528,0000,397
19990529,0000,379
19990530,0000,357
19990531,0000,314
19990601,0000,316
19990602,0000,433
19990603,0000,300
19990604,0000,295
19990605,0000,260
19990606,0000,242
19990607,0000,245
19990608,0000,382
19990609,0000,405
19990610,0000,412
19990611,0000,366
19990612,0000,410
19990613,0000,398
19990614,0000,368
19990615,0000,232
19990616,0000,190
19990617,0000,248
19990618,0000,379
19990619,0000,159
19990620,0000,147
19990621,0000,187
19990622,0000,104
19990623,0000,75
19990624,0000,83
19990625,0000,63
19990626,0000,46
19990627,0000,37
19990628,0000,36
19990629,0000,54
19990630,0000,58
19990701,0000,56
19990702,0000,31
19990703,0000,13
19990704,0000,48
19990705,0000,17
19990706,0000,18
19990707,0000,30
19990708,0000,20
19990709,0000,49
19990710,0000,41
19990711,0000,42
19990712,0000,30
19990713,0000,35
19990714,0000,32
19990715,0000,19
19990716,0000,3
19990717,0000,10
19990718,0000,21
19990719,0000,6
19990720,0000,22
19990721,0000,-10
19990722,0000,17
19990723,0000,26
19990724,0000,5
19990725,0000,7
19990726,0000,27
19990727,0000,25
19990728,0000,m
19990729,0000,22
19990730,0000,25
19990731,0000,25
19990801,0000,29
19990802,0000,19
19990803,0000,21
19990804,0000,31
19990805,0000,18
19990806,0000,14
19990807,0000,16
19990808,0000,m
19990809,0000,35
19990810,0000,55
19990811,0000,36
19990812,0000,21
19990813,0000,13
19990814,0000,25
19990815,0000,32
19990816,0000,34
19990817,0000,36
19990818,0000,25
19990819,0000,26
19990820,0000,36
19990821,0000,50
19990822,0000,52
19990823,0000,33
19990824,0000,51
19990825,0000,60
19990826,0000,56
19990827,0000,15
19990828,0000,33
19990829,0000,35
19990830,0000,0
19990831,0000,-3
19990901,0000,47
19990902,0000,244
19990903,0000,316
19990904,0000,298
19990905,0000,303
19990906,0000,326
19990907,0000,317
19990908,0000,324
19990909,0000,317
19990910,0000,325
19990911,0000,305
19990912,0000,343
19990913,0000,344
19990914,0000,332
19990915,0000,338
19990916,0000,322
19990917,0000,311
19990918,0000,293
19990919,0000,198
19990920,0000,121
19990921,0000,m
19990922,0000,6
19990923,0000,37
19990924,0000,11
19990925,0000,14
19990926,0000,-21
19990927,0000,-25
19990928,0000,17
19990929,0000,27
19990930,0000,m
19991001,0000,9
19991002,0000,3
19991003,0000,1
19991004,0000,10
19991005,0000,-11
19991006,0000,-17
19991007,0000,-4
19991008,0000,6
19991009,0000,-19
19991010,0000,-20
19991011,0000,13
19991012,0000,-9
19991013,0000,-31
19991014,0000,17
19991015,0000,-45
19991016,0000,-22
19991017,0000,18
19991018,0000,5
19991019,0000,-19
19991020,0000,18
19991021,0000,-19
19991022,0000,26
19991023,0000,2
19991024,0000,68
19991025,0000,-5
19991026,0000,-22
19991027,0000,19
19991028,0000,12
19991029,0000,-9
19991030,0000,79
19991031,0000,16
19991101,0000,34
19991102,0000,6
19991103,0000,29
19991104,0000,10
19991105,0000,20
19991106,0000,11
19991107,0000,85
19991108,0000,51
19991109,0000,46
19991110,0000,81
19991111,0000,87
19991112,0000,83
19991113,0000,103
19991114,0000,61
19991115,0000,83
19991116,0000,100
19991117,0000,55
19991118,0000,75
19991119,0000,158
19991120,0000,99
19991121,0000,104
19991122,0000,93
19991123,0000,59
19991124,0000,47
19991125,0000,60
19991126,0000,47
19991127,0000,57
19991128,0000,38
19991129,0000,70
19991130,0000,69
19991201,0000,68
19991202,0000,89
19991203,0000,91
19991204,0000,112
19991205,0000,72
19991206,0000,58
19991207,0000,80
19991208,0000,53
19991209,0000,73
19991210,0000,45
19991211,0000,63
19991212,0000,61
19991213,0000,41
19991214,0000,100
19991215,0000,88
19991216,0000,54
19991217,0000,75
19991218,0000,53
19991219,0000,66
19991220,0000,62
19991221,0000,67
19991222,0000,70
19991223,0000,54
19991224,0000,58
19991225,0000,56
19991226,0000,51
19991227,0000,64
19991228,0000,47
19991229,0000,48
19991230,0000,61
19991231,0000,47
20000101,0000,45
20000102,0000,62
20000103,0000,38
20000104,0000,38
20000105,0000,47
20000106,0000,51
20000107,0000,47
20000108,0000,47
20000109,0000,36
20000110,0000,80
20000111,0000,154
20000112,0000,362
20000113,0000,215
20000114,0000,169
20000115,0000,222
20000116,0000,705
20000117,0000,721
20000118,0000,923
20000119,0000,1248
20000120,0000,1247
20000121,0000,961
20000122,0000,761
20000123,0000,701
20000124,0000,1084
20000125,0000,954
20000126,0000,745
20000127,0000,577
20000128,0000,415
20000129,0000,339
20000130,0000,726
20000131,0000,1164
20000201,0000,1148
20000202,0000,1079
20000203,0000,817
20000204,0000,779
20000205,0000,1132
20000206,0000,1394
20000207,0000,857
20000208,0000,749
20000209,0000,701
20000210,0000,1144
20000211,0000,1930
20000212,0000,2060
20000213,0000,3732
20000214,0000,7647
20000215,0000,5985
20000216,0000,3334
20000217,0000,1992
20000218,0000,1588
20000219,0000,1402
20000220,0000,1437
20000221,0000,4071
20000222,0000,3223
20000223,0000,3805
20000224,0000,2718
20000225,0000,2400
20000226,0000,2306
20000227,0000,4407
20000228,0000,3532
20000229,0000,3131
20000301,0000,2322
20000302,0000,2016
20000303,0000,1716
20000304,0000,1746
20000305,0000,3089
20000306,0000,2331
20000307,0000,2516
20000308,0000,2617
20000309,0000,2346
20000310,0000,1767
20000311,0000,1674
20000312,0000,1600
20000313,0000,1528
20000314,0000,1478
20000315,0000,1374
20000316,0000,1373
20000317,0000,1093
20000318,0000,883
20000319,0000,952
20000320,0000,815
20000321,0000,830
20000322,0000,769
20000323,0000,474
20000324,0000,432
20000325,0000,398
20000326,0000,355
20000327,0000,393
20000328,0000,365
20000329,0000,388
20000330,0000,578
20000331,0000,583
20000401,0000,600
20000402,0000,590
20000403,0000,577
20000404,0000,577
20000405,0000,573
20000406,0000,608
20000407,0000,550
20000408,0000,514
20000409,0000,563
20000410,0000,475
20000411,0000,511
20000412,0000,537
20000413,0000,459
20000414,0000,285
20000415,0000,160
20000416,0000,355
20000417,0000,3330
20000418,0000,2972
20000419,0000,m
20000420,0000,1263
20000421,0000,1144
20000422,0000,906
20000423,0000,689
20000424,0000,640
20000425,0000,655
20000426,0000,616
20000427,0000,530
20000428,0000,327
20000429,0000,250
20000430,0000,236
20000501,0000,278
20000502,0000,207
20000503,0000,324
20000504,0000,518
20000505,0000,488
20000506,0000,473
20000507,0000,500
20000508,0000,536
20000509,0000,496
20000510,0000,477
20000511,0000,494
20000512,0000,439
20000513,0000,514
20000514,0000,328
20000515,0000,m
20000516,0000,660
20000517,0000,555
20000518,0000,525
20000519,0000,512
20000520,0000,531
20000521,0000,455
20000522,0000,m
20000523,0000,443
20000524,0000,m
20000525,0000,452
20000526,0000,471
20000527,0000,465
20000528,0000,170
20000529,0000,2
20000530,0000,59
20000531,0000,33
20000601,0000,107
20000602,0000,104
20000603,0000,101
20000604,0000,82
20000605,0000,115
20000606,0000,77
20000607,0000,97
20000608,0000,165
20000609,0000,90
20000610,0000,82
20000611,0000,297
20000612,0000,378
20000613,0000,307
20000614,0000,376
20000615,0000,307
20000616,0000,121
20000617,0000,121
20000618,0000,145
20000619,0000,78
20000620,0000,88
20000621,0000,80
20000622,0000,83
20000623,0000,28
20000624,0000,66
20000625,0000,42
20000626,0000,m
20000627,0000,m
20000628,0000,m
20000629,0000,40
20000630,0000,47
20000701,0000,34
20000702,0000,41
20000703,0000,25
20000704,0000,42
20000705,0000,21
20000706,0000,24
20000707,0000,27
20000708,0000,48
20000709,0000,21
20000710,0000,53
20000711,0000,m
20000712,0000,52
20000713,0000,m
20000714,0000,42
20000715,0000,-8
20000716,0000,44
20000717,0000,-38
20000718,0000,18
20000719,0000,14
20000720,0000,17
20000721,0000,m
20000722,0000,33
20000723,0000,-1
20000724,0000,39
20000725,0000,-2
20000726,0000,22
20000727,0000,6
20000728,0000,8
20000729,0000,-22
20000730,0000,14
20000731,0000,7
20000801,0000,30
20000802,0000,20
20000803,0000,9
20000804,0000,m
20000805,0000,16
20000806,0000,5
20000807,0000,29
20000808,0000,-15
20000809,0000,-20
20000810,0000,-21
20000811,0000,m
20000812,0000,m
20000813,0000,m
20000814,0000,-8
20000815,0000,-6
20000816,0000,15
20000817,0000,m
20000818,0000,m
20000819,0000,263
20000820,0000,266
20000821,0000,287
20000822,0000,m
20000823,0000,285
20000824,0000,284
20000825,0000,m
20000826,0000,m
20000827,0000,m
20000828,0000,286
20000829,0000,m
20000830,0000,m
20000831,0000,293
20000901,0000,293
20000902,0000,244
20000903,0000,43
20000904,0000,2
20000905,0000,5
20000906,0000,-10
20000907,0000,28
20000908,0000,39
20000909,0000,18
20000910,0000,-25
20000911,0000,27
20000912,0000,15
20000913,0000,-8
20000914,0000,m
20000915,0000,-9
20000916,0000,m
20000917,0000,m
20000918,0000,m
20000919,0000,m
20000920,0000,77
20000921,0000,15
20000922,0000,20
20000923,0000,24
20000924,0000,-3
20000925,0000,7
20000926,0000,39
20000927,0000,12
20000928,0000,26
20000929,0000,-48
20000930,0000,33
20001001,0000,5
20001002,0000,m
20001003,0000,51
20001004,0000,-14
20001005,0000,18
20001006,0000,3
20001007,0000,7
20001008,0000,-6
20001009,0000,17
20001010,0000,-12
20001011,0000,-21
20001012,0000,11
20001013,0000,2
20001014,0000,23
20001015,0000,13
20001016,0000,19
20001017,0000,23
20001018,0000,1
20001019,0000,-15
20001020,0000,-61
20001021,0000,-31
20001022,0000,-3
20001023,0000,51
20001024,0000,3
20001025,0000,-34
20001026,0000,6
20001027,0000,27
20001028,0000,54
20001029,0000,34
20001030,0000,51
20001031,0000,56
20001101,0000,m
20001102,0000,52
20001103,0000,49
20001104,0000,43
20001105,0000,43
20001106,0000,33
20001107,0000,42
20001108,0000,42
20001109,0000,38
20001110,0000,31
20001111,0000,36
20001112,0000,26
20001113,0000,30
20001114,0000,34
20001115,0000,34
20001116,0000,38
20001117,0000,41
20001118,0000,35
20001119,0000,35
20001120,0000,35
20001121,0000,47
20001122,0000,40
20001123,0000,37
20001124,0000,40
20001125,0000,37
20001126,0000,31
20001127,0000,37
20001128,0000,39
20001129,0000,72
20001130,0000,64
20001201,0000,71
20001202,0000,63
20001203,0000,60
20001204,0000,42
20001205,0000,53
20001206,0000,53
20001207,0000,40
20001208,0000,52
20001209,0000,41
20001210,0000,51
20001211,0000,41
20001212,0000,53
20001213,0000,50
20001214,0000,55
20001215,0000,51
20001216,0000,74
20001217,0000,77
20001218,0000,65
20001219,0000,69
20001220,0000,54
20001221,0000,49
20001222,0000,52
20001223,0000,50
20001224,0000,52
20001225,0000,46
20001226,0000,55
20001227,0000,55
20001228,0000,45
20001229,0000,43
20001230,0000,45
20001231,0000,33
20010101,0000,45
20010102,0000,37
20010103,0000,45
20010104,0000,24
20010105,0000,45
20010106,0000,43
20010107,0000,37
20010108,0000,67
20010109,0000,70
20010110,0000,149
20010111,0000,585
20010112,0000,722
20010113,0000,499
20010114,0000,161
20010115,0000,105
20010116,0000,84
20010117,0000,92
20010118,0000,74
20010119,0000,57
20010120,0000,67
20010121,0000,58
20010122,0000,58
20010123,0000,117
20010124,0000,506
20010125,0000,1019
20010126,0000,1074
20010127,0000,681
20010128,0000,254
20010129,0000,164
20010130,0000,139
20010131,0000,142
20010201,0000,100
20010202,0000,79
20010203,0000,70
20010204,0000,128
20010205,0000,128
20010206,0000,91
20010207,0000,107
20010208,0000,83
20010209,0000,147
20010210,0000,136
20010211,0000,125
20010212,0000,242
20010213,0000,443
20010214,0000,428
20010215,0000,341
20010216,0000,118
20010217,0000,163
20010218,0000,163
20010219,0000,616
20010220,0000,1578
20010221,0000,1714
20010222,0000,1403
20010223,0000,1044
20010224,0000,1638
20010225,0000,2667
20010226,0000,1521
20010227,0000,1073
20010228,0000,654
20010301,0000,m
20010302,0000,268
20010303,0000,229
20010304,0000,10243
20010305,0000,m
20010306,0000,3539
20010307,0000,1868
20010308,0000,1502
20010309,0000,1400
20010310,0000,1315
20010311,0000,1220
20010312,0000,m
20010313,0000,1099
20010314,0000,1022
20010315,0000,663
20010316,0000,400
20010317,0000,319
20010318,0000,409
20010319,0000,424
20010320,0000,657
20010321,0000,1022
20010322,0000,1164
20010323,0000,1144
20010324,0000,1081
20010325,0000,1190
20010326,0000,1071
20010327,0000,983
20010328,0000,920
20010329,0000,427
20010330,0000,583
20010331,0000,789
20010401,0000,610
20010402,0000,515
20010403,0000,539
20010404,0000,496
20010405,0000,503
20010406,0000,494
20010407,0000,509
20010408,0000,447
20010409,0000,445
20010410,0000,m
20010411,0000,444
20010412,0000,342
20010413,0000,179
20010414,0000,140
20010415,0000,131
20010416,0000,131
20010417,0000,132
20010418,0000,123
20010419,0000,189
20010420,0000,200
20010421,0000,178
20010422,0000,406
20010423,0000,441
20010424,0000,m
20010425,0000,238
20010426,0000,199
20010427,0000,177
20010428,0000,131
20010429,0000,135
20010430,0000,m
20010501,0000,m
20010502,0000,190
20010503,0000,232
20010504,0000,221
20010505,0000,254
20010506,0000,241
20010507,0000,244
20010508,0000,275
20010509,0000,260
20010510,0000,218
20010511,0000,254
20010512,0000,252
20010513,0000,272
20010514,0000,258
20010515,0000,180
20010516,0000,245
20010517,0000,m
20010518,0000,146
20010519,0000,154
20010520,0000,m
20010521,0000,m
20010522,0000,180
20010523,0000,197
20010524,0000,191
20010525,0000,179
20010526,0000,175
20010527,0000,188
20010528,0000,162
20010529,0000,126
20010530,0000,127
20010531,0000,204
20010601,0000,178
20010602,0000,172
20010603,0000,108
20010604,0000,161
20010605,0000,178
20010606,0000,m
20010607,0000,202
20010608,0000,309
20010609,0000,317
20010610,0000,335
20010611,0000,302
20010612,0000,269
20010613,0000,m
20010614,0000,m
20010615,0000,318
20010616,0000,311
20010617,0000,m
20010618,0000,289
20010619,0000,323
20010620,0000,280
20010621,0000,325
20010622,0000,283
20010623,0000,278
20010624,0000,293
20010625,0000,m
20010626,0000,253
20010627,0000,316
20010628,0000,m
20010629,0000,279
20010630,0000,m
20010701,0000,m
20010702,0000,282
20010703,0000,303
20010704,0000,286
20010705,0000,m
20010706,0000,267
20010707,0000,282
20010708,0000,257
20010709,0000,266
20010710,0000,264
20010711,0000,250
20010712,0000,269
20010713,0000,251
20010714,0000,256
20010715,0000,239
20010716,0000,242
20010717,0000,247
20010718,0000,250
20010719,0000,242
20010720,0000,m
20010721,0000,259
20010722,0000,102
20010723,0000,247
20010724,0000,254
20010725,0000,m
20010726,0000,m
20010727,0000,m
20010728,0000,m
20010729,0000,m
20010730,0000,m
20010731,0000,m
20010801,0000,-6
20010802,0000,m
20010803,0000,-16
20010804,0000,10
20010805,0000,5
20010806,0000,6
20010807,0000,9
20010808,0000,25
20010809,0000,-8
20010810,0000,7
20010811,0000,-5
20010812,0000,-8
20010813,0000,-16
20010814,0000,7
20010815,0000,12
20010816,0000,0
20010817,0000,3
20010818,0000,40
20010819,0000,-2
20010820,0000,14
20010821,0000,-82
20010822,0000,57
20010823,0000,-11
20010824,0000,-10
20010825,0000,m
20010826,0000,5
20010827,0000,-47
20010828,0000,11
20010829,0000,49
20010830,0000,22
20010831,0000,10
20010901,0000,28
20010902,0000,8
20010903,0000,25
20010904,0000,27
20010905,0000,20
20010906,0000,-63
20010907,0000,53
20010908,0000,37
20010909,0000,36
20010910,0000,22
20010911,0000,-38
20010912,0000,-18
20010913,0000,m
20010914,0000,-82
20010915,0000,-2
20010916,0000,0
20010917,0000,-9
20010918,0000,-9
20010919,0000,1
20010920,0000,-19
20010921,0000,-24
20010922,0000,-7
20010923,0000,-49
20010924,0000,-17
20010925,0000,m
20010926,0000,-26
20010927,0000,-32
20010928,0000,-21
20010929,0000,m
20010930,0000,-25
20011001,0000,-32
20011002,0000,-9
20011003,0000,-3
20011004,0000,m
20011005,0000,-70
20011006,0000,-16
20011007,0000,93
20011008,0000,202
20011009,0000,185
20011010,0000,228
20011011,0000,m
20011012,0000,223
20011013,0000,239
20011014,0000,263
20011015,0000,m
20011016,0000,m
20011017,0000,244
20011018,0000,233
20011019,0000,259
20011020,0000,276
20011021,0000,293
20011022,0000,231
20011023,0000,215
20011024,0000,241
20011025,0000,242
20011026,0000,255
20011027,0000,261
20011028,0000,m
20011029,0000,m
20011030,0000,m
20011031,0000,m
20011101,0000,m
20011102,0000,32
20011103,0000,m
20011104,0000,m
20011105,0000,m
20011106,0000,m
20011107,0000,5
20011108,0000,17
20011109,0000,21
20011110,0000,22
20011111,0000,78
20011112,0000,165
20011113,0000,m
20011114,0000,2632240896
20011115,0000,27
20011116,0000,41
20011117,0000,31
20011118,0000,22
20011119,0000,m
20011120,0000,13
20011121,0000,69
20011122,0000,250
20011123,0000,210
20011124,0000,627
20011125,0000,m
20011126,0000,m
20011127,0000,111
20011128,0000,184
20011129,0000,880
20011130,0000,284
20011201,0000,1747
20011202,0000,1467
20011203,0000,m
20011204,0000,438
20011205,0000,307
20011206,0000,1058
20011207,0000,1209
20011208,0000,1010
20011209,0000,969
20011210,0000,842
20011211,0000,m
20011212,0000,483
20011213,0000,315
20011214,0000,1459
20011215,0000,1228
20011216,0000,961
20011217,0000,m
20011218,0000,m
20011219,0000,1399
20011220,0000,3217
20011221,0000,m
20011222,0000,2819
20011223,0000,1920
20011224,0000,1437
20011225,0000,1241
20011226,0000,944
20011227,0000,961
20011228,0000,1572
20011229,0000,m
20011230,0000,m
20011231,0000,m
20020101,0000,m
20020102,0000,m
20020103,0000,8360
20020104,0000,4223
20020105,0000,3171
20020106,0000,6371
20020107,0000,5598
20020108,0000,3895
20020109,0000,2962
20020110,0000,2465
20020111,0000,2049
20020112,0000,m
20020113,0000,1595
20020114,0000,1504
20020115,0000,1337
20020116,0000,1254
20020117,0000,1193
20020118,0000,1138
20020119,0000,1090
20020120,0000,1061
20020121,0000,921
20020122,0000,m
20020123,0000,673
20020124,0000,648
20020125,0000,624
20020126,0000,630
20020127,0000,644
20020128,0000,641
20020129,0000,m
20020130,0000,559
20020131,0000,556
20020201,0000,551
20020202,0000,429
20020203,0000,688
20020204,0000,493
20020205,0000,359
20020206,0000,221
20020207,0000,261
20020208,0000,323
20020209,0000,m
20020210,0000,275
20020211,0000,256
20020212,0000,244
20020213,0000,264
20020214,0000,m
20020215,0000,540
20020216,0000,572
20020217,0000,579
20020218,0000,558
20020219,0000,628
20020220,0000,1410
20020221,0000,1210
20020222,0000,998
20020223,0000,908
20020224,0000,m
20020225,0000,772
20020226,0000,778
20020227,0000,690
20020228,0000,537
20020301,0000,399
20020302,0000,335
20020303,0000,304
20020304,0000,263
20020305,0000,264
20020306,0000,324
20020307,0000,341
20020308,0000,317
20020309,0000,m
20020310,0000,352
20020311,0000,295
20020312,0000,m
20020313,0000,m
20020314,0000,205
20020315,0000,150
20020316,0000,405
20020317,0000,202
20020318,0000,228
20020319,0000,180
20020320,0000,264
20020321,0000,478
20020322,0000,511
20020323,0000,583
20020324,0000,538
20020325,0000,m
20020326,0000,m
20020327,0000,m
20020328,0000,494
20020329,0000,505
20020330,0000,492
20020331,0000,433
20020401,0000,225
20020402,0000,198
20020403,0000,205
20020404,0000,206
20020405,0000,192
20020406,0000,m
20020407,0000,m
20020408,0000,435
20020409,0000,500
20020410,0000,494
20020411,0000,492
20020412,0000,514
20020413,0000,490
20020414,0000,454
20020415,0000,502
20020416,0000,453
20020417,0000,459
20020418,0000,381
20020419,0000,411
20020420,0000,395
20020421,0000,404
20020422,0000,433
20020423,0000,400
20020424,0000,430
20020425,0000,516
20020426,0000,744
20020427,0000,745
20020428,0000,660
20020429,0000,701
20020430,0000,761
20020501,0000,730
20020502,0000,734
20020503,0000,650
20020504,0000,422
20020505,0000,389
20020506,0000,401
20020507,0000,357
20020508,0000,411
20020509,0000,m
20020510,0000,336
20020511,0000,385
20020512,0000,370
20020513,0000,378
20020514,0000,394
20020515,0000,350
20020516,0000,405
20020517,0000,401
20020518,0000,382
20020519,0000,421
20020520,0000,480
20020521,0000,480
20020522,0000,404
20020523,0000,432
20020524,0000,m
20020525,0000,m
20020526,0000,m
20020527,0000,108
20020528,0000,88
20020529,0000,m
20020530,0000,36
20020531,0000,42
20020601,0000,45
20020602,0000,43
20020603,0000,17
20020604,0000,30
20020605,0000,39
20020606,0000,26
20020607,0000,226
20020608,0000,231
20020609,0000,327
20020610,0000,327
20020611,0000,319
20020612,0000,342
20020613,0000,m
20020614,0000,346
20020615,0000,346
20020616,0000,333
20020617,0000,336
20020618,0000,359
20020619,0000,330
20020620,0000,336
20020621,0000,336
20020622,0000,327
20020623,0000,318
20020624,0000,340
20020625,0000,m
20020626,0000,329
20020627,0000,m
20020628,0000,m
20020629,0000,m
20020630,0000,361
20020701,0000,m
20020702,0000,340
20020703,0000,329
20020704,0000,m
20020705,0000,308
20020706,0000,336
20020707,0000,310
20020708,0000,m
20020709,0000,315
20020710,0000,341
20020711,0000,337
20020712,0000,m
20020713,0000,m
20020714,0000,m
20020715,0000,299
20020716,0000,313
20020717,0000,m
20020718,0000,m
20020719,0000,247
20020720,0000,286
20020721,0000,287
20020722,0000,285
20020723,0000,212
20020724,0000,140
20020725,0000,82
20020726,0000,80
20020727,0000,55
20020728,0000,m
20020729,0000,m
20020730,0000,13
20020731,0000,26
20020801,0000,18
20020802,0000,10
20020803,0000,2
20020804,0000,24
20020805,0000,-7
20020806,0000,m
20020807,0000,37
20020808,0000,41
20020809,0000,m
20020810,0000,48
20020811,0000,54
20020812,0000,36
20020813,0000,47
20020814,0000,m
20020815,0000,38
20020816,0000,36
20020817,0000,m
20020818,0000,m
20020819,0000,m
20020820,0000,m
20020821,0000,m
20020822,0000,19
20020823,0000,m
20020824,0000,11
20020825,0000,-25
20020826,0000,m
20020827,0000,-41
20020828,0000,42
20020829,0000,35
20020830,0000,5
20020831,0000,13
20020901,0000,-4
20020902,0000,5
20020903,0000,14
20020904,0000,3
20020905,0000,-15
20020906,0000,-1
20020907,0000,8
20020908,0000,-13
20020909,0000,m
20020910,0000,13
20020911,0000,15
20020912,0000,30
20020913,0000,m
20020914,0000,13
20020915,0000,0
20020916,0000,-5
20020917,0000,-13
20020918,0000,m
20020919,0000,12
20020920,0000,14
20020921,0000,21
20020922,0000,7
20020923,0000,-14
20020924,0000,m
20020925,0000,m
20020926,0000,19
20020927,0000,7
20020928,0000,2
20020929,0000,-6
20020930,0000,-15
20021001,0000,-41
20021002,0000,-6
20021003,0000,17
20021004,0000,-6
20021005,0000,-6
20021006,0000,-6
20021007,0000,3
20021008,0000,9
20021009,0000,-3
20021010,0000,27
20021011,0000,132
20021012,0000,182
20021013,0000,196
20021014,0000,205
20021015,0000,213
20021016,0000,m
20021017,0000,229
20021018,0000,221
20021019,0000,224
20021020,0000,228
20021021,0000,238
20021022,0000,m
20021023,0000,233
20021024,0000,m
20021025,0000,226
20021026,0000,174
20021027,0000,150
20021028,0000,m
20021029,0000,138
20021030,0000,133
20021031,0000,91
20021101,0000,33
20021102,0000,39
20021103,0000,25
20021104,0000,23
20021105,0000,15
20021106,0000,13
20021107,0000,m
20021108,0000,42
20021109,0000,m
20021110,0000,m
20021111,0000,m
20021112,0000,m
20021113,0000,m
20021114,0000,m
20021115,0000,m
20021116,0000,m
20021117,0000,m
20021118,0000,m
20021119,0000,17
20021120,0000,29
20021121,0000,27
20021122,0000,11
20021123,0000,18
20021124,0000,11
20021125,0000,-2
20021126,0000,m
20021127,0000,22
20021128,0000,m
20021129,0000,14
20021130,0000,14
20021201,0000,m
20021202,0000,10
20021203,0000,m
20021204,0000,11
20021205,0000,13
20021206,0000,m
20021207,0000,9
20021208,0000,16
20021209,0000,3
20021210,0000,15
20021211,0000,m
20021212,0000,m
20021213,0000,157
20021214,0000,3910
20021215,0000,2807
20021216,0000,11145
20021217,0000,3968
20021218,0000,1888
20021219,0000,1516
20021220,0000,2745
20021221,0000,2585
20021222,0000,1733
20021223,0000,864
20021224,0000,562
20021225,0000,m
20021226,0000,m
20021227,0000,m
20021228,0000,4889
20021229,0000,3811
20021230,0000,2893
20021231,0000,11203
20030101,0000,m
20030102,0000,2505
20030103,0000,1843
20030104,0000,1574
20030105,0000,1616
20030106,0000,1576
20030107,0000,1432
20030108,0000,1338
20030109,0000,1195
20030110,0000,1377
20030111,0000,m
20030112,0000,m
20030113,0000,m
20030114,0000,m
20030115,0000,m
20030116,0000,2300
20030117,0000,1785
20030118,0000,1615
20030119,0000,1506
20030120,0000,1416
20030121,0000,1446
20030122,0000,1545
20030123,0000,2141
20030124,0000,1884
20030125,0000,1787
20030126,0000,1646
20030127,0000,1542
20030128,0000,1423
20030129,0000,1317
20030130,0000,1211
20030131,0000,1181
20030201,0000,1141
20030202,0000,1090
20030203,0000,983
20030204,0000,676
20030205,0000,667
20030206,0000,484
20030207,0000,784
20030208,0000,616
20030209,0000,598
20030210,0000,595
20030211,0000,588
20030212,0000,629
20030213,0000,1017
20030214,0000,1045
20030215,0000,1010
20030216,0000,1186
20030217,0000,812
20030218,0000,742
20030219,0000,706
20030220,0000,685
20030221,0000,665
20030222,0000,635
20030223,0000,566
20030224,0000,487
20030225,0000,474
20030226,0000,396
20030227,0000,273
20030228,0000,257
20030301,0000,249
20030302,0000,228
20030303,0000,207
20030304,0000,208
20030305,0000,211
20030306,0000,191
20030307,0000,190
20030308,0000,174
20030309,0000,187
20030310,0000,174
20030311,0000,175
20030312,0000,208
20030313,0000,545
20030314,0000,627
20030315,0000,3581
20030316,0000,2492
20030317,0000,1829
20030318,0000,1208
20030319,0000,1131
20030320,0000,934
20030321,0000,727
20030322,0000,691
20030323,0000,767
20030324,0000,708
20030325,0000,686
20030326,0000,847
20030327,0000,659
20030328,0000,558
20030329,0000,701
20030330,0000,655
20030331,0000,534
20030401,0000,290
20030402,0000,513
20030403,0000,567
20030404,0000,614
20030405,0000,539
20030406,0000,561
20030407,0000,550
20030408,0000,453
20030409,0000,324
20030410,0000,562
20030411,0000,557
20030412,0000,746
20030413,0000,1065
20030414,0000,850
20030415,0000,656
20030416,0000,650
20030417,0000,656
20030418,0000,658
20030419,0000,597
20030420,0000,706
20030421,0000,961
20030422,0000,819
20030423,0000,619
20030424,0000,731
20030425,0000,855
20030426,0000,971
20030427,0000,1185
20030428,0000,1395
20030429,0000,1303
20030430,0000,1297
20030501,0000,1277
20030502,0000,1159
20030503,0000,2390
20030504,0000,2189
20030505,0000,1642
20030506,0000,1370
20030507,0000,1486
20030508,0000,1486
20030509,0000,1370
20030510,0000,1199
20030511,0000,1101
20030512,0000,1095
20030513,0000,1066
20030514,0000,913
20030515,0000,762
20030516,0000,726
20030517,0000,637
20030518,0000,645
20030519,0000,616
20030520,0000,633
20030521,0000,628
20030522,0000,617
20030523,0000,636
20030524,0000,589
20030525,0000,601
20030526,0000,585
20030527,0000,534
20030528,0000,551
20030529,0000,523
20030530,0000,494
20030531,0000,537
20030601,0000,519
20030602,0000,477
20030603,0000,426
20030604,0000,330
20030605,0000,323
20030606,0000,287
20030607,0000,268
20030608,0000,286
20030609,0000,256
20030610,0000,243
20030611,0000,195
20030612,0000,123
20030613,0000,93
20030614,0000,98
20030615,0000,103
20030616,0000,98
20030617,0000,94
20030618,0000,83
20030619,0000,60
20030620,0000,62
20030621,0000,58
20030622,0000,51
20030623,0000,44
20030624,0000,29
20030625,0000,82
20030626,0000,61
20030627,0000,40
20030628,0000,59
20030629,0000,51
20030630,0000,30
20030701,0000,27
20030702,0000,52
20030703,0000,37
20030704,0000,104
20030705,0000,33
20030706,0000,30
20030707,0000,32
20030708,0000,38
20030709,0000,34
20030710,0000,37
20030711,0000,43
20030712,0000,18
20030713,0000,58
20030714,0000,29
20030715,0000,29
20030716,0000,34
20030717,0000,61
20030718,0000,32
20030719,0000,49
20030720,0000,26
20030721,0000,33
20030722,0000,33
20030723,0000,26
20030724,0000,26
20030725,0000,11
20030726,0000,23
20030727,0000,36
20030728,0000,21
20030729,0000,43
20030730,0000,6
20030731,0000,m
20030801,0000,-8
20030802,0000,103
20030803,0000,16
20030804,0000,14
20030805,0000,-7
20030806,0000,4
20030807,0000,247
20030808,0000,277
20030809,0000,275
20030810,0000,294
20030811,0000,304
20030812,0000,298
20030813,0000,325
20030814,0000,314
20030815,0000,315
20030816,0000,321
20030817,0000,319
20030818,0000,295
20030819,0000,m
20030820,0000,330
20030821,0000,304
20030822,0000,300
20030823,0000,329
20030824,0000,273
20030825,0000,153
20030826,0000,246
20030827,0000,319
20030828,0000,323
20030829,0000,316
20030830,0000,331
20030831,0000,393
20030901,0000,227
20030902,0000,157
20030903,0000,-4
20030904,0000,m
20030905,0000,31
20030906,0000,8
20030907,0000,6
20030908,0000,10
20030909,0000,0
20030910,0000,-3
20030911,0000,21
20030912,0000,26
20030913,0000,7
20030914,0000,36
20030915,0000,42
20030916,0000,34
20030917,0000,-13
20030918,0000,55
20030919,0000,31
20030920,0000,41
20030921,0000,42
20030922,0000,30
20030923,0000,20
20030924,0000,20
20030925,0000,17
20030926,0000,27
20030927,0000,18
20030928,0000,10
20030929,0000,39
20030930,0000,38
20031001,0000,28
20031002,0000,36
20031003,0000,27
20031004,0000,28
20031005,0000,44
20031006,0000,14
20031007,0000,11
20031008,0000,12
20031009,0000,-11
20031010,0000,-6
20031011,0000,4
20031012,0000,1
20031013,0000,-8
20031014,0000,10
20031015,0000,9
20031016,0000,-8
20031017,0000,-7
20031018,0000,12
20031019,0000,16
20031020,0000,21
20031021,0000,3
20031022,0000,-10
20031023,0000,5
20031024,0000,6
20031025,0000,16
20031026,0000,29
20031027,0000,8
20031028,0000,6
20031029,0000,-19
20031030,0000,-4
20031031,0000,41
20031101,0000,35
20031102,0000,28
20031103,0000,36
20031104,0000,29
20031105,0000,35
20031106,0000,30
20031107,0000,42
20031108,0000,132
20031109,0000,127
20031110,0000,75
20031111,0000,54
20031112,0000,51
20031113,0000,51
20031114,0000,58
20031115,0000,42
20031116,0000,60
20031117,0000,62
20031118,0000,71
20031119,0000,50
20031120,0000,53
20031121,0000,46
20031122,0000,33
20031123,0000,52
20031124,0000,43
20031125,0000,44
20031126,0000,37
20031127,0000,43
20031128,0000,42
20031129,0000,106
20031130,0000,156
20031201,0000,413
20031202,0000,496
20031203,0000,220
20031204,0000,228
20031205,0000,504
20031206,0000,724
20031207,0000,1044
20031208,0000,914
20031209,0000,980
20031210,0000,1416
20031211,0000,1068
20031212,0000,929
20031213,0000,1668
20031214,0000,2922
20031215,0000,1331
20031216,0000,1048
20031217,0000,946
20031218,0000,865
20031219,0000,917
20031220,0000,1707
20031221,0000,m
20031222,0000,1101
20031223,0000,1785
20031224,0000,6280
20031225,0000,m
20031226,0000,2315
20031227,0000,m
20031228,0000,m
20031229,0000,7531
20031230,0000,6460
20031231,0000,m
20040101,0000,3297
20040102,0000,3030
20040103,0000,1871
20040104,0000,1276
20040105,0000,1190
20040106,0000,1113
20040107,0000,1169
20040108,0000,1512
20040109,0000,1947
20040110,0000,2095
20040111,0000,1769
20040112,0000,m
20040113,0000,1329
20040114,0000,1363
20040115,0000,1416
20040116,0000,1291
20040117,0000,1228
20040118,0000,1232
20040119,0000,m
20040120,0000,m
20040121,0000,767
20040122,0000,704
20040123,0000,689
20040124,0000,724
20040125,0000,697
20040126,0000,653
20040127,0000,895
20040128,0000,1099
20040129,0000,1097
20040130,0000,1096
20040131,0000,1044
20040201,0000,700
20040202,0000,1669
20040203,0000,1515
20040204,0000,1155
20040205,0000,1049
20040206,0000,987
20040207,0000,1099
20040208,0000,1069
20040209,0000,858
20040210,0000,367
20040211,0000,509
20040212,0000,506
20040213,0000,481
20040214,0000,597
20040215,0000,743
20040216,0000,6909
20040217,0000,17971
20040218,0000,15416
20040219,0000,6731
20040220,0000,4268
20040221,0000,2903
20040222,0000,2575
20040223,0000,2243
20040224,0000,2080
20040225,0000,10858
20040226,0000,7611
20040227,0000,4574
20040228,0000,3035
20040229,0000,2435
20040301,0000,3478
20040302,0000,3590
20040303,0000,2348
20040304,0000,1830
20040305,0000,1721
20040306,0000,m
20040307,0000,1568
20040308,0000,1590
20040309,0000,1583
20040310,0000,1477
20040311,0000,1501
20040312,0000,1414
20040313,0000,1375
20040314,0000,1350
20040315,0000,1341
20040316,0000,1285
20040317,0000,1264
20040318,0000,1241
20040319,0000,1206
20040320,0000,1026
20040321,0000,821
20040322,0000,805
20040323,0000,802
20040324,0000,698
20040325,0000,837
20040326,0000,779
20040327,0000,762
20040328,0000,734
20040329,0000,620
20040330,0000,752
20040331,0000,666
20040401,0000,602
20040402,0000,623
20040403,0000,587
20040404,0000,569
20040405,0000,597
20040406,0000,570
20040407,0000,557
20040408,0000,546
20040409,0000,548
20040410,0000,530
20040411,0000,517
20040412,0000,512
20040413,0000,521
20040414,0000,527
20040415,0000,500
20040416,0000,530
20040417,0000,537
20040418,0000,316
20040419,0000,214
20040420,0000,241
20040421,0000,301
20040422,0000,522
20040423,0000,531
20040424,0000,520
20040425,0000,495
20040426,0000,489
20040427,0000,516
20040428,0000,431
20040429,0000,5024
20040430,0000,481
20040501,0000,m
20040502,0000,476
20040503,0000,481
20040504,0000,453
20040505,0000,463
20040506,0000,360
20040507,0000,233
20040508,0000,175
20040509,0000,126
20040510,0000,158
20040511,0000,141
20040512,0000,146
20040513,0000,143
20040514,0000,128
20040515,0000,125
20040516,0000,120
20040517,0000,114
20040518,0000,165
20040519,0000,99
20040520,0000,116
20040521,0000,101
20040522,0000,86
20040523,0000,126
20040524,0000,94
20040525,0000,111
20040526,0000,104
20040527,0000,208
20040528,0000,186
20040529,0000,210
20040530,0000,178
20040531,0000,200
20040601,0000,195
20040602,0000,207
20040603,0000,207
20040604,0000,191
20040605,0000,178
20040606,0000,189
20040607,0000,152
20040608,0000,165
20040609,0000,171
20040610,0000,179
20040611,0000,113
20040612,0000,93
20040613,0000,86
20040614,0000,30
20040615,0000,35
20040616,0000,75
20040617,0000,46
20040618,0000,72
20040619,0000,63
20040620,0000,50
20040621,0000,49
20040622,0000,71
20040623,0000,38
20040624,0000,45
20040625,0000,52
20040626,0000,42
20040627,0000,79
20040628,0000,10
20040629,0000,12
20040630,0000,17
20040701,0000,15
20040702,0000,17
20040703,0000,37
20040704,0000,22
20040705,0000,18
20040706,0000,12
20040707,0000,9
20040708,0000,-18
20040709,0000,-3
20040710,0000,-5
20040711,0000,23
20040712,0000,7
20040713,0000,-1
20040714,0000,9
20040715,0000,3
20040716,0000,20
20040717,0000,-8
20040718,0000,9
20040719,0000,9
20040720,0000,19
20040721,0000,9
20040722,0000,23
20040723,0000,21
20040724,0000,20
20040725,0000,29
20040726,0000,-9
20040727,0000,5
20040728,0000,18
20040729,0000,6
20040730,0000,-3
20040731,0000,9
20040801,0000,4
20040802,0000,1
20040803,0000,9
20040804,0000,0
20040805,0000,14
20040806,0000,10
20040807,0000,22
20040808,0000,20
20040809,0000,9
20040810,0000,30
20040811,0000,21
20040812,0000,61
20040813,0000,-15
20040814,0000,15
20040815,0000,15
20040816,0000,17
20040817,0000,22
20040818,0000,170
20040819,0000,289
20040820,0000,307
20040821,0000,303
20040822,0000,286
20040823,0000,315
20040824,0000,317
20040825,0000,312
20040826,0000,267
20040827,0000,299
20040828,0000,341
20040829,0000,358
20040830,0000,327
20040831,0000,318
20040901,0000,318
20040902,0000,250
20040903,0000,155
20040904,0000,96
20040905,0000,60
20040906,0000,52
20040907,0000,44
20040908,0000,39
20040909,0000,45
20040910,0000,26
20040911,0000,24
20040912,0000,20
20040913,0000,29
20040914,0000,-85
20040915,0000,25
20040916,0000,33
20040917,0000,24
20040918,0000,9
20040919,0000,12
20040920,0000,15
20040921,0000,9
20040922,0000,20
20040923,0000,16
20040924,0000,22
20040925,0000,10
20040926,0000,16
20040927,0000,-6
20040928,0000,0
20040929,0000,13
20040930,0000,9
20041001,0000,5
20041002,0000,17
20041003,0000,16
20041004,0000,11
20041005,0000,10
20041006,0000,16
20041007,0000,16
20041008,0000,9
20041009,0000,-4
20041010,0000,13
20041011,0000,2
20041012,0000,-17
20041013,0000,24
20041014,0000,294
20041015,0000,323
20041016,0000,340
20041017,0000,361
20041018,0000,337
20041019,0000,292
20041020,0000,120
20041021,0000,64
20041022,0000,46
20041023,0000,76
20041024,0000,50
20041025,0000,66
20041026,0000,129
20041027,0000,78
20041028,0000,66
20041029,0000,60
20041030,0000,46
20041031,0000,33
20041101,0000,51
20041102,0000,45
20041103,0000,21
20041104,0000,75
20041105,0000,44
20041106,0000,51
20041107,0000,58
20041108,0000,19
20041109,0000,31
20041110,0000,78
20041111,0000,102
20041112,0000,103
20041113,0000,102
20041114,0000,84
20041115,0000,81
20041116,0000,67
20041117,0000,59
20041118,0000,57
20041119,0000,36
20041120,0000,53
20041121,0000,43
20041122,0000,58
20041123,0000,45
20041124,0000,57
20041125,0000,62
20041126,0000,53
20041127,0000,106
20041128,0000,58
20041129,0000,73
20041130,0000,59
20041201,0000,47
20041202,0000,48
20041203,0000,54
20041204,0000,47
20041205,0000,41
20041206,0000,91
20041207,0000,226
20041208,0000,1834
20041209,0000,1308
20041210,0000,892
20041211,0000,753
20041212,0000,483
20041213,0000,434
20041214,0000,422
20041215,0000,352
20041216,0000,100
20041217,0000,79
20041218,0000,80
20041219,0000,74
20041220,0000,55
20041221,0000,68
20041222,0000,61
20041223,0000,53
20041224,0000,73
20041225,0000,54
20041226,0000,114
20041227,0000,4998
20041228,0000,9379
20041229,0000,5610
20041230,0000,5245
20041231,0000,2642
20050101,0000,1570
20050102,0000,997
20050103,0000,2693
20050104,0000,1476
20050105,0000,1257
20050106,0000,1114
20050107,0000,3392
20050108,0000,2671
20050109,0000,-70
20050110,0000,2263
20050111,0000,5008
20050112,0000,2577
20050113,0000,1568
20050114,0000,1372
20050115,0000,1209
20050116,0000,1185
20050117,0000,1305
20050118,0000,1412
20050119,0000,1608
20050120,0000,1605
20050121,0000,1492
20050122,0000,1424
20050123,0000,1347
20050124,0000,1298
20050125,0000,1342
20050126,0000,1891
20050127,0000,1821
20050128,0000,4969
20050129,0000,2530
20050130,0000,1774
20050131,0000,1336
20050201,0000,1290
20050202,0000,1211
20050203,0000,1211
20050204,0000,1218
20050205,0000,1189
20050206,0000,1146
20050207,0000,1118
20050208,0000,931
20050209,0000,677
20050210,0000,668
20050211,0000,662
20050212,0000,645
20050213,0000,719
20050214,0000,930
20050215,0000,809
20050216,0000,1052
20050217,0000,1490
20050218,0000,1850
20050219,0000,3735
20050220,0000,5970
20050221,0000,5622
20050222,0000,7244
20050223,0000,4137
20050224,0000,2830
20050225,0000,2039
20050226,0000,1744
20050227,0000,2071
20050228,0000,2834
20050301,0000,2398
20050302,0000,2337
20050303,0000,1938
20050304,0000,1758
20050305,0000,1542
20050306,0000,1434
20050307,0000,1351
20050308,0000,995
20050309,0000,970
20050310,0000,902
20050311,0000,888
20050312,0000,853
20050313,0000,804
20050314,0000,791
20050315,0000,705
20050316,0000,685
20050317,0000,673
20050318,0000,686
20050319,0000,1118
20050320,0000,1537
20050321,0000,3569
20050322,0000,11954
20050323,0000,5597
20050324,0000,3477
20050325,0000,2189
20050326,0000,1841
20050327,0000,1899
20050328,0000,2970
20050329,0000,2250
20050330,0000,2081
20050331,0000,1710
20050401,0000,1417
20050402,0000,1339
20050403,0000,1399
20050404,0000,1338
20050405,0000,1262
20050406,0000,1213
20050407,0000,1250
20050408,0000,1345
20050409,0000,1384
20050410,0000,1347
20050411,0000,1317
20050412,0000,1289
20050413,0000,1250
20050414,0000,1158
20050415,0000,855
20050416,0000,820
20050417,0000,799
20050418,0000,693
20050419,0000,723
20050420,0000,697
20050421,0000,694
20050422,0000,681
20050423,0000,764
20050424,0000,796
20050425,0000,701
20050426,0000,649
20050427,0000,666
20050428,0000,666
20050429,0000,692
20050430,0000,656
20050501,0000,692
20050502,0000,637
20050503,0000,589
20050504,0000,771
20050505,0000,1331
20050506,0000,1241
20050507,0000,1166
20050508,0000,1695
20050509,0000,2352
20050510,0000,1617
20050511,0000,1482
20050512,0000,1332
20050513,0000,1284
20050514,0000,1239
20050515,0000,1211
20050516,0000,1212
20050517,0000,896
20050518,0000,2613
20050519,0000,3319
20050520,0000,2078
20050521,0000,1704
20050522,0000,1407
20050523,0000,1552
20050524,0000,1388
20050525,0000,1284
20050526,0000,1257
20050527,0000,1122
20050528,0000,694
20050529,0000,747
20050530,0000,719
20050531,0000,693
20050601,0000,583
20050602,0000,582
20050603,0000,548
20050604,0000,549
20050605,0000,529
20050606,0000,499
20050607,0000,445
20050608,0000,388
20050609,0000,610
20050610,0000,547
20050611,0000,455
20050612,0000,354
20050613,0000,379
20050614,0000,409
20050615,0000,389
20050616,0000,495
20050617,0000,514
20050618,0000,508
20050619,0000,540
20050620,0000,493
20050621,0000,514
20050622,0000,483
20050623,0000,460
20050624,0000,473
20050625,0000,427
20050626,0000,389
20050627,0000,290
20050628,0000,283
20050629,0000,288
20050630,0000,317
20050701,0000,272
20050702,0000,270
20050703,0000,170
20050704,0000,115
20050705,0000,113
20050706,0000,109
20050707,0000,81
20050708,0000,94
20050709,0000,45
20050710,0000,37
20050711,0000,111
20050712,0000,100
20050713,0000,83
20050714,0000,95
20050715,0000,83
20050716,0000,106
20050717,0000,70
20050718,0000,65
20050719,0000,69
20050720,0000,36
20050721,0000,41
20050722,0000,14
20050723,0000,25
20050724,0000,52
20050725,0000,-14
20050726,0000,50
20050727,0000,66
20050728,0000,42
20050729,0000,51
20050730,0000,37
20050731,0000,31
20050801,0000,51
20050802,0000,31
20050803,0000,53
20050804,0000,43
20050805,0000,65
20050806,0000,63
20050807,0000,36
20050808,0000,40
20050809,0000,48
20050810,0000,54
20050811,0000,-301
20050812,0000,10
20050813,0000,m
20050814,0000,-7
20050815,0000,-14
20050816,0000,17
20050817,0000,-10
20050818,0000,-5
20050819,0000,-10
20050820,0000,7
20050821,0000,-11
20050822,0000,-3
20050823,0000,10
20050824,0000,-9
20050825,0000,-1
20050826,0000,0
20050827,0000,3
20050828,0000,-9
20050829,0000,-17
20050830,0000,-42
20050831,0000,58
20050901,0000,-38
20050902,0000,18
20050903,0000,18
20050904,0000,11
20050905,0000,7
20050906,0000,12
20050907,0000,18
20050908,0000,-7
20050909,0000,21
20050910,0000,40
20050911,0000,21
20050912,0000,21
20050913,0000,24
20050914,0000,65
20050915,0000,-5
20050916,0000,47
20050917,0000,263
20050918,0000,292
20050919,0000,314
20050920,0000,317
20050921,0000,322
20050922,0000,308
20050923,0000,305
20050924,0000,296
20050925,0000,301
20050926,0000,318
20050927,0000,308
20050928,0000,293
20050929,0000,277
20050930,0000,260
20051001,0000,252
20051002,0000,269
20051003,0000,274
20051004,0000,225
20051005,0000,246
20051006,0000,259
20051007,0000,229
20051008,0000,264
20051009,0000,183
20051010,0000,235
20051011,0000,-102
20051012,0000,54
20051013,0000,36
20051014,0000,29
20051015,0000,31
20051016,0000,23
20051017,0000,73
20051018,0000,30
20051019,0000,38
20051020,0000,42
20051021,0000,31
20051022,0000,38
20051023,0000,34
20051024,0000,47
20051025,0000,25
20051026,0000,40
20051027,0000,55
20051028,0000,50
20051029,0000,46
20051030,0000,36
20051031,0000,58
20051101,0000,47
20051102,0000,54
20051103,0000,36
20051104,0000,40
20051105,0000,55
20051106,0000,56
20051107,0000,283
20051108,0000,253
20051109,0000,218
20051110,0000,172
20051111,0000,154
20051112,0000,139
20051113,0000,121
20051114,0000,112
20051115,0000,102
20051116,0000,116
20051117,0000,96
20051118,0000,87
20051119,0000,89
20051120,0000,111
20051121,0000,72
20051122,0000,99
20051123,0000,95
20051124,0000,45
20051125,0000,74
20051126,0000,59
20051127,0000,68
20051128,0000,127
20051129,0000,105
20051130,0000,147
20051201,0000,289
20051202,0000,749
20051203,0000,529
20051204,0000,488
20051205,0000,440
20051206,0000,424
20051207,0000,400
20051208,0000,411
20051209,0000,406
20051210,0000,347
20051211,0000,181
20051212,0000,90
20051213,0000,82
20051214,0000,62
20051215,0000,69
20051216,0000,65
20051217,0000,76
20051218,0000,315
20051219,0000,1894
20051220,0000,1731
20051221,0000,1796
20051222,0000,3492
20051223,0000,3810
20051224,0000,2232
20051225,0000,1529
20051226,0000,1901
20051227,0000,4064
20051228,0000,13483
20051229,0000,8001
20051230,0000,8871
20051231,0000,35557
20060101,0000,16370
20060102,0000,9584
20060103,0000,5724
20060104,0000,4869
20060105,0000,3380
20060106,0000,2667
20060107,0000,2166
20060108,0000,1566
20060109,0000,1281
20060110,0000,1320
20060111,0000,1538
20060112,0000,1479
20060113,0000,1382
20060114,0000,1517
20060115,0000,1348
20060116,0000,1220
20060117,0000,1239
20060118,0000,1944
20060119,0000,1620
20060120,0000,1392
20060121,0000,1386
20060122,0000,m
20060123,0000,1229
20060124,0000,1216
20060125,0000,1135
20060126,0000,1135
20060127,0000,1092
20060128,0000,1124
20060129,0000,1374
20060130,0000,1455
20060131,0000,1661
20060201,0000,1875
20060202,0000,3736
20060203,0000,2591
20060204,0000,2209
20060205,0000,1923
20060206,0000,1698
20060207,0000,1540
20060208,0000,1433
20060209,0000,1334
20060210,0000,1291
20060211,0000,1213
20060212,0000,1024
20060213,0000,844
20060214,0000,764
20060215,0000,701
20060216,0000,683
20060217,0000,657
20060218,0000,661
20060219,0000,615
20060220,0000,532
20060221,0000,514
20060222,0000,415
20060223,0000,323
20060224,0000,283
20060225,0000,282
20060226,0000,303
20060227,0000,2253
20060228,0000,6219
20060301,0000,3417
20060302,0000,2867
20060303,0000,2913
20060304,0000,1845
20060305,0000,5110
20060306,0000,7147
20060307,0000,3508
20060308,0000,2255
20060309,0000,1936
20060310,0000,1768
20060311,0000,1588
20060312,0000,1575
20060313,0000,1504
20060314,0000,1542
20060315,0000,1415
20060316,0000,1499
20060317,0000,1689
20060318,0000,1510
20060319,0000,1454
20060320,0000,1797
20060321,0000,1771
20060322,0000,1333
20060323,0000,1336
20060324,0000,1568
20060325,0000,1918
20060326,0000,1840
20060327,0000,1896
20060328,0000,2509
20060329,0000,4008
20060330,0000,3041
20060331,0000,3957
20060401,0000,4426
20060402,0000,3615
20060403,0000,6585
20060404,0000,4937
20060405,0000,4487
20060406,0000,3529
20060407,0000,2884
20060408,0000,2744
20060409,0000,2592
20060410,0000,2446
20060411,0000,5996
20060412,0000,18227
20060413,0000,10799
20060414,0000,6420
20060415,0000,5444
20060416,0000,4664
20060417,0000,3372
20060418,0000,2461
20060419,0000,2112
20060420,0000,2229
20060421,0000,2159
20060422,0000,2273
20060423,0000,2720
20060424,0000,2572
20060425,0000,2502
20060426,0000,2457
20060427,0000,2404
20060428,0000,2429
20060429,0000,2575
20060430,0000,2452
20060501,0000,2352
20060502,0000,1973
20060503,0000,1634
20060504,0000,1506
20060505,0000,1445
20060506,0000,1394
20060507,0000,1278
20060508,0000,1224
20060509,0000,1175
20060510,0000,1165
20060511,0000,1122
20060512,0000,1091
20060513,0000,1103
20060514,0000,1061
20060515,0000,1050
20060516,0000,1067
20060517,0000,1064
20060518,0000,1052
20060519,0000,986
20060520,0000,762
20060521,0000,906
20060522,0000,900
20060523,0000,761
20060524,0000,746
20060525,0000,683
20060526,0000,641
20060527,0000,595
20060528,0000,598
20060529,0000,588
20060530,0000,554
20060531,0000,576
20060601,0000,537
20060602,0000,575
20060603,0000,568
20060604,0000,524
20060605,0000,508
20060606,0000,531
20060607,0000,486
20060608,0000,487
20060609,0000,414
20060610,0000,239
20060611,0000,208
20060612,0000,153
20060613,0000,160
20060614,0000,180
20060615,0000,208
20060616,0000,167
20060617,0000,157
20060618,0000,140
20060619,0000,174
20060620,0000,159
20060621,0000,126
20060622,0000,146
20060623,0000,114
20060624,0000,157
20060625,0000,130
20060626,0000,103
20060627,0000,143
20060628,0000,150
20060629,0000,101
20060630,0000,129
20060701,0000,95
20060702,0000,132
20060703,0000,105
20060704,0000,103
20060705,0000,103
20060706,0000,67
20060707,0000,52
20060708,0000,67
20060709,0000,80
20060710,0000,33
20060711,0000,55
20060712,0000,39
20060713,0000,41
20060714,0000,63
20060715,0000,59
20060716,0000,59
20060717,0000,31
20060718,0000,58
20060719,0000,25
20060720,0000,45
20060721,0000,14
20060722,0000,28
20060723,0000,37
20060724,0000,47
20060725,0000,15
20060726,0000,35
20060727,0000,15
20060728,0000,-8
20060729,0000,10
20060730,0000,14
20060731,0000,-15
20060801,0000,-8
20060802,0000,12
20060803,0000,-2
20060804,0000,11
20060805,0000,6
20060806,0000,15
20060807,0000,17
20060808,0000,22
20060809,0000,34
20060810,0000,18
20060811,0000,124
20060812,0000,-116
20060813,0000,-3
20060814,0000,9
20060815,0000,3
20060816,0000,-7
20060817,0000,3
20060818,0000,6
20060819,0000,13
20060820,0000,15
20060821,0000,26
20060822,0000,-1
20060823,0000,23
20060824,0000,8
20060825,0000,1
20060826,0000,12
20060827,0000,28
20060828,0000,10
20060829,0000,18
20060830,0000,19
20060831,0000,-1
20060901,0000,26
20060902,0000,8
20060903,0000,49
20060904,0000,-1
20060905,0000,30
20060906,0000,19
20060907,0000,20
20060908,0000,8
20060909,0000,5
20060910,0000,10
20060911,0000,18
20060912,0000,44
20060913,0000,242
20060914,0000,277
20060915,0000,234
20060916,0000,207
20060917,0000,263
20060918,0000,314
20060919,0000,332
20060920,0000,280
20060921,0000,308
20060922,0000,242
20060923,0000,308
20060924,0000,311
20060925,0000,312
20060926,0000,321
20060927,0000,283
20060928,0000,321
20060929,0000,301
20060930,0000,302
20061001,0000,300
20061002,0000,315
20061003,0000,324
20061004,0000,267
20061005,0000,95
20061006,0000,21
20061007,0000,23
20061008,0000,9
20061009,0000,26
20061010,0000,7
20061011,0000,19
20061012,0000,14
20061013,0000,5
20061014,0000,6
20061015,0000,33
20061016,0000,-35
20061017,0000,-10
20061018,0000,25
20061019,0000,-33
20061020,0000,-6
20061021,0000,23
20061022,0000,5
20061023,0000,14
20061024,0000,-14
20061025,0000,-9
20061026,0000,15
20061027,0000,13
20061028,0000,18
20061029,0000,6
20061030,0000,21
20061031,0000,10
20061101,0000,1
20061102,0000,37
20061103,0000,44
20061104,0000,61
20061105,0000,47
20061106,0000,51
20061107,0000,m
20061108,0000,69
20061109,0000,48
20061110,0000,45
20061111,0000,76
20061112,0000,57
20061113,0000,76
20061114,0000,86
20061115,0000,105
20061116,0000,87
20061117,0000,83
20061118,0000,98
20061119,0000,90
20061120,0000,79
20061121,0000,63
20061122,0000,65
20061123,0000,54
20061124,0000,52
20061125,0000,61
20061126,0000,70
20061127,0000,70
20061128,0000,73
20061129,0000,64
20061130,0000,57
20061201,0000,61
20061202,0000,36
20061203,0000,58
20061204,0000,68
20061205,0000,67
20061206,0000,18
20061207,0000,49
20061208,0000,53
20061209,0000,125
20061210,0000,82
20061211,0000,152
20061212,0000,227
20061213,0000,269
20061214,0000,518
20061215,0000,384
20061216,0000,284
20061217,0000,206
20061218,0000,181
20061219,0000,139
20061220,0000,107
20061221,0000,158
20061222,0000,325
20061223,0000,480
20061224,0000,434
20061225,0000,455
20061226,0000,656
20061227,0000,1372
20061228,0000,750
20061229,0000,606
20061230,0000,536
20061231,0000,481
20070101,0000,471
20070102,0000,457
20070103,0000,460
20070104,0000,676
20070105,0000,581
20070106,0000,391
20070107,0000,229
20070108,0000,188
20070109,0000,208
20070110,0000,169
20070111,0000,m

