Date,PST,Outflow
19931001,0000,235
19931002,0000,224
19931003,0000,228
19931004,0000,207
19931005,0000,138
19931006,0000,152
19931007,0000,187
19931008,0000,203
19931009,0000,159
19931010,0000,94
19931011,0000,49
19931012,0000,34
19931013,0000,34
19931014,0000,34
19931015,0000,33
19931016,0000,m
19931017,0000,32
19931018,0000,52
19931019,0000,112
19931020,0000,187
19931021,0000,216
19931022,0000,215
19931023,0000,215
19931024,0000,215
19931025,0000,244
19931026,0000,401
19931027,0000,504
19931028,0000,549
19931029,0000,m
19931030,0000,553
19931031,0000,510
19931101,0000,419
19931102,0000,267
19931103,0000,223
19931104,0000,172
19931105,0000,140
19931106,0000,125
19931107,0000,131
19931108,0000,128
19931109,0000,128
19931110,0000,144
19931111,0000,172
19931112,0000,178
19931113,0000,181
19931114,0000,179
19931115,0000,177
19931116,0000,176
19931117,0000,175
19931118,0000,174
19931119,0000,174
19931120,0000,172
19931121,0000,173
19931122,0000,230
19931123,0000,212
19931124,0000,87
19931125,0000,51
19931126,0000,51
19931127,0000,51
19931128,0000,51
19931129,0000,52
19931130,0000,51
19931201,0000,51
19931202,0000,35
19931203,0000,2
19931204,0000,1
19931205,0000,1
19931206,0000,13
19931207,0000,84
19931208,0000,98
19931209,0000,97
19931210,0000,97
19931211,0000,98
19931212,0000,96
19931213,0000,96
19931214,0000,230
19931215,0000,407
19931216,0000,403
19931217,0000,403
19931218,0000,402
19931219,0000,400
19931220,0000,346
19931221,0000,167
19931222,0000,98
19931223,0000,71
19931224,0000,50
19931225,0000,50
19931226,0000,50
19931227,0000,50
19931228,0000,50
19931229,0000,50
19931230,0000,44
19931231,0000,35
19940101,0000,m
19940102,0000,33
19940103,0000,34
19940104,0000,33
19940105,0000,33
19940106,0000,34
19940107,0000,32
19940108,0000,30
19940109,0000,15
19940110,0000,2
19940111,0000,1
19940112,0000,1
19940113,0000,1
19940114,0000,1
19940115,0000,28
19940116,0000,29
19940117,0000,29
19940118,0000,29
19940119,0000,29
19940120,0000,29
19940121,0000,29
19940122,0000,29
19940123,0000,30
19940124,0000,30
19940125,0000,30
19940126,0000,30
19940127,0000,30
19940128,0000,30
19940129,0000,30
19940130,0000,30
19940131,0000,30
19940201,0000,30
19940202,0000,30
19940203,0000,30
19940204,0000,30
19940205,0000,30
19940206,0000,33
19940207,0000,32
19940208,0000,m
19940209,0000,31
19940210,0000,30
19940211,0000,30
19940212,0000,30
19940213,0000,30
19940214,0000,30
19940215,0000,30
19940216,0000,30
19940217,0000,31
19940218,0000,30
19940219,0000,32
19940220,0000,m
19940221,0000,m
19940222,0000,588
19940223,0000,963
19940224,0000,957
19940225,0000,462
19940226,0000,33
19940227,0000,32
19940228,0000,32
19940301,0000,31
19940302,0000,31
19940303,0000,32
19940304,0000,32
19940305,0000,32
19940306,0000,32
19940307,0000,32
19940308,0000,31
19940309,0000,31
19940310,0000,31
19940311,0000,31
19940312,0000,31
19940313,0000,31
19940314,0000,31
19940315,0000,31
19940316,0000,31
19940317,0000,31
19940318,0000,61
19940319,0000,69
19940320,0000,68
19940321,0000,74
19940322,0000,97
19940323,0000,107
19940324,0000,107
19940325,0000,180
19940326,0000,271
19940327,0000,311
19940328,0000,344
19940329,0000,361
19940330,0000,361
19940331,0000,446
19940401,0000,554
19940402,0000,m
19940403,0000,562
19940404,0000,551
19940405,0000,547
19940406,0000,537
19940407,0000,486
19940408,0000,482
19940409,0000,504
19940410,0000,m
19940411,0000,450
19940412,0000,407
19940413,0000,367
19940414,0000,475
19940415,0000,567
19940416,0000,595
19940417,0000,m
19940418,0000,522
19940419,0000,511
19940420,0000,574
19940421,0000,586
19940422,0000,547
19940423,0000,491
19940424,0000,385
19940425,0000,293
19940426,0000,189
19940427,0000,141
19940428,0000,148
19940429,0000,187
19940430,0000,201
19940501,0000,198
19940502,0000,336
19940503,0000,314
19940504,0000,260
19940505,0000,178
19940506,0000,127
19940507,0000,111
19940508,0000,119
19940509,0000,167
19940510,0000,170
19940511,0000,m
19940512,0000,233
19940513,0000,259
19940514,0000,316
19940515,0000,322
19940516,0000,311
19940517,0000,302
19940518,0000,252
19940519,0000,m
19940520,0000,187
19940521,0000,m
19940522,0000,197
19940523,0000,216
19940524,0000,255
19940525,0000,274
19940526,0000,319
19940527,0000,346
19940528,0000,361
19940529,0000,338
19940530,0000,m
19940531,0000,318
19940601,0000,316
19940602,0000,283
19940603,0000,235
19940604,0000,218
19940605,0000,225
19940606,0000,228
19940607,0000,267
19940608,0000,282
19940609,0000,300
19940610,0000,351
19940611,0000,373
19940612,0000,370
19940613,0000,376
19940614,0000,382
19940615,0000,354
19940616,0000,327
19940617,0000,323
19940618,0000,293
19940619,0000,268
19940620,0000,269
19940621,0000,295
19940622,0000,302
19940623,0000,333
19940624,0000,361
19940625,0000,377
19940626,0000,358
19940627,0000,354
19940628,0000,347
19940629,0000,360
19940630,0000,307
19940701,0000,262
19940702,0000,264
19940703,0000,272
19940704,0000,306
19940705,0000,320
19940706,0000,344
19940707,0000,m
19940708,0000,360
19940709,0000,338
19940710,0000,335
19940711,0000,330
19940712,0000,346
19940713,0000,342
19940714,0000,330
19940715,0000,310
19940716,0000,314
19940717,0000,342
19940718,0000,363
19940719,0000,m
19940720,0000,321
19940721,0000,301
19940722,0000,300
19940723,0000,325
19940724,0000,322
19940725,0000,335
19940726,0000,319
19940727,0000,324
19940728,0000,m
19940729,0000,321
19940730,0000,322
19940731,0000,308
19940801,0000,326
19940802,0000,322
19940803,0000,322
19940804,0000,334
19940805,0000,m
19940806,0000,m
19940807,0000,319
19940808,0000,318
19940809,0000,307
19940810,0000,302
19940811,0000,320
19940812,0000,305
19940813,0000,287
19940814,0000,287
19940815,0000,305
19940816,0000,310
19940817,0000,334
19940818,0000,313
19940819,0000,281
19940820,0000,286
19940821,0000,303
19940822,0000,310
19940823,0000,313
19940824,0000,338
19940825,0000,329
19940826,0000,295
19940827,0000,281
19940828,0000,267
19940829,0000,264
19940830,0000,269
19940831,0000,262
19940901,0000,268
19940902,0000,304
19940903,0000,313
19940904,0000,298
19940905,0000,269
19940906,0000,267
19940907,0000,296
19940908,0000,m
19940909,0000,m
19940910,0000,m
19940911,0000,251
19940912,0000,250
19940913,0000,260
19940914,0000,275
19940915,0000,378
19940916,0000,415
19940917,0000,403
19940918,0000,365
19940919,0000,343
19940920,0000,337
19940921,0000,347
19940922,0000,322
19940923,0000,301
19940924,0000,292
19940925,0000,242
19940926,0000,261
19940927,0000,283
19940928,0000,250
19940929,0000,255
19940930,0000,288
19941001,0000,248
19941002,0000,248
19941003,0000,239
19941004,0000,248
19941005,0000,226
19941006,0000,160
19941007,0000,105
19941008,0000,39
19941009,0000,40
19941010,0000,40
19941011,0000,189
19941012,0000,255
19941013,0000,248
19941014,0000,191
19941015,0000,113
19941016,0000,37
19941017,0000,38
19941018,0000,168
19941019,0000,203
19941020,0000,209
19941021,0000,209
19941022,0000,126
19941023,0000,39
19941024,0000,39
19941025,0000,101
19941026,0000,118
19941027,0000,144
19941028,0000,150
19941029,0000,40
19941030,0000,40
19941031,0000,39
19941101,0000,89
19941102,0000,110
19941103,0000,119
19941104,0000,344
19941105,0000,52
19941106,0000,35
19941107,0000,33
19941108,0000,32
19941109,0000,31
19941110,0000,31
19941111,0000,31
19941112,0000,30
19941113,0000,30
19941114,0000,30
19941115,0000,30
19941116,0000,29
19941117,0000,29
19941118,0000,29
19941119,0000,29
19941120,0000,30
19941121,0000,30
19941122,0000,29
19941123,0000,30
19941124,0000,29
19941125,0000,29
19941126,0000,28
19941127,0000,28
19941128,0000,28
19941129,0000,28
19941130,0000,28
19941201,0000,29
19941202,0000,29
19941203,0000,30
19941204,0000,30
19941205,0000,30
19941206,0000,30
19941207,0000,30
19941208,0000,m
19941209,0000,30
19941210,0000,30
19941211,0000,30
19941212,0000,30
19941213,0000,30
19941214,0000,m
19941215,0000,31
19941216,0000,31
19941217,0000,31
19941218,0000,31
19941219,0000,31
19941220,0000,30
19941221,0000,31
19941222,0000,30
19941223,0000,30
19941224,0000,28
19941225,0000,27
19941226,0000,27
19941227,0000,27
19941228,0000,27
19941229,0000,28
19941230,0000,31
19941231,0000,31
19950101,0000,28
19950102,0000,28
19950103,0000,28
19950104,0000,29
19950105,0000,29
19950106,0000,31
19950107,0000,31
19950108,0000,33
19950109,0000,2002
19950110,0000,14968
19950111,0000,14968
19950112,0000,14711
19950113,0000,14419
19950114,0000,13298
19950115,0000,12917
19950116,0000,13062
19950117,0000,11325
19950118,0000,11325
19950119,0000,10383
19950120,0000,9333
19950121,0000,6505
19950122,0000,3127
19950123,0000,4090
19950124,0000,9074
19950125,0000,10661
19950126,0000,10633
19950127,0000,9771
19950128,0000,10482
19950129,0000,10422
19950130,0000,9447
19950131,0000,9447
19950201,0000,8905
19950202,0000,7446
19950203,0000,7446
19950204,0000,6431
19950205,0000,5449
19950206,0000,4084
19950207,0000,448
19950208,0000,448
19950209,0000,55
19950210,0000,55
19950211,0000,55
19950212,0000,55
19950213,0000,56
19950214,0000,1491
19950215,0000,1491
19950216,0000,1434
19950217,0000,1434
19950218,0000,1506
19950219,0000,1064
19950220,0000,1064
19950221,0000,1064
19950222,0000,499
19950223,0000,56
19950224,0000,54
19950225,0000,52
19950226,0000,52
19950227,0000,52
19950228,0000,52
19950301,0000,52
19950302,0000,52
19950303,0000,52
19950304,0000,52
19950305,0000,52
19950306,0000,52
19950307,0000,52
19950308,0000,50
19950309,0000,53
19950310,0000,4379
19950311,0000,13374
19950312,0000,15056
19950313,0000,14778
19950314,0000,14476
19950315,0000,13987
19950316,0000,11150
19950317,0000,8866
19950318,0000,8866
19950319,0000,5885
19950320,0000,6876
19950321,0000,6714
19950322,0000,6854
19950323,0000,6854
19950324,0000,6255
19950325,0000,5005
19950326,0000,4629
19950327,0000,3432
19950328,0000,2351
19950329,0000,1802
19950330,0000,997
19950331,0000,996
19950401,0000,608
19950402,0000,51
19950403,0000,51
19950404,0000,33
19950405,0000,33
19950406,0000,33
19950407,0000,32
19950408,0000,31
19950409,0000,31
19950410,0000,230
19950411,0000,456
19950412,0000,798
19950413,0000,1420
19950414,0000,1410
19950415,0000,961
19950416,0000,961
19950417,0000,986
19950418,0000,1467
19950419,0000,1557
19950420,0000,1082
19950421,0000,1067
19950422,0000,570
19950423,0000,105
19950424,0000,m
19950425,0000,247
19950426,0000,545
19950427,0000,685
19950428,0000,737
19950429,0000,658
19950430,0000,621
19950501,0000,617
19950502,0000,1009
19950503,0000,1334
19950504,0000,1343
19950505,0000,1325
19950506,0000,1310
19950507,0000,1324
19950508,0000,1339
19950509,0000,1347
19950510,0000,1411
19950511,0000,1461
19950512,0000,1481
19950513,0000,1399
19950514,0000,m
19950515,0000,1317
19950516,0000,1316
19950517,0000,1293
19950518,0000,1272
19950519,0000,1275
19950520,0000,1273
19950521,0000,1280
19950522,0000,1361
19950523,0000,1449
19950524,0000,1487
19950525,0000,1406
19950526,0000,1244
19950527,0000,1075
19950528,0000,928
19950529,0000,857
19950530,0000,779
19950531,0000,620
19950601,0000,m
19950602,0000,500
19950603,0000,348
19950604,0000,320
19950605,0000,338
19950606,0000,352
19950607,0000,427
19950608,0000,385
19950609,0000,359
19950610,0000,m
19950611,0000,356
19950612,0000,328
19950613,0000,291
19950614,0000,274
19950615,0000,245
19950616,0000,194
19950617,0000,145
19950618,0000,145
19950619,0000,210
19950620,0000,m
19950621,0000,328
19950622,0000,358
19950623,0000,346
19950624,0000,352
19950625,0000,359
19950626,0000,387
19950627,0000,363
19950628,0000,328
19950629,0000,312
19950630,0000,292
19950701,0000,307
19950702,0000,324
19950703,0000,347
19950704,0000,361
19950705,0000,334
19950706,0000,m
19950707,0000,365
19950708,0000,336
19950709,0000,315
19950710,0000,310
19950711,0000,298
19950712,0000,265
19950713,0000,287
19950714,0000,m
19950715,0000,356
19950716,0000,357
19950717,0000,370
19950718,0000,388
19950719,0000,375
19950720,0000,367
19950721,0000,339
19950722,0000,349
19950723,0000,304
19950724,0000,274
19950725,0000,291
19950726,0000,311
19950727,0000,344
19950728,0000,372
19950729,0000,431
19950730,0000,467
19950731,0000,512
19950801,0000,510
19950802,0000,518
19950803,0000,541
19950804,0000,465
19950805,0000,445
19950806,0000,438
19950807,0000,485
19950808,0000,519
19950809,0000,528
19950810,0000,536
19950811,0000,504
19950812,0000,474
19950813,0000,448
19950814,0000,465
19950815,0000,485
19950816,0000,463
19950817,0000,m
19950818,0000,423
19950819,0000,464
19950820,0000,468
19950821,0000,473
19950822,0000,497
19950823,0000,530
19950824,0000,m
19950825,0000,m
19950826,0000,381
19950827,0000,335
19950828,0000,331
19950829,0000,336
19950830,0000,333
19950831,0000,305
19950901,0000,m
19950902,0000,m
19950903,0000,m
19950904,0000,328
19950905,0000,330
19950906,0000,332
19950907,0000,321
19950908,0000,m
19950909,0000,m
19950910,0000,280
19950911,0000,260
19950912,0000,275
19950913,0000,272
19950914,0000,266
19950915,0000,m
19950916,0000,m
19950917,0000,m
19950918,0000,417
19950919,0000,485
19950920,0000,566
19950921,0000,626
19950922,0000,m
19950923,0000,m
19950924,0000,555
19950925,0000,m
19950926,0000,444
19950927,0000,387
19950928,0000,384
19950929,0000,m
19950930,0000,m
19951001,0000,449
19951002,0000,410
19951003,0000,374
19951004,0000,m
19951005,0000,375
19951006,0000,m
19951007,0000,114
19951008,0000,m
19951009,0000,253
19951010,0000,386
19951011,0000,462
19951012,0000,550
19951013,0000,527
19951014,0000,437
19951015,0000,441
19951016,0000,626
19951017,0000,707
19951018,0000,696
19951019,0000,671
19951020,0000,m
19951021,0000,m
19951022,0000,m
19951023,0000,416
19951024,0000,474
19951025,0000,373
19951026,0000,230
19951027,0000,m
19951028,0000,83
19951029,0000,84
19951030,0000,264
19951031,0000,388
19951101,0000,357
19951102,0000,298
19951103,0000,m
19951104,0000,m
19951105,0000,236
19951106,0000,264
19951107,0000,375
19951108,0000,400
19951109,0000,m
19951110,0000,m
19951111,0000,m
19951112,0000,297
19951113,0000,m
19951114,0000,351
19951115,0000,374
19951116,0000,253
19951117,0000,97
19951118,0000,43
19951119,0000,47
19951120,0000,161
19951121,0000,m
19951122,0000,m
19951123,0000,35
19951124,0000,m
19951125,0000,m
19951126,0000,47
19951127,0000,107
19951128,0000,170
19951129,0000,197
19951130,0000,184
19951201,0000,102
19951202,0000,34
19951203,0000,35
19951204,0000,32
19951205,0000,m
19951206,0000,31
19951207,0000,31
19951208,0000,31
19951209,0000,32
19951210,0000,62
19951211,0000,33
19951212,0000,m
19951213,0000,35
19951214,0000,m
19951215,0000,m
19951216,0000,m
19951217,0000,1056
19951218,0000,m
19951219,0000,1770
19951220,0000,m
19951221,0000,1937
19951222,0000,m
19951223,0000,m
19951224,0000,m
19951225,0000,m
19951226,0000,389
19951227,0000,308
19951228,0000,491
19951229,0000,m
19951230,0000,m
19951231,0000,m
19960101,0000,500
19960102,0000,m
19960103,0000,1006
19960104,0000,1000
19960105,0000,m
19960106,0000,492
19960107,0000,500
19960108,0000,502
19960109,0000,506
19960110,0000,345
19960111,0000,42
19960112,0000,36
19960113,0000,32
19960114,0000,m
19960115,0000,31
19960116,0000,424
19960117,0000,1529
19960118,0000,1935
19960119,0000,m
19960120,0000,m
19960121,0000,2463
19960122,0000,2556
19960123,0000,2193
19960124,0000,1008
19960125,0000,1390
19960126,0000,3129
19960127,0000,m
19960128,0000,4944
19960129,0000,4897
19960130,0000,4877
19960131,0000,4849
19960201,0000,4992
19960202,0000,4440
19960203,0000,3322
19960204,0000,4006
19960205,0000,7158
19960206,0000,8440
19960207,0000,7543
19960208,0000,4975
19960209,0000,2690
19960210,0000,1531
19960211,0000,1064
19960212,0000,1064
19960214,0000,1511
19960216,0000,1253
19960217,0000,1072
19960218,0000,1076
19960219,0000,1344
19960220,0000,3585
19960221,0000,4779
19960222,0000,4919
19960223,0000,4922
19960224,0000,4891
19960225,0000,4868
19960226,0000,4473
19960227,0000,3719
19960228,0000,3018
19960229,0000,2945
19960301,0000,2910
19960302,0000,2913
19960303,0000,2911
19960304,0000,2909
19960305,0000,2914
19960306,0000,3500
19960307,0000,3537
19960308,0000,2888
19960309,0000,2556
19960311,0000,2398
19960312,0000,2605
19960313,0000,2953
19960314,0000,3613
19960315,0000,3043
19960316,0000,2127
19960317,0000,1234
19960318,0000,1026
19960319,0000,1032
19960320,0000,716
19960321,0000,152
19960322,0000,148
19960324,0000,148
19960325,0000,149
19960326,0000,149
19960327,0000,149
19960328,0000,149
19960329,0000,115
19960330,0000,50
19960331,0000,46
19960401,0000,39
19960402,0000,35
19960403,0000,33
19960404,0000,m
19960405,0000,32
19960406,0000,m
19960407,0000,m
19960408,0000,53
19960409,0000,60
19960410,0000,131
19960411,0000,176
19960412,0000,m
19960413,0000,211
19960414,0000,203
19960415,0000,234
19960416,0000,244
19960417,0000,186
19960418,0000,147
19960419,0000,111
19960420,0000,98
19960421,0000,98
19960422,0000,269
19960423,0000,447
19960424,0000,505
19960425,0000,605
19960426,0000,669
19960427,0000,797
19960428,0000,888
19960429,0000,923
19960430,0000,952
19960501,0000,m
19960502,0000,1037
19960503,0000,1110
19960504,0000,1118
19960505,0000,1102
19960506,0000,1066
19960507,0000,1032
19960508,0000,977
19960509,0000,954
19960510,0000,877
19960511,0000,904
19960512,0000,942
19960513,0000,997
19960514,0000,839
19960515,0000,692
19960516,0000,338
19960517,0000,m
19960518,0000,34
19960519,0000,32
19960520,0000,31
19960521,0000,32
19960522,0000,69
19960523,0000,136
19960524,0000,166
19960525,0000,239
19960526,0000,307
19960527,0000,378
19960528,0000,389
19960529,0000,388
19960530,0000,371
19960531,0000,367
19960601,0000,373
19960602,0000,364
19960603,0000,346
19960604,0000,297
19960605,0000,285
19960606,0000,m
19960607,0000,299
19960608,0000,308
19960609,0000,312
19960610,0000,356
19960611,0000,382
19960612,0000,390
19960613,0000,382
19960614,0000,365
19960615,0000,361
19960616,0000,325
19960617,0000,314
19960618,0000,293
19960619,0000,285
19960620,0000,328
19960621,0000,345
19960622,0000,m
19960623,0000,414
19960624,0000,m
19960625,0000,373
19960626,0000,387
19960627,0000,353
19960628,0000,337
19960629,0000,316
19960630,0000,m
19960701,0000,310
19960702,0000,350
19960703,0000,362
19960704,0000,394
19960705,0000,410
19960706,0000,382
19960707,0000,354
19960708,0000,370
19960709,0000,m
19960710,0000,323
19960711,0000,317
19960712,0000,m
19960713,0000,334
19960714,0000,m
19960715,0000,341
19960716,0000,382
19960717,0000,387
19960718,0000,374
19960719,0000,360
19960720,0000,347
19960721,0000,313
19960722,0000,335
19960723,0000,m
19960724,0000,m
19960725,0000,m
19960726,0000,m
19960727,0000,m
19960728,0000,m
19960729,0000,m
19960730,0000,420
19960731,0000,m
19960801,0000,494
19960802,0000,466
19960803,0000,m
19960804,0000,m
19960805,0000,454
19960806,0000,m
19960807,0000,507
19960808,0000,509
19960809,0000,m
19960810,0000,m
19960811,0000,m
19960812,0000,500
19960813,0000,m
19960814,0000,m
19960815,0000,m
19960816,0000,m
19960817,0000,m
19960818,0000,m
19960819,0000,m
19960820,0000,m
19960821,0000,m
19960822,0000,519
19960823,0000,524
19960824,0000,498
19960825,0000,475
19960826,0000,484
19960827,0000,478
19960828,0000,448
19960829,0000,367
19960830,0000,327
19960831,0000,328
19960901,0000,341
19960902,0000,370
19960903,0000,394
19960904,0000,404
19960905,0000,410
19960906,0000,390
19960907,0000,378
19960908,0000,344
19960909,0000,328
19960910,0000,270
19960911,0000,234
19960912,0000,270
19960913,0000,299
19960914,0000,278
19960915,0000,271
19960916,0000,292
19960917,0000,338
19960918,0000,369
19960919,0000,382
19960920,0000,384
19960921,0000,389
19960922,0000,367
19960923,0000,332
19960924,0000,303
19960925,0000,294
19960926,0000,288
19960927,0000,300
19960928,0000,322
19960929,0000,341
19960930,0000,342
19961001,0000,367
19961002,0000,385
19961003,0000,364
19961004,0000,385
19961005,0000,382
19961006,0000,368
19961007,0000,346
19961008,0000,336
19961009,0000,358
19961010,0000,m
19961011,0000,292
19961012,0000,234
19961013,0000,229
19961014,0000,389
19961015,0000,468
19961016,0000,449
19961017,0000,474
19961018,0000,360
19961019,0000,278
19961020,0000,275
19961021,0000,368
19961022,0000,433
19961023,0000,400
19961024,0000,328
19961025,0000,264
19961026,0000,205
19961027,0000,199
19961028,0000,198
19961029,0000,202
19961030,0000,199
19961031,0000,199
19961101,0000,137
19961102,0000,67
19961103,0000,39
19961104,0000,39
19961105,0000,35
19961106,0000,35
19961107,0000,m
19961108,0000,66
19961109,0000,151
19961110,0000,109
19961111,0000,111
19961112,0000,102
19961113,0000,97
19961114,0000,97
19961115,0000,96
19961116,0000,101
19961117,0000,105
19961118,0000,m
19961119,0000,202
19961120,0000,296
19961121,0000,300
19961122,0000,302
19961123,0000,301
19961124,0000,301
19961125,0000,246
19961126,0000,m
19961127,0000,205
19961128,0000,206
19961129,0000,207
19961130,0000,206
19961201,0000,208
19961202,0000,199
19961203,0000,199
19961204,0000,200
19961205,0000,199
19961206,0000,684
19961207,0000,1010
19961208,0000,1011
19961209,0000,1415
19961210,0000,2198
19961211,0000,2457
19961212,0000,2399
19961213,0000,2412
19961214,0000,2238
19961215,0000,1745
19961216,0000,1270
19961217,0000,835
19961218,0000,479
19961219,0000,489
19961220,0000,499
19961221,0000,496
19961222,0000,496
19961223,0000,681
19961224,0000,689
19961225,0000,496
19961226,0000,500
19961227,0000,1146
19961228,0000,2195
19961229,0000,3718
19961230,0000,5121
19961231,0000,8945
19970101,0000,14339
19970102,0000,14837
19970103,0000,13548
19970104,0000,12343
19970105,0000,9696
19970106,0000,3356
19970107,0000,2536
19970108,0000,2042
19970109,0000,1751
19970110,0000,1414
19970111,0000,2187
19970112,0000,2832
19970113,0000,2916
19970114,0000,2917
19970115,0000,2936
19970116,0000,2875
19970117,0000,2924
19970118,0000,2519
19970119,0000,1542
19970120,0000,1028
19970121,0000,1021
19970122,0000,1029
19970123,0000,2956
19970124,0000,4788
19970125,0000,3899
19970126,0000,2469
19970127,0000,5723
19970128,0000,7478
19970129,0000,8282
19970130,0000,8883
19970131,0000,8425
19970201,0000,6948
19970202,0000,5438
19970203,0000,4717
19970204,0000,3977
19970205,0000,2948
19970206,0000,1732
19970207,0000,473
19970208,0000,42
19970209,0000,40
19970210,0000,265
19970211,0000,492
19970212,0000,502
19970213,0000,505
19970214,0000,764
19970215,0000,1038
19970216,0000,1038
19970217,0000,1037
19970218,0000,629
19970219,0000,102
19970220,0000,51
19970221,0000,51
19970222,0000,51
19970223,0000,50
19970224,0000,42
19970225,0000,35
19970226,0000,35
19970227,0000,32
19970228,0000,33
19970301,0000,35
19970302,0000,34
19970303,0000,34
19970304,0000,34
19970305,0000,34
19970306,0000,34
19970307,0000,35
19970308,0000,35
19970309,0000,35
19970310,0000,35
19970311,0000,34
19970312,0000,68
19970313,0000,154
19970314,0000,256
19970315,0000,311
19970316,0000,212
19970317,0000,37
19970318,0000,37
19970319,0000,37
19970320,0000,37
19970321,0000,37
19970322,0000,38
19970323,0000,38
19970324,0000,39
19970325,0000,40
19970326,0000,102
19970327,0000,180
19970328,0000,214
19970329,0000,257
19970330,0000,290
19970331,0000,327
19970401,0000,332
19970402,0000,331
19970403,0000,308
19970404,0000,308
19970405,0000,309
19970406,0000,280
19970407,0000,274
19970408,0000,294
19970409,0000,352
19970410,0000,414
19970411,0000,353
19970412,0000,344
19970413,0000,355
19970414,0000,373
19970415,0000,383
19970416,0000,383
19970417,0000,356
19970418,0000,363
19970419,0000,344
19970420,0000,270
19970421,0000,219
19970422,0000,147
19970423,0000,147
19970424,0000,145
19970425,0000,163
19970426,0000,199
19970427,0000,259
19970428,0000,316
19970429,0000,347
19970430,0000,347
19970501,0000,347
19970502,0000,342
19970503,0000,367
19970504,0000,367
19970505,0000,367
19970506,0000,361
19970507,0000,476
19970508,0000,637
19970509,0000,737
19970510,0000,791
19970511,0000,844
19970512,0000,737
19970513,0000,917
19970514,0000,916
19970515,0000,813
19970516,0000,506
19970517,0000,279
19970518,0000,280
19970519,0000,243
19970520,0000,200
19970521,0000,202
19970522,0000,227
19970523,0000,256
19970524,0000,257
19970525,0000,234
19970526,0000,204
19970527,0000,222
19970528,0000,276
19970529,0000,310
19970530,0000,294
19970531,0000,295
19970601,0000,317
19970602,0000,308
19970603,0000,263
19970604,0000,249
19970605,0000,210
19970606,0000,183
19970607,0000,236
19970608,0000,289
19970609,0000,300
19970610,0000,339
19970611,0000,352
19970612,0000,344
19970613,0000,337
19970614,0000,320
19970615,0000,332
19970616,0000,329
19970617,0000,278
19970618,0000,261
19970619,0000,256
19970620,0000,264
19970621,0000,288
19970622,0000,333
19970623,0000,288
19970624,0000,365
19970625,0000,378
19970626,0000,370
19970627,0000,366
19970628,0000,337
19970629,0000,337
19970630,0000,337
19970701,0000,274
19970702,0000,252
19970703,0000,259
19970704,0000,307
19970705,0000,357
19970706,0000,350
19970707,0000,307
19970708,0000,381
19970709,0000,378
19970710,0000,381
19970711,0000,335
19970712,0000,335
19970713,0000,276
19970714,0000,330
19970715,0000,266
19970716,0000,311
19970717,0000,401
19970718,0000,406
19970719,0000,361
19970720,0000,362
19970721,0000,345
19970722,0000,299
19970723,0000,302
19970724,0000,294
19970725,0000,295
19970726,0000,338
19970727,0000,350
19970728,0000,361
19970729,0000,365
19970730,0000,371
19970731,0000,376
19970801,0000,369
19970802,0000,321
19970803,0000,277
19970804,0000,282
19970805,0000,301
19970806,0000,301
19970807,0000,323
19970808,0000,328
19970809,0000,343
19970810,0000,371
19970811,0000,386
19970812,0000,383
19970813,0000,363
19970814,0000,315
19970815,0000,269
19970816,0000,292
19970817,0000,279
19970818,0000,283
19970819,0000,296
19970820,0000,289
19970821,0000,250
19970822,0000,236
19970823,0000,236
19970824,0000,232
19970825,0000,256
19970826,0000,286
19970827,0000,284
19970828,0000,265
19970829,0000,261
19970830,0000,303
19970831,0000,295
19970901,0000,285
19970902,0000,303
19970903,0000,316
19970904,0000,287
19970905,0000,286
19970906,0000,298
19970907,0000,291
19970908,0000,298
19970909,0000,303
19970910,0000,323
19970911,0000,301
19970912,0000,283
19970913,0000,278
19970914,0000,231
19970915,0000,185
19970916,0000,158
19970917,0000,153
19970918,0000,164
19970919,0000,190
19970920,0000,236
19970921,0000,240
19970922,0000,273
19970923,0000,264
19970924,0000,297
19970925,0000,293
19970926,0000,254
19970927,0000,238
19970928,0000,234
19970929,0000,249
19970930,0000,243
19971001,0000,219
19971002,0000,187
19971003,0000,170
19971004,0000,131
19971005,0000,127
19971006,0000,175
19971007,0000,177
19971008,0000,134
19971009,0000,49
19971010,0000,36
19971011,0000,36
19971012,0000,36
19971013,0000,36
19971014,0000,36
19971015,0000,36
19971016,0000,36
19971017,0000,36
19971018,0000,36
19971019,0000,55
19971020,0000,149
19971021,0000,243
19971022,0000,303
19971023,0000,291
19971024,0000,209
19971025,0000,209
19971026,0000,54
19971027,0000,94
19971028,0000,118
19971029,0000,109
19971030,0000,104
19971031,0000,63
19971101,0000,34
19971102,0000,35
19971103,0000,39
19971104,0000,37
19971105,0000,32
19971106,0000,32
19971107,0000,31
19971108,0000,30
19971109,0000,31
19971110,0000,31
19971111,0000,31
19971112,0000,31
19971113,0000,31
19971114,0000,31
19971115,0000,32
19971116,0000,33
19971117,0000,31
19971118,0000,32
19971119,0000,32
19971120,0000,32
19971121,0000,32
19971122,0000,32
19971123,0000,32
19971124,0000,33
19971125,0000,32
19971126,0000,33
19971127,0000,31
19971128,0000,31
19971129,0000,32
19971130,0000,32
19971201,0000,31
19971202,0000,31
19971203,0000,31
19971204,0000,31
19971205,0000,32
19971206,0000,32
19971207,0000,33
19971208,0000,32
19971209,0000,33
19971210,0000,33
19971211,0000,33
19971212,0000,33
19971213,0000,33
19971214,0000,34
19971215,0000,33
19971216,0000,277
19971217,0000,512
19971218,0000,499
19971219,0000,490
19971220,0000,495
19971221,0000,495
19971222,0000,496
19971223,0000,494
19971224,0000,495
19971225,0000,499
19971226,0000,492
19971227,0000,497
19971228,0000,500
19971229,0000,327
19971230,0000,132
19971231,0000,131
19980101,0000,131
19980102,0000,132
19980103,0000,132
19980104,0000,129
19980105,0000,127
19980106,0000,320
19980107,0000,491
19980108,0000,493
19980109,0000,814
19980110,0000,987
19980111,0000,989
19980112,0000,2259
19980113,0000,4393
19980114,0000,4884
19980115,0000,4869
19980116,0000,4988
19980117,0000,4597
19980118,0000,4870
19980119,0000,4977
19980120,0000,4891
19980121,0000,4935
19980122,0000,4480
19980123,0000,3691
19980124,0000,2956
19980125,0000,1964
19980126,0000,2030
19980127,0000,4426
19980128,0000,5899
19980129,0000,5898
19980130,0000,5476
19980131,0000,4423
19980201,0000,3905
19980202,0000,5297
19980203,0000,10922
19980204,0000,14839
19980205,0000,14952
19980206,0000,15057
19980207,0000,14969
19980208,0000,14897
19980209,0000,14760
19980210,0000,14718
19980211,0000,14718
19980212,0000,14955
19980213,0000,13944
19980214,0000,11456
19980215,0000,9235
19980216,0000,7821
19980217,0000,6994
19980218,0000,5948
19980219,0000,6644
19980220,0000,9448
19980221,0000,9778
19980222,0000,10136
19980223,0000,9885
19980224,0000,10328
19980225,0000,8959
19980226,0000,6504
19980227,0000,780
19980228,0000,422
19980301,0000,1084
19980302,0000,1095
19980303,0000,1060
19980304,0000,1038
19980305,0000,1044
19980306,0000,1047
19980307,0000,1049
19980308,0000,1050
19980309,0000,1055
19980310,0000,1055
19980311,0000,717
19980312,0000,405
19980313,0000,240
19980314,0000,241
19980315,0000,243
19980316,0000,246
19980317,0000,722
19980318,0000,1417
19980319,0000,2205
19980320,0000,2226
19980321,0000,2172
19980322,0000,2143
19980323,0000,3798
19980324,0000,4876
19980325,0000,4898
19980326,0000,4875
19980327,0000,4490
19980328,0000,3475
19980329,0000,2113
19980330,0000,928
19980331,0000,934
19980401,0000,1428
19980402,0000,1799
19980403,0000,1815
19980404,0000,1857
19980405,0000,1831
19980406,0000,1871
19980407,0000,1875
19980408,0000,1878
19980409,0000,1855
19980410,0000,1877
19980411,0000,1451
19980412,0000,995
19980413,0000,559
19980414,0000,108
19980415,0000,98
19980416,0000,99
19980417,0000,219
19980418,0000,369
19980419,0000,351
19980420,0000,351
19980421,0000,185
19980422,0000,439
19980423,0000,m
19980424,0000,999
19980425,0000,2036
19980426,0000,3999
19980427,0000,2456
19980428,0000,611
19980429,0000,888
19980430,0000,1135
19980501,0000,1191
19980502,0000,1156
19980503,0000,1329
19980504,0000,1634
19980505,0000,1482
19980506,0000,1225
19980507,0000,1388
19980508,0000,1537
19980509,0000,1658
19980510,0000,1658
19980511,0000,1663
19980512,0000,1663
19980513,0000,1658
19980514,0000,1551
19980515,0000,1400
19980516,0000,1255
19980517,0000,1200
19980518,0000,1202
19980519,0000,1151
19980520,0000,904
19980521,0000,739
19980522,0000,952
19980523,0000,812
19980524,0000,626
19980525,0000,618
19980526,0000,641
19980527,0000,524
19980528,0000,1401
19980529,0000,6372
19980530,0000,7479
19980531,0000,4826
19980601,0000,3454
19980602,0000,1449
19980603,0000,2405
19980604,0000,3929
19980605,0000,3716
19980606,0000,2550
19980607,0000,1021
19980608,0000,516
19980609,0000,223
19980610,0000,710
19980611,0000,905
19980612,0000,939
19980613,0000,939
19980614,0000,1000
19980615,0000,1184
19980616,0000,1277
19980617,0000,1344
19980618,0000,1412
19980619,0000,1479
19980620,0000,1386
19980621,0000,1326
19980622,0000,1207
19980623,0000,1137
19980624,0000,996
19980625,0000,930
19980626,0000,913
19980627,0000,863
19980628,0000,839
19980629,0000,845
19980630,0000,842
19980701,0000,838
19980702,0000,864
19980703,0000,750
19980704,0000,724
19980705,0000,720
19980706,0000,745
19980707,0000,759
19980708,0000,611
19980709,0000,529
19980710,0000,425
19980711,0000,369
19980712,0000,366
19980713,0000,336
19980714,0000,341
19980715,0000,375
19980716,0000,375
19980717,0000,m
19980718,0000,418
19980719,0000,418
19980720,0000,431
19980721,0000,433
19980722,0000,412
19980723,0000,362
19980724,0000,354
19980725,0000,354
19980726,0000,345
19980727,0000,327
19980728,0000,342
19980729,0000,472
19980730,0000,509
19980731,0000,608
19980801,0000,671
19980802,0000,664
19980803,0000,645
19980804,0000,626
19980805,0000,588
19980806,0000,562
19980807,0000,587
19980808,0000,m
19980809,0000,580
19980810,0000,611
19980811,0000,m
19980812,0000,621
19980813,0000,m
19980814,0000,416
19980815,0000,m
19980816,0000,m
19980817,0000,440
19980818,0000,348
19980819,0000,327
19980820,0000,337
19980821,0000,341
19980822,0000,m
19980823,0000,m
19980824,0000,378
19980825,0000,419
19980826,0000,410
19980827,0000,410
19980828,0000,363
19980829,0000,343
19980830,0000,336
19980831,0000,338
19980901,0000,345
19980902,0000,355
19980903,0000,369
19980904,0000,386
19980905,0000,385
19980906,0000,389
19980907,0000,384
19980908,0000,384
19980909,0000,m
19980910,0000,315
19980911,0000,298
19980912,0000,342
19980913,0000,357
19980914,0000,371
19980915,0000,409
19980916,0000,456
19980917,0000,467
19980918,0000,502
19980919,0000,508
19980920,0000,486
19980921,0000,455
19980922,0000,475
19980923,0000,489
19980924,0000,467
19980925,0000,449
19980926,0000,444
19980927,0000,446
19980928,0000,432
19980929,0000,446
19980930,0000,m
19981001,0000,565
19981002,0000,555
19981003,0000,522
19981004,0000,509
19981005,0000,486
19981006,0000,m
19981007,0000,468
19981008,0000,519
19981009,0000,510
19981010,0000,480
19981011,0000,451
19981012,0000,465
19981013,0000,459
19981014,0000,537
19981015,0000,544
19981016,0000,547
19981017,0000,516
19981018,0000,462
19981019,0000,426
19981020,0000,440
19981021,0000,487
19981022,0000,m
19981023,0000,503
19981024,0000,435
19981025,0000,m
19981026,0000,295
19981027,0000,294
19981028,0000,292
19981029,0000,290
19981030,0000,292
19981031,0000,298
19981101,0000,292
19981102,0000,297
19981103,0000,298
19981104,0000,296
19981105,0000,294
19981106,0000,296
19981107,0000,m
19981108,0000,294
19981109,0000,296
19981110,0000,298
19981111,0000,m
19981112,0000,297
19981113,0000,296
19981114,0000,296
19981115,0000,296
19981116,0000,302
19981117,0000,327
19981118,0000,305
19981119,0000,296
19981120,0000,241
19981121,0000,m
19981122,0000,31
19981123,0000,31
19981124,0000,30
19981125,0000,266
19981126,0000,456
19981127,0000,456
19981128,0000,455
19981129,0000,455
19981130,0000,458
19981201,0000,461
19981202,0000,556
19981203,0000,1007
19981204,0000,1159
19981205,0000,1323
19981206,0000,1363
19981207,0000,1371
19981208,0000,1365
19981209,0000,1110
19981210,0000,741
19981211,0000,496
19981212,0000,493
19981213,0000,395
19981214,0000,112
19981215,0000,35
19981216,0000,35
19981217,0000,35
19981218,0000,35
19981219,0000,36
19981220,0000,33
19981221,0000,32
19981222,0000,m
19981223,0000,32
19981224,0000,31
19981225,0000,122
19981226,0000,m
19981227,0000,m
19981228,0000,193
19981229,0000,92
19981230,0000,32
19981231,0000,32
19990101,0000,32
19990102,0000,31
19990103,0000,27
19990104,0000,23
19990105,0000,29
19990106,0000,29
19990107,0000,29
19990108,0000,29
19990109,0000,29
19990110,0000,30
19990111,0000,30
19990112,0000,30
19990113,0000,32
19990114,0000,32
19990115,0000,32
19990116,0000,m
19990117,0000,m
19990118,0000,m
19990119,0000,33
19990120,0000,341
19990121,0000,945
19990122,0000,941
19990123,0000,945
19990124,0000,945
19990125,0000,945
19990126,0000,960
19990127,0000,955
19990128,0000,716
19990129,0000,361
19990130,0000,105
19990131,0000,m
19990201,0000,30
19990202,0000,28
19990203,0000,28
19990204,0000,28
19990205,0000,28
19990206,0000,30
19990207,0000,30
19990208,0000,513
19990209,0000,3713
19990210,0000,5121
19990211,0000,4062
19990212,0000,2940
19990213,0000,2048
19990214,0000,1202
19990215,0000,971
19990216,0000,507
19990217,0000,1697
19990218,0000,3473
19990219,0000,1981
19990220,0000,1004
19990221,0000,999
19990222,0000,1742
19990223,0000,1653
19990224,0000,1004
19990225,0000,999
19990226,0000,996
19990227,0000,996
19990228,0000,996
19990301,0000,1471
19990302,0000,1478
19990303,0000,1003
19990304,0000,1002
19990305,0000,693
19990306,0000,499
19990307,0000,500
19990308,0000,495
19990309,0000,493
19990310,0000,323
19990311,0000,55
19990312,0000,55
19990313,0000,55
19990314,0000,55
19990315,0000,55
19990316,0000,55
19990317,0000,56
19990318,0000,56
19990319,0000,56
19990320,0000,56
19990321,0000,56
19990322,0000,57
19990323,0000,57
19990324,0000,59
19990325,0000,3300
19990326,0000,5444
19990327,0000,4924
19990328,0000,3850
19990329,0000,2237
19990330,0000,685
19990331,0000,338
19990401,0000,61
19990402,0000,56
19990403,0000,56
19990404,0000,56
19990405,0000,144
19990406,0000,320
19990407,0000,399
19990408,0000,643
19990409,0000,m
19990410,0000,m
19990411,0000,m
19990412,0000,m
19990413,0000,m
19990414,0000,m
19990415,0000,m
19990416,0000,m
19990417,0000,m
19990418,0000,m
19990419,0000,m
19990420,0000,m
19990421,0000,m
19990422,0000,m
19990423,0000,m
19990424,0000,m
19990425,0000,m
19990426,0000,m
19990427,0000,m
19990428,0000,m
19990429,0000,m
19990430,0000,m
19990501,0000,m
19990502,0000,m
19990503,0000,m
19990504,0000,839
19990505,0000,865
19990506,0000,889
19990507,0000,913
19990508,0000,979
19990509,0000,993
19990510,0000,1037
19990511,0000,1031
19990512,0000,1029
19990513,0000,1012
19990514,0000,968
19990515,0000,582
19990516,0000,275
19990517,0000,236
19990518,0000,203
19990519,0000,224
19990520,0000,277
19990521,0000,308
19990522,0000,330
19990523,0000,364
19990524,0000,382
19990525,0000,391
19990526,0000,394
19990527,0000,369
19990528,0000,359
19990529,0000,371
19990530,0000,343
19990531,0000,294
19990601,0000,264
19990602,0000,272
19990603,0000,230
19990604,0000,188
19990605,0000,250
19990606,0000,312
19990607,0000,338
19990608,0000,352
19990609,0000,374
19990610,0000,378
19990611,0000,373
19990612,0000,370
19990613,0000,318
19990614,0000,309
19990615,0000,306
19990616,0000,300
19990617,0000,314
19990618,0000,366
19990619,0000,390
19990620,0000,379
19990621,0000,390
19990622,0000,388
19990623,0000,385
19990624,0000,388
19990625,0000,368
19990626,0000,348
19990627,0000,351
19990628,0000,348
19990629,0000,365
19990630,0000,389
19990701,0000,404
19990702,0000,398
19990703,0000,389
19990704,0000,382
19990705,0000,388
19990706,0000,381
19990707,0000,363
19990708,0000,376
19990709,0000,383
19990710,0000,399
19990711,0000,405
19990712,0000,402
19990713,0000,407
19990714,0000,386
19990715,0000,373
19990716,0000,361
19990717,0000,351
19990718,0000,316
19990719,0000,342
19990720,0000,374
19990721,0000,398
19990722,0000,400
19990723,0000,398
19990724,0000,408
19990725,0000,423
19990726,0000,398
19990727,0000,379
19990728,0000,m
19990729,0000,356
19990730,0000,324
19990731,0000,320
19990801,0000,327
19990802,0000,348
19990803,0000,347
19990804,0000,386
19990805,0000,401
19990806,0000,391
19990807,0000,376
19990808,0000,m
19990809,0000,339
19990810,0000,337
19990811,0000,314
19990812,0000,288
19990813,0000,285
19990814,0000,289
19990815,0000,291
19990816,0000,341
19990817,0000,373
19990818,0000,379
19990819,0000,377
19990820,0000,370
19990821,0000,377
19990822,0000,327
19990823,0000,309
19990824,0000,326
19990825,0000,335
19990826,0000,328
19990827,0000,334
19990828,0000,366
19990829,0000,382
19990830,0000,388
19990831,0000,386
19990901,0000,376
19990902,0000,346
19990903,0000,311
19990904,0000,311
19990905,0000,305
19990906,0000,313
19990907,0000,319
19990908,0000,326
19990909,0000,338
19990910,0000,366
19990911,0000,378
19990912,0000,378
19990913,0000,350
19990914,0000,367
19990915,0000,344
19990916,0000,316
19990917,0000,317
19990918,0000,315
19990919,0000,304
19990920,0000,319
19990921,0000,m
19990922,0000,340
19990923,0000,342
19990924,0000,358
19990925,0000,371
19990926,0000,364
19990927,0000,362
19990928,0000,366
19990929,0000,355
19990930,0000,m
19991001,0000,342
19991002,0000,317
19991003,0000,315
19991004,0000,295
19991005,0000,305
19991006,0000,307
19991007,0000,335
19991008,0000,373
19991009,0000,399
19991010,0000,371
19991011,0000,348
19991012,0000,332
19991013,0000,325
19991014,0000,328
19991015,0000,258
19991016,0000,160
19991017,0000,155
19991018,0000,330
19991019,0000,411
19991020,0000,408
19991021,0000,391
19991022,0000,284
19991023,0000,161
19991024,0000,155
19991025,0000,328
19991026,0000,423
19991027,0000,377
19991028,0000,259
19991029,0000,133
19991030,0000,49
19991031,0000,46
19991101,0000,143
19991102,0000,180
19991103,0000,175
19991104,0000,166
19991105,0000,94
19991106,0000,47
19991107,0000,47
19991108,0000,48
19991109,0000,43
19991110,0000,35
19991111,0000,33
19991112,0000,107
19991113,0000,44
19991114,0000,49
19991115,0000,114
19991116,0000,80
19991117,0000,137
19991118,0000,147
19991119,0000,60
19991120,0000,35
19991121,0000,44
19991122,0000,46
19991123,0000,34
19991124,0000,34
19991125,0000,34
19991126,0000,35
19991127,0000,35
19991128,0000,35
19991129,0000,36
19991130,0000,34
19991201,0000,33
19991202,0000,33
19991203,0000,34
19991204,0000,34
19991205,0000,35
19991206,0000,34
19991207,0000,34
19991208,0000,29
19991209,0000,29
19991210,0000,26
19991211,0000,26
19991212,0000,27
19991213,0000,27
19991214,0000,30
19991215,0000,30
19991216,0000,30
19991217,0000,30
19991218,0000,30
19991219,0000,32
19991220,0000,33
19991221,0000,32
19991222,0000,32
19991223,0000,32
19991224,0000,32
19991225,0000,32
19991226,0000,33
19991227,0000,33
19991228,0000,33
19991229,0000,32
19991230,0000,32
19991231,0000,32
20000101,0000,33
20000102,0000,33
20000103,0000,33
20000104,0000,33
20000105,0000,33
20000106,0000,33
20000107,0000,33
20000108,0000,33
20000109,0000,33
20000110,0000,33
20000111,0000,33
20000112,0000,33
20000113,0000,33
20000114,0000,32
20000115,0000,33
20000116,0000,33
20000117,0000,33
20000118,0000,34
20000119,0000,34
20000120,0000,34
20000121,0000,328
20000122,0000,513
20000123,0000,496
20000124,0000,502
20000125,0000,497
20000126,0000,808
20000127,0000,993
20000128,0000,805
20000129,0000,354
20000130,0000,38
20000131,0000,37
20000201,0000,36
20000202,0000,37
20000203,0000,37
20000204,0000,37
20000205,0000,38
20000206,0000,38
20000207,0000,220
20000208,0000,500
20000209,0000,500
20000210,0000,1516
20000211,0000,3145
20000212,0000,2178
20000213,0000,2587
20000214,0000,4227
20000215,0000,4840
20000216,0000,4567
20000217,0000,3976
20000218,0000,2978
20000219,0000,2072
20000220,0000,1258
20000221,0000,1026
20000222,0000,2718
20000223,0000,4150
20000224,0000,2479
20000225,0000,2138
20000226,0000,2145
20000227,0000,2525
20000228,0000,3560
20000229,0000,3906
20000301,0000,3502
20000302,0000,2237
20000303,0000,1206
20000304,0000,1022
20000305,0000,1042
20000306,0000,1493
20000307,0000,2479
20000308,0000,2883
20000309,0000,2884
20000310,0000,2502
20000311,0000,1512
20000312,0000,1025
20000313,0000,1021
20000314,0000,897
20000315,0000,792
20000316,0000,592
20000317,0000,413
20000318,0000,290
20000319,0000,294
20000320,0000,147
20000321,0000,38
20000322,0000,38
20000323,0000,38
20000324,0000,38
20000325,0000,38
20000326,0000,34
20000327,0000,31
20000328,0000,71
20000329,0000,135
20000330,0000,183
20000331,0000,247
20000401,0000,295
20000402,0000,321
20000403,0000,323
20000404,0000,337
20000405,0000,347
20000406,0000,333
20000407,0000,358
20000408,0000,360
20000409,0000,362
20000410,0000,350
20000411,0000,349
20000412,0000,347
20000413,0000,277
20000414,0000,212
20000415,0000,226
20000416,0000,202
20000417,0000,237
20000418,0000,920
20000419,0000,m
20000420,0000,894
20000421,0000,807
20000422,0000,685
20000423,0000,398
20000424,0000,185
20000425,0000,132
20000426,0000,259
20000427,0000,322
20000428,0000,354
20000429,0000,361
20000430,0000,370
20000501,0000,394
20000502,0000,390
20000503,0000,408
20000504,0000,544
20000505,0000,579
20000506,0000,571
20000507,0000,516
20000508,0000,297
20000509,0000,174
20000510,0000,161
20000511,0000,233
20000512,0000,318
20000513,0000,476
20000514,0000,535
20000515,0000,286
20000516,0000,127
20000517,0000,137
20000518,0000,147
20000519,0000,206
20000520,0000,263
20000521,0000,287
20000522,0000,m
20000523,0000,352
20000524,0000,363
20000525,0000,381
20000526,0000,402
20000527,0000,417
20000528,0000,417
20000529,0000,398
20000530,0000,406
20000531,0000,420
20000601,0000,430
20000602,0000,405
20000603,0000,401
20000604,0000,379
20000605,0000,411
20000606,0000,424
20000607,0000,423
20000608,0000,450
20000609,0000,451
20000610,0000,402
20000611,0000,376
20000612,0000,402
20000613,0000,402
20000614,0000,417
20000615,0000,424
20000616,0000,414
20000617,0000,413
20000618,0000,416
20000619,0000,415
20000620,0000,421
20000621,0000,434
20000622,0000,442
20000623,0000,440
20000624,0000,418
20000625,0000,393
20000626,0000,408
20000627,0000,m
20000628,0000,m
20000629,0000,403
20000630,0000,420
20000701,0000,420
20000702,0000,425
20000703,0000,424
20000704,0000,420
20000705,0000,427
20000706,0000,419
20000707,0000,409
20000708,0000,410
20000709,0000,417
20000710,0000,415
20000711,0000,m
20000712,0000,411
20000713,0000,m
20000714,0000,386
20000715,0000,369
20000716,0000,367
20000717,0000,340
20000718,0000,326
20000719,0000,329
20000720,0000,362
20000721,0000,m
20000722,0000,339
20000723,0000,337
20000724,0000,361
20000725,0000,367
20000726,0000,368
20000727,0000,372
20000728,0000,395
20000729,0000,379
20000730,0000,332
20000731,0000,330
20000801,0000,357
20000802,0000,384
20000803,0000,357
20000804,0000,m
20000805,0000,357
20000806,0000,344
20000807,0000,354
20000808,0000,359
20000809,0000,352
20000810,0000,317
20000811,0000,m
20000812,0000,m
20000813,0000,m
20000814,0000,332
20000815,0000,346
20000816,0000,379
20000817,0000,m
20000818,0000,m
20000819,0000,352
20000820,0000,326
20000821,0000,336
20000822,0000,m
20000823,0000,348
20000824,0000,321
20000825,0000,m
20000826,0000,m
20000827,0000,m
20000828,0000,349
20000829,0000,m
20000830,0000,m
20000831,0000,321
20000901,0000,313
20000902,0000,292
20000903,0000,259
20000904,0000,245
20000905,0000,272
20000906,0000,296
20000907,0000,288
20000908,0000,305
20000909,0000,309
20000910,0000,331
20000911,0000,356
20000912,0000,359
20000913,0000,345
20000914,0000,m
20000915,0000,326
20000916,0000,m
20000917,0000,m
20000918,0000,m
20000919,0000,m
20000920,0000,345
20000921,0000,326
20000922,0000,326
20000923,0000,375
20000924,0000,309
20000925,0000,271
20000926,0000,277
20000927,0000,271
20000928,0000,268
20000929,0000,248
20000930,0000,247
20001001,0000,228
20001002,0000,m
20001003,0000,285
20001004,0000,295
20001005,0000,276
20001006,0000,291
20001007,0000,282
20001008,0000,245
20001009,0000,233
20001010,0000,219
20001011,0000,149
20001012,0000,106
20001013,0000,108
20001014,0000,108
20001015,0000,108
20001016,0000,121
20001017,0000,199
20001018,0000,254
20001019,0000,279
20001020,0000,192
20001021,0000,108
20001022,0000,107
20001023,0000,212
20001024,0000,297
20001025,0000,277
20001026,0000,170
20001027,0000,105
20001028,0000,102
20001029,0000,92
20001030,0000,51
20001031,0000,36
20001101,0000,m
20001102,0000,35
20001103,0000,34
20001104,0000,34
20001105,0000,34
20001106,0000,35
20001107,0000,35
20001108,0000,35
20001109,0000,33
20001110,0000,28
20001111,0000,31
20001112,0000,30
20001113,0000,30
20001114,0000,30
20001115,0000,30
20001116,0000,30
20001117,0000,29
20001118,0000,29
20001119,0000,29
20001120,0000,29
20001121,0000,28
20001122,0000,26
20001123,0000,26
20001124,0000,26
20001125,0000,25
20001126,0000,29
20001127,0000,27
20001128,0000,28
20001129,0000,28
20001130,0000,28
20001201,0000,28
20001202,0000,28
20001203,0000,28
20001204,0000,29
20001205,0000,29
20001206,0000,40
20001207,0000,49
20001208,0000,49
20001209,0000,49
20001210,0000,49
20001211,0000,49
20001212,0000,49
20001213,0000,50
20001214,0000,50
20001215,0000,49
20001216,0000,50
20001217,0000,50
20001218,0000,49
20001219,0000,49
20001220,0000,49
20001221,0000,49
20001222,0000,49
20001223,0000,49
20001224,0000,49
20001225,0000,49
20001226,0000,49
20001227,0000,49
20001228,0000,49
20001229,0000,50
20001230,0000,50
20001231,0000,50
20010101,0000,50
20010102,0000,50
20010103,0000,50
20010104,0000,50
20010105,0000,50
20010106,0000,50
20010107,0000,50
20010108,0000,51
20010109,0000,50
20010110,0000,51
20010111,0000,51
20010112,0000,51
20010113,0000,51
20010114,0000,52
20010115,0000,52
20010116,0000,52
20010117,0000,52
20010118,0000,52
20010119,0000,52
20010120,0000,52
20010121,0000,52
20010122,0000,52
20010123,0000,53
20010124,0000,53
20010125,0000,54
20010126,0000,54
20010127,0000,54
20010128,0000,54
20010129,0000,53
20010130,0000,52
20010131,0000,52
20010201,0000,52
20010202,0000,52
20010203,0000,52
20010204,0000,52
20010205,0000,52
20010206,0000,52
20010207,0000,52
20010208,0000,52
20010209,0000,53
20010210,0000,52
20010211,0000,52
20010212,0000,53
20010213,0000,53
20010214,0000,52
20010215,0000,52
20010216,0000,54
20010217,0000,55
20010218,0000,55
20010219,0000,56
20010220,0000,56
20010221,0000,57
20010222,0000,57
20010223,0000,57
20010224,0000,58
20010225,0000,59
20010226,0000,189
20010227,0000,484
20010228,0000,462
20010301,0000,m
20010302,0000,327
20010303,0000,287
20010304,0000,251
20010305,0000,m
20010306,0000,9417
20010307,0000,6837
20010308,0000,4119
20010309,0000,1995
20010310,0000,1009
20010311,0000,991
20010312,0000,m
20010313,0000,788
20010314,0000,616
20010315,0000,439
20010316,0000,314
20010317,0000,223
20010318,0000,108
20010319,0000,54
20010320,0000,44
20010321,0000,32
20010322,0000,22
20010323,0000,16
20010324,0000,15
20010325,0000,17
20010326,0000,17
20010327,0000,17
20010328,0000,15
20010329,0000,27
20010330,0000,89
20010331,0000,145
20010401,0000,193
20010402,0000,255
20010403,0000,284
20010404,0000,297
20010405,0000,286
20010406,0000,275
20010407,0000,226
20010408,0000,201
20010409,0000,219
20010410,0000,m
20010411,0000,261
20010412,0000,249
20010413,0000,221
20010414,0000,236
20010415,0000,223
20010416,0000,256
20010417,0000,277
20010418,0000,287
20010419,0000,290
20010420,0000,275
20010421,0000,195
20010422,0000,150
20010423,0000,150
20010424,0000,m
20010425,0000,172
20010426,0000,189
20010427,0000,205
20010428,0000,217
20010429,0000,202
20010430,0000,m
20010501,0000,m
20010502,0000,525
20010503,0000,576
20010504,0000,676
20010505,0000,859
20010506,0000,974
20010507,0000,991
20010508,0000,969
20010509,0000,960
20010510,0000,980
20010511,0000,1063
20010512,0000,1107
20010513,0000,1117
20010514,0000,1111
20010515,0000,771
20010516,0000,364
20010517,0000,m
20010518,0000,311
20010519,0000,302
20010520,0000,m
20010521,0000,m
20010522,0000,330
20010523,0000,345
20010524,0000,373
20010525,0000,373
20010526,0000,402
20010527,0000,414
20010528,0000,387
20010529,0000,363
20010530,0000,346
20010531,0000,338
20010601,0000,322
20010602,0000,332
20010603,0000,349
20010604,0000,364
20010605,0000,376
20010606,0000,m
20010607,0000,392
20010608,0000,389
20010609,0000,381
20010610,0000,366
20010611,0000,348
20010612,0000,348
20010613,0000,m
20010614,0000,m
20010615,0000,338
20010616,0000,363
20010617,0000,m
20010618,0000,368
20010619,0000,385
20010620,0000,390
20010621,0000,382
20010622,0000,385
20010623,0000,365
20010624,0000,316
20010625,0000,m
20010626,0000,321
20010627,0000,316
20010628,0000,m
20010629,0000,298
20010630,0000,m
20010701,0000,m
20010702,0000,362
20010703,0000,378
20010704,0000,377
20010705,0000,m
20010706,0000,338
20010707,0000,322
20010708,0000,296
20010709,0000,305
20010710,0000,302
20010711,0000,288
20010712,0000,296
20010713,0000,355
20010714,0000,391
20010715,0000,388
20010716,0000,354
20010717,0000,325
20010718,0000,329
20010719,0000,323
20010720,0000,m
20010721,0000,315
20010722,0000,308
20010723,0000,303
20010724,0000,320
20010725,0000,m
20010726,0000,m
20010727,0000,m
20010728,0000,m
20010729,0000,m
20010730,0000,m
20010731,0000,m
20010801,0000,276
20010802,0000,m
20010803,0000,292
20010804,0000,316
20010805,0000,323
20010806,0000,337
20010807,0000,359
20010808,0000,352
20010809,0000,318
20010810,0000,299
20010811,0000,313
20010812,0000,293
20010813,0000,275
20010814,0000,283
20010815,0000,309
20010816,0000,318
20010817,0000,316
20010818,0000,350
20010819,0000,344
20010820,0000,334
20010821,0000,320
20010822,0000,305
20010823,0000,274
20010824,0000,265
20010825,0000,m
20010826,0000,277
20010827,0000,304
20010828,0000,313
20010829,0000,341
20010830,0000,363
20010831,0000,340
20010901,0000,330
20010902,0000,307
20010903,0000,288
20010904,0000,293
20010905,0000,288
20010906,0000,265
20010907,0000,315
20010908,0000,349
20010909,0000,345
20010910,0000,325
20010911,0000,318
20010912,0000,288
20010913,0000,m
20010914,0000,263
20010915,0000,280
20010916,0000,279
20010917,0000,266
20010918,0000,253
20010919,0000,268
20010920,0000,262
20010921,0000,248
20010922,0000,262
20010923,0000,262
20010924,0000,262
20010925,0000,m
20010926,0000,226
20010927,0000,207
20010928,0000,207
20010929,0000,m
20010930,0000,223
20011001,0000,202
20011002,0000,205
20011003,0000,242
20011004,0000,m
20011005,0000,231
20011006,0000,242
20011007,0000,233
20011008,0000,234
20011009,0000,230
20011010,0000,227
20011011,0000,m
20011012,0000,120
20011013,0000,51
20011014,0000,52
20011015,0000,m
20011016,0000,m
20011017,0000,262
20011018,0000,256
20011019,0000,139
20011020,0000,47
20011021,0000,47
20011022,0000,175
20011023,0000,234
20011024,0000,229
20011025,0000,206
20011026,0000,112
20011027,0000,46
20011028,0000,m
20011029,0000,m
20011030,0000,m
20011031,0000,m
20011101,0000,m
20011102,0000,33
20011103,0000,m
20011104,0000,m
20011105,0000,m
20011106,0000,m
20011107,0000,33
20011108,0000,32
20011109,0000,32
20011110,0000,33
20011111,0000,33
20011112,0000,34
20011113,0000,m
20011114,0000,2632240896
20011115,0000,229
20011116,0000,92
20011117,0000,33
20011118,0000,32
20011119,0000,m
20011120,0000,33
20011121,0000,33
20011122,0000,33
20011123,0000,33
20011124,0000,35
20011125,0000,m
20011126,0000,m
20011127,0000,35
20011128,0000,36
20011129,0000,40
20011130,0000,35
20011201,0000,36
20011202,0000,36
20011203,0000,m
20011204,0000,35
20011205,0000,36
20011206,0000,35
20011207,0000,36
20011208,0000,36
20011209,0000,37
20011210,0000,393
20011211,0000,m
20011212,0000,971
20011213,0000,969
20011214,0000,958
20011215,0000,955
20011216,0000,955
20011217,0000,m
20011218,0000,m
20011219,0000,958
20011220,0000,1199
20011221,0000,m
20011222,0000,2291
20011223,0000,4606
20011224,0000,4869
20011225,0000,4808
20011226,0000,4150
20011227,0000,2623
20011228,0000,1443
20011229,0000,m
20011230,0000,m
20011231,0000,m
20020101,0000,m
20020102,0000,m
20020103,0000,8042
20020104,0000,8191
20020105,0000,6710
20020106,0000,4948
20020107,0000,4592
20020108,0000,5475
20020109,0000,5473
20020110,0000,4479
20020111,0000,3436
20020112,0000,m
20020113,0000,1475
20020114,0000,970
20020115,0000,972
20020116,0000,971
20020117,0000,931
20020118,0000,864
20020119,0000,792
20020120,0000,748
20020121,0000,735
20020122,0000,m
20020123,0000,716
20020124,0000,616
20020125,0000,573
20020126,0000,566
20020127,0000,569
20020128,0000,569
20020129,0000,m
20020130,0000,422
20020131,0000,338
20020201,0000,233
20020202,0000,133
20020203,0000,70
20020204,0000,53
20020205,0000,53
20020206,0000,53
20020207,0000,54
20020208,0000,53
20020209,0000,m
20020210,0000,53
20020211,0000,52
20020212,0000,51
20020213,0000,52
20020214,0000,m
20020215,0000,52
20020216,0000,52
20020217,0000,52
20020218,0000,52
20020219,0000,53
20020220,0000,52
20020221,0000,53
20020222,0000,53
20020223,0000,53
20020224,0000,m
20020225,0000,52
20020226,0000,52
20020227,0000,53
20020228,0000,53
20020301,0000,53
20020302,0000,53
20020303,0000,53
20020304,0000,53
20020305,0000,53
20020306,0000,53
20020307,0000,53
20020308,0000,53
20020309,0000,m
20020310,0000,54
20020311,0000,51
20020312,0000,m
20020313,0000,m
20020314,0000,43
20020315,0000,43
20020316,0000,43
20020317,0000,43
20020318,0000,43
20020319,0000,43
20020320,0000,43
20020321,0000,66
20020322,0000,81
20020323,0000,64
20020324,0000,87
20020325,0000,m
20020326,0000,m
20020327,0000,m
20020328,0000,176
20020329,0000,211
20020330,0000,251
20020331,0000,281
20020401,0000,323
20020402,0000,425
20020403,0000,434
20020404,0000,505
20020405,0000,532
20020406,0000,m
20020407,0000,m
20020408,0000,431
20020409,0000,303
20020410,0000,226
20020411,0000,252
20020412,0000,266
20020413,0000,294
20020414,0000,347
20020415,0000,399
20020416,0000,431
20020417,0000,555
20020418,0000,568
20020419,0000,560
20020420,0000,544
20020421,0000,517
20020422,0000,533
20020423,0000,589
20020424,0000,664
20020425,0000,700
20020426,0000,722
20020427,0000,775
20020428,0000,707
20020429,0000,564
20020430,0000,542
20020501,0000,525
20020502,0000,518
20020503,0000,501
20020504,0000,431
20020505,0000,380
20020506,0000,363
20020507,0000,430
20020508,0000,554
20020509,0000,m
20020510,0000,686
20020511,0000,717
20020512,0000,734
20020513,0000,721
20020514,0000,750
20020515,0000,513
20020516,0000,343
20020517,0000,332
20020518,0000,330
20020519,0000,284
20020520,0000,199
20020521,0000,84
20020522,0000,37
20020523,0000,82
20020524,0000,m
20020525,0000,m
20020526,0000,m
20020527,0000,276
20020528,0000,320
20020529,0000,m
20020530,0000,394
20020531,0000,378
20020601,0000,361
20020602,0000,374
20020603,0000,357
20020604,0000,336
20020605,0000,319
20020606,0000,303
20020607,0000,305
20020608,0000,327
20020609,0000,307
20020610,0000,340
20020611,0000,369
20020612,0000,383
20020613,0000,m
20020614,0000,320
20020615,0000,320
20020616,0000,323
20020617,0000,282
20020618,0000,319
20020619,0000,366
20020620,0000,368
20020621,0000,362
20020622,0000,360
20020623,0000,354
20020624,0000,386
20020625,0000,m
20020626,0000,316
20020627,0000,m
20020628,0000,m
20020629,0000,m
20020630,0000,326
20020701,0000,m
20020702,0000,385
20020703,0000,379
20020704,0000,m
20020705,0000,379
20020706,0000,374
20020707,0000,364
20020708,0000,m
20020709,0000,323
20020710,0000,333
20020711,0000,335
20020712,0000,m
20020713,0000,m
20020714,0000,m
20020715,0000,383
20020716,0000,386
20020717,0000,m
20020718,0000,m
20020719,0000,370
20020720,0000,329
20020721,0000,299
20020722,0000,282
20020723,0000,291
20020724,0000,349
20020725,0000,389
20020726,0000,385
20020727,0000,359
20020728,0000,m
20020729,0000,m
20020730,0000,388
20020731,0000,365
20020801,0000,341
20020802,0000,299
20020803,0000,246
20020804,0000,252
20020805,0000,304
20020806,0000,m
20020807,0000,371
20020808,0000,369
20020809,0000,m
20020810,0000,388
20020811,0000,378
20020812,0000,361
20020813,0000,328
20020814,0000,m
20020815,0000,284
20020816,0000,308
20020817,0000,m
20020818,0000,m
20020819,0000,m
20020820,0000,m
20020821,0000,304
20020822,0000,315
20020823,0000,m
20020824,0000,318
20020825,0000,255
20020826,0000,m
20020827,0000,233
20020828,0000,296
20020829,0000,313
20020830,0000,322
20020831,0000,327
20020901,0000,318
20020902,0000,323
20020903,0000,319
20020904,0000,298
20020905,0000,272
20020906,0000,261
20020907,0000,246
20020908,0000,223
20020909,0000,m
20020910,0000,224
20020911,0000,246
20020912,0000,306
20020913,0000,m
20020914,0000,343
20020915,0000,317
20020916,0000,307
20020917,0000,273
20020918,0000,m
20020919,0000,245
20020920,0000,251
20020921,0000,256
20020922,0000,240
20020923,0000,205
20020924,0000,m
20020925,0000,m
20020926,0000,289
20020927,0000,290
20020928,0000,271
20020929,0000,257
20020930,0000,234
20021001,0000,223
20021002,0000,206
20021003,0000,208
20021004,0000,208
20021005,0000,212
20021006,0000,201
20021007,0000,183
20021008,0000,192
20021009,0000,191
20021010,0000,262
20021011,0000,252
20021012,0000,234
20021013,0000,228
20021014,0000,231
20021015,0000,202
20021016,0000,m
20021017,0000,165
20021018,0000,154
20021019,0000,130
20021020,0000,113
20021021,0000,138
20021022,0000,m
20021023,0000,149
20021024,0000,m
20021025,0000,105
20021026,0000,66
20021027,0000,62
20021028,0000,m
20021029,0000,216
20021030,0000,207
20021031,0000,205
20021101,0000,127
20021102,0000,29
20021103,0000,29
20021104,0000,29
20021105,0000,29
20021106,0000,29
20021107,0000,m
20021108,0000,27
20021109,0000,m
20021110,0000,m
20021111,0000,m
20021112,0000,m
20021113,0000,m
20021114,0000,m
20021115,0000,m
20021116,0000,m
20021117,0000,m
20021118,0000,m
20021119,0000,29
20021120,0000,28
20021121,0000,29
20021122,0000,29
20021123,0000,29
20021124,0000,29
20021125,0000,29
20021126,0000,m
20021127,0000,29
20021128,0000,m
20021129,0000,29
20021130,0000,29
20021201,0000,m
20021202,0000,29
20021203,0000,m
20021204,0000,29
20021205,0000,29
20021206,0000,m
20021207,0000,29
20021208,0000,29
20021209,0000,29
20021210,0000,29
20021211,0000,m
20021212,0000,m
20021213,0000,32
20021214,0000,34
20021215,0000,34
20021216,0000,964
20021217,0000,3887
20021218,0000,4587
20021219,0000,3437
20021220,0000,2925
20021221,0000,2919
20021222,0000,2728
20021223,0000,2235
20021224,0000,1441
20021225,0000,m
20021226,0000,m
20021227,0000,m
20021228,0000,1016
20021229,0000,3133
20021230,0000,4748
20021231,0000,5378
20030101,0000,m
20030102,0000,6683
20030103,0000,4965
20030104,0000,3046
20030105,0000,1584
20030106,0000,941
20030107,0000,753
20030108,0000,712
20030109,0000,712
20030110,0000,711
20030111,0000,m
20030112,0000,m
20030113,0000,m
20030114,0000,m
20030115,0000,m
20030116,0000,4248
20030117,0000,3463
20030118,0000,3036
20030119,0000,2518
20030120,0000,1999
20030121,0000,1829
20030122,0000,1713
20030123,0000,1827
20030124,0000,1814
20030125,0000,1808
20030126,0000,1813
20030127,0000,1696
20030128,0000,1511
20030129,0000,1065
20030130,0000,927
20030131,0000,846
20030201,0000,746
20030202,0000,644
20030203,0000,561
20030204,0000,447
20030205,0000,294
20030206,0000,170
20030207,0000,75
20030208,0000,47
20030209,0000,39
20030210,0000,38
20030211,0000,37
20030212,0000,38
20030213,0000,38
20030214,0000,38
20030215,0000,38
20030216,0000,38
20030217,0000,38
20030218,0000,38
20030219,0000,38
20030220,0000,38
20030221,0000,38
20030222,0000,38
20030223,0000,37
20030224,0000,35
20030225,0000,35
20030226,0000,36
20030227,0000,35
20030228,0000,36
20030301,0000,36
20030302,0000,36
20030303,0000,35
20030304,0000,36
20030305,0000,36
20030306,0000,33
20030307,0000,32
20030308,0000,32
20030309,0000,32
20030310,0000,32
20030311,0000,32
20030312,0000,32
20030313,0000,33
20030314,0000,33
20030315,0000,34
20030316,0000,33
20030317,0000,33
20030318,0000,33
20030319,0000,33
20030320,0000,33
20030321,0000,34
20030322,0000,33
20030323,0000,32
20030324,0000,30
20030325,0000,30
20030326,0000,31
20030327,0000,31
20030328,0000,31
20030329,0000,31
20030330,0000,31
20030331,0000,30
20030401,0000,30
20030402,0000,30
20030403,0000,30
20030404,0000,31
20030405,0000,31
20030406,0000,31
20030407,0000,31
20030408,0000,31
20030409,0000,31
20030410,0000,32
20030411,0000,32
20030412,0000,212
20030413,0000,651
20030414,0000,750
20030415,0000,750
20030416,0000,750
20030417,0000,750
20030418,0000,750
20030419,0000,680
20030420,0000,651
20030421,0000,652
20030422,0000,651
20030423,0000,652
20030424,0000,650
20030425,0000,712
20030426,0000,799
20030427,0000,804
20030428,0000,1249
20030429,0000,1631
20030430,0000,1448
20030501,0000,1318
20030502,0000,1030
20030503,0000,1928
20030504,0000,2164
20030505,0000,1920
20030506,0000,1359
20030507,0000,1334
20030508,0000,1388
20030509,0000,1285
20030510,0000,1131
20030511,0000,966
20030512,0000,955
20030513,0000,601
20030514,0000,361
20030515,0000,760
20030516,0000,801
20030517,0000,794
20030518,0000,671
20030519,0000,528
20030520,0000,505
20030521,0000,543
20030522,0000,552
20030523,0000,547
20030524,0000,556
20030525,0000,558
20030526,0000,553
20030527,0000,552
20030528,0000,555
20030529,0000,486
20030530,0000,422
20030531,0000,409
20030601,0000,370
20030602,0000,357
20030603,0000,368
20030604,0000,382
20030605,0000,408
20030606,0000,420
20030607,0000,421
20030608,0000,396
20030609,0000,364
20030610,0000,316
20030611,0000,304
20030612,0000,350
20030613,0000,355
20030614,0000,357
20030615,0000,372
20030616,0000,383
20030617,0000,381
20030618,0000,379
20030619,0000,379
20030620,0000,381
20030621,0000,331
20030622,0000,317
20030623,0000,328
20030624,0000,345
20030625,0000,370
20030626,0000,370
20030627,0000,376
20030628,0000,365
20030629,0000,383
20030630,0000,405
20030701,0000,412
20030702,0000,386
20030703,0000,309
20030704,0000,351
20030705,0000,318
20030706,0000,337
20030707,0000,342
20030708,0000,348
20030709,0000,361
20030710,0000,373
20030711,0000,399
20030712,0000,417
20030713,0000,414
20030714,0000,401
20030715,0000,382
20030716,0000,329
20030717,0000,327
20030718,0000,352
20030719,0000,370
20030720,0000,372
20030721,0000,396
20030722,0000,415
20030723,0000,438
20030724,0000,442
20030725,0000,423
20030726,0000,399
20030727,0000,368
20030728,0000,389
20030729,0000,423
20030730,0000,429
20030731,0000,m
20030801,0000,405
20030802,0000,372
20030803,0000,327
20030804,0000,328
20030805,0000,311
20030806,0000,359
20030807,0000,385
20030808,0000,365
20030809,0000,322
20030810,0000,339
20030811,0000,353
20030812,0000,359
20030813,0000,351
20030814,0000,378
20030815,0000,396
20030816,0000,396
20030817,0000,411
20030818,0000,423
20030819,0000,m
20030820,0000,343
20030821,0000,307
20030822,0000,353
20030823,0000,380
20030824,0000,342
20030825,0000,458
20030826,0000,531
20030827,0000,538
20030828,0000,540
20030829,0000,540
20030830,0000,530
20030831,0000,535
20030901,0000,598
20030902,0000,577
20030903,0000,613
20030904,0000,m
20030905,0000,631
20030906,0000,641
20030907,0000,614
20030908,0000,570
20030909,0000,556
20030910,0000,572
20030911,0000,535
20030912,0000,551
20030913,0000,566
20030914,0000,547
20030915,0000,429
20030916,0000,381
20030917,0000,345
20030918,0000,346
20030919,0000,343
20030920,0000,345
20030921,0000,324
20030922,0000,456
20030923,0000,541
20030924,0000,575
20030925,0000,556
20030926,0000,518
20030927,0000,491
20030928,0000,476
20030929,0000,343
20030930,0000,284
20031001,0000,285
20031002,0000,310
20031003,0000,315
20031004,0000,293
20031005,0000,280
20031006,0000,400
20031007,0000,471
20031008,0000,450
20031009,0000,454
20031010,0000,405
20031011,0000,349
20031012,0000,349
20031013,0000,443
20031014,0000,494
20031015,0000,501
20031016,0000,500
20031017,0000,405
20031018,0000,180
20031019,0000,117
20031020,0000,214
20031021,0000,291
20031022,0000,327
20031023,0000,296
20031024,0000,139
20031025,0000,49
20031026,0000,55
20031027,0000,161
20031028,0000,284
20031029,0000,302
20031030,0000,266
20031031,0000,150
20031101,0000,46
20031102,0000,32
20031103,0000,31
20031104,0000,31
20031105,0000,30
20031106,0000,30
20031107,0000,30
20031108,0000,31
20031109,0000,31
20031110,0000,31
20031111,0000,28
20031112,0000,33
20031113,0000,29
20031114,0000,30
20031115,0000,30
20031116,0000,30
20031117,0000,30
20031118,0000,29
20031119,0000,29
20031120,0000,28
20031121,0000,29
20031122,0000,29
20031123,0000,30
20031124,0000,30
20031125,0000,30
20031126,0000,30
20031127,0000,30
20031128,0000,30
20031129,0000,31
20031130,0000,30
20031201,0000,31
20031202,0000,30
20031203,0000,30
20031204,0000,30
20031205,0000,31
20031206,0000,31
20031207,0000,31
20031208,0000,31
20031209,0000,32
20031210,0000,88
20031211,0000,497
20031212,0000,1344
20031213,0000,1959
20031214,0000,2003
20031215,0000,1978
20031216,0000,2054
20031217,0000,2053
20031218,0000,2043
20031219,0000,2043
20031220,0000,2050
20031221,0000,m
20031222,0000,1755
20031223,0000,1578
20031224,0000,2906
20031225,0000,m
20031226,0000,4012
20031227,0000,m
20031228,0000,m
20031229,0000,4261
20031230,0000,4473
20031231,0000,m
20040101,0000,4946
20040102,0000,4499
20040103,0000,3176
20040104,0000,1671
20040105,0000,941
20040106,0000,678
20040107,0000,495
20040108,0000,397
20040109,0000,299
20040110,0000,301
20040111,0000,298
20040112,0000,m
20040113,0000,2068
20040114,0000,2008
20040115,0000,2016
20040116,0000,2030
20040117,0000,1386
20040118,0000,949
20040119,0000,m
20040120,0000,m
20040121,0000,785
20040122,0000,520
20040123,0000,217
20040124,0000,107
20040125,0000,103
20040126,0000,103
20040127,0000,105
20040128,0000,105
20040129,0000,106
20040130,0000,106
20040131,0000,107
20040201,0000,100
20040202,0000,94
20040203,0000,96
20040204,0000,98
20040205,0000,99
20040206,0000,99
20040207,0000,99
20040208,0000,100
20040209,0000,299
20040210,0000,500
20040211,0000,499
20040212,0000,496
20040213,0000,400
20040214,0000,160
20040215,0000,98
20040216,0000,103
20040217,0000,4601
20040218,0000,12566
20040219,0000,14253
20040220,0000,12301
20040221,0000,9281
20040222,0000,6363
20040223,0000,3947
20040224,0000,2690
20040225,0000,2677
20040226,0000,4769
20040227,0000,7255
20040228,0000,6542
20040229,0000,4394
20040301,0000,3101
20040302,0000,2473
20040303,0000,1994
20040304,0000,1520
20040305,0000,1078
20040306,0000,m
20040307,0000,727
20040308,0000,417
20040309,0000,219
20040310,0000,159
20040311,0000,125
20040312,0000,91
20040313,0000,92
20040314,0000,95
20040315,0000,95
20040316,0000,96
20040317,0000,96
20040318,0000,98
20040319,0000,68
20040320,0000,47
20040321,0000,47
20040322,0000,61
20040323,0000,159
20040324,0000,179
20040325,0000,154
20040326,0000,124
20040327,0000,96
20040328,0000,96
20040329,0000,121
20040330,0000,227
20040331,0000,315
20040401,0000,362
20040402,0000,406
20040403,0000,429
20040404,0000,486
20040405,0000,523
20040406,0000,514
20040407,0000,628
20040408,0000,636
20040409,0000,598
20040410,0000,567
20040411,0000,528
20040412,0000,528
20040413,0000,397
20040414,0000,378
20040415,0000,419
20040416,0000,414
20040417,0000,468
20040418,0000,448
20040419,0000,509
20040420,0000,518
20040421,0000,512
20040422,0000,430
20040423,0000,413
20040424,0000,394
20040425,0000,340
20040426,0000,333
20040427,0000,496
20040428,0000,738
20040429,0000,827
20040430,0000,964
20040501,0000,m
20040502,0000,971
20040503,0000,915
20040504,0000,884
20040505,0000,928
20040506,0000,899
20040507,0000,559
20040508,0000,268
20040509,0000,221
20040510,0000,226
20040511,0000,226
20040512,0000,244
20040513,0000,298
20040514,0000,363
20040515,0000,394
20040516,0000,389
20040517,0000,370
20040518,0000,345
20040519,0000,334
20040520,0000,296
20040521,0000,263
20040522,0000,212
20040523,0000,211
20040524,0000,268
20040525,0000,304
20040526,0000,351
20040527,0000,370
20040528,0000,360
20040529,0000,371
20040530,0000,342
20040531,0000,346
20040601,0000,351
20040602,0000,309
20040603,0000,259
20040604,0000,259
20040605,0000,298
20040606,0000,330
20040607,0000,350
20040608,0000,357
20040609,0000,367
20040610,0000,358
20040611,0000,345
20040612,0000,355
20040613,0000,345
20040614,0000,318
20040615,0000,282
20040616,0000,286
20040617,0000,291
20040618,0000,333
20040619,0000,343
20040620,0000,330
20040621,0000,342
20040622,0000,363
20040623,0000,363
20040624,0000,372
20040625,0000,387
20040626,0000,375
20040627,0000,338
20040628,0000,307
20040629,0000,277
20040630,0000,334
20040701,0000,361
20040702,0000,342
20040703,0000,339
20040704,0000,340
20040705,0000,367
20040706,0000,404
20040707,0000,390
20040708,0000,349
20040709,0000,294
20040710,0000,277
20040711,0000,281
20040712,0000,327
20040713,0000,320
20040714,0000,343
20040715,0000,368
20040716,0000,380
20040717,0000,361
20040718,0000,360
20040719,0000,361
20040720,0000,324
20040721,0000,296
20040722,0000,290
20040723,0000,314
20040724,0000,346
20040725,0000,348
20040726,0000,348
20040727,0000,345
20040728,0000,358
20040729,0000,374
20040730,0000,359
20040731,0000,356
20040801,0000,333
20040802,0000,311
20040803,0000,300
20040804,0000,285
20040805,0000,327
20040806,0000,329
20040807,0000,342
20040808,0000,365
20040809,0000,340
20040810,0000,332
20040811,0000,322
20040812,0000,355
20040813,0000,326
20040814,0000,308
20040815,0000,298
20040816,0000,283
20040817,0000,300
20040818,0000,304
20040819,0000,319
20040820,0000,347
20040821,0000,352
20040822,0000,354
20040823,0000,364
20040824,0000,339
20040825,0000,300
20040826,0000,268
20040827,0000,262
20040828,0000,307
20040829,0000,342
20040830,0000,334
20040831,0000,346
20040901,0000,342
20040902,0000,350
20040903,0000,368
20040904,0000,364
20040905,0000,319
20040906,0000,266
20040907,0000,244
20040908,0000,238
20040909,0000,285
20040910,0000,323
20040911,0000,313
20040912,0000,335
20040913,0000,358
20040914,0000,352
20040915,0000,309
20040916,0000,297
20040917,0000,273
20040918,0000,252
20040919,0000,205
20040920,0000,194
20040921,0000,179
20040922,0000,188
20040923,0000,244
20040924,0000,280
20040925,0000,276
20040926,0000,262
20040927,0000,277
20040928,0000,258
20040929,0000,235
20040930,0000,252
20041001,0000,245
20041002,0000,201
20041003,0000,162
20041004,0000,157
20041005,0000,162
20041006,0000,165
20041007,0000,180
20041008,0000,123
20041009,0000,57
20041010,0000,56
20041011,0000,222
20041012,0000,317
20041013,0000,296
20041014,0000,287
20041015,0000,160
20041016,0000,42
20041017,0000,41
20041018,0000,80
20041019,0000,49
20041020,0000,28
20041021,0000,28
20041022,0000,27
20041023,0000,27
20041024,0000,27
20041025,0000,27
20041026,0000,29
20041027,0000,31
20041028,0000,31
20041029,0000,31
20041030,0000,33
20041031,0000,35
20041101,0000,34
20041102,0000,34
20041103,0000,34
20041104,0000,34
20041105,0000,34
20041106,0000,34
20041107,0000,34
20041108,0000,159
20041109,0000,153
20041110,0000,86
20041111,0000,31
20041112,0000,30
20041113,0000,30
20041114,0000,30
20041115,0000,31
20041116,0000,32
20041117,0000,31
20041118,0000,30
20041119,0000,29
20041120,0000,29
20041121,0000,29
20041122,0000,29
20041123,0000,30
20041124,0000,30
20041125,0000,30
20041126,0000,29
20041127,0000,30
20041128,0000,30
20041129,0000,30
20041130,0000,30
20041201,0000,30
20041202,0000,30
20041203,0000,30
20041204,0000,30
20041205,0000,30
20041206,0000,31
20041207,0000,30
20041208,0000,28
20041209,0000,105
20041210,0000,236
20041211,0000,250
20041212,0000,254
20041213,0000,251
20041214,0000,245
20041215,0000,330
20041216,0000,421
20041217,0000,268
20041218,0000,150
20041219,0000,150
20041220,0000,151
20041221,0000,152
20041222,0000,152
20041223,0000,152
20041224,0000,152
20041225,0000,152
20041226,0000,153
20041227,0000,1407
20041228,0000,3870
20041229,0000,5588
20041230,0000,6183
20041231,0000,6121
20050101,0000,5976
20050102,0000,4222
20050103,0000,2795
20050104,0000,2006
20050105,0000,1056
20050106,0000,962
20050107,0000,972
20050108,0000,971
20050109,0000,966
20050110,0000,1953
20050111,0000,3135
20050112,0000,2583
20050113,0000,1588
20050114,0000,1084
20050115,0000,966
20050116,0000,961
20050117,0000,964
20050118,0000,963
20050119,0000,959
20050120,0000,958
20050121,0000,958
20050122,0000,960
20050123,0000,964
20050124,0000,965
20050125,0000,966
20050126,0000,973
20050127,0000,1084
20050128,0000,2260
20050129,0000,2504
20050130,0000,2318
20050131,0000,2320
20050201,0000,2319
20050202,0000,2002
20050203,0000,1518
20050204,0000,1079
20050205,0000,967
20050206,0000,966
20050207,0000,967
20050208,0000,966
20050209,0000,561
20050210,0000,241
20050211,0000,204
20050212,0000,204
20050213,0000,204
20050214,0000,204
20050215,0000,204
20050216,0000,204
20050217,0000,205
20050218,0000,206
20050219,0000,206
20050220,0000,197
20050221,0000,197
20050222,0000,2212
20050223,0000,6097
20050224,0000,6830
20050225,0000,5319
20050226,0000,3914
20050227,0000,3965
20050228,0000,2981
20050301,0000,1384
20050302,0000,901
20050303,0000,909
20050304,0000,909
20050305,0000,907
20050306,0000,908
20050307,0000,907
20050308,0000,654
20050309,0000,500
20050310,0000,374
20050311,0000,201
20050312,0000,201
20050313,0000,201
20050314,0000,201
20050315,0000,201
20050316,0000,203
20050317,0000,204
20050318,0000,204
20050319,0000,205
20050320,0000,206
20050321,0000,206
20050322,0000,5628
20050323,0000,12390
20050324,0000,7340
20050325,0000,3661
20050326,0000,1619
20050327,0000,795
20050328,0000,792
20050329,0000,801
20050330,0000,802
20050331,0000,793
20050401,0000,786
20050402,0000,786
20050403,0000,787
20050404,0000,786
20050405,0000,786
20050406,0000,786
20050407,0000,787
20050408,0000,1188
20050409,0000,1440
20050410,0000,1446
20050411,0000,1342
20050412,0000,1231
20050413,0000,1526
20050414,0000,1797
20050415,0000,1575
20050416,0000,1022
20050417,0000,767
20050418,0000,298
20050419,0000,42
20050420,0000,144
20050421,0000,201
20050422,0000,254
20050423,0000,288
20050424,0000,245
20050425,0000,193
20050426,0000,535
20050427,0000,901
20050428,0000,1050
20050429,0000,1092
20050430,0000,1060
20050501,0000,1065
20050502,0000,945
20050503,0000,546
20050504,0000,265
20050505,0000,561
20050506,0000,993
20050507,0000,1327
20050508,0000,751
20050509,0000,1489
20050510,0000,2543
20050511,0000,1942
20050512,0000,1750
20050513,0000,1613
20050514,0000,1475
20050515,0000,1446
20050516,0000,1305
20050517,0000,1019
20050518,0000,1251
20050519,0000,2545
20050520,0000,3098
20050521,0000,2705
20050522,0000,1006
20050523,0000,653
20050524,0000,1397
20050525,0000,1366
20050526,0000,1241
20050527,0000,1117
20050528,0000,999
20050529,0000,822
20050530,0000,702
20050531,0000,649
20050601,0000,540
20050602,0000,500
20050603,0000,436
20050604,0000,391
20050605,0000,421
20050606,0000,443
20050607,0000,476
20050608,0000,452
20050609,0000,460
20050610,0000,499
20050611,0000,494
20050612,0000,482
20050613,0000,457
20050614,0000,481
20050615,0000,452
20050616,0000,408
20050617,0000,400
20050618,0000,391
20050619,0000,396
20050620,0000,418
20050621,0000,491
20050622,0000,555
20050623,0000,585
20050624,0000,597
20050625,0000,576
20050626,0000,561
20050627,0000,508
20050628,0000,475
20050629,0000,489
20050630,0000,530
20050701,0000,529
20050702,0000,526
20050703,0000,529
20050704,0000,536
20050705,0000,557
20050706,0000,585
20050707,0000,579
20050708,0000,569
20050709,0000,514
20050710,0000,486
20050711,0000,516
20050712,0000,543
20050713,0000,557
20050714,0000,553
20050715,0000,554
20050716,0000,565
20050717,0000,566
20050718,0000,573
20050719,0000,577
20050720,0000,556
20050721,0000,518
20050722,0000,454
20050723,0000,366
20050724,0000,336
20050725,0000,308
20050726,0000,347
20050727,0000,365
20050728,0000,368
20050729,0000,388
20050730,0000,370
20050731,0000,329
20050801,0000,346
20050802,0000,343
20050803,0000,325
20050804,0000,335
20050805,0000,355
20050806,0000,370
20050807,0000,363
20050808,0000,372
20050809,0000,375
20050810,0000,447
20050811,0000,546
20050812,0000,521
20050813,0000,m
20050814,0000,507
20050815,0000,495
20050816,0000,470
20050817,0000,555
20050818,0000,625
20050819,0000,634
20050820,0000,637
20050821,0000,618
20050822,0000,640
20050823,0000,649
20050824,0000,615
20050825,0000,612
20050826,0000,590
20050827,0000,537
20050828,0000,530
20050829,0000,561
20050830,0000,587
20050831,0000,607
20050901,0000,638
20050902,0000,652
20050903,0000,673
20050904,0000,656
20050905,0000,626
20050906,0000,598
20050907,0000,595
20050908,0000,446
20050909,0000,345
20050910,0000,291
20050911,0000,249
20050912,0000,273
20050913,0000,308
20050914,0000,332
20050915,0000,357
20050916,0000,358
20050917,0000,349
20050918,0000,308
20050919,0000,301
20050920,0000,302
20050921,0000,266
20050922,0000,198
20050923,0000,226
20050924,0000,251
20050925,0000,256
20050926,0000,290
20050927,0000,303
20050928,0000,322
20050929,0000,341
20050930,0000,333
20051001,0000,284
20051002,0000,258
20051003,0000,255
20051004,0000,227
20051005,0000,206
20051006,0000,204
20051007,0000,162
20051008,0000,119
20051009,0000,122
20051010,0000,246
20051011,0000,331
20051012,0000,335
20051013,0000,345
20051014,0000,226
20051015,0000,122
20051016,0000,111
20051017,0000,251
20051018,0000,308
20051019,0000,260
20051020,0000,246
20051021,0000,161
20051022,0000,100
20051023,0000,99
20051024,0000,187
20051025,0000,230
20051026,0000,208
20051027,0000,215
20051028,0000,153
20051029,0000,103
20051030,0000,101
20051031,0000,143
20051101,0000,176
20051102,0000,151
20051103,0000,119
20051104,0000,84
20051105,0000,50
20051106,0000,50
20051107,0000,148
20051108,0000,153
20051109,0000,144
20051110,0000,135
20051111,0000,127
20051112,0000,120
20051113,0000,113
20051114,0000,102
20051115,0000,89
20051116,0000,90
20051117,0000,91
20051118,0000,256
20051119,0000,91
20051120,0000,91
20051121,0000,282
20051122,0000,150
20051123,0000,79
20051124,0000,31
20051125,0000,31
20051126,0000,32
20051127,0000,32
20051128,0000,32
20051129,0000,32
20051130,0000,32
20051201,0000,33
20051202,0000,32
20051203,0000,32
20051204,0000,32
20051205,0000,32
20051206,0000,56
20051207,0000,100
20051208,0000,105
20051209,0000,186
20051210,0000,254
20051211,0000,249
20051212,0000,250
20051213,0000,249
20051214,0000,249
20051215,0000,261
20051216,0000,270
20051217,0000,268
20051218,0000,270
20051219,0000,535
20051220,0000,949
20051221,0000,1556
20051222,0000,2615
20051223,0000,3443
20051224,0000,3889
20051225,0000,4028
20051226,0000,3989
20051227,0000,4379
20051228,0000,4922
20051229,0000,6423
20051230,0000,7783
20051231,0000,10929
20060101,0000,14225
20060102,0000,14985
20060103,0000,13991
20060104,0000,12409
20060105,0000,10399
20060106,0000,8046
20060107,0000,7052
20060108,0000,6688
20060109,0000,4990
20060110,0000,2739
20060111,0000,1158
20060112,0000,384
20060113,0000,287
20060114,0000,290
20060115,0000,288
20060116,0000,289
20060117,0000,290
20060118,0000,291
20060119,0000,290
20060120,0000,289
20060121,0000,290
20060122,0000,m
20060123,0000,290
20060124,0000,290
20060125,0000,290
20060126,0000,290
20060127,0000,516
20060128,0000,852
20060129,0000,857
20060130,0000,858
20060131,0000,845
20060201,0000,844
20060202,0000,1173
20060203,0000,1679
20060204,0000,1632
20060205,0000,1467
20060206,0000,1226
20060207,0000,1077
20060208,0000,1022
20060209,0000,986
20060210,0000,986
20060211,0000,986
20060212,0000,986
20060213,0000,986
20060214,0000,774
20060215,0000,462
20060216,0000,319
20060217,0000,325
20060218,0000,325
20060219,0000,325
20060220,0000,325
20060221,0000,214
20060222,0000,113
20060223,0000,133
20060224,0000,92
20060225,0000,60
20060226,0000,60
20060227,0000,330
20060228,0000,589
20060301,0000,1732
20060302,0000,3007
20060303,0000,3483
20060304,0000,3569
20060305,0000,3598
20060306,0000,3956
20060307,0000,3703
20060308,0000,2581
20060309,0000,1827
20060310,0000,1910
20060311,0000,2700
20060312,0000,2836
20060313,0000,2800
20060314,0000,2790
20060315,0000,2444
20060316,0000,1976
20060317,0000,1698
20060318,0000,1675
20060319,0000,1689
20060320,0000,1348
20060321,0000,814
20060322,0000,530
20060323,0000,399
20060324,0000,692
20060325,0000,856
20060326,0000,894
20060327,0000,1234
20060328,0000,2472
20060329,0000,2434
20060330,0000,2383
20060331,0000,3429
20060401,0000,3715
20060402,0000,3703
20060403,0000,4074
20060404,0000,5787
20060405,0000,6300
20060406,0000,5591
20060407,0000,3907
20060408,0000,3212
20060409,0000,3059
20060410,0000,2630
20060411,0000,2509
20060412,0000,6777
20060413,0000,11193
20060414,0000,10483
20060415,0000,8184
20060416,0000,5484
20060417,0000,4148
20060418,0000,3009
20060419,0000,1316
20060420,0000,344
20060421,0000,224
20060422,0000,206
20060423,0000,206
20060424,0000,909
20060425,0000,2631
20060426,0000,3518
20060427,0000,3109
20060428,0000,3126
20060429,0000,3135
20060430,0000,2678
20060501,0000,1158
20060502,0000,346
20060503,0000,1139
20060504,0000,1498
20060505,0000,1480
20060506,0000,1156
20060507,0000,951
20060508,0000,974
20060509,0000,931
20060510,0000,908
20060511,0000,771
20060512,0000,731
20060513,0000,741
20060514,0000,706
20060515,0000,655
20060516,0000,662
20060517,0000,766
20060518,0000,827
20060519,0000,869
20060520,0000,963
20060521,0000,955
20060522,0000,902
20060523,0000,1011
20060524,0000,1069
20060525,0000,1014
20060526,0000,901
20060527,0000,692
20060528,0000,532
20060529,0000,509
20060530,0000,538
20060531,0000,585
20060601,0000,626
20060602,0000,636
20060603,0000,630
20060604,0000,611
20060605,0000,652
20060606,0000,678
20060607,0000,653
20060608,0000,619
20060609,0000,556
20060610,0000,479
20060611,0000,403
20060612,0000,380
20060613,0000,367
20060614,0000,350
20060615,0000,334
20060616,0000,374
20060617,0000,396
20060618,0000,397
20060619,0000,410
20060620,0000,401
20060621,0000,391
20060622,0000,358
20060623,0000,340
20060624,0000,380
20060625,0000,421
20060626,0000,419
20060627,0000,397
20060628,0000,383
20060629,0000,380
20060630,0000,403
20060701,0000,425
20060702,0000,414
20060703,0000,410
20060704,0000,370
20060705,0000,353
20060706,0000,364
20060707,0000,373
20060708,0000,341
20060709,0000,339
20060710,0000,389
20060711,0000,410
20060712,0000,408
20060713,0000,382
20060714,0000,356
20060715,0000,364
20060716,0000,313
20060717,0000,305
20060718,0000,343
20060719,0000,415
20060720,0000,446
20060721,0000,437
20060722,0000,424
20060723,0000,438
20060724,0000,444
20060725,0000,396
20060726,0000,383
20060727,0000,399
20060728,0000,420
20060729,0000,405
20060730,0000,394
20060731,0000,430
20060801,0000,443
20060802,0000,424
20060803,0000,417
20060804,0000,407
20060805,0000,423
20060806,0000,427
20060807,0000,412
20060808,0000,395
20060809,0000,394
20060810,0000,392
20060811,0000,408
20060812,0000,417
20060813,0000,405
20060814,0000,397
20060815,0000,415
20060816,0000,419
20060817,0000,438
20060818,0000,441
20060819,0000,443
20060820,0000,394
20060821,0000,399
20060822,0000,401
20060823,0000,422
20060824,0000,454
20060825,0000,477
20060826,0000,484
20060827,0000,479
20060828,0000,480
20060829,0000,461
20060830,0000,417
20060831,0000,382
20060901,0000,395
20060902,0000,403
20060903,0000,397
20060904,0000,402
20060905,0000,435
20060906,0000,434
20060907,0000,408
20060908,0000,409
20060909,0000,452
20060910,0000,432
20060911,0000,449
20060912,0000,464
20060913,0000,430
20060914,0000,330
20060915,0000,215
20060916,0000,187
20060917,0000,204
20060918,0000,237
20060919,0000,284
20060920,0000,271
20060921,0000,292
20060922,0000,302
20060923,0000,291
20060924,0000,310
20060925,0000,299
20060926,0000,283
20060927,0000,283
20060928,0000,276
20060929,0000,180
20060930,0000,105
20061001,0000,108
20061002,0000,237
20061003,0000,321
20061004,0000,310
20061005,0000,280
20061006,0000,173
20061007,0000,104
20061008,0000,105
20061009,0000,284
20061010,0000,340
20061011,0000,264
20061012,0000,235
20061013,0000,156
20061014,0000,102
20061015,0000,105
20061016,0000,193
20061017,0000,304
20061018,0000,313
20061019,0000,238
20061020,0000,144
20061021,0000,108
20061022,0000,108
20061023,0000,228
20061024,0000,286
20061025,0000,260
20061026,0000,201
20061027,0000,141
20061028,0000,107
20061029,0000,106
20061030,0000,190
20061031,0000,236
20061101,0000,177
20061102,0000,103
20061103,0000,62
20061104,0000,57
20061105,0000,51
20061106,0000,51
20061107,0000,m
20061108,0000,51
20061109,0000,50
20061110,0000,50
20061111,0000,50
20061112,0000,50
20061113,0000,42
20061114,0000,34
20061115,0000,31
20061116,0000,31
20061117,0000,48
20061118,0000,92
20061119,0000,100
20061120,0000,100
20061121,0000,100
20061122,0000,100
20061123,0000,100
20061124,0000,100
20061125,0000,100
20061126,0000,99
20061127,0000,94
20061128,0000,101
20061129,0000,107
20061130,0000,107
20061201,0000,100
20061202,0000,98
20061203,0000,99
20061204,0000,101
20061205,0000,114
20061206,0000,214
20061207,0000,221
20061208,0000,127
20061209,0000,35
20061210,0000,35
20061211,0000,35
20061212,0000,51
20061213,0000,96
20061214,0000,101
20061215,0000,104
20061216,0000,101
20061217,0000,99
20061218,0000,161
20061219,0000,258
20061220,0000,370
20061221,0000,471
20061222,0000,373
20061223,0000,302
20061224,0000,302
20061225,0000,302
20061226,0000,302
20061227,0000,296
20061228,0000,297
20061229,0000,296
20061230,0000,299
20061231,0000,301
20070101,0000,297
20070102,0000,299
20070103,0000,364
20070104,0000,499
20070105,0000,498
20070106,0000,497
20070107,0000,497
20070108,0000,499
20070109,0000,672
20070110,0000,754
20070111,0000,m

