Date,PST,Inflow
19900101,0000,3795
19900102,0000,3874
19900103,0000,2981
19900104,0000,3252
19900105,0000,3516
19900106,0000,3993
19900107,0000,9399
19900108,0000,16497
19900109,0000,11576
19900110,0000,8064
19900111,0000,7868
19900112,0000,10137
19900113,0000,20486
19900114,0000,12448
19900115,0000,9702
19900116,0000,9143
19900117,0000,5984
19900118,0000,7180
19900119,0000,5823
19900120,0000,3334
19900121,0000,3421
19900122,0000,5148
19900123,0000,4789
19900124,0000,7111
19900125,0000,5052
19900126,0000,5225
19900127,0000,7520
19900128,0000,3828
19900129,0000,4261
19900130,0000,5542
19900131,0000,5524
19900201,0000,5203
19900202,0000,4790
19900203,0000,5137
19900204,0000,4138
19900205,0000,5322
19900206,0000,5642
19900207,0000,5310
19900208,0000,5400
19900209,0000,5284
19900210,0000,3311
19900211,0000,4434
19900212,0000,3606
19900213,0000,4359
19900214,0000,4501
19900215,0000,5045
19900216,0000,5765
19900217,0000,5651
19900218,0000,4765
19900219,0000,4476
19900220,0000,4727
19900221,0000,5118
19900222,0000,4929
19900223,0000,4968
19900224,0000,3420
19900225,0000,4803
19900226,0000,5369
19900227,0000,7162
19900228,0000,6292
19900301,0000,7074
19900302,0000,11413
19900303,0000,14450
19900304,0000,13609
19900305,0000,13590
19900306,0000,7364
19900307,0000,7240
19900308,0000,9005
19900309,0000,5664
19900310,0000,10488
19900311,0000,9706
19900312,0000,9232
19900313,0000,6974
19900314,0000,8081
19900315,0000,7738
19900316,0000,9814
19900317,0000,8119
19900318,0000,7367
19900319,0000,6155
19900320,0000,5584
19900321,0000,6158
19900322,0000,5313
19900323,0000,6418
19900324,0000,5048
19900325,0000,5591
19900326,0000,4862
19900327,0000,5509
19900328,0000,4343
19900329,0000,4665
19900330,0000,5477
19900331,0000,5886
19900401,0000,5309
19900402,0000,5230
19900403,0000,4230
19900404,0000,4611
19900405,0000,3852
19900406,0000,5039
19900407,0000,3568
19900408,0000,4535
19900409,0000,4754
19900410,0000,4126
19900411,0000,5407
19900412,0000,4569
19900413,0000,4235
19900414,0000,2703
19900415,0000,2895
19900416,0000,4263
19900417,0000,5152
19900418,0000,4603
19900419,0000,3628
19900420,0000,4972
19900421,0000,3929
19900422,0000,2693
19900423,0000,4908
19900424,0000,4161
19900425,0000,4787
19900426,0000,5040
19900427,0000,5675
19900428,0000,1687
19900429,0000,1966
19900430,0000,2527
19900501,0000,3436
19900502,0000,3668
19900503,0000,3020
19900504,0000,3885
19900505,0000,2425
19900506,0000,2593
19900507,0000,2673
19900508,0000,3648
19900509,0000,3669
19900510,0000,3079
19900511,0000,2985
19900512,0000,2596
19900513,0000,1850
19900514,0000,3961
19900515,0000,4320
19900516,0000,4346
19900517,0000,3974
19900518,0000,3413
19900519,0000,2051
19900520,0000,3864
19900521,0000,6318
19900522,0000,15315
19900523,0000,17578
19900524,0000,11869
19900525,0000,9267
19900526,0000,8364
19900527,0000,29852
19900528,0000,30582
19900529,0000,17828
19900530,0000,18516
19900531,0000,18533
19900601,0000,14977
19900602,0000,11201
19900603,0000,9151
19900604,0000,8024
19900605,0000,10448
19900606,0000,8984
19900607,0000,6040
19900608,0000,5889
19900609,0000,5241
19900610,0000,5709
19900611,0000,6342
19900929,0000,4598
19900930,0000,1591
19940101,0000,1624
19940102,0000,3455
19940103,0000,3157
19940104,0000,5238
19940105,0000,5529
19940106,0000,4046
19940107,0000,4586
19940108,0000,2928
19940109,0000,2975
19940110,0000,4641
19940111,0000,4483
19940112,0000,3642
19940113,0000,4722
19940114,0000,4489
19940115,0000,2340
19940116,0000,2624
19940117,0000,4392
19940118,0000,4223
19940119,0000,4221
19940120,0000,3811
19940121,0000,4306
19940122,0000,4322
19940123,0000,8654
19940124,0000,17220
19940125,0000,13368
19940126,0000,9201
19940127,0000,7587
19940128,0000,6963
19940129,0000,3650
19940130,0000,4065
19940131,0000,6455
19941101,0000,3036
19941102,0000,3036
19941103,0000,3658
19941104,0000,2508
19941105,0000,4667
19941106,0000,3122
19941107,0000,3439
19941108,0000,2110
19941109,0000,3188
19941110,0000,8412
19941111,0000,2782
19941112,0000,4599
19941113,0000,3058
19941114,0000,3058
19941115,0000,4458
19941116,0000,3556
19941117,0000,3794
19941118,0000,3265
19941119,0000,3846
19941120,0000,3001
19941121,0000,1480
19941122,0000,3838
19941123,0000,3489
19941124,0000,3859
19941125,0000,1987
19941126,0000,2542
19941127,0000,2480
19941128,0000,4288
19941129,0000,3507
19941130,0000,2869
19941201,0000,3692
19941202,0000,4247
19941203,0000,2965
19941204,0000,4911
19941205,0000,3851
19941206,0000,4787
19941207,0000,2975
19941208,0000,2563
19941209,0000,3710
19941210,0000,4084
19941211,0000,3840
19941212,0000,3840
19941213,0000,3417
19941214,0000,3417
19941215,0000,7037
19941216,0000,3725
19941217,0000,5627
19941218,0000,4059
19941219,0000,2979
19941220,0000,4760
19941221,0000,4509
19941222,0000,4110
19941223,0000,3132
19941224,0000,3132
19941225,0000,4047
19941226,0000,2150
19941227,0000,3588
19941228,0000,3765
19941229,0000,4204
19941230,0000,3779
19941231,0000,4199
19950101,0000,4462
19950102,0000,4462
19950103,0000,2384
19950104,0000,5401
19950105,0000,5401
19950106,0000,5301
19950107,0000,9447
19950108,0000,20358
19950109,0000,55871
19950110,0000,110041
19950111,0000,79369
19950112,0000,68402
19950113,0000,82183
19950114,0000,91136
19950115,0000,91136
19950116,0000,49557
19950117,0000,35368
19950118,0000,26526
19950119,0000,20989
19950120,0000,17293
19950121,0000,15214
19950122,0000,13497
19950123,0000,18226
19950124,0000,27715
19950125,0000,27558
19950126,0000,25093
19950127,0000,23724
19950128,0000,23257
19950129,0000,23257
19950130,0000,23074
19950131,0000,30576
19950201,0000,45672
19950202,0000,49566
19950203,0000,36003
19950204,0000,23566
19950205,0000,20762
19950206,0000,20762
19950207,0000,18460
19950208,0000,16934
19950209,0000,16046
19950210,0000,14310
19950211,0000,14310
19950212,0000,13642
19950213,0000,12858
19950214,0000,13520
19950215,0000,11922
19950216,0000,11922
19950217,0000,10642
19950218,0000,10774
19950219,0000,10460
19950220,0000,10321
19950221,0000,8376
19950222,0000,9115
19950223,0000,9115
19950224,0000,10022
19950225,0000,10029
19950226,0000,8572
19950227,0000,8572
19950228,0000,8477
19950301,0000,9794
19950302,0000,9794
19950303,0000,16394
19950304,0000,21903
19950305,0000,17885
19950306,0000,17330
19950307,0000,14914
19950308,0000,13842
19950309,0000,20824
19950310,0000,86758
19950311,0000,91520
19950312,0000,88468
19950313,0000,65535
19950314,0000,66395
19950315,0000,100590
19950316,0000,66729
19950317,0000,45947
19950318,0000,13567
19950319,0000,35339
19950320,0000,30183
19950321,0000,44052
19950322,0000,42394
19950323,0000,44292
19950324,0000,37908
19950325,0000,30817
19950326,0000,27051
19950327,0000,23777
19950328,0000,22053
19950329,0000,20395
19950330,0000,19713
19950331,0000,18881
19950401,0000,17496
19950402,0000,17225
19950403,0000,15822
19950404,0000,15366
19950405,0000,16081
19950406,0000,28348
19950407,0000,57515
19950408,0000,43502
19950409,0000,31374
19950410,0000,26356
19950411,0000,22601
19950412,0000,21516
19950413,0000,24638
19950414,0000,21459
19950415,0000,19557
19950416,0000,17700
19950417,0000,16483
19950418,0000,16369
19950419,0000,15420
19950420,0000,15433
19950421,0000,14329
19950422,0000,14074
19950423,0000,13285
19950424,0000,12937
19950425,0000,13178
19950426,0000,12795
19950427,0000,14230
19950428,0000,14567
19950429,0000,24809
19950430,0000,25591
19950501,0000,40037
19950502,0000,36546
19950503,0000,33904
19950504,0000,31431
19950505,0000,27663
19950506,0000,25215
19950507,0000,22666
19950508,0000,20618
19950509,0000,19709
19950510,0000,18914
19950511,0000,17943
19950512,0000,17457
19950513,0000,16611
19950514,0000,15535
19950515,0000,15520
19950516,0000,14667
19950517,0000,14470
19950518,0000,13647
19950519,0000,13011
19950520,0000,13480
19950521,0000,12363
19950522,0000,12652
19950523,0000,12833
19950524,0000,11753
19950525,0000,11266
19950526,0000,11356
19950527,0000,10610
19950528,0000,10357
19950529,0000,11062
19950530,0000,9622
19950531,0000,9947
19950601,0000,9237
19950602,0000,9572
19950603,0000,10131
19950604,0000,7951
19950605,0000,8201
19950606,0000,8536
19950607,0000,8351
19950608,0000,8913
19950609,0000,7910
19950610,0000,7186
19950611,0000,6873
19950612,0000,7815
19950613,0000,7625
19950614,0000,12741
19950615,0000,10852
19950616,0000,9377
19950617,0000,8926
19950618,0000,7946
19950619,0000,8527
19950620,0000,8487
19950621,0000,8560
19950622,0000,7989
19950623,0000,8726
19950624,0000,7820
19950625,0000,8213
19950626,0000,7659
19950627,0000,7883
19950628,0000,7325
19950629,0000,7799
19950630,0000,8271
19950701,0000,4459
19950702,0000,3264
19950703,0000,5957
19950704,0000,6318
19950705,0000,6169
19950706,0000,5816
19950707,0000,7239
19950708,0000,4939
19950709,0000,2730
19950710,0000,5323
19950711,0000,5926
19950712,0000,5068
19950713,0000,5567
19950714,0000,5275
19950715,0000,5557
19950716,0000,4357
19950717,0000,5390
19950718,0000,6272
19950719,0000,5903
19950720,0000,6687
19950721,0000,6472
19950722,0000,6120
19950723,0000,6121
19950724,0000,3376
19950725,0000,3964
19950726,0000,4679
19950727,0000,4299
19950728,0000,m
19950729,0000,6324
19950730,0000,6522
19950731,0000,5529
19950801,0000,3790
19950802,0000,2950
19950803,0000,3584
19950804,0000,5019
19950805,0000,5011
19950806,0000,4087
19950807,0000,3640
19950808,0000,2813
19950809,0000,4326
19950810,0000,3667
19950811,0000,m
19950812,0000,m
19950813,0000,3741
19950814,0000,3954
19950815,0000,4222
19950816,0000,4302
19950817,0000,4880
19950818,0000,4875
19950819,0000,12136
19950820,0000,3707
19950821,0000,4749
19950822,0000,6329
19950823,0000,1466
19950824,0000,4486
19950825,0000,5083
19950826,0000,m
19950827,0000,2589
19950828,0000,4382
19950829,0000,4803
19950830,0000,5191
19950831,0000,3506
19950901,0000,m
19950902,0000,m
19950903,0000,m
19950904,0000,3325
19950905,0000,5325
19950906,0000,4640
19950907,0000,3583
19950908,0000,4777
19950909,0000,2364
19950910,0000,2762
19950911,0000,9193
19950912,0000,2783
19950913,0000,3092
19950914,0000,4128
19950915,0000,4781
19950916,0000,2757
19950917,0000,3251
19950918,0000,4038
19950919,0000,3640
19950920,0000,4749
19950921,0000,4745
19950922,0000,4227
19950923,0000,3446
19950924,0000,1766
19950925,0000,3750
19950926,0000,5425
19950927,0000,4763
19950928,0000,3824
19950929,0000,4009
19950930,0000,3610
19951001,0000,m
19951002,0000,5240
19951003,0000,3800
19951004,0000,3455
19951005,0000,4245
19951006,0000,4468
19951007,0000,2634
19951008,0000,3213
19951009,0000,5217
19951010,0000,3552
19951011,0000,4846
19951012,0000,4856
19951013,0000,4157
19951014,0000,3565
19951015,0000,3517
19951016,0000,3826
19951017,0000,4848
19951018,0000,3887
19951019,0000,3461
19951020,0000,4274
19951021,0000,4039
19951022,0000,3775
19951023,0000,4451
19951024,0000,3613
19951025,0000,4252
19951026,0000,4179
19951027,0000,3845
19951028,0000,5636
19951029,0000,3851
19951030,0000,5173
19951031,0000,3835
19951101,0000,4663
19951102,0000,4071
19951103,0000,4235
19951104,0000,3154
19951105,0000,2768
19951106,0000,3879
19951107,0000,4222
19951108,0000,4302
19951109,0000,m
19951110,0000,4441
19951111,0000,4095
19951112,0000,3440
19951113,0000,3426
19951114,0000,3868
19951115,0000,4059
19951116,0000,3597
19951117,0000,3988
19951118,0000,3549
19951119,0000,3253
19951120,0000,4421
19951121,0000,3685
19951122,0000,4556
19951123,0000,2559
19951124,0000,4374
19951125,0000,3287
19951126,0000,2705
19951127,0000,3808
19951128,0000,3563
19951129,0000,2603
19951130,0000,3489
19951201,0000,4635
19951202,0000,3734
19951203,0000,4410
19951204,0000,4885
19951205,0000,4684
19951206,0000,5448
19951207,0000,4371
19951208,0000,4591
19951209,0000,5302
19951210,0000,6862
19951211,0000,12831
19951212,0000,29009
19951213,0000,14179
19951214,0000,13874
19951215,0000,25809
19951216,0000,14400
19951217,0000,10342
19951218,0000,8429
19951219,0000,5541
19951220,0000,6658
19951221,0000,7432
19951222,0000,5433
19951223,0000,5952
19951224,0000,5771
19951225,0000,4836
19951226,0000,4871
19951227,0000,4810
19951228,0000,4003
19951229,0000,7149
19951230,0000,6224
19951231,0000,6037
19960101,0000,6528
19960102,0000,6881
19960103,0000,5811
19960104,0000,4975
19960105,0000,5716
19960106,0000,4147
19960107,0000,5422
19960108,0000,4725
19960109,0000,6092
19960110,0000,6745
19960111,0000,5134
19960112,0000,7737
19960113,0000,6438
19960114,0000,5437
19960115,0000,6457
19960116,0000,14037
19960117,0000,14748
19960118,0000,13443
19960119,0000,8458
19960120,0000,14698
19960121,0000,14373
19960122,0000,10621
19960123,0000,9796
19960124,0000,13311
19960125,0000,13994
19960126,0000,11000
19960127,0000,12888
19960128,0000,11871
19960129,0000,11192
19960130,0000,9274
19960131,0000,7906
19960201,0000,10699
19960202,0000,9199
19960203,0000,11278
19960204,0000,25516
19960205,0000,46591
19960206,0000,32139
19960207,0000,30502
19960208,0000,25741
19960209,0000,22836
19960210,0000,21474
19960211,0000,18775
19960212,0000,17057
19960213,0000,15827
19960214,0000,13771
19960215,0000,13034
19960216,0000,14566
19960217,0000,39415
19960218,0000,52064
19960219,0000,57103
19960220,0000,61542
19960221,0000,68882
19960222,0000,43896
19960223,0000,34650
19960224,0000,29184
19960225,0000,22809
19960226,0000,21288
19960227,0000,18906
19960228,0000,20493
19960229,0000,24373
19960301,0000,20174
19960302,0000,18748
19960303,0000,18915
19960304,0000,31953
19960305,0000,31179
19960306,0000,25644
19960307,0000,22893
19960308,0000,19514
19960309,0000,19622
19960310,0000,19733
19960311,0000,24731
19960312,0000,23085
19960313,0000,20727
19960314,0000,19655
19960315,0000,17159
19960317,0000,15383
19960318,0000,13762
19960319,0000,14230
19960320,0000,13745
19960321,0000,12033
19960322,0000,11392
19960323,0000,12728
19960324,0000,12338
19960325,0000,10822
19960326,0000,9558
19960327,0000,12111
19960328,0000,10279
19960329,0000,9864
19960330,0000,10267
19960331,0000,10393
19960401,0000,15127
19960402,0000,13502
19960403,0000,12601
19960404,0000,12488
19960405,0000,12131
19960406,0000,12043
19960407,0000,10330
19960408,0000,11015
19960409,0000,11586
19960410,0000,10396
19960411,0000,9685
19960412,0000,10425
19960413,0000,9807
19960414,0000,11175
19960415,0000,11767
19960416,0000,12355
19960417,0000,11668
19960418,0000,10881
19960419,0000,11988
19960420,0000,11491
19960421,0000,11036
19960422,0000,10970
19960423,0000,10424
19960424,0000,14686
19960425,0000,12078
19960426,0000,12010
19960427,0000,10361
19960428,0000,11384
19960429,0000,10070
19960430,0000,10664
19960501,0000,10013
19960502,0000,8993
19960503,0000,9704
19960504,0000,9303
19960505,0000,8679
19960506,0000,8011
19960507,0000,8337
19960508,0000,8301
19960509,0000,7901
19960510,0000,8119
19960511,0000,7631
19960512,0000,7630
19960513,0000,7602
19960514,0000,7114
19960515,0000,7783
19960516,0000,16769
19960517,0000,34820
19960518,0000,38694
19960519,0000,24473
19960520,0000,17841
19960521,0000,19772
19960522,0000,17050
19960523,0000,15034
19960524,0000,14428
19960525,0000,14680
19960526,0000,12386
19960527,0000,12047
19960528,0000,12246
19960529,0000,11918
19960530,0000,10163
19960531,0000,m
19960601,0000,9848
19960602,0000,8895
19960603,0000,8864
19960604,0000,8817
19960605,0000,7736
19960606,0000,10995
19960607,0000,8072
19960608,0000,5937
19960609,0000,4909
19960610,0000,5560
19960611,0000,7703
19960612,0000,7465
19960613,0000,6125
19960614,0000,6773
19960615,0000,8167
19960616,0000,5921
19960617,0000,5846
19960618,0000,4946
19960619,0000,4602
19960620,0000,4982
19960621,0000,7276
19960622,0000,3386
19960623,0000,5413
19960624,0000,4542
19960625,0000,5451
19960626,0000,5747
19960627,0000,5982
19960628,0000,4944
19960629,0000,4762
19960630,0000,3510
19960701,0000,3149
19960702,0000,6242
19960703,0000,4988
19960704,0000,5548
19960705,0000,4824
19960706,0000,4501
19960707,0000,4308
19960708,0000,4194
19960709,0000,5482
19960710,0000,5725
19960711,0000,5098
19960712,0000,3603
19960713,0000,4504
19960714,0000,2305
19960715,0000,3452
19960716,0000,4379
19960717,0000,4969
19960718,0000,5634
19960719,0000,3190
19960720,0000,4873
19960721,0000,2712
19960722,0000,3603
19960723,0000,4921
19960724,0000,4926
19960725,0000,3425
19960726,0000,5117
19960727,0000,2490
19960728,0000,2379
19960729,0000,4550
19960730,0000,4518
19960731,0000,4280
19960801,0000,4546
19960802,0000,4210
19960803,0000,2655
19960804,0000,3532
19960805,0000,4460
19960806,0000,4965
19960807,0000,4325
19960808,0000,5460
19960809,0000,5615
19960810,0000,4986
19960811,0000,1516
19960812,0000,4280
19960813,0000,4596
19960814,0000,4350
19960815,0000,3836
19960816,0000,3803
19960817,0000,3036
19960818,0000,2719
19960819,0000,5397
19960820,0000,4200
19960821,0000,6299
19960822,0000,4300
19960823,0000,5237
19960824,0000,2554
19960825,0000,3298
19960826,0000,4447
19960827,0000,4900
19960828,0000,4112
19960829,0000,4609
19960830,0000,4828
19960831,0000,3117
19960901,0000,2549
19960902,0000,3389
19960903,0000,4656
19960904,0000,4506
19960905,0000,4513
19960906,0000,4573
19960907,0000,3271
19960908,0000,3360
19960909,0000,3583
19960910,0000,3816
19960911,0000,3948
19960912,0000,3743
19960913,0000,5495
19960914,0000,5435
19960915,0000,2687
19960916,0000,4155
19960917,0000,3686
19960918,0000,3781
19960919,0000,4391
19960920,0000,4905
19960921,0000,3418
19960922,0000,2854
19960923,0000,5060
19960924,0000,4344
19960925,0000,4520
19960926,0000,4377
19960927,0000,4228
19960928,0000,2750
19960929,0000,2388
19960930,0000,3742
19961001,0000,4957
19961002,0000,4683
19961003,0000,4522
19961004,0000,5373
19961005,0000,3464
19961006,0000,4489
19961007,0000,4326
19961008,0000,4134
19961009,0000,3685
19961010,0000,4770
19961011,0000,4850
19961012,0000,4022
19961013,0000,2884
19961014,0000,3466
19961015,0000,4046
19961016,0000,4438
19961017,0000,4248
19961018,0000,4052
19961019,0000,4259
19961020,0000,3259
19961021,0000,2777
19961022,0000,4572
19961023,0000,4223
19961024,0000,4176
19961025,0000,2707
19961026,0000,3597
19961027,0000,4421
19961028,0000,3592
19961029,0000,6943
19961030,0000,3675
19961031,0000,3583
19961101,0000,4414
19961102,0000,4132
19961103,0000,3795
19961104,0000,3768
19961105,0000,4439
19961106,0000,3806
19961107,0000,4292
19961108,0000,m
19961109,0000,4266
19961110,0000,3529
19961111,0000,3849
19961112,0000,3567
19961113,0000,4429
19961114,0000,4384
19961115,0000,4599
19961116,0000,4645
19961117,0000,5455
19961118,0000,15403
19961119,0000,20367
19961120,0000,14271
19961121,0000,11286
19961122,0000,14690
19961123,0000,10480
19961124,0000,8200
19961125,0000,7063
19961126,0000,5924
19961127,0000,5474
19961128,0000,5737
19961129,0000,5627
19961130,0000,5087
19961201,0000,5058
19961202,0000,4091
19961203,0000,6348
19961204,0000,11342
19961205,0000,8760
19961206,0000,7369
19961207,0000,16757
19961208,0000,29775
19961209,0000,65306
19961210,0000,62701
19961211,0000,33556
19961212,0000,28863
19961213,0000,28031
19961214,0000,20351
19961215,0000,16079
19961216,0000,14546
19961217,0000,12580
19961218,0000,11096
19961219,0000,9829
19961220,0000,11265
19961221,0000,10531
19961222,0000,9372
19961223,0000,10886
19961224,0000,9201
19961225,0000,9660
19961226,0000,11576
19961227,0000,16241
19961228,0000,37622
19961229,0000,75865
19961230,0000,99838
19961231,0000,163294
19970101,0000,215246
19970102,0000,119344
19970103,0000,70515
19970104,0000,56779
19970105,0000,43752
19970106,0000,35384
19970107,0000,29276
19970108,0000,21027
19970109,0000,21677
19970110,0000,18604
19970111,0000,16560
19970112,0000,15403
19970113,0000,12763
19970114,0000,11664
19970115,0000,8947
19970116,0000,10065
19970117,0000,9097
19970118,0000,10717
19970119,0000,9910
19970120,0000,10249
19970121,0000,15192
19970122,0000,16806
19970123,0000,14266
19970124,0000,14149
19970125,0000,17708
19970126,0000,51205
19970127,0000,36682
19970128,0000,35716
19970129,0000,28983
19970130,0000,26378
19970131,0000,24655
19970201,0000,23207
19970202,0000,21792
19970203,0000,20618
19970204,0000,20458
19970205,0000,17657
19970206,0000,16159
19970207,0000,15144
19970208,0000,13660
19970209,0000,13447
19970210,0000,12532
19970211,0000,12382
19970212,0000,11881
19970213,0000,11838
19970214,0000,11736
19970215,0000,11532
19970216,0000,11452
19970217,0000,10643
19970218,0000,8980
19970219,0000,11157
19970220,0000,10475
19970221,0000,10967
19970222,0000,8837
19970223,0000,8903
19970224,0000,8115
19970225,0000,9585
19970226,0000,8363
19970227,0000,8928
19970228,0000,8202
19970301,0000,8696
19970302,0000,9716
19970303,0000,8292
19970304,0000,7887
19970305,0000,8475
19970306,0000,8477
19970307,0000,7929
19970308,0000,8555
19970309,0000,6194
19970310,0000,7140
19970311,0000,7498
19970312,0000,7214
19970313,0000,7176
19970314,0000,7648
19970315,0000,8187
19970316,0000,9457
19970317,0000,9610
19970318,0000,7517
19970319,0000,8668
19970320,0000,8073
19970321,0000,9554
19970322,0000,8661
19970323,0000,8432
19970324,0000,7550
19970325,0000,8543
19970326,0000,8570
19970327,0000,8012
19970328,0000,7861
19970329,0000,8758
19970330,0000,7779
19970331,0000,7052
19970401,0000,8217
19970402,0000,6958
19970403,0000,7439
19970404,0000,7157
19970405,0000,7445
19970406,0000,6872
19970407,0000,6982
19970408,0000,7384
19970409,0000,7043
19970410,0000,7557
19970411,0000,6060
19970412,0000,5419
19970413,0000,6209
19970414,0000,5928
19970415,0000,6156
19970416,0000,7266
19970417,0000,5856
19970418,0000,9271
19970419,0000,6217
19970420,0000,9227
19970421,0000,9657
19970422,0000,10551
19970423,0000,10605
19970424,0000,8740
19970425,0000,9655
19970426,0000,8616
19970427,0000,7991
19970428,0000,9415
19970429,0000,7260
19970430,0000,7266
19970501,0000,7185
19970502,0000,7285
19970503,0000,6572
19970504,0000,7491
19970505,0000,7253
19970506,0000,7320
19970507,0000,7040
19970508,0000,6629
19970509,0000,5890
19970510,0000,4259
19970511,0000,4178
19970512,0000,5141
19970513,0000,6671
19970514,0000,5395
19970515,0000,5356
19970516,0000,5506
19970517,0000,3956
19970518,0000,2663
19970519,0000,5494
19970520,0000,5529
19970521,0000,5723
19970522,0000,4210
19970523,0000,8071
19970524,0000,7455
19970525,0000,4828
19970526,0000,5544
19970527,0000,4890
19970528,0000,4534
19970529,0000,4634
19970530,0000,5130
19970531,0000,4828
19970601,0000,4888
19970602,0000,4703
19970603,0000,7191
19970604,0000,5708
19970605,0000,4497
19970606,0000,4938
19970607,0000,5078
19970608,0000,4813
19970609,0000,4784
19970610,0000,5353
19970611,0000,4460
19970612,0000,5012
19970613,0000,5266
19970614,0000,6152
19970615,0000,2998
19970616,0000,3464
19970617,0000,4835
19970618,0000,4827
19970619,0000,4782
19970620,0000,4734
19970621,0000,4857
19970622,0000,4100
19970623,0000,2920
19970624,0000,4443
19970625,0000,4578
19970626,0000,4462
19970627,0000,4415
19970628,0000,2752
19970629,0000,2330
19970630,0000,5190
19970701,0000,4403
19970702,0000,4325
19970703,0000,5648
19970704,0000,3963
19970705,0000,2573
19970706,0000,1264
19970707,0000,4978
19970708,0000,4438
19970709,0000,4622
19970710,0000,3683
19970711,0000,4775
19970712,0000,2114
19970713,0000,3327
19970714,0000,4500
19970715,0000,4292
19970716,0000,4286
19970717,0000,4294
19970718,0000,4396
19970719,0000,2565
19970720,0000,2736
19970721,0000,5032
19970722,0000,4075
19970723,0000,4299
19970724,0000,4046
19970725,0000,4451
19970726,0000,2681
19970727,0000,2435
19970728,0000,4174
19970729,0000,4001
19970730,0000,4781
19970731,0000,4594
19970801,0000,4819
19970802,0000,3794
19970803,0000,1681
19970804,0000,4586
19970805,0000,4223
19970806,0000,3800
19970807,0000,3463
19970808,0000,3816
19970809,0000,2931
19970810,0000,2624
19970811,0000,4443
19970812,0000,5334
19970813,0000,3843
19970814,0000,4340
19970815,0000,4646
19970816,0000,3090
19970817,0000,2649
19970818,0000,4325
19970819,0000,4523
19970820,0000,5658
19970821,0000,4683
19970822,0000,4810
19970823,0000,3289
19970824,0000,2326
19970825,0000,4477
19970826,0000,4470
19970827,0000,4778
19970828,0000,4568
19970829,0000,4593
19970830,0000,2944
19970831,0000,2725
19970901,0000,4068
19970902,0000,3908
19970903,0000,6232
19970904,0000,7457
19970905,0000,6903
19970906,0000,2847
19970907,0000,1520
19970908,0000,3071
19970909,0000,4771
19970910,0000,5007
19970911,0000,6011
19970912,0000,4457
19970913,0000,1739
19970914,0000,3321
19970915,0000,4934
19970916,0000,5472
19970917,0000,4885
19970918,0000,3611
19970919,0000,5094
19970920,0000,2465
19970921,0000,3108
19970922,0000,3859
19970923,0000,4675
19970924,0000,4180
19970925,0000,3350
19970926,0000,4858
19970927,0000,3046
19970928,0000,3311
19970929,0000,1784
19970930,0000,3821
19971001,0000,4365
19971002,0000,3465
19971003,0000,4142
19971004,0000,3964
19971005,0000,2605
19971006,0000,5188
19971007,0000,4336
19971008,0000,6019
19971009,0000,4249
19971010,0000,5516
19971011,0000,3390
19971012,0000,3589
19971013,0000,3823
19971014,0000,4577
19971015,0000,4157
19971016,0000,3936
19971017,0000,6288
19971018,0000,4974
19971019,0000,4251
19971020,0000,6340
19971021,0000,4184
19971022,0000,4494
19971023,0000,8114
19971024,0000,6400
19971025,0000,822
19971026,0000,1028
19971027,0000,2719
19971028,0000,4307
19971029,0000,5023
19971030,0000,4476
19971031,0000,3858
19971101,0000,3513
19971102,0000,3782
19971103,0000,5191
19971104,0000,4108
19971105,0000,4047
19971106,0000,3422
19971107,0000,4144
19971108,0000,5163
19971109,0000,3908
19971110,0000,4674
19971111,0000,5193
19971112,0000,4069
19971113,0000,5888
19971114,0000,5622
19971115,0000,7306
19971116,0000,11593
19971117,0000,8303
19971118,0000,7060
19971119,0000,15303
19971120,0000,11387
19971121,0000,6569
19971122,0000,6757
19971123,0000,7627
19971124,0000,10445
19971125,0000,11403
19971126,0000,15126
19971127,0000,12223
19971128,0000,8704
19971129,0000,9134
19971130,0000,8695
19971201,0000,6778
19971202,0000,6294
19971203,0000,7949
19971204,0000,7333
19971205,0000,7642
19971206,0000,6278
19971207,0000,13107
19971208,0000,10840
19971209,0000,8583
19971210,0000,7177
19971211,0000,5849
19971212,0000,6126
19971213,0000,7398
19971214,0000,9016
19971215,0000,8535
19971216,0000,6547
19971217,0000,9001
19971218,0000,6661
19971219,0000,m
19971220,0000,6822
19971221,0000,6336
19971222,0000,6627
19971223,0000,5727
19971224,0000,6704
19971225,0000,5635
19971226,0000,5196
19971227,0000,4288
19971228,0000,5007
19971229,0000,5796
19971230,0000,5208
19971231,0000,6191
19980101,0000,6967
19980102,0000,13041
19980103,0000,19699
19980104,0000,20135
19980105,0000,13793
19980106,0000,13003
19980107,0000,11714
19980108,0000,10569
19980109,0000,10571
19980110,0000,9016
19980111,0000,18490
19980112,0000,35901
19980113,0000,29802
19980114,0000,38629
19980115,0000,38796
19980116,0000,35573
19980117,0000,49419
19980118,0000,53476
19980119,0000,48850
19980120,0000,35881
19980121,0000,26965
19980122,0000,22652
19980123,0000,19093
19980124,0000,17876
19980125,0000,17886
19980126,0000,27845
19980127,0000,33621
19980128,0000,25360
19980129,0000,35423
19980130,0000,29788
19980131,0000,25831
19980201,0000,41186
19980202,0000,44191
19980203,0000,77507
19980204,0000,54971
19980205,0000,59670
19980206,0000,68375
19980207,0000,76221
19980208,0000,61074
19980209,0000,39680
19980210,0000,31044
19980211,0000,25949
19980212,0000,27722
19980213,0000,32686
19980214,0000,41844
19980215,0000,33406
19980216,0000,28953
19980217,0000,26662
19980218,0000,23720
19980219,0000,41577
19980220,0000,32718
19980221,0000,43037
19980222,0000,32407
19980223,0000,28811
19980224,0000,27194
19980225,0000,23054
19980226,0000,18976
19980227,0000,17063
19980228,0000,16342
19980301,0000,16466
19980302,0000,16412
19980303,0000,17405
19980304,0000,17813
19980305,0000,16657
19980306,0000,15795
19980307,0000,14830
19980308,0000,14249
19980309,0000,13383
19980310,0000,12512
19980311,0000,13053
19980312,0000,11368
19980313,0000,15309
19980314,0000,14659
19980315,0000,16030
19980316,0000,17199
19980317,0000,17237
19980318,0000,15982
19980319,0000,15675
19980320,0000,15593
19980321,0000,18062
19980322,0000,37543
19980323,0000,64514
19980324,0000,59668
19980325,0000,35464
19980326,0000,29264
19980327,0000,24918
19980328,0000,22446
19980329,0000,20865
19980330,0000,18373
19980331,0000,19210
19980401,0000,17578
19980402,0000,18984
19980403,0000,20135
19980404,0000,19015
19980405,0000,19014
19980406,0000,18617
19980407,0000,17153
19980408,0000,17972
19980409,0000,18365
19980410,0000,19595
19980411,0000,20861
19980412,0000,19462
19980413,0000,18933
19980414,0000,17870
19980415,0000,16949
19980416,0000,15844
19980417,0000,13915
19980418,0000,14700
19980419,0000,13838
19980420,0000,14085
19980421,0000,14431
19980422,0000,14881
19980423,0000,15183
19980424,0000,14785
19980425,0000,13740
19980426,0000,13855
19980427,0000,14659
19980428,0000,14848
19980429,0000,15511
19980430,0000,15713
19980501,0000,16703
19980502,0000,16346
19980503,0000,16258
19980504,0000,15012
19980505,0000,14374
19980506,0000,14506
19980507,0000,15153
19980508,0000,17667
19980509,0000,17662
19980510,0000,17470
19980511,0000,18590
19980512,0000,18940
19980513,0000,18136
19980514,0000,19211
19980515,0000,19802
19980516,0000,21840
19980517,0000,20632
19980518,0000,19571
19980519,0000,20505
19980520,0000,17909
19980521,0000,17521
19980522,0000,16557
19980523,0000,15779
19980524,0000,16300
19980525,0000,17776
19980526,0000,18272
19980527,0000,19105
19980528,0000,26358
19980529,0000,31885
19980530,0000,26962
19980531,0000,23322
19980601,0000,20368
19980602,0000,20306
19980603,0000,21189
19980604,0000,18729
19980605,0000,18337
19980606,0000,17709
19980607,0000,17132
19980608,0000,16318
19980609,0000,16741
19980610,0000,17616
19980611,0000,17677
19980612,0000,18741
19980613,0000,18519
19980614,0000,17512
19980615,0000,21846
19980616,0000,17584
19980617,0000,15481
19980618,0000,16553
19980619,0000,14717
19980620,0000,14191
19980621,0000,12838
19980622,0000,13322
19980623,0000,12678
19980624,0000,12583
19980625,0000,11861
19980626,0000,11073
19980627,0000,12761
19980628,0000,9866
19980629,0000,9653
19980630,0000,10101
19980701,0000,10593
19980702,0000,9730
19980703,0000,7711
19980704,0000,9068
19980705,0000,8175
19980706,0000,9104
19980707,0000,8543
19980708,0000,7744
19980709,0000,7318
19980710,0000,7324
19980711,0000,7309
19980712,0000,6996
19980713,0000,6471
19980714,0000,6786
19980715,0000,7138
19980716,0000,5811
19980717,0000,6476
19980718,0000,6302
19980719,0000,6554
19980720,0000,6142
19980721,0000,6132
19980722,0000,6827
19980723,0000,6263
19980724,0000,7398
19980725,0000,m
19980726,0000,6163
19980727,0000,5201
19980728,0000,5844
19980729,0000,5294
19980730,0000,5808
19980731,0000,4273
19980801,0000,5270
19980802,0000,3902
19980803,0000,6588
19980804,0000,6223
19980805,0000,6341
19980806,0000,5174
19980807,0000,6200
19980808,0000,4752
19980809,0000,5303
19980810,0000,5151
19980811,0000,5578
19980812,0000,5733
19980813,0000,5481
19980814,0000,5867
19980815,0000,5373
19980816,0000,4515
19980817,0000,3481
19980818,0000,4816
19980819,0000,4357
19980820,0000,5181
19980821,0000,6334
19980822,0000,5845
19980823,0000,4686
19980824,0000,5409
19980825,0000,3737
19980826,0000,5110
19980827,0000,3945
19980828,0000,5195
19980829,0000,5774
19980830,0000,4074
19980831,0000,4498
19980901,0000,5601
19980902,0000,5190
19980903,0000,5889
19980904,0000,4650
19980905,0000,5094
19980906,0000,4573
19980907,0000,5591
19980908,0000,4895
19980909,0000,5522
19980910,0000,5155
19980911,0000,5295
19980912,0000,4938
19980913,0000,4790
19980914,0000,5247
19980915,0000,5408
19980916,0000,5602
19980917,0000,5356
19980918,0000,4942
19980919,0000,3216
19980920,0000,3582
19980921,0000,6099
19980922,0000,6443
19980923,0000,6489
19980924,0000,7442
19980925,0000,5094
19980926,0000,1088
19980927,0000,1765
19980928,0000,3455
19980929,0000,5826
19980930,0000,5980
19981001,0000,7861
19981002,0000,5645
19981003,0000,1955
19981004,0000,1725
19981005,0000,5089
19981006,0000,5478
19981007,0000,6604
19981008,0000,7236
19981009,0000,7391
19981010,0000,819
19981011,0000,1374
19981012,0000,3887
19981013,0000,3313
19981014,0000,5500
19981015,0000,5777
19981016,0000,5087
19981017,0000,5693
19981018,0000,5671
19981019,0000,5794
19981020,0000,5584
19981021,0000,5154
19981022,0000,5228
19981023,0000,6047
19981024,0000,7070
19981025,0000,4542
19981026,0000,6232
19981027,0000,6071
19981028,0000,5319
19981029,0000,5712
19981030,0000,5778
19981031,0000,7523
19981101,0000,6270
19981102,0000,3688
19981103,0000,3892
19981104,0000,4854
19981105,0000,5189
19981106,0000,6441
19981107,0000,10771
19981108,0000,6506
19981109,0000,6513
19981110,0000,8543
19981111,0000,6930
19981112,0000,5372
19981113,0000,4862
19981114,0000,4488
19981115,0000,4585
19981116,0000,5419
19981117,0000,7311
19981118,0000,5357
19981119,0000,4675
19981120,0000,6608
19981121,0000,11183
19981122,0000,8409
19981123,0000,25860
19981124,0000,15738
19981125,0000,13050
19981126,0000,14506
19981127,0000,13794
19981128,0000,11932
19981129,0000,15581
19981130,0000,38668
19981201,0000,30432
19981202,0000,25694
19981203,0000,34059
19981204,0000,21944
19981205,0000,30252
19981206,0000,5791
19981207,0000,13069
19981208,0000,10293
19981209,0000,10315
19981210,0000,7928
19981211,0000,9848
19981212,0000,9460
19981213,0000,9452
19981214,0000,9758
19981215,0000,8285
19981216,0000,10125
19981217,0000,9816
19981218,0000,8520
19981219,0000,6584
19981220,0000,7304
19981221,0000,8714
19981222,0000,7888
19981223,0000,7730
19981224,0000,6708
19981225,0000,7575
19981226,0000,7409
19981227,0000,6940
19981228,0000,7099
19981229,0000,5839
19981230,0000,5671
19981231,0000,4772
19990101,0000,5570
19990102,0000,5415
19990103,0000,7543
19990104,0000,5060
19990105,0000,5721
19990106,0000,7080
19990107,0000,7907
19990108,0000,6591
19990109,0000,5975
19990110,0000,4713
19990111,0000,5411
19990112,0000,4997
19990113,0000,5616
19990114,0000,6078
19990115,0000,6430
19990116,0000,6025
19990117,0000,12645
19990118,0000,19366
19990119,0000,20809
19990120,0000,26018
19990121,0000,21175
19990122,0000,25273
19990123,0000,29447
19990124,0000,20637
19990125,0000,16444
19990126,0000,15222
19990127,0000,13155
19990128,0000,11854
19990129,0000,11946
19990130,0000,11011
19990131,0000,9977
19990201,0000,8960
19990202,0000,9502
19990203,0000,7944
19990204,0000,8359
19990205,0000,10522
19990206,0000,21691
19990207,0000,40214
19990208,0000,25899
19990209,0000,42170
19990210,0000,28006
19990211,0000,22193
19990212,0000,20012
19990213,0000,17475
19990214,0000,17273
19990215,0000,15327
19990216,0000,18630
19990217,0000,19081
19990218,0000,21199
19990219,0000,19797
19990220,0000,22250
19990221,0000,22520
19990222,0000,20443
19990223,0000,22441
19990224,0000,22203
19990225,0000,29612
19990226,0000,24188
19990227,0000,21457
19990228,0000,30419
19990301,0000,29864
19990302,0000,26698
19990303,0000,25911
19990304,0000,24650
19990305,0000,21261
19990306,0000,20781
19990307,0000,18826
19990308,0000,20471
19990309,0000,18385
19990310,0000,14253
19990311,0000,16144
19990312,0000,15632
19990313,0000,14588
19990314,0000,13555
19990315,0000,13789
19990316,0000,13408
19990317,0000,13056
19990318,0000,12865
19990319,0000,12879
19990320,0000,13453
19990321,0000,13896
19990322,0000,12772
19990323,0000,12836
19990324,0000,22584
19990325,0000,26226
19990326,0000,19517
19990327,0000,17905
19990328,0000,16438
19990329,0000,14355
19990330,0000,15146
19990331,0000,14211
19990401,0000,12749
19990402,0000,13452
19990403,0000,12708
19990404,0000,11203
19990405,0000,13609
19990406,0000,11433
19990407,0000,12012
19990408,0000,16924
19990409,0000,14227
19990410,0000,15943
19990411,0000,13744
19990412,0000,14093
19990413,0000,13423
19990414,0000,11735
19990415,0000,13008
19990416,0000,13161
19990417,0000,13214
19990418,0000,13102
19990419,0000,13888
19990420,0000,14957
19990421,0000,13445
19990422,0000,13168
19990423,0000,12258
19990424,0000,14851
19990425,0000,12738
19990426,0000,13430
19990427,0000,12378
19990428,0000,11528
19990429,0000,10987
19990430,0000,11845
19990501,0000,11689
19990502,0000,13450
19990503,0000,12116
19990504,0000,11658
19990505,0000,11374
19990506,0000,11533
19990507,0000,11946
19990508,0000,11017
19990509,0000,9840
19990510,0000,10264
19990511,0000,9999
19990512,0000,9679
19990513,0000,9716
19990514,0000,9919
19990515,0000,8816
19990516,0000,9371
19990517,0000,9315
19990518,0000,8244
19990519,0000,8922
19990520,0000,9872
19990521,0000,10442
19990522,0000,7543
19990523,0000,10327
19990524,0000,9014
19990525,0000,10205
19990526,0000,9648
19990527,0000,8798
19990528,0000,8810
19990529,0000,9953
19990530,0000,7752
19990531,0000,8289
19990601,0000,8466
19990602,0000,8019
19990603,0000,7682
19990604,0000,7864
19990605,0000,8679
19990606,0000,7908
19990607,0000,7117
19990608,0000,7302
19990609,0000,6701
19990610,0000,7171
19990611,0000,7451
19990612,0000,6845
19990613,0000,6250
19990614,0000,6854
19990615,0000,7588
19990616,0000,6004
19990617,0000,6566
19990618,0000,7091
19990619,0000,4379
19990620,0000,5362
19990621,0000,5301
19990622,0000,6059
19990623,0000,5848
19990624,0000,5945
19990625,0000,5855
19990626,0000,4609
19990627,0000,4760
19990628,0000,6303
19990629,0000,5066
19990630,0000,5852
19990701,0000,4911
19990702,0000,5526
19990703,0000,3797
19990704,0000,5165
19990705,0000,5375
19990706,0000,4425
19990707,0000,4540
19990708,0000,4871
19990709,0000,m
19990710,0000,6146
19990711,0000,5695
19990712,0000,6284
19990713,0000,5228
19990714,0000,3983
19990715,0000,5364
19990716,0000,3945
19990717,0000,3070
19990718,0000,4942
19990719,0000,3441
19990720,0000,5329
19990721,0000,5726
19990722,0000,5920
19990723,0000,4272
19990724,0000,3132
19990725,0000,3543
19990726,0000,5749
19990727,0000,5424
19990728,0000,5829
19990729,0000,5862
19990730,0000,5304
19990731,0000,2661
19990801,0000,3878
19990802,0000,5519
19990803,0000,4982
19990804,0000,3913
19990805,0000,4211
19990806,0000,m
19990807,0000,2669
19990808,0000,3907
19990809,0000,5500
19990810,0000,5275
19990811,0000,4635
19990812,0000,4881
19990813,0000,4548
19990814,0000,3040
19990815,0000,5160
19990816,0000,5756
19990817,0000,5161
19990818,0000,4070
19990819,0000,4665
19990820,0000,5429
19990821,0000,3569
19990822,0000,5154
19990823,0000,5033
19990824,0000,4712
19990825,0000,4047
19990826,0000,4048
19990827,0000,4776
19990828,0000,3297
19990829,0000,2055
19990830,0000,3756
19990831,0000,3340
19990901,0000,4141
19990902,0000,4028
19990903,0000,4315
19990904,0000,4690
19990905,0000,5652
19990906,0000,4790
19990907,0000,4822
19990908,0000,4635
19990909,0000,4568
19990910,0000,4351
19990911,0000,4132
19990912,0000,3321
19990913,0000,4790
19990914,0000,4596
19990915,0000,4737
19990916,0000,3910
19990917,0000,4117
19990918,0000,3213
19990919,0000,3123
19990920,0000,3697
19990921,0000,5675
19990922,0000,6060
19990923,0000,4307
19990924,0000,4669
19990925,0000,4851
19990926,0000,4685
19990927,0000,3951
19990928,0000,4375
19990929,0000,4932
19990930,0000,4826
19991001,0000,4015
19991002,0000,2454
19991003,0000,2022
19991004,0000,4385
19991005,0000,4237
19991006,0000,5373
19991007,0000,4304
19991008,0000,4525
19991009,0000,4933
19991010,0000,4221
19991011,0000,4976
19991012,0000,3552
19991013,0000,3769
19991014,0000,2540
19991015,0000,3861
19991016,0000,4689
19991017,0000,7905
19991018,0000,4332
19991019,0000,3215
19991020,0000,3851
19991021,0000,4478
19991022,0000,4723
19991023,0000,4784
19991024,0000,4492
19991025,0000,4985
19991026,0000,4542
19991027,0000,5319
19991028,0000,8441
19991029,0000,6536
19991030,0000,7651
19991031,0000,6976
19991101,0000,5176
19991102,0000,5255
19991103,0000,4184
19991104,0000,4141
19991105,0000,3568
19991106,0000,2898
19991107,0000,3162
19991108,0000,4650
19991109,0000,4837
19991110,0000,9249
19991111,0000,7365
19991112,0000,5663
19991113,0000,5809
19991114,0000,4730
19991115,0000,6591
19991116,0000,5715
19991117,0000,5966
19991118,0000,5525
19991119,0000,7366
19991120,0000,6993
19991121,0000,5389
19991122,0000,5226
19991123,0000,5090
19991124,0000,5033
19991125,0000,5242
19991126,0000,5017
19991127,0000,5333
19991128,0000,5012
19991129,0000,7308
19991130,0000,8768
19991201,0000,7230
19991202,0000,7460
19991203,0000,6312
19991204,0000,5672
19991205,0000,6411
19991206,0000,6313
19991207,0000,6177
19991208,0000,6028
19991209,0000,6312
19991210,0000,4863
19991211,0000,5359
19991212,0000,5119
19991213,0000,5877
19991214,0000,5747
19991215,0000,5781
19991216,0000,5320
19991217,0000,5790
19991218,0000,5052
19991219,0000,4201
19991220,0000,4717
19991221,0000,4760
19991222,0000,4526
19991223,0000,4281
19991224,0000,4626
19991225,0000,4166
19991226,0000,5010
19991227,0000,4709
19991228,0000,5329
19991229,0000,4662
19991230,0000,5011
19991231,0000,3830
20000101,0000,4118
20000102,0000,5118
20000103,0000,4644
20000104,0000,5279
20000105,0000,4211
20000106,0000,4710
20000107,0000,5513
20000108,0000,4338
20000109,0000,3942
20000110,0000,6085
20000111,0000,12007
20000112,0000,7562
20000113,0000,9531
20000114,0000,19097
20000115,0000,m
20000116,0000,33201
20000117,0000,19105
20000118,0000,15978
20000119,0000,18559
20000120,0000,25221
20000121,0000,18891
20000122,0000,15887
20000123,0000,17669
20000124,0000,22843
20000125,0000,22359
20000126,0000,17778
20000127,0000,14605
20000128,0000,12781
20000129,0000,12275
20000130,0000,14848
20000131,0000,15031
20000201,0000,13958
20000202,0000,14114
20000203,0000,13247
20000204,0000,12562
20000205,0000,19268
20000206,0000,22696
20000207,0000,16890
20000208,0000,15113
20000209,0000,12650
20000210,0000,14694
20000211,0000,22723
20000212,0000,35195
20000213,0000,49763
20000214,0000,73332
20000215,0000,39925
20000216,0000,29786
20000217,0000,23499
20000218,0000,20717
20000219,0000,16402
20000220,0000,16939
20000221,0000,17016
20000222,0000,29161
20000223,0000,32418
20000224,0000,24172
20000225,0000,20947
20000226,0000,37116
20000227,0000,54464
20000228,0000,40057
20000229,0000,40882
20000301,0000,32203
20000302,0000,27280
20000303,0000,21471
20000304,0000,21443
20000305,0000,23896
20000306,0000,21760
20000307,0000,22396
20000308,0000,25073
20000309,0000,27168
20000310,0000,24326
20000311,0000,25133
20000312,0000,22276
20000313,0000,19849
20000314,0000,18925
20000315,0000,16768
20000316,0000,16132
20000317,0000,16194
20000318,0000,14470
20000319,0000,13775
20000320,0000,13633
20000321,0000,12866
20000322,0000,12189
20000323,0000,11783
20000324,0000,11965
20000325,0000,11875
20000326,0000,11147
20000327,0000,10467
20000328,0000,11998
20000329,0000,10296
20000330,0000,10192
20000331,0000,11297
20000401,0000,11741
20000402,0000,11369
20000403,0000,9241
20000404,0000,8927
20000405,0000,10163
20000406,0000,10362
20000407,0000,10220
20000408,0000,9922
20000409,0000,9328
20000410,0000,8152
20000411,0000,9912
20000412,0000,10327
20000413,0000,17079
20000414,0000,15715
20000415,0000,14122
20000416,0000,18398
20000417,0000,27903
20000418,0000,19633
20000419,0000,17724
20000420,0000,14373
20000421,0000,14695
20000422,0000,12475
20000423,0000,12240
20000424,0000,12291
20000425,0000,12648
20000426,0000,11188
20000427,0000,10274
20000428,0000,11309
20000429,0000,10902
20000430,0000,11636
20000501,0000,11922
20000502,0000,8431
20000503,0000,7645
20000504,0000,6932
20000505,0000,7099
20000506,0000,7306
20000507,0000,9181
20000508,0000,7745
20000509,0000,7293
20000510,0000,9744
20000511,0000,7447
20000512,0000,8055
20000513,0000,8356
20000514,0000,8830
20000515,0000,8085
20000516,0000,7201
20000517,0000,8954
20000518,0000,7061
20000519,0000,10044
20000520,0000,8375
20000521,0000,7206
20000522,0000,7601
20000523,0000,8633
20000524,0000,9775
20000525,0000,9561
20000526,0000,8297
20000527,0000,8886
20000528,0000,8594
20000529,0000,5434
20000530,0000,6182
20000531,0000,3744
20000601,0000,5841
20000602,0000,6953
20000603,0000,5683
20000604,0000,5856
20000605,0000,6258
20000606,0000,3943
20000607,0000,8403
20000608,0000,6132
20000609,0000,6014
20000610,0000,4999
20000611,0000,4755
20000612,0000,5979
20000613,0000,6290
20000614,0000,6903
20000615,0000,7304
20000616,0000,7287
20000617,0000,4346
20000618,0000,6204
20000619,0000,5748
20000620,0000,6191
20000621,0000,6026
20000622,0000,4960
20000623,0000,4998
20000624,0000,3648
20000625,0000,4565
20000626,0000,6457
20000627,0000,6642
20000628,0000,5945
20000629,0000,5134
20000630,0000,6840
20000701,0000,5535
20000702,0000,4687
20000703,0000,4447
20000704,0000,1641
20000705,0000,3789
20000706,0000,5335
20000707,0000,5300
20000708,0000,3336
20000709,0000,4438
20000710,0000,5459
20000711,0000,4611
20000712,0000,5974
20000713,0000,5441
20000714,0000,4773
20000715,0000,2199
20000716,0000,1822
20000717,0000,5200
20000718,0000,5254
20000719,0000,5567
20000720,0000,5100
20000721,0000,4953
20000722,0000,3521
20000723,0000,3125
20000724,0000,4388
20000725,0000,5079
20000726,0000,5120
20000727,0000,4656
20000728,0000,5788
20000729,0000,5822
20000730,0000,4801
20000731,0000,6344
20000801,0000,5813
20000802,0000,5849
20000803,0000,6267
20000804,0000,5027
20000805,0000,1504
20000806,0000,1756
20000807,0000,5605
20000808,0000,4699
20000809,0000,4884
20000810,0000,5090
20000811,0000,4923
20000812,0000,3159
20000813,0000,2080
20000814,0000,4264
20000815,0000,3949
20000816,0000,5364
20000817,0000,4506
20000818,0000,4286
20000819,0000,4934
20000820,0000,3601
20000821,0000,4998
20000822,0000,4152
20000823,0000,4374
20000824,0000,4376
20000825,0000,4794
20000826,0000,2325
20000827,0000,3434
20000828,0000,3612
20000829,0000,3560
20000830,0000,3952
20000831,0000,3916
20000901,0000,7023
20000902,0000,4201
20000903,0000,4472
20000904,0000,4809
20000905,0000,5010
20000906,0000,5449
20000907,0000,5820
20000908,0000,5317
20000909,0000,2316
20000910,0000,2755
20000911,0000,3044
20000912,0000,4105
20000913,0000,6162
20000914,0000,4959
20000915,0000,4919
20000916,0000,3506
20000917,0000,2206
20000918,0000,5278
20000919,0000,5453
20000920,0000,4696
20000921,0000,4547
20000922,0000,5563
20000923,0000,4277
20000924,0000,4552
20000925,0000,4231
20000926,0000,3693
20000927,0000,3712
20000928,0000,3509
20000929,0000,4503
20000930,0000,4402
20001001,0000,3262
20001002,0000,3793
20001003,0000,4437
20001004,0000,3671
20001005,0000,4901
20001006,0000,4262
20001007,0000,4409
20001008,0000,3484
20001009,0000,4500
20001010,0000,6331
20001011,0000,5841
20001012,0000,5340
20001013,0000,6189
20001014,0000,2979
20001015,0000,3915
20001016,0000,5716
20001017,0000,5105
20001018,0000,3767
20001019,0000,4715
20001020,0000,3826
20001021,0000,4336
20001022,0000,4314
20001023,0000,3992
20001024,0000,3680
20001025,0000,4234
20001026,0000,4318
20001027,0000,5122
20001028,0000,6703
20001029,0000,6448
20001030,0000,7327
20001031,0000,5773
20001101,0000,5656
20001102,0000,2070
20001103,0000,3570
20001104,0000,4158
20001105,0000,5884
20001106,0000,4864
20001107,0000,5226
20001108,0000,5088
20001109,0000,5085
20001110,0000,4889
20001111,0000,3398
20001112,0000,4359
20001113,0000,5092
20001114,0000,5032
20001115,0000,5578
20001116,0000,6430
20001117,0000,4291
20001118,0000,3398
20001119,0000,4680
20001120,0000,4236
20001121,0000,4666
20001122,0000,4592
20001123,0000,3145
20001124,0000,3663
20001125,0000,4077
20001126,0000,2500
20001127,0000,4066
20001128,0000,4553
20001129,0000,6045
20001130,0000,5422
20001201,0000,5774
20001202,0000,4931
20001203,0000,5225
20001204,0000,5239
20001205,0000,5740
20001206,0000,5319
20001207,0000,5607
20001208,0000,3918
20001209,0000,3084
20001210,0000,2698
20001211,0000,6006
20001212,0000,5297
20001213,0000,8210
20001214,0000,8120
20001215,0000,7556
20001216,0000,4699
20001217,0000,4620
20001218,0000,5041
20001219,0000,5978
20001220,0000,6162
20001221,0000,4833
20001222,0000,6145
20001223,0000,3922
20001224,0000,2523
20001225,0000,2364
20001226,0000,4096
20001227,0000,5017
20001228,0000,5385
20001229,0000,6198
20001230,0000,4543
20001231,0000,3550
20010101,0000,3617
20010102,0000,3991
20010103,0000,4553
20010104,0000,4655
20010105,0000,4729
20010106,0000,3804
20010107,0000,2311
20010108,0000,6448
20010109,0000,6032
20010110,0000,9758
20010111,0000,9313
20010112,0000,6771
20010113,0000,4930
20010114,0000,5539
20010115,0000,5160
20010116,0000,5146
20010117,0000,5533
20010118,0000,4892
20010119,0000,5636
20010120,0000,4425
20010121,0000,3314
20010122,0000,4320
20010123,0000,5675
20010124,0000,6814
20010125,0000,8179
20010126,0000,7917
20010127,0000,5130
20010128,0000,4137
20010129,0000,6299
20010130,0000,6186
20010131,0000,5096
20010201,0000,6261
20010202,0000,5488
20010203,0000,2429
20010204,0000,3004
20010205,0000,5928
20010206,0000,5452
20010207,0000,5620
20010208,0000,5686
20010209,0000,8164
20010210,0000,5572
20010211,0000,7077
20010212,0000,7053
20010213,0000,6243
20010214,0000,7386
20010215,0000,5961
20010216,0000,5466
20010217,0000,6151
20010218,0000,9935
20010219,0000,12904
20010220,0000,23153
20010221,0000,34288
20010222,0000,24919
20010223,0000,16205
20010224,0000,14575
20010225,0000,13875
20010226,0000,12744
20010227,0000,10682
20010228,0000,9514
20010301,0000,8908
20010302,0000,10738
20010303,0000,7849
20010304,0000,17961
20010305,0000,24558
20010306,0000,15738
20010307,0000,13325
20010308,0000,13601
20010309,0000,12985
20010310,0000,11038
20010311,0000,8922
20010312,0000,8087
20010313,0000,8903
20010314,0000,8209
20010315,0000,8651
20010316,0000,7432
20010317,0000,7499
20010318,0000,6888
20010319,0000,8522
20010320,0000,9976
20010321,0000,8464
20010322,0000,9661
20010323,0000,12309
20010324,0000,8278
20010325,0000,9279
20010326,0000,10952
20010327,0000,9259
20010328,0000,8696
20010329,0000,9360
20010330,0000,9429
20010331,0000,9710
20010401,0000,7005
20010402,0000,7929
20010403,0000,8066
20010404,0000,8215
20010405,0000,7118
20010406,0000,9626
20010407,0000,7669
20010408,0000,7064
20010409,0000,6279
20010410,0000,6123
20010411,0000,6010
20010412,0000,7244
20010413,0000,7209
20010414,0000,5915
20010415,0000,6432
20010416,0000,6959
20010417,0000,6866
20010418,0000,8642
20010419,0000,7653
20010420,0000,8382
20010421,0000,6069
20010422,0000,5432
20010423,0000,6131
20010424,0000,6744
20010425,0000,6190
20010426,0000,7238
20010427,0000,6629
20010428,0000,7265
20010429,0000,7487
20010430,0000,7856
20010501,0000,6981
20010502,0000,5875
20010503,0000,7179
20010504,0000,7623
20010505,0000,5790
20010506,0000,5472
20010507,0000,7110
20010508,0000,6816
20010509,0000,7267
20010510,0000,7809
20010511,0000,6176
20010512,0000,4469
20010513,0000,5424
20010514,0000,6976
20010515,0000,6486
20010516,0000,6326
20010517,0000,6983
20010518,0000,6755
20010519,0000,5093
20010520,0000,4069
20010521,0000,6594
20010522,0000,6740
20010523,0000,12196
20010524,0000,5814
20010525,0000,4901
20010526,0000,3267
20010527,0000,3311
20010528,0000,3518
20010529,0000,4728
20010530,0000,4982
20010531,0000,4660
20010601,0000,4509
20010602,0000,3089
20010603,0000,2495
20010604,0000,4376
20010605,0000,5652
20010606,0000,4638
20010607,0000,4454
20010608,0000,5730
20010609,0000,2379
20010610,0000,2327
20010611,0000,5151
20010612,0000,5202
20010613,0000,4381
20010614,0000,4677
20010615,0000,4887
20010616,0000,3444
20010617,0000,2602
20010618,0000,5346
20010619,0000,4832
20010620,0000,4820
20010621,0000,5043
20010622,0000,5094
20010623,0000,2517
20010624,0000,2892
20010625,0000,4541
20010626,0000,5493
20010627,0000,7323
20010628,0000,5631
20010629,0000,4938
20010630,0000,2944
20010701,0000,2798
20010702,0000,5067
20010703,0000,5304
20010704,0000,4803
20010705,0000,5503
20010706,0000,4761
20010707,0000,3097
20010708,0000,2826
20010709,0000,3698
20010710,0000,4736
20010711,0000,2766
20010712,0000,4328
20010713,0000,5169
20010714,0000,3968
20010715,0000,3060
20010716,0000,4760
20010717,0000,4397
20010718,0000,3127
20010719,0000,4712
20010720,0000,4829
20010721,0000,2224
20010722,0000,1507
20010723,0000,4523
20010724,0000,4304
20010725,0000,5610
20010726,0000,5349
20010727,0000,4444
20010728,0000,3233
20010729,0000,1594
20010730,0000,4768
20010731,0000,4862
20010801,0000,4734
20010802,0000,4502
20010803,0000,5474
20010804,0000,3598
20010805,0000,1581
20010806,0000,4318
20010807,0000,4359
20010808,0000,4428
20010809,0000,3402
20010810,0000,3980
20010811,0000,3595
20010812,0000,2163
20010813,0000,3584
20010814,0000,5981
20010815,0000,6265
20010816,0000,3966
20010817,0000,3896
20010818,0000,2047
20010819,0000,1555
20010820,0000,7651
20010821,0000,3875
20010822,0000,4179
20010823,0000,4031
20010824,0000,3676
20010825,0000,2395
20010826,0000,2410
20010827,0000,3407
20010828,0000,3718
20010829,0000,4629
20010830,0000,3808
20010831,0000,4299
20010901,0000,2973
20010902,0000,2438
20010903,0000,2577
20010904,0000,3644
20010905,0000,4081
20010906,0000,3675
20010907,0000,4102
20010908,0000,3515
20010909,0000,1027
20010910,0000,3782
20010911,0000,3803
20010912,0000,3678
20010913,0000,4193
20010914,0000,3976
20010915,0000,3679
20010916,0000,3743
20010917,0000,3298
20010918,0000,3245
20010919,0000,3128
20010920,0000,3209
20010921,0000,3277
20010922,0000,2791
20010923,0000,2980
20010924,0000,3853
20010925,0000,4153
20010926,0000,3336
20010927,0000,2893
20010928,0000,3012
20010929,0000,3011
20010930,0000,3485
20011001,0000,3130
20011002,0000,3573
20011003,0000,3613
20011004,0000,2350
20011005,0000,3715
20011006,0000,2858
20011007,0000,2851
20011008,0000,3110
20011009,0000,3043
20011010,0000,3514
20011011,0000,3152
20011012,0000,3422
20011013,0000,3573
20011014,0000,2731
20011015,0000,3729
20011016,0000,3091
20011017,0000,3531
20011018,0000,3614
20011019,0000,3091
20011020,0000,2967
20011021,0000,2653
20011022,0000,3402
20011023,0000,3586
20011024,0000,3306
20011025,0000,3523
20011026,0000,3595
20011027,0000,2642
20011028,0000,2406
20011029,0000,4554
20011030,0000,5880
20011031,0000,4260
20011101,0000,3881
20011102,0000,3739
20011103,0000,3594
20011104,0000,3746
20011105,0000,3935
20011106,0000,4390
20011107,0000,3968
20011108,0000,3678
20011109,0000,3266
20011110,0000,2755
20011111,0000,4506
20011112,0000,10249
20011113,0000,8414
20011114,0000,6117
20011115,0000,5235
20011116,0000,5628
20011117,0000,4994
20011118,0000,4435
20011119,0000,4750
20011120,0000,5005
20011121,0000,12727
20011122,0000,14638
20011123,0000,8373
20011124,0000,10486
20011125,0000,7627
20011126,0000,6486
20011127,0000,5994
20011128,0000,8432
20011129,0000,9538
20011130,0000,9207
20011201,0000,25317
20011202,0000,30618
20011203,0000,21236
20011204,0000,12568
20011205,0000,15928
20011206,0000,16353
20011207,0000,12248
20011208,0000,10611
20011209,0000,8705
20011210,0000,8819
20011211,0000,8003
20011212,0000,7323
20011213,0000,9263
20011214,0000,9736
20011215,0000,7607
20011216,0000,8088
20011217,0000,8260
20011218,0000,10342
20011219,0000,15354
20011220,0000,18520
20011221,0000,14158
20011222,0000,18767
20011223,0000,18691
20011224,0000,13391
20011225,0000,11242
20011226,0000,9837
20011227,0000,10620
20011228,0000,12828
20011229,0000,14553
20011230,0000,16765
20011231,0000,19682
20020101,0000,19402
20020102,0000,56705
20020103,0000,38098
20020104,0000,23759
20020105,0000,20468
20020106,0000,21070
20020107,0000,21118
20020108,0000,20273
20020109,0000,18166
20020110,0000,15899
20020111,0000,14111
20020112,0000,14900
20020113,0000,9858
20020114,0000,12243
20020115,0000,11973
20020116,0000,11135
20020117,0000,9176
20020118,0000,9194
20020119,0000,9128
20020120,0000,8071
20020121,0000,8991
20020122,0000,9057
20020123,0000,6971
20020124,0000,6073
20020125,0000,5819
20020126,0000,7472
20020127,0000,7567
20020128,0000,5745
20020129,0000,6012
20020130,0000,5837
20020131,0000,5323
20020201,0000,6345
20020202,0000,6293
20020203,0000,5776
20020204,0000,5210
20020205,0000,5422
20020206,0000,4905
20020207,0000,9350
20020208,0000,10569
20020209,0000,8704
20020210,0000,7822
20020211,0000,7657
20020212,0000,6507
20020213,0000,6951
20020214,0000,7280
20020215,0000,7506
20020216,0000,7902
20020217,0000,7199
20020218,0000,7402
20020219,0000,13571
20020220,0000,18595
20020221,0000,15202
20020222,0000,15430
20020223,0000,14851
20020224,0000,13891
20020225,0000,10020
20020226,0000,8945
20020227,0000,11264
20020228,0000,8556
20020301,0000,8917
20020302,0000,9782
20020303,0000,9193
20020304,0000,8051
20020305,0000,8018
20020306,0000,10213
20020307,0000,12022
20020308,0000,11243
20020309,0000,10153
20020310,0000,12264
20020311,0000,11489
20020312,0000,10189
20020313,0000,9958
20020314,0000,10494
20020315,0000,10576
20020316,0000,9978
20020317,0000,8593
20020318,0000,7901
20020319,0000,7398
20020320,0000,6861
20020321,0000,6328
20020322,0000,8880
20020323,0000,13192
20020324,0000,10557
20020325,0000,9265
20020326,0000,9154
20020327,0000,8276
20020328,0000,8928
20020329,0000,9301
20020330,0000,10205
20020331,0000,8627
20020401,0000,6532
20020402,0000,7382
20020403,0000,7622
20020404,0000,9349
20020405,0000,9373
20020406,0000,9100
20020407,0000,9538
20020408,0000,7724
20020409,0000,8611
20020410,0000,8309
20020411,0000,8494
20020412,0000,9660
20020413,0000,8739
20020414,0000,9945
20020415,0000,7777
20020416,0000,8311
20020417,0000,7639
20020418,0000,7373
20020419,0000,7512
20020420,0000,6600
20020421,0000,8476
20020422,0000,6626
20020423,0000,7042
20020424,0000,7031
20020425,0000,7125
20020426,0000,6906
20020427,0000,6393
20020428,0000,6814
20020429,0000,6192
20020430,0000,7823
20020501,0000,6937
20020502,0000,6035
20020503,0000,6536
20020504,0000,5342
20020505,0000,5855
20020506,0000,6074
20020507,0000,3831
20020508,0000,5307
20020509,0000,5806
20020510,0000,5661
20020511,0000,6698
20020512,0000,6395
20020513,0000,6029
20020514,0000,5570
20020515,0000,5750
20020516,0000,5363
20020517,0000,4615
20020518,0000,5656
20020519,0000,7837
20020520,0000,7744
20020521,0000,7244
20020522,0000,5639
20020523,0000,5422
20020524,0000,5642
20020525,0000,4528
20020526,0000,3402
20020527,0000,4260
20020528,0000,5920
20020529,0000,5839
20020530,0000,5960
20020531,0000,5639
20020601,0000,5076
20020602,0000,4296
20020603,0000,5211
20020604,0000,5177
20020605,0000,4674
20020606,0000,3875
20020607,0000,3969
20020608,0000,2677
20020609,0000,2297
20020610,0000,4406
20020611,0000,5002
20020612,0000,3587
20020613,0000,4591
20020614,0000,3650
20020615,0000,2975
20020616,0000,3579
20020617,0000,3826
20020618,0000,3751
20020619,0000,3503
20020620,0000,4137
20020621,0000,3322
20020622,0000,3348
20020623,0000,3162
20020624,0000,4528
20020625,0000,3113
20020626,0000,2486
20020627,0000,1368
20020628,0000,3809
20020629,0000,3416
20020630,0000,2180
20020701,0000,3734
20020702,0000,4610
20020703,0000,4480
20020704,0000,2603
20020705,0000,3388
20020706,0000,2542
20020707,0000,2716
20020708,0000,3409
20020709,0000,3931
20020710,0000,3927
20020711,0000,3234
20020712,0000,3635
20020713,0000,4107
20020714,0000,1943
20020715,0000,3964
20020716,0000,4071
20020717,0000,4128
20020718,0000,3957
20020719,0000,3904
20020720,0000,2921
20020721,0000,2688
20020722,0000,3510
20020723,0000,3535
20020724,0000,4028
20020725,0000,4003
20020726,0000,3415
20020727,0000,2216
20020728,0000,2818
20020729,0000,3096
20020730,0000,3084
20020731,0000,4263
20020801,0000,3512
20020802,0000,2951
20020803,0000,3129
20020804,0000,3575
20020805,0000,3589
20020806,0000,3282
20020807,0000,3942
20020808,0000,3795
20020809,0000,3927
20020810,0000,3842
20020811,0000,3451
20020812,0000,3503
20020813,0000,3427
20020814,0000,3338
20020815,0000,3616
20020816,0000,4265
20020817,0000,3608
20020818,0000,2808
20020819,0000,3142
20020820,0000,3085
20020821,0000,3286
20020822,0000,3165
20020823,0000,2987
20020824,0000,3663
20020825,0000,3535
20020826,0000,3401
20020827,0000,3347
20020828,0000,4300
20020829,0000,3317
20020830,0000,3473
20020831,0000,2172
20020901,0000,3423
20020902,0000,3559
20020903,0000,3045
20020904,0000,3718
20020905,0000,2896
20020906,0000,2673
20020907,0000,1890
20020908,0000,2962
20020909,0000,3407
20020910,0000,3447
20020911,0000,3014
20020912,0000,3230
20020913,0000,3603
20020914,0000,1934
20020915,0000,2198
20020916,0000,4180
20020917,0000,2739
20020918,0000,3632
20020919,0000,3908
20020920,0000,4000
20020921,0000,1485
20020922,0000,2333
20020923,0000,3371
20020924,0000,3364
20020925,0000,3782
20020926,0000,4045
20020927,0000,4154
20020928,0000,2573
20020929,0000,3382
20020930,0000,2592
20021001,0000,2867
20021002,0000,3037
20021003,0000,3263
20021004,0000,3619
20021005,0000,3239
20021006,0000,3297
20021007,0000,3306
20021008,0000,2458
20021009,0000,2697
20021010,0000,2573
20021011,0000,3527
20021012,0000,2916
20021013,0000,2851
20021014,0000,2915
20021015,0000,3325
20021016,0000,3473
20021017,0000,2743
20021018,0000,3016
20021019,0000,2734
20021020,0000,3200
20021021,0000,2965
20021022,0000,3728
20021023,0000,3808
20021024,0000,3783
20021025,0000,1915
20021026,0000,1151
20021027,0000,3380
20021028,0000,3924
20021029,0000,3410
20021030,0000,2614
20021031,0000,2676
20021101,0000,3285
20021102,0000,3501
20021103,0000,3191
20021104,0000,3762
20021105,0000,4229
20021106,0000,4433
20021107,0000,9385
20021108,0000,5794
20021109,0000,4416
20021110,0000,3655
20021111,0000,3735
20021112,0000,3938
20021113,0000,3879
20021114,0000,4305
20021115,0000,3712
20021116,0000,3694
20021117,0000,3647
20021118,0000,4444
20021119,0000,3542
20021120,0000,3706
20021121,0000,3078
20021122,0000,2500
20021123,0000,2908
20021124,0000,3844
20021125,0000,3639
20021126,0000,3255
20021127,0000,3198
20021128,0000,3049
20021129,0000,3052
20021130,0000,3619
20021201,0000,3638
20021202,0000,3418
20021203,0000,3215
20021204,0000,3815
20021205,0000,3537
20021206,0000,4081
20021207,0000,3515
20021208,0000,3725
20021209,0000,3812
20021210,0000,3945
20021211,0000,3666
20021212,0000,4094
20021213,0000,11947
20021214,0000,33491
20021215,0000,28909
20021216,0000,48296
20021217,0000,18973
20021218,0000,12879
20021219,0000,11392
20021220,0000,23230
20021221,0000,20901
20021222,0000,12559
20021223,0000,11029
20021224,0000,8582
20021225,0000,7225
20021226,0000,9225
20021227,0000,37827
20021228,0000,83267
20021229,0000,48236
20021230,0000,38347
20021231,0000,47236
20030101,0000,27068
20030102,0000,19213
20030103,0000,15442
20030104,0000,13526
20030105,0000,12362
20030106,0000,11257
20030107,0000,13027
20030108,0000,9328
20030109,0000,9928
20030110,0000,13097
20030111,0000,16109
20030112,0000,26725
20030113,0000,35919
20030114,0000,38183
20030115,0000,29243
20030116,0000,23003
20030117,0000,18284
20030118,0000,16759
20030119,0000,13330
20030120,0000,12189
20030121,0000,13680
20030122,0000,17319
20030123,0000,17749
20030124,0000,16921
20030125,0000,14130
20030126,0000,14157
20030127,0000,13714
20030128,0000,13088
20030129,0000,12940
20030130,0000,12228
20030131,0000,11439
20030201,0000,10678
20030202,0000,11030
20030203,0000,10338
20030204,0000,8454
20030205,0000,8278
20030206,0000,8986
20030207,0000,8907
20030208,0000,9963
20030209,0000,9802
20030210,0000,7462
20030211,0000,6542
20030212,0000,6690
20030213,0000,7288
20030214,0000,6671
20030215,0000,9737
20030216,0000,12611
20030217,0000,11945
20030218,0000,10556
20030219,0000,8829
20030220,0000,9773
20030221,0000,8843
20030222,0000,7365
20030223,0000,7501
20030224,0000,8929
20030225,0000,7749
20030226,0000,8138
20030227,0000,7524
20030228,0000,6813
20030301,0000,6475
20030302,0000,6484
20030303,0000,5953
20030304,0000,5986
20030305,0000,5932
20030306,0000,6025
20030307,0000,5886
20030308,0000,5749
20030309,0000,6062
20030310,0000,5797
20030311,0000,5884
20030312,0000,7115
20030313,0000,9796
20030314,0000,15084
20030315,0000,38496
20030316,0000,23843
20030317,0000,18323
20030318,0000,15110
20030319,0000,14394
20030320,0000,13216
20030321,0000,11750
20030322,0000,12122
20030323,0000,12695
20030324,0000,10577
20030325,0000,10907
20030326,0000,12462
20030327,0000,11702
20030328,0000,9379
20030329,0000,10054
20030330,0000,10123
20030331,0000,10113
20030401,0000,9519
20030402,0000,10055
20030403,0000,9340
20030404,0000,12001
20030405,0000,8661
20030406,0000,9813
20030407,0000,9217
20030408,0000,8216
20030409,0000,7405
20030410,0000,8205
20030411,0000,9884
20030412,0000,13492
20030413,0000,19113
20030414,0000,15567
20030415,0000,14436
20030416,0000,13972
20030417,0000,12303
20030418,0000,10696
20030419,0000,10764
20030420,0000,10093
20030421,0000,11479
20030422,0000,11542
20030423,0000,9554
20030424,0000,14955
20030425,0000,17473
20030426,0000,13644
20030427,0000,13374
20030428,0000,32491
20030429,0000,32898
20030430,0000,29565
20030501,0000,22927
20030502,0000,20157
20030503,0000,19016
20030504,0000,18109
20030505,0000,16272
20030506,0000,15951
20030507,0000,14282
20030508,0000,14319
20030509,0000,16102
20030510,0000,14531
20030511,0000,14916
20030512,0000,14201
20030513,0000,13730
20030514,0000,13317
20030515,0000,14398
20030516,0000,13926
20030517,0000,12158
20030518,0000,11836
20030519,0000,11180
20030520,0000,9963
20030521,0000,9049
20030522,0000,11114
20030523,0000,10982
20030524,0000,10319
20030525,0000,9476
20030526,0000,10211
20030527,0000,9897
20030528,0000,8869
20030529,0000,8131
20030530,0000,8657
20030531,0000,7565
20030601,0000,8902
20030602,0000,8353
20030603,0000,8344
20030604,0000,7278
20030605,0000,7847
20030606,0000,7510
20030607,0000,6239
20030608,0000,7280
20030609,0000,7358
20030610,0000,4706
20030611,0000,6729
20030612,0000,5526
20030613,0000,6093
20030614,0000,4169
20030615,0000,5280
20030616,0000,4687
20030617,0000,5168
20030618,0000,4390
20030619,0000,4238
20030620,0000,2509
20030621,0000,2571
20030622,0000,4557
20030623,0000,4070
20030624,0000,4780
20030625,0000,4892
20030626,0000,5861
20030627,0000,5040
20030628,0000,4316
20030629,0000,4693
20030630,0000,5098
20030701,0000,3699
20030702,0000,4059
20030703,0000,4409
20030704,0000,3934
20030705,0000,2903
20030706,0000,4277
20030707,0000,4370
20030708,0000,4900
20030709,0000,4756
20030710,0000,4806
20030711,0000,5129
20030712,0000,2976
20030713,0000,3786
20030714,0000,4411
20030715,0000,4848
20030716,0000,4243
20030717,0000,4011
20030718,0000,4562
20030719,0000,3421
20030720,0000,3723
20030721,0000,4099
20030722,0000,3752
20030723,0000,3803
20030724,0000,4019
20030725,0000,3553
20030726,0000,4725
20030727,0000,1922
20030728,0000,3399
20030729,0000,4352
20030730,0000,4073
20030731,0000,3630
20030801,0000,3905
20030802,0000,5421
20030803,0000,3516
20030804,0000,2920
20030805,0000,3492
20030806,0000,2505
20030807,0000,2348
20030808,0000,2573
20030809,0000,1639
20030810,0000,1560
20030811,0000,3869
20030812,0000,3797
20030813,0000,3259
20030814,0000,2859
20030815,0000,3368
20030816,0000,2752
20030817,0000,3230
20030818,0000,3854
20030819,0000,3551
20030820,0000,3470
20030821,0000,3876
20030822,0000,3689
20030823,0000,3464
20030824,0000,3720
20030825,0000,4044
20030826,0000,3659
20030827,0000,3988
20030828,0000,3568
20030829,0000,3378
20030830,0000,2864
20030831,0000,2610
20030901,0000,3251
20030902,0000,4731
20030903,0000,3809
20030904,0000,3887
20030905,0000,4285
20030906,0000,3130
20030907,0000,2893
20030908,0000,3504
20030909,0000,3463
20030910,0000,3142
20030911,0000,3583
20030912,0000,3918
20030913,0000,3607
20030914,0000,3253
20030915,0000,2979
20030916,0000,3881
20030917,0000,3122
20030918,0000,3439
20030919,0000,3538
20030920,0000,3143
20030921,0000,3579
20030922,0000,3469
20030923,0000,3387
20030924,0000,3622
20030925,0000,4098
20030926,0000,3524
20030927,0000,3527
20030928,0000,3200
20030929,0000,3313
20030930,0000,3672
20031001,0000,3401
20031002,0000,3416
20031003,0000,2564
20031004,0000,3673
20031005,0000,3420
20031006,0000,4045
20031007,0000,3638
20031008,0000,3698
20031009,0000,3196
20031010,0000,3516
20031011,0000,4401
20031012,0000,4138
20031013,0000,3500
20031014,0000,3763
20031015,0000,3113
20031016,0000,3313
20031017,0000,3854
20031018,0000,1106
20031019,0000,3605
20031020,0000,3619
20031021,0000,3843
20031022,0000,4117
20031023,0000,2785
20031024,0000,2400
20031025,0000,2470
20031026,0000,3568
20031027,0000,3655
20031028,0000,4086
20031029,0000,3186
20031030,0000,3597
20031031,0000,3587
20031101,0000,2361
20031102,0000,4959
20031103,0000,3634
20031104,0000,3404
20031105,0000,2987
20031106,0000,3070
20031107,0000,4471
20031108,0000,7099
20031109,0000,8041
20031110,0000,4835
20031111,0000,4252
20031112,0000,3981
20031113,0000,3626
20031114,0000,5188
20031115,0000,7089
20031116,0000,5228
20031117,0000,4733
20031118,0000,4136
20031119,0000,5343
20031120,0000,3952
20031121,0000,4020
20031122,0000,3667
20031123,0000,3007
20031124,0000,3704
20031125,0000,3868
20031126,0000,4091
20031127,0000,4691
20031128,0000,3694
20031129,0000,5003
20031130,0000,4438
20031201,0000,6164
20031202,0000,5887
20031203,0000,5296
20031204,0000,5339
20031205,0000,7959
20031206,0000,26566
20031207,0000,13055
20031208,0000,8203
20031209,0000,8556
20031210,0000,8938
20031211,0000,8402
20031212,0000,9873
20031213,0000,14366
20031214,0000,25926
20031215,0000,12409
20031216,0000,10287
20031217,0000,8924
20031218,0000,7272
20031219,0000,8748
20031220,0000,8326
20031221,0000,7339
20031222,0000,6664
20031223,0000,9632
20031224,0000,30571
20031225,0000,18271
20031226,0000,12791
20031227,0000,10397
20031228,0000,11615
20031229,0000,13112
20031230,0000,9608
20031231,0000,10587
20040101,0000,28154
20040102,0000,17498
20040103,0000,14294
20040104,0000,12805
20040105,0000,7861
20040106,0000,7383
20040107,0000,8697
20040108,0000,11275
20040109,0000,15089
20040110,0000,15744
20040111,0000,13168
20040112,0000,11895
20040113,0000,10617
20040114,0000,11389
20040115,0000,11788
20040116,0000,13780
20040117,0000,12156
20040118,0000,11858
20040119,0000,9546
20040120,0000,9689
20040121,0000,6747
20040122,0000,6097
20040123,0000,6801
20040124,0000,7106
20040125,0000,6735
20040126,0000,7134
20040127,0000,7843
20040128,0000,7146
20040129,0000,5738
20040130,0000,7444
20040131,0000,6072
20040201,0000,6295
20040202,0000,10944
20040203,0000,10681
20040204,0000,9415
20040205,0000,8642
20040206,0000,8068
20040207,0000,8515
20040208,0000,7868
20040209,0000,7491
20040210,0000,7072
20040211,0000,7115
20040212,0000,7336
20040213,0000,7309
20040214,0000,8108
20040215,0000,9055
20040216,0000,35422
20040217,0000,110890
20040218,0000,79979
20040219,0000,44067
20040220,0000,33086
20040221,0000,26777
20040222,0000,23015
20040223,0000,18717
20040224,0000,18336
20040225,0000,34135
20040226,0000,50522
20040227,0000,35672
20040228,0000,25565
20040229,0000,21870
20040301,0000,23241
20040302,0000,20082
20040303,0000,18229
20040304,0000,16581
20040305,0000,15629
20040306,0000,13546
20040307,0000,12768
20040308,0000,13318
20040309,0000,13437
20040310,0000,12890
20040311,0000,13075
20040312,0000,13036
20040313,0000,12236
20040314,0000,12533
20040315,0000,12960
20040316,0000,11956
20040317,0000,11831
20040318,0000,11203
20040319,0000,11493
20040320,0000,10368
20040321,0000,10989
20040322,0000,9953
20040323,0000,9768
20040324,0000,10788
20040325,0000,12218
20040326,0000,10364
20040327,0000,10769
20040328,0000,9913
20040329,0000,10313
20040330,0000,9962
20040331,0000,10552
20040401,0000,8997
20040402,0000,8325
20040403,0000,9503
20040404,0000,8386
20040405,0000,9200
20040406,0000,7294
20040407,0000,8177
20040408,0000,8305
20040409,0000,8139
20040410,0000,8415
20040411,0000,8395
20040412,0000,7427
20040413,0000,8439
20040414,0000,6994
20040415,0000,7197
20040416,0000,6574
20040417,0000,6713
20040418,0000,7753
20040419,0000,10070
20040420,0000,12459
20040421,0000,11684
20040422,0000,11367
20040423,0000,11055
20040424,0000,8397
20040425,0000,8978
20040426,0000,9758
20040427,0000,8554
20040428,0000,8028
20040429,0000,7900
20040430,0000,7565
20040501,0000,6647
20040502,0000,6750
20040503,0000,7986
20040504,0000,8204
20040505,0000,7612
20040506,0000,6897
20040507,0000,m
20040508,0000,m
20040509,0000,6939
20040510,0000,7353
20040511,0000,6896
20040512,0000,6280
20040513,0000,5919
20040514,0000,6412
20040515,0000,5621
20040516,0000,6462
20040517,0000,6350
20040518,0000,6740
20040519,0000,5717
20040520,0000,6419
20040521,0000,5928
20040522,0000,4686
20040523,0000,4834
20040524,0000,5122
20040525,0000,5352
20040526,0000,5086
20040527,0000,5579
20040528,0000,4612
20040529,0000,4710
20040530,0000,3847
20040531,0000,3484
20040601,0000,7806
20040602,0000,8496
20040603,0000,2392
20040604,0000,4690
20040605,0000,3367
20040606,0000,4821
20040607,0000,4587
20040608,0000,4604
20040609,0000,5677
20040610,0000,5055
20040611,0000,4675
20040612,0000,3602
20040613,0000,3914
20040614,0000,4182
20040615,0000,4455
20040616,0000,4314
20040617,0000,3929
20040618,0000,4403
20040619,0000,4182
20040620,0000,3992
20040621,0000,3112
20040622,0000,4239
20040623,0000,3852
20040624,0000,4179
20040625,0000,3197
20040626,0000,4009
20040627,0000,3545
20040628,0000,4773
20040629,0000,4036
20040630,0000,3913
20040701,0000,5059
20040702,0000,4972
20040703,0000,2496
20040704,0000,5091
20040705,0000,4469
20040706,0000,4557
20040707,0000,3957
20040708,0000,3785
20040709,0000,4226
20040710,0000,3333
20040711,0000,3780
20040712,0000,4249
20040713,0000,3448
20040714,0000,3727
20040715,0000,3412
20040716,0000,4371
20040717,0000,3872
20040718,0000,3847
20040719,0000,3139
20040720,0000,4411
20040721,0000,3364
20040722,0000,3507
20040723,0000,3432
20040724,0000,2762
20040725,0000,3741
20040726,0000,3962
20040727,0000,3146
20040728,0000,4077
20040729,0000,4653
20040730,0000,3753
20040731,0000,3226
20040801,0000,3175
20040802,0000,3663
20040803,0000,3413
20040804,0000,3693
20040805,0000,2276
20040806,0000,2305
20040807,0000,3393
20040808,0000,3597
20040809,0000,2048
20040810,0000,3645
20040811,0000,3722
20040812,0000,3188
20040813,0000,3045
20040814,0000,4061
20040815,0000,3559
20040816,0000,3367
20040817,0000,3086
20040818,0000,3776
20040819,0000,3530
20040820,0000,3366
20040821,0000,2900
20040822,0000,2623
20040823,0000,3183
20040824,0000,3328
20040825,0000,3550
20040826,0000,3333
20040827,0000,3431
20040828,0000,3108
20040829,0000,2959
20040830,0000,3196
20040831,0000,2821
20040901,0000,3541
20040902,0000,3001
20040903,0000,3776
20040904,0000,4095
20040905,0000,4009
20040906,0000,4823
20040907,0000,4478
20040908,0000,3442
20040909,0000,3222
20040910,0000,3042
20040911,0000,3000
20040912,0000,3418
20040913,0000,3164
20040914,0000,3044
20040915,0000,2622
20040916,0000,3060
20040917,0000,1878
20040918,0000,1541
20040919,0000,2970
20040920,0000,3392
20040921,0000,2999
20040922,0000,3033
20040923,0000,3959
20040924,0000,3750
20040925,0000,3336
20040926,0000,2865
20040927,0000,2709
20040928,0000,2235
20040929,0000,2359
20040930,0000,2908
20041001,0000,1947
20041002,0000,2529
20041003,0000,3168
20041004,0000,3395
20041005,0000,2472
20041006,0000,3370
20041007,0000,3413
20041008,0000,4607
20041009,0000,2746
20041010,0000,3922
20041011,0000,2701
20041012,0000,2951
20041013,0000,3374
20041014,0000,2622
20041015,0000,3024
20041016,0000,4701
20041017,0000,3794
20041018,0000,4368
20041019,0000,10721
20041020,0000,6655
20041021,0000,4314
20041022,0000,3968
20041023,0000,6161
20041024,0000,2400
20041025,0000,4493
20041026,0000,6671
20041027,0000,4754
20041028,0000,4020
20041029,0000,3639
20041030,0000,3629
20041031,0000,4064
20041101,0000,4161
20041102,0000,6453
20041103,0000,2512
20041104,0000,3296
20041105,0000,3981
20041106,0000,4149
20041107,0000,3485
20041108,0000,2103
20041109,0000,2484
20041110,0000,3290
20041111,0000,4035
20041112,0000,3845
20041113,0000,4046
20041114,0000,4185
20041115,0000,4411
20041116,0000,3980
20041117,0000,3286
20041118,0000,2969
20041119,0000,2987
20041120,0000,2803
20041121,0000,2983
20041122,0000,2753
20041123,0000,3129
20041124,0000,3087
20041125,0000,3238
20041126,0000,3717
20041127,0000,4465
20041128,0000,3702
20041129,0000,3314
20041130,0000,3430
20041201,0000,3562
20041202,0000,3601
20041203,0000,2942
20041204,0000,3595
20041205,0000,3777
20041206,0000,6443
20041207,0000,9816
20041208,0000,27642
20041209,0000,16054
20041210,0000,10481
20041211,0000,8672
20041212,0000,7305
20041213,0000,5806
20041214,0000,5198
20041215,0000,5807
20041216,0000,5440
20041217,0000,5445
20041218,0000,4821
20041219,0000,4723
20041220,0000,5331
20041221,0000,4663
20041222,0000,4408
20041223,0000,4475
20041224,0000,4084
20041225,0000,4571
20041226,0000,7456
20041227,0000,12014
20041228,0000,11064
20041229,0000,12018
20041230,0000,16595
20041231,0000,14242
20050101,0000,11879
20050102,0000,13144
20050103,0000,10499
20050104,0000,7554
20050105,0000,5800
20050106,0000,5259
20050107,0000,7740
20050108,0000,7500
20050109,0000,8737
20050110,0000,8854
20050111,0000,9313
20050112,0000,7371
20050113,0000,7297
20050114,0000,7291
20050115,0000,6825
20050116,0000,7118
20050117,0000,6429
20050118,0000,6756
20050119,0000,7322
20050120,0000,8014
20050121,0000,7765
20050122,0000,7166
20050123,0000,6773
20050124,0000,7434
20050125,0000,8313
20050126,0000,17219
20050127,0000,15322
20050128,0000,23447
20050129,0000,18768
20050130,0000,14092
20050131,0000,11671
20050201,0000,10331
20050202,0000,9798
20050203,0000,8975
20050204,0000,10140
20050205,0000,9001
20050206,0000,7612
20050207,0000,8269
20050208,0000,6447
20050209,0000,6350
20050210,0000,6011
20050211,0000,6231
20050212,0000,5746
20050213,0000,8429
20050214,0000,8495
20050215,0000,8158
20050216,0000,7566
20050217,0000,6921
20050218,0000,8587
20050219,0000,8682
20050220,0000,14917
20050221,0000,14154
20050222,0000,10322
20050223,0000,10060
20050224,0000,7874
20050225,0000,7445
20050226,0000,7597
20050227,0000,11985
20050228,0000,14177
20050301,0000,13800
20050302,0000,14440
20050303,0000,12376
20050304,0000,10943
20050305,0000,11487
20050306,0000,10526
20050307,0000,9940
20050308,0000,9650
20050309,0000,9919
20050310,0000,9011
20050311,0000,8448
20050312,0000,8249
20050313,0000,8398
20050314,0000,9176
20050315,0000,7533
20050316,0000,7622
20050317,0000,7252
20050318,0000,7804
20050319,0000,11680
20050320,0000,13591
20050321,0000,16762
20050322,0000,29706
20050323,0000,25451
20050324,0000,18951
20050325,0000,15702
20050326,0000,13703
20050327,0000,18336
20050328,0000,18257
20050329,0000,15711
20050330,0000,14276
20050331,0000,12878
20050401,0000,12270
20050402,0000,11688
20050403,0000,13543
20050404,0000,12666
20050405,0000,11467
20050406,0000,10393
20050407,0000,11473
20050408,0000,14793
20050409,0000,12805
20050410,0000,12703
20050411,0000,10904
20050412,0000,11019
20050413,0000,10543
20050414,0000,9493
20050415,0000,9688
20050416,0000,8774
20050417,0000,8157
20050418,0000,9788
20050419,0000,8364
20050420,0000,7980
20050421,0000,7958
20050422,0000,8368
20050423,0000,9008
20050424,0000,8734
20050425,0000,7747
20050426,0000,6677
20050427,0000,7042
20050428,0000,7826
20050429,0000,8315
20050430,0000,8520
20050501,0000,8055
20050502,0000,8301
20050503,0000,8030
20050504,0000,9285
20050505,0000,12721
20050506,0000,11908
20050507,0000,12581
20050508,0000,24085
20050509,0000,39247
20050510,0000,29213
20050511,0000,22189
20050512,0000,19467
20050513,0000,16865
20050514,0000,17388
20050515,0000,16815
20050516,0000,24523
20050517,0000,16560
20050518,0000,28339
20050519,0000,33808
20050520,0000,27142
20050521,0000,21298
20050522,0000,20027
20050523,0000,18849
20050524,0000,15886
20050525,0000,14574
20050526,0000,14765
20050527,0000,13709
20050528,0000,13399
20050529,0000,11179
20050530,0000,11578
20050531,0000,9247
20050601,0000,10378
20050602,0000,9308
20050603,0000,9054
20050604,0000,7484
20050605,0000,9028
20050606,0000,7998
20050607,0000,7590
20050608,0000,8156
20050609,0000,7483
20050610,0000,6634
20050611,0000,6283
20050612,0000,6375
20050613,0000,6030
20050614,0000,6110
20050615,0000,5460
20050616,0000,7740
20050617,0000,8684
20050618,0000,11218
20050619,0000,9208
20050620,0000,7973
20050621,0000,6686
20050622,0000,6264
20050623,0000,5804
20050624,0000,5662
20050625,0000,5411
20050626,0000,5711
20050627,0000,4967
20050628,0000,6400
20050629,0000,7414
20050630,0000,7466
20050701,0000,6363
20050702,0000,5357
20050703,0000,6053
20050704,0000,5836
20050705,0000,5089
20050706,0000,4872
20050707,0000,5166
20050708,0000,4670
20050709,0000,4024
20050710,0000,4505
20050711,0000,4987
20050712,0000,4670
20050713,0000,5074
20050714,0000,4870
20050715,0000,5225
20050716,0000,3771
20050717,0000,4502
20050718,0000,3907
20050719,0000,4325
20050720,0000,4364
20050721,0000,3664
20050722,0000,3965
20050723,0000,3942
20050724,0000,3597
20050725,0000,1176
20050726,0000,2816
20050727,0000,3602
20050728,0000,3890
20050729,0000,3822
20050730,0000,3614
20050731,0000,3633
20050801,0000,3960
20050802,0000,3507
20050803,0000,3920
20050804,0000,3950
20050805,0000,3842
20050806,0000,3665
20050807,0000,3549
20050808,0000,3869
20050809,0000,4066
20050810,0000,3898
20050811,0000,3588
20050812,0000,3942
20050813,0000,m
20050814,0000,3102
20050815,0000,3713
20050816,0000,4176
20050817,0000,3528
20050818,0000,3525
20050819,0000,3274
20050820,0000,3635
20050821,0000,3381
20050822,0000,4269
20050823,0000,3406
20050824,0000,3394
20050825,0000,3394
20050826,0000,3526
20050827,0000,2727
20050828,0000,3422
20050829,0000,3771
20050830,0000,3125
20050831,0000,3256
20050901,0000,3535
20050902,0000,3429
20050903,0000,3436
20050904,0000,3119
20050905,0000,3124
20050906,0000,3310
20050907,0000,3491
20050908,0000,3388
20050909,0000,3982
20050910,0000,3013
20050911,0000,2753
20050912,0000,3966
20050913,0000,3987
20050914,0000,3555
20050915,0000,3657
20050916,0000,3237
20050917,0000,3509
20050918,0000,2804
20050919,0000,3591
20050920,0000,3526
20050921,0000,3509
20050922,0000,3469
20050923,0000,3026
20050924,0000,3044
20050925,0000,3466
20050926,0000,3331
20050927,0000,4096
20050928,0000,3333
20050929,0000,3292
20050930,0000,3496
20051001,0000,3571
20051002,0000,3401
20051003,0000,3234
20051004,0000,2427
20051005,0000,3093
20051006,0000,3845
20051007,0000,3865
20051008,0000,3291
20051009,0000,3340
20051010,0000,3540
20051011,0000,3648
20051012,0000,3753
20051013,0000,3410
20051014,0000,3605
20051015,0000,3191
20051016,0000,3042
20051017,0000,4228
20051018,0000,3403
20051019,0000,3689
20051020,0000,3870
20051021,0000,3550
20051022,0000,3661
20051023,0000,3788
20051024,0000,2982
20051025,0000,2952
20051026,0000,4546
20051027,0000,2994
20051028,0000,5272
20051029,0000,3602
20051030,0000,3295
20051031,0000,3166
20051101,0000,4250
20051102,0000,3544
20051103,0000,5768
20051104,0000,4551
20051105,0000,3852
20051106,0000,6259
20051107,0000,14086
20051108,0000,8075
20051109,0000,5044
20051110,0000,5443
20051111,0000,5306
20051112,0000,5048
20051113,0000,4075
20051114,0000,3818
20051115,0000,4192
20051116,0000,3651
20051117,0000,5397
20051118,0000,3852
20051119,0000,3980
20051120,0000,4728
20051121,0000,4207
20051122,0000,3763
20051123,0000,4016
20051124,0000,3722
20051125,0000,4167
20051126,0000,3344
20051127,0000,3720
20051128,0000,6037
20051129,0000,5796
20051130,0000,5675
20051201,0000,16386
20051202,0000,10726
20051203,0000,7090
20051204,0000,5385
20051205,0000,4537
20051206,0000,3363
20051207,0000,4710
20051208,0000,4604
20051209,0000,3820
20051210,0000,4096
20051211,0000,3979
20051212,0000,4161
20051213,0000,4017
20051214,0000,3643
20051215,0000,4187
20051216,0000,3864
20051217,0000,5182
20051218,0000,8672
20051219,0000,21365
20051220,0000,20100
20051221,0000,23785
20051222,0000,38520
20051223,0000,32152
20051224,0000,21837
20051225,0000,23203
20051226,0000,33457
20051227,0000,39356
20051228,0000,69007
20051229,0000,43072
20051230,0000,53853
20051231,0000,79379
20060101,0000,62167
20060102,0000,56845
20060103,0000,48894
20060104,0000,45221
20060105,0000,34798
20060106,0000,26973
20060107,0000,23442
20060108,0000,20201
20060109,0000,19154
20060110,0000,19307
20060111,0000,20298
20060112,0000,17041
20060113,0000,17050
20060114,0000,24060
20060115,0000,20639
20060116,0000,17791
20060117,0000,18212
20060118,0000,20436
20060119,0000,18161
20060120,0000,17319
20060121,0000,15227
20060122,0000,14258
20060123,0000,13419
20060124,0000,12100
20060125,0000,12014
20060126,0000,12941
20060127,0000,12139
20060128,0000,18036
20060129,0000,18094
20060130,0000,21420
20060131,0000,21213
20060201,0000,20425
20060202,0000,20867
20060203,0000,18601
20060204,0000,22858
20060205,0000,20121
20060206,0000,18314
20060207,0000,17019
20060208,0000,15487
20060209,0000,14375
20060210,0000,13603
20060211,0000,12781
20060212,0000,12550
20060213,0000,11951
20060214,0000,10023
20060215,0000,10634
20060216,0000,10000
20060217,0000,10968
20060218,0000,9623
20060219,0000,9647
20060220,0000,8632
20060221,0000,8493
20060222,0000,7275
20060223,0000,7768
20060224,0000,7794
20060225,0000,9088
20060226,0000,10157
20060227,0000,30005
20060228,0000,38135
20060301,0000,29100
20060302,0000,25280
20060303,0000,23907
20060304,0000,21007
20060305,0000,30305
20060306,0000,29876
20060307,0000,30604
20060308,0000,24401
20060309,0000,20518
20060310,0000,18675
20060311,0000,16590
20060312,0000,15843
20060313,0000,16470
20060314,0000,17257
20060315,0000,16884
20060316,0000,24896
20060317,0000,25653
20060318,0000,21256
20060319,0000,18441
20060320,0000,18084
20060321,0000,16997
20060322,0000,15889
20060323,0000,15087
20060324,0000,18652
20060325,0000,26876
20060326,0000,23990
20060327,0000,22503
20060328,0000,26757
20060329,0000,27803
20060330,0000,m
20060331,0000,30784
20060401,0000,31981
20060402,0000,31382
20060403,0000,38413
20060404,0000,35211
20060405,0000,30072
20060406,0000,29443
20060407,0000,27362
20060408,0000,29253
20060409,0000,29514
20060410,0000,28317
20060411,0000,37910
20060412,0000,57127
20060413,0000,43269
20060414,0000,34282
20060415,0000,35473
20060416,0000,35936
20060417,0000,29639
20060418,0000,27216
20060419,0000,26476
20060420,0000,24997
20060421,0000,24114
20060422,0000,23711
20060423,0000,21674
20060424,0000,21373
20060425,0000,20684
20060426,0000,20602
20060427,0000,21273
20060428,0000,21471
20060429,0000,22522
20060430,0000,22343
20060501,0000,20989
20060502,0000,19615
20060503,0000,18953
20060504,0000,17971
20060505,0000,17796
20060506,0000,17841
20060507,0000,17161
20060508,0000,16334
20060509,0000,15357
20060510,0000,15011
20060511,0000,15389
20060512,0000,15593
20060513,0000,14926
20060514,0000,15224
20060515,0000,15400
20060516,0000,16232
20060517,0000,15989
20060518,0000,14968
20060519,0000,17353
20060520,0000,18177
20060521,0000,16456
20060522,0000,17174
20060523,0000,16023
20060524,0000,12780
20060525,0000,12719
20060526,0000,11700
20060527,0000,11936
20060528,0000,11358
20060529,0000,11184
20060530,0000,9358
20060531,0000,8324
20060601,0000,7992
20060602,0000,10406
20060603,0000,9926
20060604,0000,9810
20060605,0000,9181
20060606,0000,9412
20060607,0000,9195
20060608,0000,8468
20060609,0000,8352
20060610,0000,8398
20060611,0000,8309
20060612,0000,7537
20060613,0000,7295
20060614,0000,6800
20060615,0000,6492
20060616,0000,8581
20060617,0000,6546
20060618,0000,6669
20060619,0000,6938
20060620,0000,6826
20060621,0000,6652
20060622,0000,5472
20060623,0000,6581
20060624,0000,5486
20060625,0000,5495
20060626,0000,5966
20060627,0000,5582
20060628,0000,6177
20060629,0000,6084
20060630,0000,5686
20060701,0000,5593
20060702,0000,5456
20060703,0000,5097
20060704,0000,5839
20060705,0000,4727
20060706,0000,5025
20060707,0000,5187
20060708,0000,5306
20060709,0000,4998
20060710,0000,5256
20060711,0000,4499
20060712,0000,4680
20060713,0000,4912
20060714,0000,4740
20060715,0000,4601
20060716,0000,5071
20060717,0000,4892
20060718,0000,4668
20060719,0000,5330
20060720,0000,5407
20060721,0000,4631
20060722,0000,4200
20060723,0000,4746
20060724,0000,5476
20060725,0000,4977
20060726,0000,4727
20060727,0000,4358
20060728,0000,4492
20060729,0000,4124
20060730,0000,3198
20060731,0000,4113
20060801,0000,4513
20060802,0000,4702
20060803,0000,4697
20060804,0000,4502
20060805,0000,3899
20060806,0000,4529
20060807,0000,4161
20060808,0000,4461
20060809,0000,4480
20060810,0000,3947
20060811,0000,4464
20060812,0000,4378
20060813,0000,4296
20060814,0000,4064
20060815,0000,4226
20060816,0000,4240
20060817,0000,3891
20060818,0000,3997
20060819,0000,4160
20060820,0000,4301
20060821,0000,4099
20060822,0000,4027
20060823,0000,4223
20060824,0000,3829
20060825,0000,4346
20060826,0000,1690
20060827,0000,3547
20060828,0000,4622
20060829,0000,4297
20060830,0000,4560
20060831,0000,3513
20060901,0000,4292
20060902,0000,3707
20060903,0000,3406
20060904,0000,3365
20060905,0000,4025
20060906,0000,3927
20060907,0000,3904
20060908,0000,3860
20060909,0000,3202
20060910,0000,3956
20060911,0000,4331
20060912,0000,3866
20060913,0000,3838
20060914,0000,3045
20060915,0000,4064
20060916,0000,3607
20060917,0000,3688
20060918,0000,4513
20060919,0000,2679
20060920,0000,4003
20060921,0000,3900
20060922,0000,4325
20060923,0000,2965
20060924,0000,4193
20060925,0000,3914
20060926,0000,3817
20060927,0000,3734
20060928,0000,3857
20060929,0000,3950
20060930,0000,3603
20061001,0000,3900
20061002,0000,3471
20061003,0000,3982
20061004,0000,4403
20061005,0000,4165
20061006,0000,4001
20061007,0000,3809
20061008,0000,4292
20061009,0000,3890
20061010,0000,3781
20061011,0000,4413
20061012,0000,4520
20061013,0000,5245
20061014,0000,4290
20061015,0000,5133
20061016,0000,4577
20061017,0000,3377
20061018,0000,3642
20061019,0000,3647
20061020,0000,3554
20061021,0000,2698
20061022,0000,2951
20061023,0000,3574
20061024,0000,3022
20061025,0000,2998
20061026,0000,3572
20061027,0000,3928
20061028,0000,4956
20061029,0000,4552
20061030,0000,3657
20061031,0000,3850
20061101,0000,4404
20061102,0000,5004
20061103,0000,6083
20061104,0000,4587
20061105,0000,5807
20061106,0000,5299
20061107,0000,4545
20061108,0000,5003
20061109,0000,4789
20061110,0000,4660
20061111,0000,5231
20061112,0000,5357
20061113,0000,7581
20061114,0000,5878
20061115,0000,5429
20061116,0000,6221
20061117,0000,5278
20061118,0000,4996
20061119,0000,4761
20061120,0000,5299
20061121,0000,5027
20061122,0000,6113
20061123,0000,5523
20061124,0000,4734
20061125,0000,4674
20061126,0000,7001
20061127,0000,4863
20061128,0000,4123
20061129,0000,3829
20061130,0000,4331
20061201,0000,3938
20061202,0000,4785
20061203,0000,4855
20061204,0000,4300
20061205,0000,4211
20061206,0000,4022
20061207,0000,4427
20061208,0000,4901
20061209,0000,7293
20061210,0000,7649
20061211,0000,9336
20061212,0000,12742
20061213,0000,15287
20061214,0000,16569
20061215,0000,15150
20061216,0000,9625
20061217,0000,7976
20061218,0000,6938
20061219,0000,6212
20061220,0000,5324
20061221,0000,6376
20061222,0000,5497
20061223,0000,5481
20061224,0000,6050
20061225,0000,5618
20061226,0000,13562
20061227,0000,14592
20061228,0000,9196
20061229,0000,8150
20061230,0000,7630
20061231,0000,7355
20070101,0000,6033
20070102,0000,5427
20070103,0000,6952
20070104,0000,8208
20070105,0000,6155
20070106,0000,6112
20070107,0000,5826
20070108,0000,5639
20070109,0000,5615
20070110,0000,4677
20070111,0000,m

