Title: "SHA.csv"

5583,PST,'RESERVOIR STORAGE (af)'
19531001,0000,3325600
19531101,0000,3360100
19531201,0000,3359600
19540101,0000,3421000
19540201,0000,3250900
19540301,0000,3816400
19540401,0000,4431000
19540501,0000,4399500
19540601,0000,4186300
19540701,0000,3734700
19540801,0000,3293700
19540901,0000,3056800
19541001,0000,2944700
19541101,0000,3020900
19541201,0000,3194200
19550101,0000,3186700
19550201,0000,3252800
19550301,0000,3416100
19550401,0000,3678800
19550501,0000,3807400
19550601,0000,3560900
19550701,0000,3093200
19550801,0000,2670200
19550901,0000,2455300
19551001,0000,2332300
19551101,0000,2357100
19551201,0000,3416100
19560101,0000,3362000
19560201,0000,3548700
19560301,0000,3884500
19560401,0000,m
19560501,0000,4502200
19560601,0000,4423700
19560701,0000,4125200
19560801,0000,3824900
19560901,0000,3568500
19561001,0000,3413400
19561101,0000,3278300
19561201,0000,3180100
19570101,0000,3280400
19570201,0000,3918900
19570301,0000,4063900
19570401,0000,4431300
19570501,0000,4495700
19570601,0000,4319200
19570701,0000,3988300
19570801,0000,3669200
19570901,0000,3484900
19571001,0000,3395400
19571101,0000,3250700
19571201,0000,3406700
19580101,0000,3558300
19580201,0000,3695200
19580301,0000,4242200
19580401,0000,4415500
19580501,0000,4483900
19580601,0000,4460300
19580701,0000,4200400
19580801,0000,3784600
19580901,0000,3473400
19581001,0000,3255700
19581101,0000,3092000
19581201,0000,3023900
19590101,0000,3331600
19590201,0000,3459700
19590301,0000,3782000
19590401,0000,3948700
19590501,0000,3850500
19590601,0000,3574400
19590701,0000,3135300
19590801,0000,2659300
19590901,0000,2504100
19591001,0000,2421700
19591101,0000,2400800
19591201,0000,2427400
19600101,0000,2607600
19600201,0000,3208200
19600301,0000,3895500
19600401,0000,4058400
19600501,0000,4078900
19600601,0000,3828400
19600701,0000,3384100
19600801,0000,2959900
19600901,0000,2756300
19601001,0000,2627600
19601101,0000,2662300
19601201,0000,3082300
19610101,0000,3247100
19610201,0000,3552200
19610301,0000,3597300
19610401,0000,3714300
19610501,0000,3741900
19610601,0000,3500000
19610701,0000,3026200
19610801,0000,2565200
19610901,0000,2333000
19611001,0000,2213400
19611101,0000,2254300
19611201,0000,2576400
19620101,0000,2716700
19620201,0000,3621200
19620301,0000,3994300
19620401,0000,4320100
19620501,0000,4292700
19620601,0000,4026100
19620701,0000,3597600
19620801,0000,3143000
19620901,0000,2908000
19621001,0000,3193300
19621101,0000,3189000
19621201,0000,3262900
19630101,0000,3191600
19630201,0000,3437600
19630301,0000,3838200
19630401,0000,4404700
19630501,0000,4498700
19630601,0000,4337500
19630701,0000,3985800
19630801,0000,3589400
19630901,0000,3242000
19631001,0000,3111000
19631101,0000,3208200
19631201,0000,2989400
19640101,0000,3206300
19640201,0000,3161000
19640301,0000,3276100
19640401,0000,3301400
19640501,0000,3221100
19640601,0000,3123400
19640701,0000,2749200
19640801,0000,2389000
19640901,0000,2202200
19641001,0000,2186500
19641101,0000,2350800
19641201,0000,3254700
19650101,0000,3249000
19650201,0000,3270800
19650301,0000,3561400
19650401,0000,4422800
19650501,0000,4488900
19650601,0000,4406800
19650701,0000,4122100
19650801,0000,3815600
19650901,0000,3612400
19651001,0000,3424000
19651101,0000,3510800
19651201,0000,3194200
19660101,0000,3155600
19660201,0000,3483900
19660301,0000,4089500
19660401,0000,4460600
19660501,0000,4472100
19660601,0000,4236500
19660701,0000,3789700
19660801,0000,3396900
19660901,0000,3262900
19661001,0000,3150500
19661101,0000,3337700
19661201,0000,3163100
19670101,0000,3511300
19670201,0000,3350600
19670301,0000,4099200
19670401,0000,4467100
19670501,0000,4523500
19670601,0000,4443900
19670701,0000,4120200
19670801,0000,3765000
19670901,0000,3505800
19671001,0000,3329200
19671101,0000,3237300
19671201,0000,3167800
19680101,0000,3246100
19680201,0000,3536500
19680301,0000,3797900
19680401,0000,3889300
19680501,0000,3908700
19680601,0000,3713800
19680701,0000,3307400
19680801,0000,2957900
19680901,0000,2669800
19681001,0000,2515100
19681101,0000,2472900
19681201,0000,2732400
19690101,0000,3205900
19690201,0000,3197300
19690301,0000,3666600
19690401,0000,4393700
19690501,0000,4486800
19690601,0000,4275400
19690701,0000,3978100
19690801,0000,3645900
19690901,0000,3527900
19691001,0000,3366900
19691101,0000,3228000
19691201,0000,3262900
19700101,0000,m
19700201,0000,3408700
19700301,0000,3980600
19700401,0000,4100100
19700501,0000,4106800
19700601,0000,3948500
19700701,0000,3728200
19700801,0000,3571600
19700901,0000,3440000
19701001,0000,3393400
19701101,0000,3494700
19701201,0000,3202300
19710101,0000,3343000
19710201,0000,3439600
19710301,0000,4269400
19710401,0000,4493300
19710501,0000,4505800
19710601,0000,4394600
19710701,0000,4070300
19710801,0000,3580200
19710901,0000,3274900
19711001,0000,3230800
19711101,0000,3216800
19711201,0000,3205600
19720101,0000,3404200
19720201,0000,3616000
19720301,0000,4076200
19720401,0000,4363200
19720501,0000,4220300
19720601,0000,3930600
19720701,0000,3576400
19720801,0000,3321000
19720901,0000,3266500
19721001,0000,3279900
19721101,0000,3237000
19721201,0000,3300400
19730101,0000,3285700
19730201,0000,3494000
19730301,0000,3985500
19730401,0000,4297600
19730501,0000,4365200
19730601,0000,4174100
19730701,0000,3813000
19730801,0000,3500000
19730901,0000,3316600
19731001,0000,3240800
19731101,0000,3625800
19731201,0000,3379900
19740101,0000,3613200
19740201,0000,3620200
19740301,0000,4503400
19740401,0000,4395400
19740501,0000,4542600
19740601,0000,4400100
19740701,0000,4190800
19740801,0000,3854800
19740901,0000,3658300
19741001,0000,3555400
19741101,0000,3339100
19741201,0000,3204400
19750101,0000,3218000
19750201,0000,3574400
19750301,0000,4046000
19750401,0000,4579100
19750501,0000,4536600
19750601,0000,4402400
19750701,0000,4085900
19750801,0000,3726900
19750901,0000,3569500
19751001,0000,3474700
19751101,0000,3329700
19751201,0000,3036900
19760101,0000,2990800
19760201,0000,3035800
19760301,0000,3170200
19760401,0000,3013700
19760501,0000,2568100
19760601,0000,2130500
19760701,0000,1653800
19760801,0000,1310000
19760901,0000,1295400
19761001,0000,1492600
19761101,0000,1562000
19761201,0000,1599100
19770101,0000,1533000
19770201,0000,1485600
19770301,0000,1460700
19770401,0000,1214100
19770501,0000,1127100
19770601,0000,937700
19770701,0000,680500
19770801,0000,578000
19770901,0000,630600
19771001,0000,656000
19771101,0000,648200
19771201,0000,1172300
19780101,0000,2979700
19780201,0000,3614000
19780301,0000,3982200
19780401,0000,4431900
19780501,0000,4477700
19780601,0000,4290400
19780701,0000,3906500
19780801,0000,3498500
19780901,0000,3427900
19781001,0000,3332100
19781101,0000,3310800
19781201,0000,3335700
19790101,0000,3338700
19790201,0000,3682200
19790301,0000,4137800
19790401,0000,4264000
19790501,0000,4336600
19790601,0000,3965100
19790701,0000,3450500
19790801,0000,3200600
19790901,0000,3141300
19791001,0000,3212000
19791101,0000,3317800
19791201,0000,3380900
19800101,0000,3605500
19800201,0000,3792600
19800301,0000,3869700
19800401,0000,4153800
19800501,0000,4173800
19800601,0000,3919500
19800701,0000,3555500
19800801,0000,3322900
19800901,0000,3320700
19801001,0000,3256900
19801101,0000,3202500
19801201,0000,3190700
19810101,0000,3453500
19810201,0000,3865200
19810301,0000,4320700
19810401,0000,4295900
19810501,0000,3994300
19810601,0000,3608600
19810701,0000,3033000
19810801,0000,2547600
19810901,0000,2480200
19811001,0000,2560200
19811101,0000,3336700
19811201,0000,3492000
19820101,0000,3556300
19820201,0000,3633500
19820301,0000,4062000
19820401,0000,4472700
19820501,0000,4507500
19820601,0000,4375400
19820701,0000,4071200
19820801,0000,3692400
19820901,0000,3486400
19821001,0000,3433400
19821101,0000,3297100
19821201,0000,3255000
19830101,0000,3740300
19830201,0000,3579400
19830301,0000,3725100
19830401,0000,4286100
19830501,0000,4526800
19830601,0000,4471200
19830701,0000,4169900
19830801,0000,3776200
19830901,0000,3616800
19831001,0000,3458000
19831101,0000,3395400
19831201,0000,3457500
19840101,0000,3405200
19840201,0000,3789900
19840301,0000,4133600
19840401,0000,4342700
19840501,0000,4294400
19840601,0000,4070000
19840701,0000,3587400
19840801,0000,3305500
19840901,0000,3240100
19841001,0000,3155400
19841101,0000,3252300
19841201,0000,3105500
19850101,0000,3118200
19850201,0000,3240400
19850301,0000,3445500
19850401,0000,3546900
19850501,0000,3225400
19850601,0000,2856300
19850701,0000,2292100
19850801,0000,1929200
19850901,0000,1977800
19851001,0000,2083100
19851101,0000,2173900
19851201,0000,2422100
19860101,0000,2973900
19860201,0000,3811900
19860301,0000,3703300
19860401,0000,4084800
19860501,0000,4083700
19860601,0000,3801900
19860701,0000,3498000
19860801,0000,3255400
19860901,0000,3211300
19861001,0000,3162426
19861101,0000,3068290
19861201,0000,2973198
19870101,0000,3045350
19870201,0000,3408163
19870301,0000,4182034
19870401,0000,4035750
19870501,0000,3673649
19870601,0000,3151636
19870701,0000,2619930
19870801,0000,2110704
19870901,0000,2108216
19871001,0000,2230534
19871101,0000,2339705
19871201,0000,2915081
19880101,0000,3401029
19880201,0000,3582502
19880301,0000,3576100
19880401,0000,3232964
19880501,0000,2965098
19880601,0000,2590070
19880701,0000,2032300
19880801,0000,1654011
19880901,0000,1585923
19881001,0000,1631499
19881101,0000,1822868
19881201,0000,1774106
19890101,0000,1878483
19890201,0000,1896342
19890301,0000,3288857
19890401,0000,3742643
19890501,0000,3453492
19890601,0000,2988975
19890701,0000,2530617
19890801,0000,2110882
19890901,0000,2095977
19891001,0000,2282688
19891101,0000,2103242
19891201,0000,2053637
19900101,0000,2316671
19900201,0000,2428734
19900301,0000,2709100
19900401,0000,2484182
19900501,0000,2476623
19900601,0000,2357900
19900701,0000,2060968
19900801,0000,1692910
19900901,0000,1637368
19901001,0000,1679211
19901101,0000,1681100
19901201,0000,1625779
19910101,0000,1563761
19910201,0000,1542838
19910301,0000,2020535
19910401,0000,2202204
19910501,0000,2086967
19910601,0000,1828675
19910701,0000,1533742
19910801,0000,1325418
19910901,0000,1339851
19911001,0000,1386373
19911101,0000,1319540
19911201,0000,1301903
19920101,0000,1342876
19920201,0000,1966077
19920301,0000,2388399
19920401,0000,2671050
19920501,0000,2586447
19920601,0000,2411148
19920701,0000,2190862
19920801,0000,1884925
19920901,0000,1683200
19921001,0000,1699550
19921101,0000,1827059
19921201,0000,2088734
19930101,0000,2765045
19930201,0000,3459209
19930301,0000,3791527
19930401,0000,4263394
19930501,0000,4470933
19930601,0000,4320944
19930701,0000,3909772
19930801,0000,3432134
19930901,0000,3101762
19931001,0000,2957021
19931101,0000,2920194
19931201,0000,2961948
19940101,0000,3058411
19940201,0000,3298496
19940301,0000,3495467
19940401,0000,3533731
19940501,0000,3460455
19940601,0000,3265268
19940701,0000,2849680
19940801,0000,2449350
19940901,0000,2101642
19941001,0000,2024178
19941101,0000,2020535
19941201,0000,2042641
19950101,0000,3519356
19950201,0000,3448519
19950301,0000,3927860
19950401,0000,4165106
19950501,0000,4296429
19950601,0000,4237107
19950701,0000,3836077
19950801,0000,3390702
19950901,0000,3136430
19951001,0000,3104548
19951101,0000,3040780
19951201,0000,3267676
19960101,0000,3519356
19960201,0000,3694201
19960301,0000,3882865
19960401,0000,4307671
19960501,0000,4512578
19960601,0000,4194201
19960701,0000,3747388
19960801,0000,3289338
19960901,0000,3088810
19961001,0000,3072426
19961101,0000,3187863
19961201,0000,3840610
19970101,0000,3475932
19970201,0000,3574861
19970301,0000,3799737
19970401,0000,3937079
19970501,0000,3832627
19970601,0000,3470691
19970701,0000,2944938
19970801,0000,2554757
19970901,0000,2308339
19971001,0000,2317049
19971101,0000,2535041
19971201,0000,2734108
19980101,0000,3390210
19980201,0000,3567220
19980301,0000,3552990
19980401,0000,4061175
19980501,0000,4453590
19980601,0000,4482133
19980701,0000,4147365
19980801,0000,3705166
19980901,0000,3441073
19981001,0000,3403984
19981101,0000,3435606
19981201,0000,3269602
19990101,0000,3588122
19990201,0000,3712733
19990301,0000,3863036
19990401,0000,4256240
19990501,0000,4304500
19990601,0000,4116822
19990701,0000,3716927
19990801,0000,3437843
19990901,0000,3327499
19991001,0000,3275136
19991101,0000,3268397
19991201,0000,3227485
20000101,0000,3697073
20000201,0000,3857423
20000301,0000,3751868
20000401,0000,4153279
20000501,0000,4111519
20000601,0000,3825179
20000701,0000,3321200
20000801,0000,3043522
20000901,0000,2985131
20001001,0000,2941357
20001101,0000,2885680
20001201,0000,2910875
20010101,0000,3035294
20010201,0000,3495969
20010301,0000,3955799
20010401,0000,4020071
20010501,0000,3782524
20010601,0000,3283078
20010701,0000,2716074
20010801,0000,2389562
20010901,0000,2199643
20011001,0000,2167051
20011101,0000,2284384
20011201,0000,2986262
20020101,0000,3516585
20020201,0000,3839544
20020301,0000,4136151
20020401,0000,4296717
20020501,0000,4121856
20020601,0000,3678844
20020701,0000,3102924
20020801,0000,2758417
20020901,0000,2558201
20021001,0000,2414071
20021101,0000,2334938
20021201,0000,3223197
20030101,0000,3536772
20030201,0000,3584283
20030301,0000,4103708
20030401,0000,4536624
20030501,0000,4435987
20030601,0000,4088097
20030701,0000,3547162
20030801,0000,3258552
20030901,0000,3159376
20031001,0000,3090889
20031101,0000,3090196
20031201,0000,3345962
20040101,0000,3606500
20040201,0000,3868600
20040301,0000,3905184
20040401,0000,4059792
20040501,0000,3863800
20040601,0000,3360818
20040701,0000,2802297
20040801,0000,2410369
20040901,0000,2182851
20041001,0000,2158914
20041101,0000,2124248
20041201,0000,2417193
20050101,0000,2832031
20050201,0000,3168056
20050301,0000,3827041
20050401,0000,4207234
20050501,0000,4467986
20050601,0000,4217184
20050701,0000,3639214
20050801,0000,3271767
20050901,0000,3034837
20051001,0000,2855374
20051101,0000,2896041
20051201,0000,3754767
20060101,0000,3586074
20060201,0000,3834224
20060301,0000,3853900
20060401,0000,4057305
20060501,0000,4467101
20060601,0000,4249102
20060701,0000,3784113
20060801,0000,3377701
20060901,0000,3205145
20061001,0000,3119405
20061101,0000,3127097
20061201,0000,3334767
20070101,0000,m

