Date,PST,Inflow
19900101,0000,620
19900102,0000,700
19900103,0000,386
19900104,0000,346
19900105,0000,464
19900106,0000,350
19900107,0000,412
19900108,0000,445
19900109,0000,379
19900110,0000,518
19900111,0000,277
19900112,0000,323
19900113,0000,501
19900114,0000,696
19900115,0000,636
19900116,0000,449
19900117,0000,385
19900118,0000,345
19900119,0000,437
19900120,0000,381
19900121,0000,379
19900122,0000,438
19900123,0000,346
19900124,0000,305
19900125,0000,509
19900126,0000,360
19900127,0000,189
19900128,0000,406
19900129,0000,568
19900130,0000,412
19900131,0000,440
19900201,0000,571
19900202,0000,443
19900203,0000,571
19900204,0000,577
19900205,0000,538
19900206,0000,577
19900207,0000,385
19900208,0000,507
19900209,0000,518
19900210,0000,322
19900211,0000,451
19900212,0000,662
19900213,0000,341
19900214,0000,371
19900215,0000,371
19900216,0000,919
19900217,0000,587
19900218,0000,633
19900219,0000,704
19900220,0000,542
19900221,0000,585
19900222,0000,570
19900223,0000,521
19900224,0000,523
19900225,0000,581
19900226,0000,680
19900227,0000,470
19900228,0000,526
19900301,0000,588
19900302,0000,810
19900303,0000,947
19900304,0000,840
19900305,0000,855
19900306,0000,987
19900307,0000,626
19900308,0000,679
19900309,0000,770
19900310,0000,465
19900311,0000,884
19900312,0000,934
19900313,0000,814
19900314,0000,752
19900315,0000,720
19900316,0000,737
19900317,0000,804
19900318,0000,783
19900319,0000,776
19900320,0000,892
19900321,0000,947
19900322,0000,856
19900323,0000,1005
19900324,0000,1254
19900325,0000,1144
19900326,0000,1113
19900327,0000,1110
19900328,0000,926
19900329,0000,927
19900330,0000,893
19900331,0000,760
19900401,0000,689
19900402,0000,1014
19900403,0000,951
19900404,0000,784
19900405,0000,803
19900406,0000,805
19900407,0000,690
19900408,0000,752
19900409,0000,873
19900410,0000,922
19900411,0000,1073
19900412,0000,1192
19900413,0000,1043
19900414,0000,898
19900415,0000,775
19900416,0000,790
19900417,0000,918
19900418,0000,771
19900419,0000,668
19900420,0000,703
19900421,0000,706
19900422,0000,669
19900423,0000,1214
19900424,0000,1103
19900425,0000,841
19900426,0000,728
19900427,0000,219
19900428,0000,594
19900429,0000,572
19900430,0000,711
19900501,0000,533
19900502,0000,449
19900503,0000,418
19900504,0000,562
19900505,0000,377
19900506,0000,390
19900507,0000,345
19900508,0000,217
19900509,0000,202
19900510,0000,278
19900511,0000,398
19900512,0000,248
19900513,0000,319
19900514,0000,336
19900515,0000,308
19900516,0000,331
19900517,0000,149
19900518,0000,117
19900519,0000,268
19900520,0000,268
19900521,0000,332
19900522,0000,200
19900523,0000,418
19900524,0000,389
19900525,0000,287
19900526,0000,312
19900527,0000,283
19900528,0000,795
19900529,0000,856
19900530,0000,397
19900531,0000,1038
19900601,0000,1309
19900602,0000,1092
19900603,0000,928
19900604,0000,852
19900605,0000,888
19900606,0000,740
19900607,0000,873
19900608,0000,409
19900609,0000,628
19900610,0000,539
19900611,0000,819
19900929,0000,359
19900930,0000,335
19940101,0000,672
19940102,0000,679
19940103,0000,847
19940104,0000,852
19940105,0000,907
19940106,0000,832
19940107,0000,789
19940108,0000,584
19940109,0000,617
19940110,0000,715
19940111,0000,653
19940112,0000,739
19940113,0000,661
19940114,0000,650
19940115,0000,654
19940116,0000,534
19940117,0000,656
19940118,0000,838
19940119,0000,656
19940120,0000,719
19940121,0000,665
19940122,0000,807
19940123,0000,754
19940124,0000,1058
19940125,0000,938
19940126,0000,846
19940127,0000,871
19940128,0000,692
19940129,0000,621
19940130,0000,577
19940131,0000,623
19941101,0000,353
19941102,0000,353
19941103,0000,188
19941104,0000,235
19941105,0000,252
19941106,0000,291
19941107,0000,503
19941108,0000,542
19941109,0000,403
19941110,0000,532
19941111,0000,397
19941112,0000,263
19941113,0000,261
19941114,0000,261
19941115,0000,420
19941116,0000,408
19941117,0000,251
19941118,0000,799
19941119,0000,486
19941120,0000,121
19941121,0000,281
19941122,0000,287
19941123,0000,174
19941124,0000,493
19941125,0000,629
19941126,0000,917
19941127,0000,795
19941128,0000,741
19941129,0000,831
19941130,0000,816
19941201,0000,703
19941202,0000,830
19941203,0000,798
19941204,0000,782
19941205,0000,763
19941206,0000,924
19941207,0000,896
19941208,0000,896
19941209,0000,820
19941210,0000,m
19941211,0000,693
19941212,0000,693
19941213,0000,1068
19941214,0000,1068
19941215,0000,1092
19941216,0000,983
19941217,0000,967
19941218,0000,973
19941219,0000,846
19941220,0000,843
19941221,0000,976
19941222,0000,979
19941223,0000,926
19941224,0000,926
19941225,0000,642
19941226,0000,533
19941227,0000,369
19941228,0000,586
19941229,0000,670
19941230,0000,600
19941231,0000,280
19950101,0000,324
19950102,0000,324
19950103,0000,286
19950104,0000,1081
19950105,0000,1081
19950106,0000,2654
19950107,0000,1469
19950108,0000,1460
19950109,0000,1422
19950110,0000,2317
19950111,0000,7858
19950112,0000,5495
19950113,0000,3208
19950114,0000,7435
19950115,0000,7435
19950116,0000,6031
19950117,0000,3590
19950118,0000,2637
19950119,0000,2806
19950120,0000,2111
19950121,0000,1973
19950122,0000,1318
19950123,0000,1494
19950124,0000,2241
19950125,0000,3649
19950126,0000,5018
19950127,0000,5730
19950128,0000,3563
19950129,0000,3563
19950130,0000,2731
19950131,0000,2789
19950201,0000,2496
19950202,0000,2585
19950203,0000,2466
19950204,0000,2075
19950205,0000,1862
19950206,0000,1862
19950207,0000,2355
19950208,0000,2110
19950209,0000,2154
19950210,0000,2027
19950211,0000,2027
19950212,0000,1511
19950213,0000,1399
19950214,0000,2123
19950215,0000,1920
19950216,0000,1920
19950217,0000,1099
19950218,0000,2937
19950219,0000,1825
19950220,0000,1164
19950221,0000,1292
19950222,0000,1924
19950223,0000,1924
19950224,0000,2019
19950225,0000,1829
19950226,0000,1602
19950227,0000,1602
19950228,0000,1897
19950301,0000,1897
19950302,0000,1897
19950303,0000,2023
19950304,0000,3801
19950305,0000,2893
19950306,0000,2168
19950307,0000,2081
19950308,0000,2468
19950309,0000,1990
19950310,0000,5696
19950311,0000,19095
19950312,0000,17796
19950313,0000,8696
19950314,0000,6481
19950315,0000,5137
19950316,0000,4492
19950317,0000,4063
19950318,0000,3742
19950319,0000,3793
19950320,0000,3929
19950321,0000,5086
19950322,0000,6164
19950323,0000,6768
19950324,0000,7292
19950325,0000,4917
19950326,0000,4249
19950327,0000,3782
19950328,0000,3431
19950329,0000,4459
19950330,0000,3882
19950331,0000,3434
19950401,0000,3552
19950402,0000,2914
19950403,0000,3161
19950404,0000,3419
19950405,0000,3585
19950406,0000,3093
19950407,0000,4010
19950408,0000,4172
19950409,0000,3730
19950410,0000,3407
19950411,0000,3414
19950412,0000,3471
19950413,0000,3798
19950414,0000,3709
19950415,0000,3601
19950416,0000,3397
19950417,0000,3189
19950418,0000,3215
19950419,0000,3274
19950420,0000,3072
19950421,0000,3168
19950422,0000,3092
19950423,0000,3092
19950424,0000,3333
19950425,0000,3474
19950426,0000,3545
19950427,0000,3989
19950428,0000,5881
19950429,0000,9400
19950430,0000,10887
19950501,0000,16880
19950502,0000,12602
19950503,0000,7306
19950504,0000,6154
19950505,0000,6849
19950506,0000,6456
19950507,0000,5708
19950508,0000,3784
19950509,0000,5026
19950510,0000,5131
19950511,0000,4802
19950512,0000,5084
19950513,0000,5893
19950514,0000,5337
19950515,0000,5011
19950516,0000,4674
19950517,0000,4846
19950518,0000,4586
19950519,0000,4965
19950520,0000,5814
19950521,0000,6329
19950522,0000,6274
19950523,0000,6285
19950524,0000,6448
19950525,0000,4874
19950526,0000,5616
19950527,0000,5796
19950528,0000,6226
19950529,0000,6671
19950530,0000,7355
19950531,0000,7590
19950601,0000,8842
19950602,0000,9260
19950603,0000,8969
19950604,0000,8182
19950605,0000,8427
19950606,0000,7886
19950607,0000,6925
19950608,0000,5376
19950609,0000,4474
19950610,0000,4722
19950611,0000,5540
19950612,0000,7062
19950613,0000,7444
19950614,0000,7241
19950615,0000,6984
19950616,0000,6157
19950617,0000,5004
19950618,0000,4607
19950619,0000,4882
19950620,0000,5166
19950621,0000,5884
19950622,0000,4980
19950623,0000,5428
19950624,0000,6791
19950625,0000,7706
19950626,0000,7791
19950627,0000,7210
19950628,0000,7244
19950629,0000,7281
19950630,0000,7445
19950701,0000,6910
19950702,0000,6395
19950703,0000,6140
19950704,0000,5349
19950705,0000,5622
19950706,0000,5818
19950707,0000,7210
19950708,0000,6831
19950709,0000,6891
19950710,0000,6942
19950711,0000,5981
19950712,0000,5106
19950713,0000,4543
19950714,0000,4165
19950715,0000,3677
19950716,0000,3633
19950717,0000,3878
19950718,0000,3562
19950719,0000,3255
19950720,0000,2968
19950721,0000,2769
19950722,0000,2637
19950723,0000,2389
19950724,0000,2572
19950725,0000,2398
19950726,0000,2166
19950727,0000,2457
19950728,0000,m
19950729,0000,2681
19950730,0000,m
19950731,0000,2842
19950801,0000,2314
19950802,0000,1895
19950803,0000,1610
19950804,0000,1925
19950805,0000,1695
19950806,0000,1834
19950807,0000,1630
19950808,0000,1903
19950809,0000,1840
19950810,0000,1484
19950811,0000,m
19950812,0000,m
19950813,0000,1375
19950814,0000,1590
19950815,0000,1194
19950816,0000,1148
19950817,0000,1085
19950818,0000,962
19950819,0000,847
19950820,0000,832
19950821,0000,1232
19950822,0000,1045
19950823,0000,1002
19950824,0000,1130
19950825,0000,1010
19950826,0000,m
19950827,0000,748
19950828,0000,867
19950829,0000,1180
19950830,0000,1125
19950831,0000,1300
19950901,0000,m
19950902,0000,m
19950903,0000,m
19950904,0000,816
19950905,0000,1068
19950906,0000,1409
19950907,0000,1261
19950908,0000,1323
19950909,0000,913
19950910,0000,969
19950911,0000,1414
19950912,0000,1122
19950913,0000,1365
19950914,0000,1216
19950915,0000,363
19950916,0000,812
19950917,0000,775
19950918,0000,1075
19950919,0000,1310
19950920,0000,1324
19950921,0000,1447
19950922,0000,1299
19950923,0000,1318
19950924,0000,668
19950925,0000,1550
19950926,0000,1316
19950927,0000,1487
19950928,0000,1221
19950929,0000,1321
19950930,0000,860
19951001,0000,m
19951002,0000,1265
19951003,0000,1528
19951004,0000,1082
19951005,0000,1233
19951006,0000,1301
19951007,0000,955
19951008,0000,988
19951009,0000,1143
19951010,0000,1215
19951011,0000,1256
19951012,0000,1097
19951013,0000,1384
19951014,0000,875
19951015,0000,754
19951016,0000,1032
19951017,0000,1175
19951018,0000,1245
19951019,0000,987
19951020,0000,1210
19951021,0000,762
19951022,0000,871
19951023,0000,1034
19951024,0000,975
19951025,0000,1022
19951026,0000,1193
19951027,0000,933
19951028,0000,769
19951029,0000,851
19951030,0000,1158
19951031,0000,985
19951101,0000,1011
19951102,0000,742
19951103,0000,929
19951104,0000,595
19951105,0000,627
19951106,0000,861
19951107,0000,1024
19951108,0000,880
19951109,0000,m
19951110,0000,858
19951111,0000,820
19951112,0000,676
19951113,0000,760
19951114,0000,411
19951115,0000,501
19951116,0000,246
19951117,0000,474
19951118,0000,130
19951119,0000,248
19951120,0000,348
19951121,0000,599
19951122,0000,644
19951123,0000,610
19951124,0000,643
19951125,0000,557
19951126,0000,542
19951127,0000,602
19951128,0000,623
19951129,0000,899
19951130,0000,596
19951201,0000,542
19951202,0000,684
19951203,0000,444
19951204,0000,1118
19951205,0000,750
19951206,0000,848
19951207,0000,642
19951208,0000,549
19951209,0000,652
19951210,0000,703
19951211,0000,1689
19951212,0000,2379
19951213,0000,1937
19951214,0000,1144
19951215,0000,1222
19951216,0000,861
19951217,0000,800
19951218,0000,1091
19951219,0000,808
19951220,0000,810
19951221,0000,1146
19951222,0000,750
19951223,0000,585
19951224,0000,812
19951225,0000,807
19951226,0000,801
19951227,0000,646
19951228,0000,755
19951229,0000,1331
19951230,0000,1200
19951231,0000,1164
19960101,0000,1025
19960102,0000,543
19960103,0000,1177
19960104,0000,894
19960105,0000,856
19960106,0000,634
19960107,0000,800
19960108,0000,823
19960109,0000,900
19960110,0000,689
19960111,0000,679
19960112,0000,1189
19960113,0000,548
19960114,0000,703
19960115,0000,962
19960116,0000,3089
19960117,0000,2046
19960118,0000,2258
19960119,0000,2268
19960120,0000,1082
19960121,0000,1551
19960122,0000,1306
19960123,0000,1140
19960124,0000,2969
19960125,0000,4110
19960126,0000,1782
19960127,0000,3039
19960128,0000,2335
19960129,0000,1790
19960130,0000,1538
19960131,0000,2072
19960201,0000,1640
19960202,0000,1919
19960203,0000,1490
19960204,0000,5415
19960205,0000,8379
19960206,0000,4485
19960207,0000,3217
19960208,0000,2685
19960209,0000,2476
19960210,0000,2185
19960211,0000,1945
19960212,0000,2280
19960213,0000,2331
19960214,0000,2084
19960215,0000,2315
19960216,0000,2197
19960217,0000,2409
19960218,0000,2668
19960219,0000,6702
19960220,0000,7784
19960221,0000,7888
19960222,0000,4782
19960223,0000,3657
19960225,0000,3288
19960226,0000,3202
19960227,0000,2965
19960228,0000,3055
19960229,0000,2896
19960301,0000,2841
19960302,0000,2613
19960303,0000,2439
19960304,0000,4838
19960305,0000,6957
19960306,0000,4378
19960307,0000,4238
19960308,0000,4015
19960309,0000,3371
19960310,0000,3709
19960311,0000,4097
19960312,0000,4682
19960313,0000,4122
19960314,0000,3855
19960315,0000,3766
19960317,0000,3577
19960318,0000,3851
19960319,0000,3879
19960320,0000,3993
19960321,0000,3499
19960322,0000,3512
19960323,0000,3494
19960324,0000,3089
19960325,0000,3053
19960326,0000,3017
19960327,0000,3078
19960328,0000,3636
19960329,0000,3398
19960330,0000,2958
19960331,0000,2683
19960401,0000,3059
19960402,0000,3500
19960403,0000,2763
19960404,0000,2547
19960405,0000,2471
19960406,0000,2458
19960407,0000,2508
19960408,0000,2569
19960409,0000,2727
19960410,0000,2641
19960411,0000,2348
19960412,0000,2259
19960413,0000,2003
19960414,0000,2002
19960415,0000,2424
19960416,0000,3366
19960417,0000,3401
19960418,0000,3501
19960419,0000,3190
19960420,0000,2493
19960421,0000,2421
19960422,0000,3057
19960423,0000,2729
19960424,0000,2662
19960425,0000,2875
19960426,0000,3116
19960427,0000,3449
19960428,0000,3346
19960429,0000,3262
19960430,0000,3544
19960501,0000,3566
19960502,0000,3736
19960503,0000,3355
19960504,0000,3159
19960505,0000,3016
19960506,0000,3023
19960507,0000,3821
19960508,0000,2637
19960509,0000,2799
19960510,0000,2721
19960511,0000,2812
19960512,0000,3002
19960513,0000,3492
19960514,0000,5288
19960515,0000,5990
19960516,0000,22295
19960517,0000,10967
19960518,0000,10722
19960519,0000,7080
19960520,0000,4447
19960521,0000,4426
19960522,0000,3989
19960523,0000,3910
19960524,0000,3577
19960525,0000,3517
19960526,0000,3233
19960527,0000,3074
19960528,0000,2412
19960529,0000,3851
19960530,0000,3387
19960531,0000,m
19960601,0000,3562
19960602,0000,3788
19960603,0000,4273
19960604,0000,4499
19960605,0000,4648
19960606,0000,4366
19960607,0000,4743
19960608,0000,4702
19960609,0000,4240
19960610,0000,3630
19960611,0000,3274
19960612,0000,2966
19960613,0000,2905
19960614,0000,3243
19960615,0000,2552
19960616,0000,2225
19960617,0000,2483
19960618,0000,2316
19960619,0000,2182
19960620,0000,1946
19960621,0000,2424
19960622,0000,2076
19960623,0000,1633
19960624,0000,1584
19960625,0000,3160
19960626,0000,6243
19960627,0000,2140
19960628,0000,1547
19960629,0000,1518
19960630,0000,1318
19960701,0000,1102
19960702,0000,-62
19960703,0000,-1933
19960704,0000,1849
19960705,0000,1805
19960706,0000,1702
19960707,0000,1539
19960708,0000,249
19960709,0000,1842
19960710,0000,637
19960711,0000,457
19960712,0000,878
19960713,0000,1223
19960714,0000,2475
19960715,0000,2597
19960716,0000,1149
19960717,0000,1119
19960718,0000,862
19960719,0000,1097
19960720,0000,1188
19960721,0000,866
19960722,0000,1333
19960723,0000,1414
19960724,0000,1446
19960725,0000,1177
19960726,0000,1166
19960727,0000,767
19960728,0000,1124
19960729,0000,2436
19960730,0000,584
19960731,0000,1526
19960801,0000,1247
19960802,0000,906
19960803,0000,668
19960804,0000,733
19960805,0000,732
19960806,0000,855
19960807,0000,904
19960808,0000,1075
19960809,0000,1107
19960810,0000,1298
19960811,0000,1010
19960812,0000,1332
19960813,0000,1324
19960814,0000,1419
19960815,0000,1336
19960816,0000,1187
19960817,0000,871
19960818,0000,595
19960819,0000,883
19960820,0000,978
19960821,0000,1224
19960822,0000,1113
19960823,0000,1217
19960824,0000,1108
19960825,0000,665
19960826,0000,1049
19960827,0000,966
19960828,0000,1006
19960829,0000,1182
19960830,0000,1291
19960831,0000,966
19960901,0000,767
19960902,0000,673
19960903,0000,947
19960904,0000,946
19960905,0000,1014
19960906,0000,978
19960907,0000,891
19960908,0000,785
19960909,0000,1128
19960910,0000,1204
19960911,0000,886
19960912,0000,751
19960913,0000,850
19960914,0000,684
19960915,0000,591
19960916,0000,972
19960917,0000,924
19960918,0000,638
19960919,0000,634
19960920,0000,1061
19960921,0000,697
19960922,0000,604
19960923,0000,923
19960924,0000,1074
19960925,0000,1005
19960926,0000,988
19960927,0000,816
19960928,0000,906
19960929,0000,688
19960930,0000,915
19961001,0000,1134
19961002,0000,1282
19961003,0000,1092
19961004,0000,1296
19961005,0000,1006
19961006,0000,794
19961007,0000,1214
19961008,0000,1310
19961009,0000,1251
19961010,0000,962
19961011,0000,1167
19961012,0000,726
19961013,0000,711
19961014,0000,1021
19961015,0000,1001
19961016,0000,1071
19961017,0000,954
19961018,0000,928
19961019,0000,543
19961020,0000,704
19961021,0000,989
19961022,0000,911
19961023,0000,829
19961024,0000,735
19961025,0000,949
19961026,0000,862
19961027,0000,501
19961028,0000,449
19961029,0000,1624
19961030,0000,1163
19961031,0000,1114
19961101,0000,971
19961102,0000,701
19961103,0000,522
19961104,0000,627
19961105,0000,401
19961106,0000,533
19961107,0000,742
19961108,0000,m
19961109,0000,249
19961110,0000,391
19961111,0000,341
19961112,0000,481
19961113,0000,549
19961114,0000,294
19961115,0000,547
19961116,0000,900
19961117,0000,2373
19961118,0000,2019
19961119,0000,1664
19961120,0000,1489
19961121,0000,1752
19961122,0000,2924
19961123,0000,1868
19961124,0000,952
19961125,0000,1326
19961126,0000,1752
19961127,0000,1196
19961128,0000,813
19961129,0000,930
19961130,0000,725
19961201,0000,809
19961202,0000,1371
19961203,0000,1266
19961204,0000,1529
19961205,0000,5011
19961206,0000,2894
19961207,0000,1839
19961208,0000,1735
19961209,0000,2368
19961210,0000,6315
19961211,0000,4746
19961212,0000,8853
19961213,0000,5145
19961214,0000,3427
19961215,0000,2461
19961216,0000,2239
19961217,0000,2243
19961218,0000,2489
19961219,0000,2110
19961220,0000,1879
19961221,0000,5252
19961222,0000,4570
19961223,0000,3035
19961224,0000,2093
19961225,0000,1564
19961226,0000,2679
19961227,0000,3796
19961228,0000,2779
19961229,0000,3763
19961230,0000,8542
19961231,0000,9491
19970101,0000,34220
19970102,0000,71716
19970103,0000,29873
19970104,0000,13152
19970105,0000,9228
19970106,0000,6839
19970107,0000,5519
19970108,0000,5029
19970109,0000,4403
19970110,0000,3875
19970111,0000,3553
19970112,0000,3014
19970113,0000,4123
19970114,0000,4040
19970115,0000,3408
19970116,0000,2983
19970117,0000,3751
19970118,0000,2517
19970119,0000,2733
19970120,0000,4132
19970121,0000,4247
19970122,0000,7783
19970123,0000,6864
19970124,0000,5728
19970125,0000,11005
19970126,0000,15891
19970127,0000,8903
19970128,0000,7024
19970129,0000,6247
19970130,0000,5595
19970131,0000,5130
19970201,0000,4792
19970202,0000,4767
19970203,0000,4283
19970204,0000,4282
19970205,0000,4320
19970206,0000,3911
19970207,0000,3617
19970208,0000,3712
19970209,0000,3576
19970210,0000,4795
19970211,0000,3107
19970212,0000,3420
19970213,0000,3064
19970214,0000,1971
19970215,0000,3559
19970216,0000,3218
19970217,0000,3273
19970218,0000,3122
19970219,0000,2869
19970220,0000,3474
19970221,0000,2996
19970222,0000,2073
19970223,0000,2115
19970224,0000,2268
19970225,0000,3323
19970226,0000,2380
19970227,0000,2932
19970228,0000,3017
19970301,0000,2905
19970302,0000,3070
19970303,0000,2611
19970304,0000,1450
19970305,0000,2477
19970306,0000,2343
19970307,0000,2253
19970308,0000,2105
19970309,0000,1814
19970310,0000,3095
19970311,0000,1124
19970312,0000,2528
19970313,0000,2505
19970314,0000,3182
19970315,0000,2392
19970316,0000,2483
19970317,0000,2950
19970318,0000,2657
19970319,0000,2712
19970320,0000,2502
19970321,0000,2774
19970322,0000,2735
19970323,0000,2517
19970324,0000,2935
19970325,0000,2937
19970326,0000,2833
19970327,0000,2505
19970328,0000,2738
19970329,0000,2479
19970330,0000,1993
19970331,0000,2373
19970401,0000,2324
19970402,0000,1928
19970403,0000,1807
19970404,0000,1925
19970405,0000,1628
19970406,0000,1090
19970407,0000,1955
19970408,0000,1858
19970409,0000,1802
19970410,0000,1872
19970411,0000,1879
19970412,0000,1730
19970413,0000,1772
19970414,0000,2161
19970415,0000,1982
19970416,0000,2163
19970417,0000,6971
19970418,0000,2130
19970419,0000,2467
19970420,0000,2466
19970421,0000,1879
19970422,0000,2625
19970423,0000,2262
19970424,0000,1994
19970425,0000,2337
19970426,0000,1868
19970427,0000,2069
19970428,0000,3310
19970429,0000,3531
19970430,0000,2899
19970501,0000,2661
19970502,0000,2334
19970503,0000,2306
19970504,0000,2375
19970505,0000,2966
19970506,0000,3214
19970507,0000,3486
19970508,0000,3812
19970509,0000,4167
19970510,0000,4140
19970511,0000,4385
19970512,0000,4568
19970513,0000,4421
19970514,0000,4807
19970515,0000,4340
19970516,0000,4422
19970517,0000,3974
19970518,0000,3820
19970519,0000,3683
19970520,0000,3407
19970521,0000,2899
19970522,0000,2828
19970523,0000,2404
19970524,0000,2201
19970525,0000,2006
19970526,0000,1862
19970527,0000,1925
19970528,0000,2466
19970529,0000,2887
19970530,0000,3440
19970531,0000,3343
19970601,0000,3323
19970602,0000,3390
19970603,0000,2760
19970604,0000,2432
19970605,0000,3611
19970606,0000,3320
19970607,0000,2194
19970608,0000,2145
19970609,0000,2190
19970610,0000,2072
19970611,0000,1817
19970612,0000,1780
19970613,0000,1800
19970614,0000,1662
19970615,0000,1653
19970616,0000,1839
19970617,0000,2349
19970618,0000,2480
19970619,0000,2171
19970620,0000,2099
19970621,0000,1666
19970622,0000,1516
19970623,0000,1290
19970624,0000,1232
19970625,0000,1311
19970626,0000,1031
19970627,0000,811
19970628,0000,757
19970629,0000,1059
19970630,0000,835
19970701,0000,1202
19970702,0000,1082
19970703,0000,1328
19970704,0000,1010
19970705,0000,1003
19970706,0000,704
19970707,0000,1438
19970708,0000,1055
19970709,0000,995
19970710,0000,826
19970711,0000,1014
19970712,0000,862
19970713,0000,840
19970714,0000,1160
19970715,0000,1065
19970716,0000,1090
19970717,0000,922
19970718,0000,1238
19970719,0000,614
19970720,0000,799
19970721,0000,1175
19970722,0000,1099
19970723,0000,962
19970724,0000,1339
19970725,0000,1068
19970726,0000,798
19970727,0000,712
19970728,0000,994
19970729,0000,1004
19970730,0000,1054
19970731,0000,868
19970801,0000,960
19970802,0000,646
19970803,0000,690
19970804,0000,1245
19970805,0000,1133
19970806,0000,1258
19970807,0000,1201
19970808,0000,674
19970809,0000,526
19970810,0000,666
19970811,0000,975
19970812,0000,1022
19970813,0000,1037
19970814,0000,872
19970815,0000,616
19970816,0000,647
19970817,0000,579
19970818,0000,1000
19970819,0000,919
19970820,0000,993
19970821,0000,1139
19970822,0000,851
19970823,0000,656
19970824,0000,648
19970825,0000,1045
19970826,0000,1079
19970827,0000,1195
19970828,0000,1107
19970829,0000,909
19970830,0000,619
19970831,0000,833
19970901,0000,662
19970902,0000,1049
19970903,0000,1305
19970904,0000,1213
19970905,0000,1232
19970906,0000,913
19970907,0000,641
19970908,0000,1291
19970909,0000,1098
19970910,0000,1169
19970911,0000,969
19970912,0000,1326
19970913,0000,669
19970914,0000,700
19970915,0000,808
19970916,0000,942
19970917,0000,987
19970918,0000,1102
19970919,0000,1019
19970920,0000,912
19970921,0000,616
19970922,0000,1320
19970923,0000,1429
19970924,0000,1505
19970925,0000,1161
19970926,0000,1333
19970927,0000,930
19970928,0000,753
19970929,0000,1265
19970930,0000,1403
19971001,0000,1078
19971002,0000,1028
19971003,0000,901
19971004,0000,678
19971005,0000,424
19971006,0000,811
19971007,0000,819
19971008,0000,780
19971009,0000,1077
19971010,0000,1015
19971011,0000,1097
19971012,0000,641
19971013,0000,976
19971014,0000,934
19971015,0000,896
19971016,0000,959
19971017,0000,908
19971018,0000,730
19971019,0000,644
19971020,0000,666
19971021,0000,757
19971022,0000,773
19971023,0000,741
19971024,0000,843
19971025,0000,722
19971026,0000,757
19971027,0000,998
19971028,0000,1010
19971029,0000,944
19971030,0000,1097
19971031,0000,34
19971101,0000,888
19971102,0000,979
19971103,0000,445
19971104,0000,384
19971105,0000,255
19971106,0000,183
19971107,0000,171
19971108,0000,173
19971109,0000,65
19971110,0000,54
19971111,0000,437
19971112,0000,223
19971113,0000,696
19971114,0000,805
19971115,0000,836
19971116,0000,770
19971117,0000,740
19971118,0000,991
19971119,0000,862
19971120,0000,809
19971121,0000,675
19971122,0000,774
19971123,0000,872
19971124,0000,509
19971125,0000,1004
19971126,0000,2059
19971127,0000,974
19971128,0000,751
19971129,0000,597
19971130,0000,963
19971201,0000,998
19971202,0000,722
19971203,0000,983
19971204,0000,804
19971205,0000,974
19971206,0000,810
19971207,0000,1534
19971208,0000,1322
19971209,0000,977
19971210,0000,978
19971211,0000,704
19971212,0000,697
19971213,0000,809
19971214,0000,714
19971215,0000,920
19971216,0000,726
19971217,0000,779
19971218,0000,275
19971219,0000,m
19971220,0000,826
19971221,0000,885
19971222,0000,566
19971223,0000,830
19971224,0000,736
19971225,0000,630
19971226,0000,631
19971227,0000,780
19971228,0000,890
19971229,0000,433
19971230,0000,812
19971231,0000,785
19980101,0000,833
19980102,0000,m
19980103,0000,m
19980104,0000,1554
19980105,0000,1046
19980106,0000,1032
19980107,0000,922
19980108,0000,922
19980109,0000,1529
19980110,0000,1582
19980111,0000,2261
19980112,0000,5270
19980113,0000,2055
19980114,0000,2277
19980115,0000,8771
19980116,0000,4365
19980117,0000,2948
19980118,0000,3719
19980119,0000,3242
19980120,0000,1664
19980121,0000,1668
19980122,0000,1106
19980123,0000,1449
19980124,0000,1312
19980125,0000,1370
19980126,0000,1078
19980127,0000,1038
19980128,0000,865
19980129,0000,2114
19980130,0000,1383
19980131,0000,1250
19980201,0000,1524
19980202,0000,3636
19980203,0000,10264
19980204,0000,6087
19980205,0000,3028
19980206,0000,4772
19980207,0000,6180
19980208,0000,6809
19980209,0000,4437
19980210,0000,3153
19980211,0000,2728
19980212,0000,2924
19980213,0000,2442
19980214,0000,4627
19980215,0000,3515
19980216,0000,2888
19980217,0000,2591
19980218,0000,2377
19980219,0000,2996
19980220,0000,3305
19980221,0000,3496
19980222,0000,3348
19980223,0000,4139
19980224,0000,3434
19980225,0000,2332
19980226,0000,2340
19980227,0000,2252
19980228,0000,2034
19980301,0000,2251
19980302,0000,2279
19980303,0000,2153
19980304,0000,2257
19980305,0000,2449
19980306,0000,2589
19980307,0000,1977
19980308,0000,1863
19980309,0000,2153
19980310,0000,2035
19980311,0000,2223
19980312,0000,1928
19980313,0000,1738
19980314,0000,1673
19980315,0000,1651
19980316,0000,2156
19980317,0000,2086
19980318,0000,2180
19980319,0000,2490
19980320,0000,2571
19980321,0000,2303
19980322,0000,2777
19980323,0000,2978
19980324,0000,7948
19980325,0000,9373
19980326,0000,5318
19980327,0000,5501
19980328,0000,4194
19980329,0000,3356
19980330,0000,3257
19980331,0000,2948
19980401,0000,3052
19980402,0000,2716
19980403,0000,3156
19980404,0000,2608
19980405,0000,m
19980406,0000,2941
19980407,0000,3159
19980408,0000,2675
19980409,0000,2622
19980410,0000,2588
19980411,0000,2630
19980412,0000,2242
19980413,0000,3461
19980414,0000,3293
19980415,0000,3154
19980416,0000,2732
19980417,0000,2648
19980418,0000,2550
19980419,0000,2260
19980420,0000,2753
19980421,0000,3192
19980422,0000,3446
19980423,0000,4228
19980424,0000,3500
19980425,0000,2884
19980426,0000,3076
19980427,0000,3197
19980428,0000,3276
19980429,0000,3504
19980430,0000,3597
19980501,0000,3645
19980502,0000,4142
19980503,0000,4567
19980504,0000,4823
19980505,0000,4332
19980506,0000,4224
19980507,0000,3942
19980508,0000,3902
19980509,0000,3985
19980510,0000,3963
19980511,0000,3784
19980512,0000,4300
19980513,0000,3795
19980514,0000,3381
19980515,0000,3290
19980516,0000,3180
19980517,0000,2921
19980518,0000,3137
19980519,0000,3026
19980520,0000,3474
19980521,0000,3353
19980522,0000,3183
19980523,0000,3016
19980524,0000,2912
19980525,0000,3908
19980526,0000,4382
19980527,0000,4114
19980528,0000,3942
19980529,0000,3310
19980530,0000,4520
19980531,0000,4261
19980601,0000,4259
19980602,0000,5525
19980603,0000,6053
19980604,0000,5556
19980605,0000,5398
19980606,0000,5806
19980607,0000,8912
19980608,0000,8289
19980609,0000,7424
19980610,0000,6962
19980611,0000,7864
19980612,0000,7833
19980613,0000,7544
19980614,0000,8147
19980615,0000,8929
19980616,0000,8612
19980617,0000,6003
19980618,0000,7530
19980619,0000,7133
19980620,0000,6851
19980621,0000,6835
19980622,0000,7342
19980623,0000,7613
19980624,0000,6454
19980625,0000,6655
19980626,0000,6756
19980627,0000,6505
19980628,0000,5956
19980629,0000,5609
19980630,0000,6512
19980701,0000,5759
19980702,0000,5653
19980703,0000,5892
19980704,0000,5110
19980705,0000,5221
19980706,0000,5185
19980707,0000,5445
19980708,0000,5686
19980709,0000,5479
19980710,0000,5084
19980711,0000,5132
19980712,0000,4351
19980713,0000,3969
19980714,0000,3689
19980715,0000,3750
19980716,0000,3357
19980717,0000,3529
19980718,0000,3916
19980719,0000,3761
19980720,0000,3346
19980721,0000,2967
19980722,0000,3283
19980723,0000,2826
19980724,0000,2395
19980725,0000,m
19980726,0000,2593
19980727,0000,2363
19980728,0000,1968
19980729,0000,1876
19980730,0000,1763
19980731,0000,2146
19980801,0000,1852
19980802,0000,1707
19980803,0000,2126
19980804,0000,1990
19980805,0000,1872
19980806,0000,1735
19980807,0000,1574
19980808,0000,1150
19980809,0000,1158
19980810,0000,1648
19980811,0000,1686
19980812,0000,906
19980813,0000,1556
19980814,0000,1853
19980815,0000,1125
19980816,0000,773
19980817,0000,1113
19980818,0000,1220
19980819,0000,1371
19980820,0000,1205
19980821,0000,1412
19980822,0000,1259
19980823,0000,1062
19980824,0000,1287
19980825,0000,1581
19980826,0000,1523
19980827,0000,1884
19980828,0000,1514
19980829,0000,1500
19980830,0000,1245
19980831,0000,1923
19980901,0000,1626
19980902,0000,1721
19980903,0000,1590
19980904,0000,1371
19980905,0000,1297
19980906,0000,1494
19980907,0000,1252
19980908,0000,1189
19980909,0000,1310
19980910,0000,1119
19980911,0000,1552
19980912,0000,1215
19980913,0000,1268
19980914,0000,1901
19980915,0000,-41
19980916,0000,1621
19980917,0000,970
19980918,0000,1541
19980919,0000,510
19980920,0000,915
19980921,0000,931
19980922,0000,1160
19980923,0000,1072
19980924,0000,995
19980925,0000,1120
19980926,0000,729
19980927,0000,962
19980928,0000,1094
19980929,0000,1285
19980930,0000,1189
19981001,0000,959
19981002,0000,1272
19981003,0000,1233
19981004,0000,1194
19981005,0000,951
19981006,0000,792
19981007,0000,1358
19981008,0000,2220
19981009,0000,-1052
19981010,0000,2319
19981011,0000,1224
19981012,0000,1282
19981013,0000,1919
19981014,0000,545
19981015,0000,1173
19981016,0000,1092
19981017,0000,999
19981018,0000,1028
19981019,0000,754
19981020,0000,1107
19981021,0000,449
19981022,0000,1168
19981023,0000,1103
19981024,0000,-4130
19981025,0000,154
19981026,0000,1866
19981027,0000,1295
19981028,0000,1516
19981029,0000,1387
19981030,0000,1460
19981031,0000,1843
19981101,0000,1010
19981102,0000,1175
19981103,0000,-7630
19981104,0000,966
19981105,0000,896
19981106,0000,397
19981107,0000,1036
19981108,0000,979
19981109,0000,831
19981110,0000,613
19981111,0000,1070
19981112,0000,1014
19981113,0000,998
19981114,0000,734
19981115,0000,760
19981116,0000,804
19981117,0000,933
19981118,0000,846
19981119,0000,1106
19981120,0000,744
19981121,0000,717
19981122,0000,1089
19981123,0000,1052
19981124,0000,1041
19981125,0000,997
19981126,0000,943
19981127,0000,877
19981128,0000,804
19981129,0000,1068
19981130,0000,1943
19981201,0000,1886
19981202,0000,1707
19981203,0000,1948
19981204,0000,-1011
19981205,0000,1350
19981206,0000,589
19981207,0000,851
19981208,0000,1285
19981209,0000,334
19981210,0000,1677
19981211,0000,1119
19981212,0000,1863
19981213,0000,1052
19981214,0000,443
19981215,0000,976
19981216,0000,455
19981217,0000,692
19981218,0000,1074
19981219,0000,-2089
19981220,0000,908
19981221,0000,1167
19981222,0000,1496
19981223,0000,1266
19981224,0000,968
19981225,0000,1148
19981226,0000,609
19981227,0000,966
19981228,0000,-117
19981229,0000,1393
19981230,0000,1090
19981231,0000,967
19990101,0000,956
19990102,0000,763
19990103,0000,310
19990104,0000,424
19990105,0000,1104
19990106,0000,803
19990107,0000,850
19990108,0000,839
19990109,0000,862
19990110,0000,866
19990111,0000,29
19990112,0000,1351
19990113,0000,418
19990114,0000,1146
19990115,0000,610
19990116,0000,1419
19990117,0000,809
19990118,0000,1780
19990119,0000,4253
19990120,0000,4381
19990121,0000,7942
19990122,0000,1251
19990123,0000,3549
19990124,0000,2273
19990125,0000,2100
19990126,0000,1751
19990127,0000,3112
19990128,0000,-1149
19990129,0000,2041
19990130,0000,1248
19990131,0000,1660
19990201,0000,1570
19990202,0000,1871
19990203,0000,1028
19990204,0000,1020
19990205,0000,1607
19990206,0000,1287
19990207,0000,5713
19990208,0000,7122
19990209,0000,9861
19990210,0000,5200
19990211,0000,3621
19990212,0000,2868
19990213,0000,4188
19990214,0000,4145
19990215,0000,2241
19990216,0000,2362
19990217,0000,3752
19990218,0000,3650
19990219,0000,3306
19990220,0000,3263
19990221,0000,3775
19990222,0000,3343
19990223,0000,2682
19990224,0000,2400
19990225,0000,2999
19990226,0000,2724
19990227,0000,2161
19990228,0000,1882
19990301,0000,2383
19990302,0000,2110
19990303,0000,2691
19990304,0000,2015
19990305,0000,3037
19990306,0000,1974
19990307,0000,2076
19990308,0000,2653
19990309,0000,2393
19990310,0000,2516
19990311,0000,2695
19990312,0000,2399
19990313,0000,2492
19990314,0000,2270
19990315,0000,2746
19990316,0000,2462
19990317,0000,2499
19990318,0000,2129
19990319,0000,2560
19990320,0000,2392
19990321,0000,2070
19990322,0000,2128
19990323,0000,2194
19990324,0000,2366
19990325,0000,2292
19990326,0000,2289
19990327,0000,2056
19990328,0000,2130
19990329,0000,2111
19990330,0000,2004
19990331,0000,2637
19990401,0000,1921
19990402,0000,1770
19990403,0000,1671
19990404,0000,1330
19990405,0000,2184
19990406,0000,2115
19990407,0000,2057
19990408,0000,2654
19990409,0000,2488
19990410,0000,2272
19990411,0000,1835
19990412,0000,2616
19990413,0000,2481
19990414,0000,2905
19990415,0000,2688
19990416,0000,2924
19990417,0000,2888
19990418,0000,2598
19990419,0000,2806
19990420,0000,2867
19990421,0000,2509
19990422,0000,2743
19990423,0000,2132
19990424,0000,1910
19990425,0000,2153
19990426,0000,3302
19990427,0000,2827
19990428,0000,2504
19990429,0000,1900
19990430,0000,2985
19990501,0000,1909
19990502,0000,2389
19990503,0000,2609
19990504,0000,2039
19990505,0000,2076
19990506,0000,2534
19990507,0000,2707
19990508,0000,2290
19990509,0000,2587
19990510,0000,2106
19990511,0000,1572
19990512,0000,2733
19990513,0000,2736
19990514,0000,2981
19990515,0000,2669
19990516,0000,2230
19990517,0000,2550
19990518,0000,2518
19990519,0000,3030
19990520,0000,3006
19990521,0000,3168
19990522,0000,3541
19990523,0000,3695
19990524,0000,4387
19990525,0000,6460
19990526,0000,6776
19990527,0000,7098
19990528,0000,6577
19990529,0000,6479
19990530,0000,5643
19990531,0000,5113
19990601,0000,4570
19990602,0000,4369
19990603,0000,4185
19990604,0000,3279
19990605,0000,3272
19990606,0000,2886
19990607,0000,2907
19990608,0000,2981
19990609,0000,2704
19990610,0000,3014
19990611,0000,2989
19990612,0000,3001
19990613,0000,3291
19990614,0000,3050
19990615,0000,2891
19990616,0000,2092
19990617,0000,6650
19990618,0000,3574
19990619,0000,4180
19990620,0000,4041
19990621,0000,2640
19990622,0000,2942
19990623,0000,2872
19990624,0000,2878
19990625,0000,2555
19990626,0000,2890
19990627,0000,2571
19990628,0000,2079
19990629,0000,2533
19990630,0000,2432
19990701,0000,229
19990702,0000,1692
19990703,0000,1540
19990704,0000,1438
19990705,0000,1301
19990706,0000,1255
19990707,0000,1270
19990708,0000,2205
19990709,0000,m
19990710,0000,1164
19990711,0000,1442
19990712,0000,1476
19990713,0000,1445
19990714,0000,1413
19990715,0000,1184
19990716,0000,1633
19990717,0000,1496
19990718,0000,1038
19990719,0000,1342
19990720,0000,673
19990721,0000,577
19990722,0000,980
19990723,0000,1044
19990724,0000,716
19990725,0000,813
19990726,0000,920
19990727,0000,845
19990728,0000,1366
19990729,0000,1696
19990730,0000,-449
19990731,0000,848
19990801,0000,1352
19990802,0000,578
19990803,0000,486
19990804,0000,1010
19990805,0000,1027
19990806,0000,m
19990807,0000,935
19990808,0000,2147
19990809,0000,791
19990810,0000,1274
19990811,0000,567
19990812,0000,648
19990813,0000,828
19990814,0000,771
19990815,0000,771
19990816,0000,987
19990817,0000,1709
19990818,0000,532
19990819,0000,1152
19990820,0000,934
19990821,0000,1319
19990822,0000,1338
19990823,0000,929
19990824,0000,1677
19990825,0000,1100
19990826,0000,1848
19990827,0000,1655
19990828,0000,1343
19990829,0000,1218
19990830,0000,1153
19990831,0000,822
19990901,0000,1964
19990902,0000,600
19990903,0000,704
19990904,0000,787
19990905,0000,610
19990906,0000,1034
19990907,0000,1329
19990908,0000,494
19990909,0000,1437
19990910,0000,-6353
19990911,0000,1344
19990912,0000,766
19990913,0000,3367
19990914,0000,2000
19990915,0000,1333
19990916,0000,1634
19990917,0000,1284
19990918,0000,1447
19990919,0000,1012
19990920,0000,992
19990921,0000,608
19990922,0000,-287
19990923,0000,2161
19990924,0000,309
19990925,0000,1098
19990926,0000,1130
19990927,0000,2185
19990928,0000,331
19990929,0000,1435
19990930,0000,1741
19991001,0000,1232
19991002,0000,1314
19991003,0000,1064
19991004,0000,883
19991005,0000,1247
19991006,0000,1345
19991007,0000,1329
19991008,0000,1279
19991009,0000,1137
19991010,0000,1038
19991011,0000,1373
19991012,0000,1137
19991013,0000,1206
19991014,0000,1360
19991015,0000,1408
19991016,0000,854
19991017,0000,1103
19991018,0000,531
19991019,0000,942
19991020,0000,1242
19991021,0000,1188
19991022,0000,1014
19991023,0000,865
19991024,0000,1097
19991025,0000,817
19991026,0000,994
19991027,0000,718
19991028,0000,696
19991029,0000,837
19991030,0000,770
19991031,0000,790
19991101,0000,931
19991102,0000,445
19991103,0000,864
19991104,0000,1047
19991105,0000,769
19991106,0000,675
19991107,0000,786
19991108,0000,1183
19991109,0000,127
19991110,0000,424
19991111,0000,128
19991112,0000,391
19991113,0000,88
19991114,0000,364
19991115,0000,498
19991116,0000,463
19991117,0000,138
19991118,0000,483
19991119,0000,981
19991120,0000,660
19991121,0000,335
19991122,0000,648
19991123,0000,908
19991124,0000,612
19991125,0000,330
19991126,0000,716
19991127,0000,599
19991128,0000,338
19991129,0000,736
19991130,0000,599
19991201,0000,1184
19991202,0000,743
19991203,0000,609
19991204,0000,914
19991205,0000,428
19991206,0000,378
19991207,0000,773
19991208,0000,884
19991209,0000,282
19991210,0000,830
19991211,0000,514
19991212,0000,725
19991213,0000,930
19991214,0000,486
19991215,0000,634
19991216,0000,685
19991217,0000,1018
19991218,0000,437
19991219,0000,774
19991220,0000,559
19991221,0000,1341
19991222,0000,17
19991223,0000,971
19991224,0000,651
19991225,0000,74
19991226,0000,616
19991227,0000,1012
19991228,0000,63
19991229,0000,376
19991230,0000,787
19991231,0000,132
20000101,0000,129
20000102,0000,289
20000103,0000,1072
20000104,0000,92
20000105,0000,10
20000106,0000,746
20000107,0000,362
20000108,0000,620
20000109,0000,171
20000110,0000,387
20000111,0000,85
20000112,0000,84
20000113,0000,383
20000114,0000,831
20000115,0000,383
20000116,0000,445
20000117,0000,462
20000118,0000,2588
20000119,0000,1376
20000120,0000,2962
20000121,0000,50
20000122,0000,14
20000123,0000,508
20000124,0000,3024
20000125,0000,7797
20000126,0000,5979
20000127,0000,2420
20000128,0000,1016
20000129,0000,725
20000130,0000,1527
20000131,0000,1492
20000201,0000,282
20000202,0000,314
20000203,0000,307
20000204,0000,1222
20000205,0000,280
20000206,0000,286
20000207,0000,743
20000208,0000,582
20000209,0000,2095
20000210,0000,787
20000211,0000,887
20000212,0000,343
20000213,0000,274
20000214,0000,2320
20000215,0000,8375
20000216,0000,2340
20000217,0000,4595
20000218,0000,3002
20000219,0000,3232
20000220,0000,69
20000221,0000,577
20000222,0000,693
20000223,0000,3576
20000224,0000,3585
20000225,0000,2319
20000226,0000,1191
20000227,0000,6636
20000228,0000,4189
20000229,0000,3247
20000301,0000,2750
20000302,0000,1807
20000303,0000,2089
20000304,0000,1754
20000305,0000,3067
20000306,0000,2323
20000307,0000,2186
20000308,0000,2587
20000309,0000,2143
20000310,0000,2120
20000311,0000,1652
20000312,0000,1526
20000313,0000,2212
20000314,0000,2104
20000315,0000,1966
20000316,0000,2123
20000317,0000,2044
20000318,0000,2300
20000319,0000,2103
20000320,0000,2091
20000321,0000,2026
20000322,0000,1892
20000323,0000,1749
20000324,0000,2224
20000325,0000,1953
20000326,0000,2179
20000327,0000,2138
20000328,0000,2384
20000329,0000,2327
20000330,0000,2387
20000331,0000,1939
20000401,0000,1906
20000402,0000,1748
20000403,0000,2377
20000404,0000,2263
20000405,0000,2460
20000406,0000,2522
20000407,0000,2348
20000408,0000,2301
20000409,0000,2041
20000410,0000,2203
20000411,0000,2019
20000412,0000,2083
20000413,0000,3203
20000414,0000,2660
20000415,0000,2252
20000416,0000,1663
20000417,0000,3404
20000418,0000,2256
20000419,0000,1901
20000420,0000,1917
20000421,0000,1894
20000422,0000,1872
20000423,0000,1637
20000424,0000,2179
20000425,0000,2145
20000426,0000,1735
20000427,0000,2226
20000428,0000,2210
20000429,0000,1990
20000430,0000,1888
20000501,0000,2231
20000502,0000,2188
20000503,0000,1791
20000504,0000,2041
20000505,0000,2349
20000506,0000,2161
20000507,0000,2565
20000508,0000,4502
20000509,0000,4065
20000510,0000,2422
20000511,0000,2616
20000512,0000,2011
20000513,0000,1492
20000514,0000,1383
20000515,0000,2227
20000516,0000,1976
20000517,0000,1665
20000518,0000,1994
20000519,0000,2079
20000520,0000,1978
20000521,0000,2292
20000522,0000,2611
20000523,0000,2421
20000524,0000,2161
20000525,0000,3499
20000526,0000,4992
20000527,0000,3928
20000528,0000,4007
20000529,0000,3559
20000530,0000,3190
20000531,0000,3004
20000601,0000,2473
20000602,0000,2296
20000603,0000,2351
20000604,0000,2205
20000605,0000,2725
20000606,0000,2811
20000607,0000,2451
20000608,0000,2549
20000609,0000,2449
20000610,0000,1916
20000611,0000,3098
20000612,0000,1525
20000613,0000,2141
20000614,0000,2931
20000615,0000,2793
20000616,0000,3012
20000617,0000,2276
20000618,0000,1797
20000619,0000,1783
20000620,0000,1891
20000621,0000,1542
20000622,0000,1416
20000623,0000,1530
20000624,0000,995
20000625,0000,1220
20000626,0000,1782
20000627,0000,1739
20000628,0000,950
20000629,0000,2326
20000630,0000,1725
20000701,0000,1093
20000702,0000,894
20000703,0000,836
20000704,0000,963
20000705,0000,834
20000706,0000,931
20000707,0000,906
20000708,0000,804
20000709,0000,911
20000710,0000,1008
20000711,0000,1022
20000712,0000,1024
20000713,0000,951
20000714,0000,1097
20000715,0000,723
20000716,0000,852
20000717,0000,878
20000718,0000,884
20000719,0000,1295
20000720,0000,1161
20000721,0000,1202
20000722,0000,783
20000723,0000,846
20000724,0000,1106
20000725,0000,1239
20000726,0000,1083
20000727,0000,1031
20000728,0000,1248
20000729,0000,920
20000730,0000,960
20000731,0000,1404
20000801,0000,1511
20000802,0000,1544
20000803,0000,1187
20000804,0000,1154
20000805,0000,1022
20000806,0000,938
20000807,0000,791
20000808,0000,897
20000809,0000,200
20000810,0000,590
20000811,0000,1059
20000812,0000,988
20000813,0000,881
20000814,0000,1327
20000815,0000,1064
20000816,0000,1220
20000817,0000,1109
20000818,0000,1048
20000819,0000,684
20000820,0000,792
20000821,0000,1243
20000822,0000,1322
20000823,0000,1143
20000824,0000,1265
20000825,0000,1347
20000826,0000,928
20000827,0000,1069
20000828,0000,1013
20000829,0000,1055
20000830,0000,826
20000831,0000,738
20000901,0000,958
20000902,0000,868
20000903,0000,905
20000904,0000,799
20000905,0000,951
20000906,0000,1204
20000907,0000,1172
20000908,0000,889
20000909,0000,780
20000910,0000,1074
20000911,0000,1032
20000912,0000,1491
20000913,0000,1301
20000914,0000,1102
20000915,0000,1292
20000916,0000,1109
20000917,0000,782
20000918,0000,1800
20000919,0000,1569
20000920,0000,1431
20000921,0000,1088
20000922,0000,786
20000923,0000,735
20000924,0000,903
20000925,0000,883
20000926,0000,884
20000927,0000,531
20000928,0000,852
20000929,0000,727
20000930,0000,763
20001001,0000,619
20001002,0000,844
20001003,0000,896
20001004,0000,679
20001005,0000,919
20001006,0000,823
20001007,0000,643
20001008,0000,710
20001009,0000,787
20001010,0000,1197
20001011,0000,901
20001012,0000,620
20001013,0000,756
20001014,0000,636
20001015,0000,734
20001016,0000,905
20001017,0000,242
20001018,0000,772
20001019,0000,946
20001020,0000,833
20001021,0000,918
20001022,0000,704
20001023,0000,850
20001024,0000,1002
20001025,0000,941
20001026,0000,1308
20001027,0000,989
20001028,0000,1164
20001029,0000,1663
20001030,0000,850
20001031,0000,768
20001101,0000,715
20001102,0000,804
20001103,0000,649
20001104,0000,707
20001105,0000,672
20001106,0000,123
20001107,0000,361
20001108,0000,176
20001109,0000,133
20001110,0000,370
20001111,0000,394
20001112,0000,447
20001113,0000,408
20001114,0000,549
20001115,0000,252
20001116,0000,875
20001117,0000,996
20001118,0000,553
20001119,0000,1083
20001120,0000,1166
20001121,0000,912
20001122,0000,986
20001123,0000,886
20001124,0000,885
20001125,0000,982
20001126,0000,1142
20001127,0000,1186
20001128,0000,1018
20001129,0000,1287
20001130,0000,1080
20001201,0000,749
20001202,0000,1391
20001203,0000,756
20001204,0000,1162
20001205,0000,1143
20001206,0000,2340
20001207,0000,1701
20001208,0000,1216
20001209,0000,1226
20001210,0000,1133
20001211,0000,444
20001212,0000,1232
20001213,0000,1429
20001214,0000,1344
20001215,0000,903
20001216,0000,749
20001217,0000,967
20001218,0000,1010
20001219,0000,860
20001220,0000,-194
20001221,0000,1035
20001222,0000,1007
20001223,0000,646
20001224,0000,747
20001225,0000,693
20001226,0000,411
20001227,0000,412
20001228,0000,383
20001229,0000,429
20001230,0000,392
20001231,0000,275
20010101,0000,285
20010102,0000,389
20010103,0000,487
20010104,0000,360
20010105,0000,413
20010106,0000,189
20010107,0000,415
20010108,0000,622
20010109,0000,336
20010110,0000,1012
20010111,0000,687
20010112,0000,525
20010113,0000,308
20010114,0000,391
20010115,0000,374
20010116,0000,401
20010117,0000,438
20010118,0000,269
20010119,0000,393
20010120,0000,296
20010121,0000,373
20010122,0000,471
20010123,0000,680
20010124,0000,837
20010125,0000,839
20010126,0000,599
20010127,0000,342
20010128,0000,502
20010129,0000,471
20010130,0000,618
20010131,0000,285
20010201,0000,232
20010202,0000,325
20010203,0000,413
20010204,0000,450
20010205,0000,389
20010206,0000,356
20010207,0000,470
20010208,0000,431
20010209,0000,868
20010210,0000,513
20010211,0000,1199
20010212,0000,596
20010213,0000,538
20010214,0000,577
20010215,0000,571
20010216,0000,505
20010217,0000,412
20010218,0000,455
20010219,0000,882
20010220,0000,744
20010221,0000,938
20010222,0000,885
20010223,0000,718
20010224,0000,1107
20010225,0000,874
20010226,0000,719
20010227,0000,662
20010228,0000,718
20010301,0000,544
20010302,0000,625
20010303,0000,446
20010304,0000,911
20010305,0000,2177
20010306,0000,1469
20010307,0000,874
20010308,0000,603
20010309,0000,789
20010310,0000,506
20010311,0000,506
20010312,0000,726
20010313,0000,781
20010314,0000,616
20010315,0000,671
20010316,0000,574
20010317,0000,592
20010318,0000,588
20010319,0000,985
20010320,0000,956
20010321,0000,933
20010322,0000,918
20010323,0000,1113
20010324,0000,1004
20010325,0000,1190
20010326,0000,1552
20010327,0000,859
20010328,0000,1219
20010329,0000,1198
20010330,0000,1347
20010331,0000,1047
20010401,0000,761
20010402,0000,1113
20010403,0000,700
20010404,0000,831
20010405,0000,707
20010406,0000,738
20010407,0000,1075
20010408,0000,350
20010409,0000,802
20010410,0000,994
20010411,0000,905
20010412,0000,1089
20010413,0000,1130
20010414,0000,966
20010415,0000,770
20010416,0000,1171
20010417,0000,1330
20010418,0000,1322
20010419,0000,1628
20010420,0000,2157
20010421,0000,1491
20010422,0000,1588
20010423,0000,1718
20010424,0000,1830
20010425,0000,2138
20010426,0000,1922
20010427,0000,1966
20010428,0000,1911
20010429,0000,1363
20010430,0000,1627
20010501,0000,1808
20010502,0000,1952
20010503,0000,1679
20010504,0000,1511
20010505,0000,1356
20010506,0000,1444
20010507,0000,1734
20010508,0000,1700
20010509,0000,1920
20010510,0000,2157
20010511,0000,2083
20010512,0000,1753
20010513,0000,1769
20010514,0000,1846
20010515,0000,1642
20010516,0000,1388
20010517,0000,1436
20010518,0000,1594
20010519,0000,1370
20010520,0000,1192
20010521,0000,1556
20010522,0000,1259
20010523,0000,1371
20010524,0000,1141
20010525,0000,1102
20010526,0000,969
20010527,0000,879
20010528,0000,763
20010529,0000,849
20010530,0000,917
20010531,0000,945
20010601,0000,818
20010602,0000,724
20010603,0000,669
20010604,0000,624
20010605,0000,731
20010606,0000,813
20010607,0000,769
20010608,0000,1037
20010609,0000,636
20010610,0000,658
20010611,0000,715
20010612,0000,725
20010613,0000,741
20010614,0000,835
20010615,0000,955
20010616,0000,755
20010617,0000,762
20010618,0000,807
20010619,0000,832
20010620,0000,812
20010621,0000,893
20010622,0000,627
20010623,0000,600
20010624,0000,590
20010625,0000,684
20010626,0000,613
20010627,0000,908
20010628,0000,785
20010629,0000,759
20010630,0000,709
20010701,0000,661
20010702,0000,906
20010703,0000,829
20010704,0000,711
20010705,0000,661
20010706,0000,805
20010707,0000,649
20010708,0000,566
20010709,0000,813
20010710,0000,561
20010711,0000,670
20010712,0000,506
20010713,0000,35
20010714,0000,620
20010715,0000,678
20010716,0000,715
20010717,0000,605
20010718,0000,798
20010719,0000,763
20010720,0000,764
20010721,0000,562
20010722,0000,697
20010723,0000,891
20010724,0000,755
20010725,0000,746
20010726,0000,787
20010727,0000,820
20010728,0000,654
20010729,0000,573
20010730,0000,750
20010731,0000,711
20010801,0000,749
20010802,0000,727
20010803,0000,695
20010804,0000,697
20010805,0000,629
20010806,0000,775
20010807,0000,859
20010808,0000,1015
20010809,0000,696
20010810,0000,536
20010811,0000,565
20010812,0000,445
20010813,0000,394
20010814,0000,507
20010815,0000,0
20010816,0000,665
20010817,0000,858
20010818,0000,573
20010819,0000,537
20010820,0000,508
20010821,0000,441
20010822,0000,506
20010823,0000,749
20010824,0000,609
20010825,0000,543
20010826,0000,476
20010827,0000,680
20010828,0000,594
20010829,0000,513
20010830,0000,506
20010831,0000,560
20010901,0000,482
20010902,0000,602
20010903,0000,548
20010904,0000,563
20010905,0000,627
20010906,0000,486
20010907,0000,627
20010908,0000,515
20010909,0000,458
20010910,0000,521
20010911,0000,706
20010912,0000,674
20010913,0000,514
20010914,0000,436
20010915,0000,283
20010916,0000,323
20010917,0000,240
20010918,0000,261
20010919,0000,893
20010920,0000,494
20010921,0000,410
20010922,0000,395
20010923,0000,346
20010924,0000,324
20010925,0000,568
20010926,0000,314
20010927,0000,416
20010928,0000,169
20010929,0000,373
20010930,0000,518
20011001,0000,735
20011002,0000,149
20011003,0000,334
20011004,0000,307
20011005,0000,1261
20011006,0000,307
20011007,0000,185
20011008,0000,468
20011009,0000,248
20011010,0000,457
20011011,0000,461
20011012,0000,469
20011013,0000,292
20011014,0000,248
20011015,0000,436
20011016,0000,367
20011017,0000,474
20011018,0000,434
20011019,0000,295
20011020,0000,319
20011021,0000,343
20011022,0000,369
20011023,0000,521
20011024,0000,600
20011025,0000,634
20011026,0000,695
20011027,0000,313
20011028,0000,451
20011029,0000,212
20011030,0000,511
20011031,0000,327
20011101,0000,409
20011102,0000,423
20011103,0000,393
20011104,0000,318
20011105,0000,353
20011106,0000,181
20011107,0000,320
20011108,0000,321
20011109,0000,434
20011110,0000,131
20011111,0000,477
20011112,0000,1014
20011113,0000,368
20011114,0000,249
20011115,0000,221
20011116,0000,498
20011117,0000,203
20011118,0000,157
20011119,0000,496
20011120,0000,415
20011121,0000,333
20011122,0000,642
20011123,0000,519
20011124,0000,1053
20011125,0000,680
20011126,0000,388
20011127,0000,480
20011128,0000,295
20011129,0000,758
20011130,0000,470
20011201,0000,857
20011202,0000,2517
20011203,0000,2356
20011204,0000,27
20011205,0000,461
20011206,0000,745
20011207,0000,816
20011208,0000,670
20011209,0000,611
20011210,0000,751
20011211,0000,775
20011212,0000,744
20011213,0000,748
20011214,0000,903
20011215,0000,577
20011216,0000,366
20011217,0000,677
20011218,0000,473
20011219,0000,479
20011220,0000,1073
20011221,0000,669
20011222,0000,849
20011223,0000,707
20011224,0000,710
20011225,0000,573
20011226,0000,591
20011227,0000,848
20011228,0000,1552
20011229,0000,2493
20011230,0000,1985
20011231,0000,2691
20020101,0000,1612
20020102,0000,2320
20020103,0000,2327
20020104,0000,1525
20020105,0000,1154
20020106,0000,1171
20020107,0000,1435
20020108,0000,1057
20020109,0000,1203
20020110,0000,956
20020111,0000,878
20020112,0000,911
20020113,0000,828
20020114,0000,1430
20020115,0000,867
20020116,0000,917
20020117,0000,845
20020118,0000,809
20020119,0000,684
20020120,0000,636
20020121,0000,873
20020122,0000,771
20020123,0000,779
20020124,0000,805
20020125,0000,642
20020126,0000,1452
20020127,0000,918
20020128,0000,781
20020129,0000,866
20020130,0000,738
20020131,0000,734
20020201,0000,748
20020202,0000,602
20020203,0000,641
20020204,0000,501
20020205,0000,342
20020206,0000,441
20020207,0000,609
20020208,0000,623
20020209,0000,416
20020210,0000,314
20020211,0000,409
20020212,0000,687
20020213,0000,386
20020214,0000,607
20020215,0000,576
20020216,0000,566
20020217,0000,1199
20020218,0000,862
20020219,0000,1199
20020220,0000,1381
20020221,0000,1405
20020222,0000,1040
20020223,0000,1001
20020224,0000,861
20020225,0000,1055
20020226,0000,1078
20020227,0000,1005
20020228,0000,1256
20020301,0000,1229
20020302,0000,1009
20020303,0000,830
20020304,0000,1320
20020305,0000,1049
20020306,0000,1697
20020307,0000,3340
20020308,0000,2008
20020309,0000,1355
20020310,0000,1350
20020311,0000,1459
20020312,0000,1198
20020313,0000,1293
20020314,0000,1184
20020315,0000,1270
20020316,0000,899
20020317,0000,1080
20020318,0000,1378
20020319,0000,979
20020320,0000,1132
20020321,0000,1037
20020322,0000,1540
20020323,0000,2028
20020324,0000,1937
20020325,0000,1809
20020326,0000,1681
20020327,0000,1294
20020328,0000,1536
20020329,0000,1536
20020330,0000,1558
20020331,0000,1639
20020401,0000,1947
20020402,0000,1852
20020403,0000,2000
20020404,0000,2177
20020405,0000,2308
20020406,0000,1934
20020407,0000,1883
20020408,0000,2125
20020409,0000,2010
20020410,0000,1822
20020411,0000,985
20020412,0000,2161
20020413,0000,2314
20020414,0000,1996
20020415,0000,2223
20020416,0000,1883
20020417,0000,1872
20020418,0000,1346
20020419,0000,1366
20020420,0000,1442
20020421,0000,1194
20020422,0000,1624
20020423,0000,1519
20020424,0000,1497
20020425,0000,1735
20020426,0000,1660
20020427,0000,1626
20020428,0000,1259
20020429,0000,1692
20020430,0000,1548
20020501,0000,1491
20020502,0000,1273
20020503,0000,1656
20020504,0000,1540
20020505,0000,1609
20020506,0000,1699
20020507,0000,1786
20020508,0000,1869
20020509,0000,1570
20020510,0000,1574
20020511,0000,1580
20020512,0000,1524
20020513,0000,1693
20020514,0000,1749
20020515,0000,2080
20020516,0000,2027
20020517,0000,1893
20020518,0000,1897
20020519,0000,1868
20020520,0000,2191
20020521,0000,2021
20020522,0000,1455
20020523,0000,1442
20020524,0000,1448
20020525,0000,1216
20020526,0000,1234
20020527,0000,1070
20020528,0000,1509
20020529,0000,1685
20020530,0000,1709
20020531,0000,1443
20020601,0000,1094
20020602,0000,1297
20020603,0000,1336
20020604,0000,1324
20020605,0000,1391
20020606,0000,1083
20020607,0000,1107
20020608,0000,824
20020609,0000,816
20020610,0000,1090
20020611,0000,839
20020612,0000,840
20020613,0000,852
20020614,0000,834
20020615,0000,749
20020616,0000,656
20020617,0000,849
20020618,0000,859
20020619,0000,935
20020620,0000,980
20020621,0000,843
20020622,0000,1153
20020623,0000,938
20020624,0000,984
20020625,0000,1078
20020626,0000,886
20020627,0000,868
20020628,0000,849
20020629,0000,798
20020630,0000,854
20020701,0000,932
20020702,0000,837
20020703,0000,797
20020704,0000,647
20020705,0000,761
20020706,0000,785
20020707,0000,578
20020708,0000,814
20020709,0000,990
20020710,0000,956
20020711,0000,746
20020712,0000,1130
20020713,0000,825
20020714,0000,757
20020715,0000,750
20020716,0000,689
20020717,0000,766
20020718,0000,788
20020719,0000,888
20020720,0000,771
20020721,0000,610
20020722,0000,688
20020723,0000,685
20020724,0000,825
20020725,0000,736
20020726,0000,783
20020727,0000,738
20020728,0000,581
20020729,0000,802
20020730,0000,801
20020731,0000,828
20020801,0000,823
20020802,0000,849
20020803,0000,542
20020804,0000,619
20020805,0000,638
20020806,0000,706
20020807,0000,768
20020808,0000,877
20020809,0000,886
20020810,0000,795
20020811,0000,726
20020812,0000,930
20020813,0000,987
20020814,0000,472
20020815,0000,748
20020816,0000,714
20020817,0000,655
20020818,0000,624
20020819,0000,663
20020820,0000,733
20020821,0000,756
20020822,0000,726
20020823,0000,710
20020824,0000,677
20020825,0000,647
20020826,0000,786
20020827,0000,1000
20020828,0000,755
20020829,0000,683
20020830,0000,834
20020831,0000,715
20020901,0000,688
20020902,0000,847
20020903,0000,995
20020904,0000,803
20020905,0000,650
20020906,0000,702
20020907,0000,583
20020908,0000,563
20020909,0000,838
20020910,0000,604
20020911,0000,802
20020912,0000,722
20020913,0000,717
20020914,0000,718
20020915,0000,691
20020916,0000,592
20020917,0000,583
20020918,0000,816
20020919,0000,892
20020920,0000,816
20020921,0000,769
20020922,0000,779
20020923,0000,893
20020924,0000,642
20020925,0000,759
20020926,0000,854
20020927,0000,585
20020928,0000,556
20020929,0000,669
20020930,0000,738
20021001,0000,640
20021002,0000,669
20021003,0000,785
20021004,0000,799
20021005,0000,704
20021006,0000,692
20021007,0000,876
20021008,0000,757
20021009,0000,805
20021010,0000,674
20021011,0000,702
20021012,0000,665
20021013,0000,593
20021014,0000,740
20021015,0000,787
20021016,0000,849
20021017,0000,702
20021018,0000,679
20021019,0000,576
20021020,0000,594
20021021,0000,540
20021022,0000,513
20021023,0000,595
20021024,0000,724
20021025,0000,744
20021026,0000,485
20021027,0000,674
20021028,0000,774
20021029,0000,751
20021030,0000,731
20021031,0000,841
20021101,0000,858
20021102,0000,722
20021103,0000,435
20021104,0000,455
20021105,0000,336
20021106,0000,399
20021107,0000,1075
20021108,0000,2151
20021109,0000,1198
20021110,0000,540
20021111,0000,623
20021112,0000,529
20021113,0000,396
20021114,0000,417
20021115,0000,476
20021116,0000,345
20021117,0000,328
20021118,0000,449
20021119,0000,570
20021120,0000,461
20021121,0000,364
20021122,0000,524
20021123,0000,666
20021124,0000,670
20021125,0000,671
20021126,0000,596
20021127,0000,659
20021128,0000,665
20021129,0000,687
20021130,0000,596
20021201,0000,579
20021202,0000,769
20021203,0000,663
20021204,0000,690
20021205,0000,615
20021206,0000,736
20021207,0000,615
20021208,0000,664
20021209,0000,783
20021210,0000,791
20021211,0000,781
20021212,0000,700
20021213,0000,1142
20021214,0000,1560
20021215,0000,1444
20021216,0000,3514
20021217,0000,2264
20021218,0000,1191
20021219,0000,1572
20021220,0000,1257
20021221,0000,1275
20021222,0000,879
20021223,0000,901
20021224,0000,817
20021225,0000,764
20021226,0000,943
20021227,0000,1133
20021228,0000,1108
20021229,0000,1640
20021230,0000,1109
20021231,0000,1513
20030101,0000,1109
20030102,0000,1004
20030103,0000,1202
20030104,0000,1118
20030105,0000,944
20030106,0000,1209
20030107,0000,1037
20030108,0000,989
20030109,0000,1124
20030110,0000,1381
20030111,0000,1162
20030112,0000,1123
20030113,0000,1029
20030114,0000,1096
20030115,0000,999
20030116,0000,991
20030117,0000,1041
20030118,0000,906
20030119,0000,862
20030120,0000,1002
20030121,0000,1117
20030122,0000,1467
20030123,0000,1010
20030124,0000,1050
20030125,0000,822
20030126,0000,863
20030127,0000,1089
20030128,0000,1077
20030129,0000,1163
20030130,0000,1012
20030131,0000,1103
20030201,0000,1032
20030202,0000,1064
20030203,0000,1004
20030204,0000,1023
20030205,0000,958
20030206,0000,932
20030207,0000,971
20030208,0000,836
20030209,0000,742
20030210,0000,984
20030211,0000,833
20030212,0000,1171
20030213,0000,1348
20030214,0000,1018
20030215,0000,723
20030216,0000,1081
20030217,0000,718
20030218,0000,798
20030219,0000,931
20030220,0000,900
20030221,0000,749
20030222,0000,762
20030223,0000,724
20030224,0000,829
20030225,0000,1288
20030226,0000,1301
20030227,0000,1223
20030228,0000,1000
20030301,0000,850
20030302,0000,840
20030303,0000,1130
20030304,0000,1073
20030305,0000,1060
20030306,0000,1094
20030307,0000,773
20030308,0000,767
20030309,0000,669
20030310,0000,700
20030311,0000,941
20030312,0000,915
20030313,0000,1097
20030314,0000,1031
20030315,0000,2074
20030316,0000,1263
20030317,0000,1061
20030318,0000,1046
20030319,0000,1022
20030320,0000,931
20030321,0000,1154
20030322,0000,1058
20030323,0000,1313
20030324,0000,1505
20030325,0000,1501
20030326,0000,1396
20030327,0000,1599
20030328,0000,1541
20030329,0000,1215
20030330,0000,1261
20030331,0000,1538
20030401,0000,1572
20030402,0000,1098
20030403,0000,1209
20030404,0000,1550
20030405,0000,1201
20030406,0000,1111
20030407,0000,1292
20030408,0000,1275
20030409,0000,1293
20030410,0000,1453
20030411,0000,1455
20030412,0000,1560
20030413,0000,3954
20030414,0000,2755
20030415,0000,2113
20030416,0000,1758
20030417,0000,1622
20030418,0000,1635
20030419,0000,1354
20030420,0000,1300
20030421,0000,1818
20030422,0000,1520
20030423,0000,1364
20030424,0000,1587
20030425,0000,2053
20030426,0000,2394
20030427,0000,2015
20030428,0000,2282
20030429,0000,1919
20030430,0000,1762
20030501,0000,1844
20030502,0000,1759
20030503,0000,1943
20030504,0000,2762
20030505,0000,2087
20030506,0000,1940
20030507,0000,1830
20030508,0000,2270
20030509,0000,2320
20030510,0000,1997
20030511,0000,2504
20030512,0000,2590
20030513,0000,2541
20030514,0000,2398
20030515,0000,2329
20030516,0000,2456
20030517,0000,2406
20030518,0000,2318
20030519,0000,2499
20030520,0000,2411
20030521,0000,2465
20030522,0000,2905
20030523,0000,3177
20030524,0000,3129
20030525,0000,3040
20030526,0000,2651
20030527,0000,2816
20030528,0000,3153
20030529,0000,3084
20030530,0000,3471
20030531,0000,3291
20030601,0000,3475
20030602,0000,3983
20030603,0000,4370
20030604,0000,4903
20030605,0000,4534
20030606,0000,4382
20030607,0000,3836
20030608,0000,3683
20030609,0000,3473
20030610,0000,3280
20030611,0000,2976
20030612,0000,2496
20030613,0000,2394
20030614,0000,2129
20030615,0000,2015
20030616,0000,2386
20030617,0000,2182
20030618,0000,1887
20030619,0000,1599
20030620,0000,1701
20030621,0000,1470
20030622,0000,1186
20030623,0000,2232
20030624,0000,210
20030625,0000,1240
20030626,0000,1248
20030627,0000,1348
20030628,0000,1093
20030629,0000,1015
20030630,0000,1033
20030701,0000,1121
20030702,0000,1079
20030703,0000,1042
20030704,0000,1243
20030705,0000,1024
20030706,0000,933
20030707,0000,1025
20030708,0000,939
20030709,0000,992
20030710,0000,826
20030711,0000,678
20030712,0000,834
20030713,0000,791
20030714,0000,987
20030715,0000,1043
20030716,0000,1106
20030717,0000,1023
20030718,0000,928
20030719,0000,946
20030720,0000,1086
20030721,0000,895
20030722,0000,1034
20030723,0000,787
20030724,0000,914
20030725,0000,1037
20030726,0000,988
20030727,0000,896
20030728,0000,953
20030729,0000,852
20030730,0000,804
20030731,0000,994
20030801,0000,1010
20030802,0000,1008
20030803,0000,979
20030804,0000,810
20030805,0000,1000
20030806,0000,835
20030807,0000,567
20030808,0000,769
20030809,0000,734
20030810,0000,645
20030811,0000,756
20030812,0000,852
20030813,0000,497
20030814,0000,682
20030815,0000,756
20030816,0000,753
20030817,0000,788
20030818,0000,795
20030819,0000,812
20030820,0000,724
20030821,0000,696
20030822,0000,648
20030823,0000,1814
20030824,0000,1819
20030825,0000,1034
20030826,0000,674
20030827,0000,709
20030828,0000,754
20030829,0000,691
20030830,0000,695
20030831,0000,742
20030901,0000,823
20030902,0000,961
20030903,0000,904
20030904,0000,741
20030905,0000,793
20030906,0000,592
20030907,0000,756
20030908,0000,656
20030909,0000,646
20030910,0000,748
20030911,0000,777
20030912,0000,869
20030913,0000,791
20030914,0000,747
20030915,0000,711
20030916,0000,611
20030917,0000,487
20030918,0000,794
20030919,0000,851
20030920,0000,835
20030921,0000,927
20030922,0000,1083
20030923,0000,849
20030924,0000,700
20030925,0000,711
20030926,0000,879
20030927,0000,759
20030928,0000,519
20030929,0000,330
20030930,0000,432
20031001,0000,418
20031002,0000,257
20031003,0000,415
20031004,0000,302
20031005,0000,388
20031006,0000,485
20031007,0000,455
20031008,0000,404
20031009,0000,277
20031010,0000,396
20031011,0000,304
20031012,0000,353
20031013,0000,398
20031014,0000,443
20031015,0000,485
20031016,0000,480
20031017,0000,359
20031018,0000,358
20031019,0000,275
20031020,0000,398
20031021,0000,375
20031022,0000,373
20031023,0000,361
20031024,0000,285
20031025,0000,336
20031026,0000,378
20031027,0000,526
20031028,0000,475
20031029,0000,476
20031030,0000,468
20031031,0000,572
20031101,0000,401
20031102,0000,378
20031103,0000,648
20031104,0000,422
20031105,0000,623
20031106,0000,565
20031107,0000,667
20031108,0000,578
20031109,0000,653
20031110,0000,790
20031111,0000,453
20031112,0000,411
20031113,0000,482
20031114,0000,184
20031115,0000,872
20031116,0000,389
20031117,0000,434
20031118,0000,437
20031119,0000,392
20031120,0000,460
20031121,0000,361
20031122,0000,376
20031123,0000,395
20031124,0000,431
20031125,0000,372
20031126,0000,360
20031127,0000,355
20031128,0000,396
20031129,0000,376
20031130,0000,445
20031201,0000,375
20031202,0000,345
20031203,0000,331
20031204,0000,338
20031205,0000,479
20031206,0000,702
20031207,0000,1061
20031208,0000,551
20031209,0000,387
20031210,0000,1020
20031211,0000,892
20031212,0000,580
20031213,0000,600
20031214,0000,1017
20031215,0000,636
20031216,0000,531
20031217,0000,534
20031218,0000,603
20031219,0000,944
20031220,0000,977
20031221,0000,955
20031222,0000,1027
20031223,0000,994
20031224,0000,2059
20031225,0000,2427
20031226,0000,1302
20031227,0000,1048
20031228,0000,1008
20031229,0000,1307
20031230,0000,2412
20031231,0000,287
20040101,0000,2906
20040102,0000,1885
20040103,0000,1406
20040104,0000,1016
20040105,0000,1230
20040106,0000,1076
20040107,0000,1224
20040108,0000,1070
20040109,0000,1049
20040110,0000,1028
20040111,0000,1115
20040112,0000,1033
20040113,0000,1249
20040114,0000,1150
20040115,0000,1104
20040116,0000,1041
20040117,0000,974
20040118,0000,1064
20040119,0000,1064
20040120,0000,976
20040121,0000,1122
20040122,0000,980
20040123,0000,987
20040124,0000,974
20040125,0000,894
20040126,0000,1029
20040127,0000,1206
20040128,0000,936
20040129,0000,942
20040130,0000,807
20040131,0000,933
20040201,0000,861
20040202,0000,1300
20040203,0000,1186
20040204,0000,1108
20040205,0000,1008
20040206,0000,864
20040207,0000,847
20040208,0000,845
20040209,0000,933
20040210,0000,865
20040211,0000,940
20040212,0000,821
20040213,0000,903
20040214,0000,716
20040215,0000,978
20040216,0000,1201
20040217,0000,1784
20040218,0000,2384
20040219,0000,1505
20040220,0000,1894
20040221,0000,1142
20040222,0000,1281
20040223,0000,1034
20040224,0000,1274
20040225,0000,1994
20040226,0000,4202
20040227,0000,2325
20040228,0000,2003
20040229,0000,1616
20040301,0000,1665
20040302,0000,1422
20040303,0000,1245
20040304,0000,1262
20040305,0000,1359
20040306,0000,1089
20040307,0000,1171
20040308,0000,1649
20040309,0000,1585
20040310,0000,1609
20040311,0000,1847
20040312,0000,1658
20040313,0000,1514
20040314,0000,1757
20040315,0000,1997
20040316,0000,2038
20040317,0000,1835
20040318,0000,1891
20040319,0000,2069
20040320,0000,1853
20040321,0000,2016
20040322,0000,2126
20040323,0000,2171
20040324,0000,1906
20040325,0000,2376
20040326,0000,1971
20040327,0000,1494
20040328,0000,1391
20040329,0000,1701
20040330,0000,1594
20040331,0000,1493
20040401,0000,1838
20040402,0000,1372
20040403,0000,1699
20040404,0000,1567
20040405,0000,1561
20040406,0000,1819
20040407,0000,1701
20040408,0000,1773
20040409,0000,1829
20040410,0000,1836
20040411,0000,1526
20040412,0000,1764
20040413,0000,1511
20040414,0000,1543
20040415,0000,1459
20040416,0000,1221
20040417,0000,1291
20040418,0000,1183
20040419,0000,1445
20040420,0000,989
20040421,0000,1060
20040422,0000,1451
20040423,0000,1358
20040424,0000,1357
20040425,0000,1313
20040426,0000,1486
20040427,0000,1412
20040428,0000,1997
20040429,0000,2072
20040430,0000,1549
20040501,0000,1524
20040502,0000,1375
20040503,0000,1925
20040504,0000,1685
20040505,0000,2117
20040506,0000,1859
20040507,0000,m
20040508,0000,m
20040509,0000,1100
20040510,0000,1268
20040511,0000,1294
20040512,0000,1263
20040513,0000,1101
20040514,0000,1136
20040515,0000,960
20040516,0000,747
20040517,0000,1037
20040518,0000,670
20040519,0000,862
20040520,0000,841
20040521,0000,804
20040522,0000,881
20040523,0000,806
20040524,0000,631
20040525,0000,869
20040526,0000,772
20040527,0000,806
20040528,0000,962
20040529,0000,1038
20040530,0000,911
20040531,0000,903
20040601,0000,780
20040602,0000,972
20040603,0000,924
20040604,0000,1008
20040605,0000,739
20040606,0000,646
20040607,0000,728
20040608,0000,742
20040609,0000,806
20040610,0000,650
20040611,0000,682
20040612,0000,719
20040613,0000,637
20040614,0000,767
20040615,0000,829
20040616,0000,600
20040617,0000,498
20040618,0000,535
20040619,0000,444
20040620,0000,502
20040621,0000,550
20040622,0000,575
20040623,0000,404
20040624,0000,403
20040625,0000,259
20040626,0000,204
20040627,0000,367
20040628,0000,254
20040629,0000,192
20040630,0000,215
20040701,0000,327
20040702,0000,257
20040703,0000,252
20040704,0000,196
20040705,0000,318
20040706,0000,385
20040707,0000,527
20040708,0000,545
20040709,0000,671
20040710,0000,197
20040711,0000,221
20040712,0000,177
20040713,0000,223
20040714,0000,108
20040715,0000,312
20040716,0000,665
20040717,0000,688
20040718,0000,542
20040719,0000,670
20040720,0000,579
20040721,0000,703
20040722,0000,679
20040723,0000,480
20040724,0000,574
20040725,0000,680
20040726,0000,618
20040727,0000,511
20040728,0000,792
20040729,0000,704
20040730,0000,744
20040731,0000,603
20040801,0000,663
20040802,0000,659
20040803,0000,740
20040804,0000,766
20040805,0000,705
20040806,0000,805
20040807,0000,647
20040808,0000,770
20040809,0000,788
20040810,0000,776
20040811,0000,816
20040812,0000,726
20040813,0000,670
20040814,0000,751
20040815,0000,687
20040816,0000,758
20040817,0000,739
20040818,0000,818
20040819,0000,600
20040820,0000,633
20040821,0000,473
20040822,0000,522
20040823,0000,597
20040824,0000,629
20040825,0000,616
20040826,0000,619
20040827,0000,753
20040828,0000,573
20040829,0000,569
20040830,0000,743
20040831,0000,757
20040901,0000,811
20040902,0000,776
20040903,0000,m
20040904,0000,862
20040905,0000,751
20040906,0000,818
20040907,0000,889
20040908,0000,785
20040909,0000,723
20040910,0000,577
20040911,0000,745
20040912,0000,661
20040913,0000,710
20040914,0000,656
20040915,0000,823
20040916,0000,760
20040917,0000,771
20040918,0000,642
20040919,0000,735
20040920,0000,593
20040921,0000,838
20040922,0000,686
20040923,0000,785
20040924,0000,822
20040925,0000,715
20040926,0000,736
20040927,0000,740
20040928,0000,734
20040929,0000,702
20040930,0000,688
20041001,0000,739
20041002,0000,646
20041003,0000,791
20041004,0000,888
20041005,0000,923
20041006,0000,888
20041007,0000,756
20041008,0000,877
20041009,0000,633
20041010,0000,625
20041011,0000,827
20041012,0000,793
20041013,0000,712
20041014,0000,659
20041015,0000,719
20041016,0000,722
20041017,0000,923
20041018,0000,732
20041019,0000,1005
20041020,0000,1049
20041021,0000,860
20041022,0000,860
20041023,0000,859
20041024,0000,779
20041025,0000,833
20041026,0000,1486
20041027,0000,938
20041028,0000,802
20041029,0000,826
20041030,0000,631
20041031,0000,758
20041101,0000,843
20041102,0000,873
20041103,0000,984
20041104,0000,847
20041105,0000,786
20041106,0000,630
20041107,0000,744
20041108,0000,504
20041109,0000,435
20041110,0000,448
20041111,0000,657
20041112,0000,400
20041113,0000,447
20041114,0000,333
20041115,0000,545
20041116,0000,340
20041117,0000,439
20041118,0000,464
20041119,0000,374
20041120,0000,340
20041121,0000,227
20041122,0000,365
20041123,0000,376
20041124,0000,513
20041125,0000,601
20041126,0000,563
20041127,0000,1170
20041128,0000,693
20041129,0000,393
20041130,0000,1905
20041201,0000,663
20041202,0000,657
20041203,0000,687
20041204,0000,625
20041205,0000,654
20041206,0000,553
20041207,0000,1651
20041208,0000,2256
20041209,0000,1186
20041210,0000,1601
20041211,0000,1038
20041212,0000,795
20041213,0000,832
20041214,0000,789
20041215,0000,834
20041216,0000,874
20041217,0000,706
20041218,0000,758
20041219,0000,755
20041220,0000,744
20041221,0000,682
20041222,0000,670
20041223,0000,660
20041224,0000,711
20041225,0000,629
20041226,0000,619
20041227,0000,960
20041228,0000,1063
20041229,0000,1101
20041230,0000,2000
20041231,0000,3687
20050101,0000,2100
20050102,0000,1695
20050103,0000,2083
20050104,0000,1388
20050105,0000,1042
20050106,0000,682
20050107,0000,1663
20050108,0000,4583
20050109,0000,4764
20050110,0000,4598
20050111,0000,5824
20050112,0000,2698
20050113,0000,2068
20050114,0000,1735
20050115,0000,1403
20050116,0000,1532
20050117,0000,1451
20050118,0000,1409
20050119,0000,1412
20050120,0000,1456
20050121,0000,1378
20050122,0000,1424
20050123,0000,1251
20050124,0000,1303
20050125,0000,1337
20050126,0000,2506
20050127,0000,2049
20050128,0000,2759
20050129,0000,1857
20050130,0000,1639
20050131,0000,1335
20050201,0000,1421
20050202,0000,1252
20050203,0000,1341
20050204,0000,1254
20050205,0000,1162
20050206,0000,1077
20050207,0000,2487
20050208,0000,1211
20050209,0000,1154
20050210,0000,1166
20050211,0000,1173
20050212,0000,1202
20050213,0000,1257
20050214,0000,1245
20050215,0000,1679
20050216,0000,2170
20050217,0000,2182
20050218,0000,2270
20050219,0000,2275
20050220,0000,3832
20050221,0000,2836
20050222,0000,2465
20050223,0000,2212
20050224,0000,1990
20050225,0000,1860
20050226,0000,1718
20050227,0000,2092
20050228,0000,2375
20050301,0000,2286
20050302,0000,2504
20050303,0000,2134
20050304,0000,2046
20050305,0000,1949
20050306,0000,1866
20050307,0000,1966
20050308,0000,2021
20050309,0000,1977
20050310,0000,2092
20050311,0000,2027
20050312,0000,2004
20050313,0000,1964
20050314,0000,2064
20050315,0000,1534
20050316,0000,1532
20050317,0000,1383
20050318,0000,1569
20050319,0000,1851
20050320,0000,2288
20050321,0000,2307
20050322,0000,4946
20050323,0000,7575
20050324,0000,3801
20050325,0000,2865
20050326,0000,2592
20050327,0000,2585
20050328,0000,4112
20050329,0000,3295
20050330,0000,2960
20050331,0000,2630
20050401,0000,3107
20050402,0000,2846
20050403,0000,2672
20050404,0000,2931
20050405,0000,2741
20050406,0000,3016
20050407,0000,3274
20050408,0000,3466
20050409,0000,3238
20050410,0000,3051
20050411,0000,2866
20050412,0000,2902
20050413,0000,2799
20050414,0000,2638
20050415,0000,2622
20050416,0000,2421
20050417,0000,2818
20050418,0000,2368
20050419,0000,4848
20050420,0000,2395
20050421,0000,2491
20050422,0000,2272
20050423,0000,2021
20050424,0000,2148
20050425,0000,2215
20050426,0000,2053
20050427,0000,2460
20050428,0000,2427
20050429,0000,2597
20050430,0000,2511
20050501,0000,2812
20050502,0000,2643
20050503,0000,2784
20050504,0000,2512
20050505,0000,3497
20050506,0000,3124
20050507,0000,2489
20050508,0000,2837
20050509,0000,5050
20050510,0000,3898
20050511,0000,5925
20050512,0000,3370
20050513,0000,3465
20050514,0000,3616
20050515,0000,4072
20050516,0000,9748
20050517,0000,7446
20050518,0000,5946
20050519,0000,3558
20050520,0000,7238
20050521,0000,9521
20050522,0000,8966
20050523,0000,8898
20050524,0000,8878
20050525,0000,8592
20050526,0000,8967
20050527,0000,9262
20050528,0000,9258
20050529,0000,8804
20050530,0000,6938
20050531,0000,6301
20050601,0000,6881
20050602,0000,7332
20050603,0000,7033
20050604,0000,6441
20050605,0000,6397
20050606,0000,5899
20050607,0000,4589
20050608,0000,4445
20050609,0000,4538
20050610,0000,4549
20050611,0000,4846
20050612,0000,4822
20050613,0000,4855
20050614,0000,5307
20050615,0000,5800
20050616,0000,5712
20050617,0000,5143
20050618,0000,4369
20050619,0000,3623
20050620,0000,3258
20050621,0000,3351
20050622,0000,3738
20050623,0000,3667
20050624,0000,3624
20050625,0000,3616
20050626,0000,3675
20050627,0000,5555
20050628,0000,3462
20050629,0000,3282
20050630,0000,3506
20050701,0000,3272
20050702,0000,3452
20050703,0000,3069
20050704,0000,2656
20050705,0000,2380
20050706,0000,2588
20050707,0000,2782
20050708,0000,2933
20050709,0000,2376
20050710,0000,2223
20050711,0000,2383
20050712,0000,2182
20050713,0000,1962
20050714,0000,1875
20050715,0000,1759
20050716,0000,1815
20050717,0000,1568
20050718,0000,1754
20050719,0000,1660
20050720,0000,1247
20050721,0000,1166
20050722,0000,1197
20050723,0000,1276
20050724,0000,1117
20050725,0000,1249
20050726,0000,924
20050727,0000,1140
20050728,0000,896
20050729,0000,1066
20050730,0000,1071
20050731,0000,1197
20050801,0000,962
20050802,0000,1059
20050803,0000,1091
20050804,0000,1070
20050805,0000,1278
20050806,0000,1143
20050807,0000,1115
20050808,0000,1216
20050809,0000,1101
20050810,0000,1015
20050811,0000,1156
20050812,0000,1007
20050813,0000,m
20050814,0000,597
20050815,0000,895
20050816,0000,1010
20050817,0000,1023
20050818,0000,899
20050819,0000,886
20050820,0000,803
20050821,0000,828
20050822,0000,1047
20050823,0000,1026
20050824,0000,1115
20050825,0000,929
20050826,0000,1065
20050827,0000,1007
20050828,0000,1039
20050829,0000,909
20050830,0000,1341
20050831,0000,1389
20050901,0000,1144
20050902,0000,1107
20050903,0000,796
20050904,0000,768
20050905,0000,1032
20050906,0000,1063
20050907,0000,962
20050908,0000,893
20050909,0000,979
20050910,0000,815
20050911,0000,847
20050912,0000,889
20050913,0000,773
20050914,0000,913
20050915,0000,937
20050916,0000,967
20050917,0000,854
20050918,0000,878
20050919,0000,1108
20050920,0000,1257
20050921,0000,1169
20050922,0000,1168
20050923,0000,904
20050924,0000,739
20050925,0000,875
20050926,0000,1150
20050927,0000,781
20050928,0000,1142
20050929,0000,1004
20050930,0000,1155
20051001,0000,953
20051002,0000,817
20051003,0000,854
20051004,0000,856
20051005,0000,954
20051006,0000,1017
20051007,0000,847
20051008,0000,852
20051009,0000,806
20051010,0000,819
20051011,0000,976
20051012,0000,989
20051013,0000,1161
20051014,0000,960
20051015,0000,979
20051016,0000,589
20051017,0000,949
20051018,0000,915
20051019,0000,873
20051020,0000,906
20051021,0000,884
20051022,0000,749
20051023,0000,845
20051024,0000,954
20051025,0000,848
20051026,0000,780
20051027,0000,1046
20051028,0000,860
20051029,0000,818
20051030,0000,892
20051031,0000,602
20051101,0000,430
20051102,0000,479
20051103,0000,417
20051104,0000,489
20051105,0000,294
20051106,0000,455
20051107,0000,506
20051108,0000,515
20051109,0000,520
20051110,0000,551
20051111,0000,805
20051112,0000,660
20051113,0000,687
20051114,0000,747
20051115,0000,865
20051116,0000,906
20051117,0000,832
20051118,0000,951
20051119,0000,798
20051120,0000,799
20051121,0000,842
20051122,0000,794
20051123,0000,818
20051124,0000,657
20051125,0000,892
20051126,0000,845
20051127,0000,744
20051128,0000,955
20051129,0000,1171
20051130,0000,1052
20051201,0000,1547
20051202,0000,2910
20051203,0000,1036
20051204,0000,1064
20051205,0000,1186
20051206,0000,1056
20051207,0000,1157
20051208,0000,1260
20051209,0000,838
20051210,0000,695
20051211,0000,660
20051212,0000,963
20051213,0000,990
20051214,0000,1045
20051215,0000,994
20051216,0000,1116
20051217,0000,1089
20051218,0000,2121
20051219,0000,1863
20051220,0000,1508
20051221,0000,1950
20051222,0000,4074
20051223,0000,3402
20051224,0000,1958
20051225,0000,2146
20051226,0000,3805
20051227,0000,1616
20051228,0000,3327
20051229,0000,2877
20051230,0000,2868
20051231,0000,23133
20060101,0000,6491
20060102,0000,10850
20060103,0000,7054
20060104,0000,3298
20060105,0000,2680
20060106,0000,2909
20060107,0000,2437
20060108,0000,1756
20060109,0000,2182
20060110,0000,1918
20060111,0000,1914
20060112,0000,1814
20060113,0000,1619
20060114,0000,2273
20060115,0000,2000
20060116,0000,1897
20060117,0000,1821
20060118,0000,2629
20060119,0000,2049
20060120,0000,2123
20060121,0000,1841
20060122,0000,1917
20060123,0000,1911
20060124,0000,1655
20060125,0000,1753
20060126,0000,2002
20060127,0000,2006
20060128,0000,1640
20060129,0000,1772
20060130,0000,2384
20060131,0000,1931
20060201,0000,1984
20060202,0000,2442
20060203,0000,2555
20060204,0000,2236
20060205,0000,2549
20060206,0000,2686
20060207,0000,2778
20060208,0000,2406
20060209,0000,2455
20060210,0000,2324
20060211,0000,2037
20060212,0000,1957
20060213,0000,2286
20060214,0000,2115
20060215,0000,2076
20060216,0000,2152
20060217,0000,1908
20060218,0000,1843
20060219,0000,1865
20060220,0000,1742
20060221,0000,1766
20060222,0000,1907
20060223,0000,1785
20060224,0000,1917
20060225,0000,1584
20060226,0000,1811
20060227,0000,4396
20060228,0000,11913
20060301,0000,4834
20060302,0000,4281
20060303,0000,5039
20060304,0000,3381
20060305,0000,3217
20060306,0000,3973
20060307,0000,3520
20060308,0000,3024
20060309,0000,3145
20060310,0000,3296
20060311,0000,3479
20060312,0000,3378
20060313,0000,2804
20060314,0000,3972
20060315,0000,3456
20060316,0000,3262
20060317,0000,3633
20060318,0000,3866
20060319,0000,2841
20060320,0000,3228
20060321,0000,2807
20060322,0000,3227
20060323,0000,3063
20060324,0000,3014
20060325,0000,6049
20060326,0000,4386
20060327,0000,3897
20060328,0000,5839
20060329,0000,5032
20060330,0000,4118
20060331,0000,5624
20060401,0000,5381
20060402,0000,4156
20060403,0000,10071
20060404,0000,19785
20060405,0000,12074
20060406,0000,6927
20060407,0000,5714
20060408,0000,5766
20060409,0000,5290
20060410,0000,5096
20060411,0000,5443
20060412,0000,5272
20060413,0000,5252
20060414,0000,5727
20060415,0000,5649
20060416,0000,7428
20060417,0000,7056
20060418,0000,5670
20060419,0000,5266
20060420,0000,5055
20060421,0000,5168
20060422,0000,5153
20060423,0000,4790
20060424,0000,4675
20060425,0000,4726
20060426,0000,4957
20060427,0000,6126
20060428,0000,6897
20060429,0000,6901
20060430,0000,7222
20060501,0000,6872
20060502,0000,6121
20060503,0000,5898
20060504,0000,5429
20060505,0000,5027
20060506,0000,4997
20060507,0000,4951
20060508,0000,5589
20060509,0000,6808
20060510,0000,6917
20060511,0000,7147
20060512,0000,7699
20060513,0000,7802
20060514,0000,7840
20060515,0000,8059
20060516,0000,8344
20060517,0000,8594
20060518,0000,9388
20060519,0000,9348
20060520,0000,8677
20060521,0000,8736
20060522,0000,9284
20060523,0000,7030
20060524,0000,5971
20060525,0000,5987
20060526,0000,5832
20060527,0000,5789
20060528,0000,5013
20060529,0000,4429
20060530,0000,4185
20060531,0000,4419
20060601,0000,5147
20060602,0000,5840
20060603,0000,6305
20060604,0000,6736
20060605,0000,7121
20060606,0000,6880
20060607,0000,6306
20060608,0000,8146
20060609,0000,5913
20060610,0000,5153
20060611,0000,4921
20060612,0000,4335
20060613,0000,4109
20060614,0000,3738
20060615,0000,m
20060616,0000,5878
20060617,0000,m
20060618,0000,m
20060619,0000,29766
20060620,0000,2567
20060621,0000,2579
20060622,0000,3164
20060623,0000,3682
20060624,0000,3481
20060625,0000,3474
20060626,0000,3298
20060627,0000,2943
20060628,0000,2799
20060629,0000,2929
20060630,0000,2761
20060701,0000,2605
20060702,0000,2488
20060703,0000,2434
20060704,0000,2123
20060705,0000,1973
20060706,0000,1869
20060707,0000,1969
20060708,0000,1857
20060709,0000,1793
20060710,0000,1604
20060711,0000,1521
20060712,0000,1527
20060713,0000,1644
20060714,0000,1335
20060715,0000,1315
20060716,0000,1675
20060717,0000,1712
20060718,0000,1620
20060719,0000,1559
20060720,0000,1570
20060721,0000,2004
20060722,0000,1823
20060723,0000,1819
20060724,0000,3003
20060725,0000,324
20060726,0000,1685
20060727,0000,1400
20060728,0000,1434
20060729,0000,1072
20060730,0000,1142
20060731,0000,841
20060801,0000,963
20060802,0000,1238
20060803,0000,2059
20060804,0000,1118
20060805,0000,1006
20060806,0000,843
20060807,0000,902
20060808,0000,1023
20060809,0000,1311
20060810,0000,1125
20060811,0000,964
20060812,0000,1032
20060813,0000,1039
20060814,0000,935
20060815,0000,810
20060816,0000,898
20060817,0000,865
20060818,0000,976
20060819,0000,848
20060820,0000,852
20060821,0000,1010
20060822,0000,957
20060823,0000,983
20060824,0000,860
20060825,0000,971
20060826,0000,873
20060827,0000,858
20060828,0000,994
20060829,0000,885
20060830,0000,909
20060831,0000,961
20060901,0000,1043
20060902,0000,846
20060903,0000,920
20060904,0000,998
20060905,0000,946
20060906,0000,915
20060907,0000,881
20060908,0000,754
20060909,0000,860
20060910,0000,916
20060911,0000,1096
20060912,0000,976
20060913,0000,944
20060914,0000,835
20060915,0000,774
20060916,0000,801
20060917,0000,844
20060918,0000,948
20060919,0000,978
20060920,0000,835
20060921,0000,1152
20060922,0000,902
20060923,0000,803
20060924,0000,933
20060925,0000,998
20060926,0000,1997
20060927,0000,884
20060928,0000,814
20060929,0000,917
20060930,0000,732
20061001,0000,648
20061002,0000,1003
20061003,0000,612
20061004,0000,1169
20061005,0000,895
20061006,0000,622
20061007,0000,753
20061008,0000,655
20061009,0000,750
20061010,0000,627
20061011,0000,789
20061012,0000,m
20061013,0000,m
20061014,0000,775
20061015,0000,1177
20061016,0000,971
20061017,0000,1135
20061018,0000,434
20061019,0000,601
20061020,0000,973
20061021,0000,m
20061022,0000,1121
20061023,0000,217
20061024,0000,772
20061025,0000,1058
20061026,0000,1082
20061027,0000,817
20061028,0000,1226
20061029,0000,391
20061030,0000,1159
20061031,0000,501
20061101,0000,985
20061102,0000,m
20061103,0000,920
20061104,0000,846
20061105,0000,772
20061106,0000,m
20061107,0000,813
20061108,0000,815
20061109,0000,645
20061110,0000,740
20061111,0000,803
20061112,0000,789
20061113,0000,1172
20061114,0000,1052
20061115,0000,930
20061116,0000,939
20061117,0000,931
20061118,0000,739
20061119,0000,755
20061120,0000,775
20061121,0000,775
20061122,0000,789
20061123,0000,735
20061124,0000,772
20061125,0000,653
20061126,0000,1015
20061127,0000,1015
20061128,0000,765
20061129,0000,915
20061130,0000,872
20061201,0000,800
20061202,0000,718
20061203,0000,884
20061204,0000,662
20061205,0000,825
20061206,0000,536
20061207,0000,854
20061208,0000,1060
20061209,0000,1357
20061210,0000,1283
20061211,0000,926
20061212,0000,1233
20061213,0000,1095
20061214,0000,672
20061215,0000,528
20061216,0000,764
20061217,0000,805
20061218,0000,644
20061219,0000,762
20061220,0000,893
20061221,0000,1020
20061222,0000,981
20061223,0000,853
20061224,0000,841
20061225,0000,858
20061226,0000,1027
20061227,0000,1580
20061228,0000,814
20061229,0000,918
20061230,0000,864
20061231,0000,902
20070101,0000,902
20070102,0000,764
20070103,0000,921
20070104,0000,1810
20070105,0000,1224
20070106,0000,946
20070107,0000,870
20070108,0000,856
20070109,0000,968
20070110,0000,867
20070111,0000,m

