Date,PST,Inflow
19940101,0000,m
19940102,0000,67
19940103,0000,100
19940104,0000,202
19940105,0000,48
19940106,0000,145
19940107,0000,m
19940108,0000,m
19940109,0000,116
19940110,0000,167
19940111,0000,108
19940112,0000,27
19940113,0000,78
19940114,0000,m
19940115,0000,m
19940116,0000,m
19940117,0000,95
19940118,0000,77
19940119,0000,80
19940120,0000,64
19940121,0000,m
19940122,0000,m
19940123,0000,258
19940124,0000,552
19940125,0000,320
19940126,0000,138
19940127,0000,237
19940128,0000,m
19940129,0000,m
19940130,0000,146
19940131,0000,141
19941101,0000,85
19941102,0000,85
19941103,0000,58
19941104,0000,58
19941105,0000,m
19941106,0000,1451
19941107,0000,1451
19941108,0000,906
19941109,0000,588
19941110,0000,505
19941111,0000,m
19941112,0000,m
19941113,0000,306
19941114,0000,306
19941115,0000,363
19941116,0000,271
19941117,0000,317
19941118,0000,308
19941119,0000,m
19941120,0000,294
19941121,0000,294
19941122,0000,297
19941123,0000,293
19941124,0000,m
19941125,0000,m
19941126,0000,m
19941127,0000,423
19941128,0000,423
19941129,0000,384
19941130,0000,386
19941201,0000,383
19941202,0000,420
19941203,0000,m
19941204,0000,447
19941205,0000,447
19941206,0000,497
19941207,0000,339
19941208,0000,365
19941209,0000,365
19941210,0000,m
19941211,0000,302
19941212,0000,302
19941213,0000,436
19941214,0000,327
19941215,0000,314
19941216,0000,338
19941217,0000,m
19941218,0000,347
19941219,0000,347
19941220,0000,331
19941221,0000,331
19941222,0000,331
19941223,0000,m
19941224,0000,m
19941225,0000,m
19941226,0000,487
19941227,0000,487
19941228,0000,499
19941229,0000,483
19941230,0000,459
19941231,0000,m
19950101,0000,m
19950102,0000,390
19950103,0000,390
19950104,0000,2542
19950105,0000,2542
19950106,0000,3535
19950107,0000,m
19950108,0000,1464
19950109,0000,1464
19950110,0000,2940
19950111,0000,11096
19950112,0000,3714
19950113,0000,3714
19950114,0000,m
19950115,0000,1717
19950116,0000,3170
19950117,0000,3170
19950118,0000,2451
19950119,0000,1717
19950120,0000,1530
19950121,0000,m
19950122,0000,1251
19950123,0000,1251
19950124,0000,2246
19950125,0000,6966
19950126,0000,6754
19950127,0000,4758
19950128,0000,m
19950129,0000,2181
19950130,0000,2181
19950131,0000,2293
19950201,0000,1780
19950202,0000,1624
19950203,0000,1706
19950204,0000,m
19950205,0000,3209
19950206,0000,3209
19950207,0000,1292
19950208,0000,1054
19950209,0000,1264
19950210,0000,1211
19950211,0000,m
19950212,0000,1099
19950213,0000,1099
19950214,0000,1285
19950215,0000,1285
19950216,0000,1057
19950217,0000,1044
19950218,0000,m
19950219,0000,m
19950220,0000,1057
19950221,0000,1057
19950222,0000,1274
19950223,0000,1236
19950224,0000,1292
19950225,0000,m
19950226,0000,1345
19950227,0000,1345
19950228,0000,1434
19950301,0000,1322
19950302,0000,1335
19950303,0000,1327
19950304,0000,m
19950305,0000,1790
19950306,0000,1790
19950307,0000,1560
19950308,0000,1450
19950309,0000,1453
19950310,0000,11920
19950311,0000,m
19950312,0000,8341
19950313,0000,8341
19950314,0000,4798
19950315,0000,4798
19950316,0000,4250
19950317,0000,3825
19950318,0000,3693
19950319,0000,3693
19950320,0000,3693
19950321,0000,7357
19950322,0000,7446
19950323,0000,10190
19950324,0000,9223
19950325,0000,m
19950326,0000,3773
19950327,0000,3773
19950328,0000,3291
19950329,0000,3065
19950330,0000,2842
19950331,0000,2673
19950401,0000,m
19950402,0000,2629
19950403,0000,2799
19950404,0000,3137
19950405,0000,3388
19950406,0000,3389
19950407,0000,3389
19950408,0000,m
19950409,0000,2866
19950410,0000,2758
19950411,0000,2928
19950412,0000,3313
19950413,0000,3861
19950414,0000,3861
19950415,0000,m
19950416,0000,2554
19950417,0000,2559
19950418,0000,2428
19950419,0000,2305
19950420,0000,2427
19950421,0000,m
19950422,0000,m
19950423,0000,2338
19950424,0000,2879
19950425,0000,3551
19950426,0000,3999
19950427,0000,4451
19950428,0000,m
19950429,0000,m
19950430,0000,12455
19950501,0000,13235
19950502,0000,9216
19950503,0000,7245
19950504,0000,6744
19950505,0000,m
19950506,0000,m
19950507,0000,4758
19950508,0000,4730
19950509,0000,4616
19950510,0000,4875
19950511,0000,5385
19950512,0000,m
19950513,0000,m
19950514,0000,4186
19950515,0000,3958
19950516,0000,3560
19950517,0000,m
19950518,0000,4616
19950519,0000,m
19950520,0000,m
19950521,0000,7610
19950522,0000,6958
19950523,0000,6120
19950524,0000,5631
19950525,0000,4982
19950526,0000,m
19950527,0000,m
19950528,0000,m
19950529,0000,7972
19950530,0000,6604
19950531,0000,9327
19950601,0000,9608
19950602,0000,m
19950603,0000,m
19950604,0000,10348
19950605,0000,9920
19950606,0000,7591
19950607,0000,5878
19950608,0000,4801
19950609,0000,m
19950610,0000,m
19950611,0000,8474
19950612,0000,9407
19950613,0000,9377
19950614,0000,8883
19950615,0000,8164
19950616,0000,m
19950617,0000,m
19950618,0000,5071
19950619,0000,5934
19950620,0000,6064
19950621,0000,6099
19950622,0000,7058
19950623,0000,m
19950624,0000,m
19950625,0000,10171
19950626,0000,9144
19950627,0000,9329
19950628,0000,m
19950629,0000,9291
19950630,0000,m
19950701,0000,m
19950702,0000,7500
19950703,0000,m
19950704,0000,7236
19950705,0000,7739
19950706,0000,8542
19950707,0000,m
19950708,0000,m
19950709,0000,9516
19950710,0000,7624
19950711,0000,6050
19950712,0000,5023
19950713,0000,4500
19950714,0000,m
19950715,0000,m
19950716,0000,4351
19950717,0000,4976
19950718,0000,4692
19950719,0000,4014
19950720,0000,3653
19950721,0000,m
19950722,0000,m
19950723,0000,m
19950724,0000,2800
19950725,0000,2862
19950726,0000,2435
19950727,0000,2447
19950728,0000,m
19950729,0000,m
19950730,0000,2814
19950731,0000,2257
19950801,0000,1995
19950802,0000,1936
19950803,0000,1842
19950804,0000,m
19950805,0000,m
19950806,0000,1680
19950807,0000,1439
19950808,0000,1361
19950809,0000,1130
19950810,0000,1095
19950811,0000,m
19950812,0000,m
19950813,0000,891
19950814,0000,812
19950815,0000,768
19950816,0000,783
19950817,0000,849
19950818,0000,m
19950819,0000,m
19950820,0000,531
19950821,0000,4737
19950822,0000,797
19950823,0000,830
19950824,0000,824
19950825,0000,m
19950826,0000,m
19950827,0000,524
19950828,0000,261
19950829,0000,476
19950830,0000,411
19950831,0000,406
19950901,0000,m
19950902,0000,m
19950903,0000,m
19950904,0000,526
19950905,0000,633
19950906,0000,535
19950907,0000,369
19950908,0000,m
19950909,0000,m
19950910,0000,307
19950911,0000,277
19950912,0000,248
19950913,0000,272
19950914,0000,299
19950915,0000,m
19950916,0000,m
19950917,0000,167
19950918,0000,385
19950919,0000,101
19950920,0000,151
19950921,0000,157
19950922,0000,m
19950923,0000,m
19950924,0000,221
19950925,0000,208
19950926,0000,154
19950927,0000,138
19950928,0000,51
19950929,0000,m
19950930,0000,m
19951001,0000,130
19951002,0000,217
19951003,0000,129
19951004,0000,191
19951005,0000,207
19951006,0000,m
19951007,0000,m
19951008,0000,m
19951009,0000,51
19951010,0000,167
19951011,0000,161
19951012,0000,272
19951013,0000,m
19951014,0000,m
19951015,0000,195
19951016,0000,35
19951017,0000,120
19951018,0000,105
19951019,0000,44
19951020,0000,m
19951021,0000,m
19951022,0000,24
19951023,0000,0
19951024,0000,68
19951025,0000,81
19951026,0000,116
19951027,0000,m
19951028,0000,m
19951029,0000,0
19951030,0000,89
19951031,0000,126
19951101,0000,93
19951102,0000,115
19951103,0000,m
19951104,0000,m
19951105,0000,124
19951106,0000,29
19951107,0000,64
19951108,0000,137
19951109,0000,m
19951110,0000,m
19951111,0000,m
19951112,0000,46
19951113,0000,127
19951114,0000,121
19951115,0000,42
19951116,0000,60
19951117,0000,m
19951118,0000,m
19951119,0000,87
19951120,0000,60
19951121,0000,86
19951122,0000,m
19951123,0000,m
19951124,0000,m
19951125,0000,m
19951126,0000,87
19951127,0000,100
19951128,0000,30
19951129,0000,129
19951130,0000,52
19951201,0000,m
19951202,0000,m
19951203,0000,0
19951204,0000,99
19951205,0000,151
19951206,0000,62
19951207,0000,60
19951208,0000,m
19951209,0000,m
19951210,0000,125
19951211,0000,300
19951212,0000,3093
19951213,0000,1432
19951214,0000,849
19951215,0000,m
19951216,0000,m
19951217,0000,m
19951218,0000,m
19951219,0000,m
19951220,0000,m
19951221,0000,m
19951222,0000,m
19951223,0000,m
19951224,0000,m
19951225,0000,199
19951226,0000,257
19951227,0000,m
19951228,0000,m
19951229,0000,m
19951230,0000,m
19951231,0000,m
19960101,0000,496
19960102,0000,m
19960103,0000,m
19960104,0000,m
19960105,0000,m
19960106,0000,m
19960107,0000,381
19960108,0000,384
19960109,0000,359
19960110,0000,408
19960111,0000,334
19960112,0000,m
19960113,0000,m
19960114,0000,m
19960115,0000,454
19960116,0000,1957
19960117,0000,1451
19960118,0000,1293
19960119,0000,m
19960120,0000,m
19960121,0000,1090
19960122,0000,682
19960123,0000,656
19960124,0000,2873
19960125,0000,2460
19960126,0000,m
19960127,0000,m
19960128,0000,2106
19960129,0000,1460
19960130,0000,1139
19960131,0000,1973
19960201,0000,1508
19960204,0000,9086
19960205,0000,9406
19960207,0000,3314
19960208,0000,2368
19960211,0000,1676
19960212,0000,1622
19960213,0000,1606
19960214,0000,1575
19960215,0000,1593
19960219,0000,9645
19960221,0000,7438
19960222,0000,4683
19960225,0000,2215
19960226,0000,1902
19960227,0000,1736
19960228,0000,1522
19960229,0000,1468
19960303,0000,1640
19960304,0000,6300
19960305,0000,6124
19960306,0000,3627
19960310,0000,2201
19960311,0000,2510
19960312,0000,3254
19960313,0000,2505
19960314,0000,2171
19960317,0000,2033
19960318,0000,2449
19960320,0000,2779
19960321,0000,2754
19960324,0000,2103
19960325,0000,1861
19960326,0000,1730
19960327,0000,1739
19960328,0000,2414
19960331,0000,1745
19960401,0000,3404
19960402,0000,3046
19960403,0000,m
19960404,0000,m
19960405,0000,m
19960406,0000,m
19960407,0000,2969
19960408,0000,3269
19960409,0000,m
19960410,0000,m
19960411,0000,2900
19960412,0000,m
19960413,0000,m
19960414,0000,2817
19960415,0000,3193
19960416,0000,m
19960417,0000,3433
19960418,0000,3086
19960419,0000,m
19960420,0000,m
19960421,0000,1960
19960422,0000,1969
19960423,0000,2206
19960424,0000,2920
19960425,0000,m
19960426,0000,m
19960427,0000,m
19960428,0000,m
19960429,0000,5520
19960430,0000,m
19960501,0000,m
19960502,0000,6010
19960503,0000,m
19960504,0000,m
19960505,0000,4691
19960506,0000,4725
19960507,0000,m
19960508,0000,4521
19960509,0000,4140
19960510,0000,m
19960511,0000,m
19960512,0000,6002
19960513,0000,6339
19960514,0000,5875
19960515,0000,9438
19960516,0000,16251
19960517,0000,m
19960518,0000,m
19960519,0000,4718
19960520,0000,4058
19960521,0000,m
19960522,0000,3556
19960523,0000,3569
19960524,0000,m
19960525,0000,m
19960526,0000,m
19960527,0000,3569
19960528,0000,2980
19960529,0000,3083
19960530,0000,3023
19960531,0000,m
19960601,0000,m
19960602,0000,4317
19960603,0000,4590
19960604,0000,m
19960605,0000,4289
19960606,0000,m
19960607,0000,m
19960608,0000,m
19960609,0000,m
19960610,0000,3258
19960611,0000,m
19960612,0000,m
19960613,0000,2556
19960614,0000,m
19960615,0000,m
19960616,0000,2095
19960617,0000,1929
19960618,0000,1680
19960619,0000,1810
19960620,0000,m
19960621,0000,m
19960622,0000,m
19960623,0000,1297
19960624,0000,m
19960625,0000,m
19960626,0000,1412
19960627,0000,1140
19960628,0000,m
19960629,0000,m
19960630,0000,899
19960701,0000,1071
19960702,0000,1178
19960703,0000,m
19960704,0000,1110
19960705,0000,m
19960706,0000,m
19960707,0000,763
19960708,0000,892
19960709,0000,963
19960710,0000,875
19960711,0000,m
19960712,0000,m
19960713,0000,m
19960714,0000,m
19960715,0000,796
19960716,0000,m
19960717,0000,m
19960718,0000,m
19960719,0000,m
19960720,0000,m
19960721,0000,m
19960722,0000,427
19960723,0000,m
19960724,0000,m
19960725,0000,m
19960726,0000,m
19960727,0000,m
19960728,0000,m
19960729,0000,121
19960730,0000,m
19960731,0000,m
19960801,0000,m
19960802,0000,m
19960803,0000,m
19960804,0000,m
19960805,0000,142
19960806,0000,m
19960807,0000,m
19960808,0000,m
19960809,0000,m
19960810,0000,m
19960811,0000,m
19960812,0000,m
19960813,0000,m
19960814,0000,m
19960815,0000,m
19960816,0000,m
19960817,0000,m
19960818,0000,m
19960819,0000,119
19960820,0000,m
19960821,0000,m
19960822,0000,99
19960823,0000,163
19960824,0000,24
19960825,0000,0
19960826,0000,122
19960827,0000,104
19960828,0000,41
19960829,0000,58
19960830,0000,42
19960831,0000,78
19960901,0000,7
19960902,0000,49
19960903,0000,63
19960904,0000,6
19960905,0000,98
19960906,0000,35
19960907,0000,55
19960908,0000,0
19960909,0000,96
19960910,0000,0
19960911,0000,0
19960912,0000,65
19960913,0000,84
19960914,0000,25
19960915,0000,41
19960916,0000,48
19960917,0000,0
19960918,0000,80
19960919,0000,62
19960920,0000,71
19960921,0000,6
19960922,0000,30
19960923,0000,35
19960924,0000,25
19960925,0000,39
19960926,0000,15
19960927,0000,25
19960928,0000,30
19960929,0000,43
19960930,0000,0
19961001,0000,0
19961002,0000,5
19961003,0000,0
19961004,0000,0
19961005,0000,0
19961006,0000,19
19961007,0000,0
19961008,0000,76
19961009,0000,0
19961010,0000,m
19961011,0000,0
19961012,0000,0
19961013,0000,0
19961014,0000,0
19961015,0000,0
19961016,0000,0
19961017,0000,0
19961018,0000,0
19961019,0000,0
19961020,0000,56
19961021,0000,44
19961022,0000,53
19961023,0000,0
19961024,0000,8
19961025,0000,178
19961026,0000,42
19961027,0000,0
19961028,0000,0
19961029,0000,301
19961030,0000,222
19961031,0000,57
19961101,0000,126
19961102,0000,136
19961103,0000,118
19961104,0000,44
19961105,0000,124
19961106,0000,94
19961107,0000,84
19961108,0000,61
19961109,0000,140
19961110,0000,116
19961111,0000,92
19961112,0000,183
19961113,0000,196
19961114,0000,68
19961115,0000,84
19961116,0000,541
19961117,0000,2084
19961118,0000,2363
19961119,0000,1330
19961120,0000,1254
19961121,0000,4780
19961122,0000,5849
19961123,0000,2392
19961124,0000,1498
19961125,0000,1109
19961126,0000,917
19961127,0000,719
19961128,0000,714
19961129,0000,544
19961130,0000,587
19961201,0000,757
19961202,0000,498
19961203,0000,453
19961204,0000,867
19961205,0000,5986
19961206,0000,2131
19961207,0000,1322
19961208,0000,1114
19961209,0000,2034
19961210,0000,15826
19961211,0000,6724
19961212,0000,6135
19961213,0000,3575
19961214,0000,2387
19961215,0000,1815
19961216,0000,1440
19961217,0000,1278
19961218,0000,1114
19961219,0000,1064
19961220,0000,1414
19961221,0000,9010
19961222,0000,7720
19961223,0000,3088
19961224,0000,2054
19961225,0000,1629
19961226,0000,2656
19961227,0000,3792
19961228,0000,2459
19961229,0000,3820
19961230,0000,13542
19961231,0000,8249
19970101,0000,39576
19970102,0000,67040
19970103,0000,25600
19970104,0000,11780
19970105,0000,7854
19970106,0000,5918
19970107,0000,5109
19970108,0000,4456
19970109,0000,4018
19970110,0000,3528
19970111,0000,3393
19970112,0000,3317
19970113,0000,3017
19970114,0000,2858
19970115,0000,3257
19970116,0000,2535
19970117,0000,3107
19970118,0000,2696
19970119,0000,2683
19970120,0000,5873
19970121,0000,5428
19970122,0000,16576
19970123,0000,11929
19970124,0000,6637
19970125,0000,15944
19970126,0000,18312
19970127,0000,8297
19970128,0000,6067
19970129,0000,5037
19970130,0000,4382
19970131,0000,4003
19970201,0000,3763
19970202,0000,3269
19970203,0000,3280
19970204,0000,3060
19970205,0000,2858
19970206,0000,2859
19970207,0000,2461
19970208,0000,2424
19970209,0000,2451
19970210,0000,2148
19970211,0000,1488
19970212,0000,1742
19970213,0000,1956
19970214,0000,1631
19970215,0000,1845
19970216,0000,1877
19970217,0000,1622
19970218,0000,1435
19970219,0000,1476
19970220,0000,1652
19970221,0000,1528
19970222,0000,1539
19970223,0000,1586
19970224,0000,1094
19970225,0000,1386
19970226,0000,1188
19970227,0000,1593
19970228,0000,1243
19970301,0000,1213
19970302,0000,883
19970303,0000,1174
19970304,0000,1191
19970305,0000,1002
19970306,0000,1058
19970307,0000,1160
19970308,0000,1236
19970309,0000,1182
19970310,0000,1448
19970311,0000,1575
19970312,0000,1703
19970313,0000,1550
19970314,0000,m
19970315,0000,m
19970316,0000,1864
19970317,0000,1681
19970318,0000,1678
19970319,0000,1919
19970320,0000,2233
19970321,0000,2139
19970322,0000,2067
19970323,0000,2348
19970324,0000,2717
19970325,0000,2966
19970326,0000,3080
19970327,0000,3055
19970328,0000,3039
19970329,0000,2860
19970330,0000,2764
19970331,0000,2517
19970401,0000,2228
19970402,0000,1820
19970403,0000,1742
19970404,0000,1840
19970405,0000,1606
19970406,0000,1755
19970407,0000,1640
19970408,0000,1705
19970409,0000,1708
19970410,0000,1569
19970411,0000,1617
19970412,0000,1425
19970413,0000,1827
19970414,0000,1775
19970415,0000,2227
19970416,0000,2438
19970417,0000,2861
19970418,0000,3083
19970419,0000,4335
19970420,0000,4269
19970421,0000,4929
19970422,0000,4476
19970423,0000,2049
19970424,0000,4098
19970425,0000,3396
19970426,0000,4051
19970427,0000,5020
19970428,0000,4525
19970429,0000,4525
19970430,0000,3834
19970501,0000,3899
19970502,0000,3452
19970503,0000,3667
19970504,0000,4341
19970505,0000,3453
19970506,0000,4555
19970507,0000,4672
19970508,0000,4723
19970509,0000,5059
19970510,0000,5416
19970511,0000,5592
19970512,0000,2758
19970513,0000,5516
19970514,0000,5815
19970515,0000,5977
19970516,0000,5692
19970517,0000,5271
19970518,0000,5172
19970519,0000,5756
19970520,0000,4442
19970521,0000,3961
19970522,0000,3624
19970523,0000,3624
19970524,0000,3025
19970525,0000,2553
19970526,0000,2179
19970527,0000,2179
19970528,0000,2719
19970529,0000,3516
19970530,0000,3892
19970531,0000,4415
19970601,0000,3834
19970602,0000,4195
19970603,0000,3197
19970604,0000,3105
19970605,0000,3519
19970606,0000,2862
19970607,0000,2355
19970608,0000,2476
19970609,0000,2323
19970610,0000,2617
19970611,0000,2182
19970612,0000,1889
19970613,0000,1849
19970614,0000,1635
19970615,0000,1639
19970616,0000,1684
19970617,0000,2091
19970618,0000,1429
19970619,0000,1889
19970620,0000,1903
19970621,0000,1639
19970622,0000,1378
19970623,0000,1773
19970624,0000,1375
19970625,0000,1186
19970626,0000,1097
19970627,0000,1098
19970628,0000,969
19970629,0000,835
19970630,0000,831
19970701,0000,831
19970702,0000,419
19970703,0000,599
19970704,0000,434
19970705,0000,645
19970706,0000,607
19970707,0000,607
19970708,0000,606
19970709,0000,573
19970710,0000,582
19970711,0000,589
19970712,0000,607
19970713,0000,465
19970714,0000,607
19970715,0000,458
19970716,0000,523
19970717,0000,500
19970718,0000,406
19970719,0000,286
19970720,0000,305
19970721,0000,325
19970722,0000,500
19970723,0000,476
19970724,0000,660
19970725,0000,507
19970726,0000,404
19970727,0000,258
19970728,0000,368
19970729,0000,316
19970730,0000,358
19970731,0000,259
19970801,0000,315
19970802,0000,180
19970803,0000,262
19970804,0000,147
19970805,0000,189
19970806,0000,259
19970807,0000,237
19970808,0000,128
19970809,0000,168
19970810,0000,188
19970811,0000,176
19970812,0000,140
19970813,0000,176
19970814,0000,133
19970815,0000,67
19970816,0000,107
19970817,0000,154
19970818,0000,184
19970819,0000,67
19970820,0000,0
19970821,0000,97
19970822,0000,95
19970823,0000,77
19970824,0000,0
19970825,0000,117
19970826,0000,77
19970827,0000,12
19970828,0000,97
19970829,0000,81
19970830,0000,2
19970831,0000,65
19970901,0000,63
19970902,0000,29
19970903,0000,85
19970904,0000,108
19970905,0000,44
19970906,0000,36
19970907,0000,103
19970908,0000,70
19970909,0000,36
19970910,0000,54
19970911,0000,100
19970912,0000,29
19970913,0000,0
19970914,0000,0
19970915,0000,31
19970916,0000,66
19970917,0000,34
19970918,0000,34
19970919,0000,59
19970920,0000,24
19970921,0000,0
19970922,0000,11
19970923,0000,55
19970924,0000,0
19970925,0000,0
19970926,0000,24
19970927,0000,77
19970928,0000,3
19970929,0000,86
19970930,0000,60
19971001,0000,0
19971002,0000,0
19971003,0000,17
19971004,0000,30
19971005,0000,40
19971006,0000,0
19971007,0000,2
19971008,0000,0
19971009,0000,62
19971010,0000,36
19971011,0000,242
19971012,0000,0
19971013,0000,71
19971014,0000,79
19971015,0000,13
19971016,0000,63
19971017,0000,0
19971018,0000,47
19971019,0000,43
19971020,0000,17
19971021,0000,109
19971022,0000,47
19971023,0000,0
19971024,0000,0
19971025,0000,32
19971026,0000,8
19971027,0000,30
19971028,0000,0
19971029,0000,19
19971030,0000,21
19971031,0000,4
19971101,0000,0
19971102,0000,19
19971103,0000,4
19971104,0000,6
19971105,0000,0
19971106,0000,23
19971107,0000,0
19971108,0000,0
19971109,0000,0
19971110,0000,217
19971111,0000,168
19971112,0000,97
19971113,0000,0
19971114,0000,0
19971115,0000,117
19971116,0000,125
19971117,0000,96
19971118,0000,0
19971119,0000,120
19971120,0000,131
19971121,0000,144
19971122,0000,72
19971123,0000,103
19971124,0000,68
19971125,0000,365
19971126,0000,392
19971127,0000,313
19971128,0000,222
19971129,0000,251
19971130,0000,154
19971201,0000,152
19971202,0000,159
19971203,0000,182
19971204,0000,64
19971205,0000,278
19971206,0000,218
19971207,0000,1018
19971208,0000,702
19971209,0000,364
19971210,0000,248
19971211,0000,195
19971212,0000,309
19971213,0000,215
19971214,0000,261
19971215,0000,291
19971216,0000,279
19971217,0000,236
19971218,0000,195
19971219,0000,200
19971220,0000,198
19971221,0000,58
19971222,0000,150
19971223,0000,170
19971224,0000,170
19971225,0000,133
19971226,0000,106
19971227,0000,150
19971228,0000,527
19971229,0000,225
19971230,0000,138
19971231,0000,166
19980101,0000,258
19980102,0000,273
19980103,0000,483
19980104,0000,0
19980105,0000,314
19980106,0000,303
19980107,0000,257
19980108,0000,335
19980109,0000,363
19980110,0000,891
19980111,0000,1676
19980112,0000,3914
19980113,0000,1416
19980114,0000,2561
19980115,0000,13456
19980116,0000,3494
19980117,0000,1915
19980118,0000,3305
19980119,0000,2936
19980120,0000,1551
19980121,0000,1190
19980122,0000,908
19980123,0000,840
19980124,0000,677
19980125,0000,603
19980126,0000,568
19980127,0000,559
19980128,0000,884
19980129,0000,1761
19980130,0000,559
19980131,0000,m
19980201,0000,980
19980202,0000,980
19980203,0000,16813
19980204,0000,4877
19980205,0000,3015
19980206,0000,6302
19980207,0000,8768
19980208,0000,8249
19980209,0000,4560
19980210,0000,3515
19980211,0000,2747
19980212,0000,2853
19980213,0000,2665
19980214,0000,5959
19980215,0000,4435
19980216,0000,3133
19980217,0000,2612
19980218,0000,2179
19980219,0000,3273
19980220,0000,2975
19980221,0000,5504
19980222,0000,5865
19980223,0000,4754
19980224,0000,3498
19980225,0000,2878
19980226,0000,2302
19980227,0000,1849
19980228,0000,1686
19980301,0000,1547
19980302,0000,1495
19980303,0000,1419
19980304,0000,1346
19980305,0000,1469
19980306,0000,1652
19980307,0000,1192
19980308,0000,1052
19980309,0000,1211
19980310,0000,1211
19980311,0000,1156
19980312,0000,1108
19980313,0000,1401
19980314,0000,1439
19980315,0000,1051
19980316,0000,1482
19980317,0000,1645
19980318,0000,1601
19980319,0000,1943
19980320,0000,1989
19980321,0000,2123
19980322,0000,2172
19980323,0000,2606
19980324,0000,15348
19980325,0000,10900
19980326,0000,5367
19980327,0000,4371
19980328,0000,3940
19980329,0000,3277
19980330,0000,2612
19980331,0000,3277
19980401,0000,2738
19980402,0000,2665
19980403,0000,4842
19980404,0000,3267
19980405,0000,3667
19980406,0000,3122
19980407,0000,3144
19980408,0000,3094
19980409,0000,2490
19980410,0000,2383
19980411,0000,2951
19980412,0000,2882
19980413,0000,2819
19980414,0000,2925
19980415,0000,2499
19980416,0000,2311
19980417,0000,2172
19980418,0000,2197
19980419,0000,2484
19980420,0000,2925
19980421,0000,3733
19980422,0000,4103
19980423,0000,4427
19980424,0000,3506
19980425,0000,3118
19980426,0000,3439
19980427,0000,3781
19980428,0000,4358
19980429,0000,4973
19980430,0000,5512
19980501,0000,5828
19980502,0000,5895
19980503,0000,5997
19980504,0000,5879
19980505,0000,4837
19980506,0000,3825
19980507,0000,4270
19980508,0000,4276
19980509,0000,4244
19980510,0000,4029
19980511,0000,3775
19980512,0000,3791
19980513,0000,3350
19980514,0000,2977
19980515,0000,2816
19980516,0000,3005
19980517,0000,2744
19980518,0000,2754
19980519,0000,3196
19980520,0000,3605
19980521,0000,3380
19980522,0000,3048
19980523,0000,3536
19980524,0000,3766
19980525,0000,5601
19980526,0000,4645
19980527,0000,3504
19980528,0000,3762
19980529,0000,3825
19980530,0000,3620
19980531,0000,m
19980601,0000,6043
19980602,0000,6300
19980603,0000,5752
19980604,0000,5001
19980605,0000,6036
19980606,0000,7856
19980607,0000,8156
19980608,0000,8156
19980609,0000,7231
19980610,0000,7523
19980611,0000,7279
19980612,0000,7197
19980613,0000,7377
19980614,0000,9083
19980615,0000,10523
19980616,0000,10538
19980617,0000,9219
19980618,0000,9179
19980619,0000,9322
19980620,0000,9322
19980621,0000,9777
19980622,0000,8751
19980623,0000,7941
19980624,0000,7819
19980625,0000,7920
19980626,0000,7877
19980627,0000,7688
19980628,0000,7959
19980629,0000,8126
19980630,0000,7714
19980701,0000,7335
19980702,0000,7529
19980703,0000,7215
19980704,0000,6713
19980705,0000,6496
19980706,0000,6445
19980707,0000,6939
19980708,0000,6800
19980709,0000,6741
19980710,0000,6078
19980711,0000,5231
19980712,0000,5054
19980713,0000,4874
19980714,0000,4465
19980715,0000,4169
19980716,0000,4364
19980717,0000,4364
19980718,0000,4231
19980719,0000,3751
19980720,0000,3604
19980721,0000,3877
19980722,0000,3904
19980723,0000,3177
19980724,0000,2928
19980725,0000,2556
19980726,0000,2159
19980727,0000,2164
19980728,0000,2164
19980729,0000,1929
19980730,0000,1758
19980731,0000,1692
19980801,0000,m
19980802,0000,m
19980803,0000,1520
19980804,0000,1297
19980805,0000,1290
19980806,0000,m
19980807,0000,1150
19980808,0000,m
19980809,0000,m
19980810,0000,1159
19980811,0000,821
19980812,0000,m
19980813,0000,894
19980814,0000,896
19980815,0000,m
19980816,0000,m
19980817,0000,798
19980818,0000,643
19980819,0000,418
19980820,0000,m
19980821,0000,561
19980822,0000,m
19980823,0000,m
19980824,0000,559
19980825,0000,338
19980826,0000,377
19980827,0000,348
19980828,0000,384
19980829,0000,m
19980830,0000,m
19980831,0000,360
19980901,0000,399
19980902,0000,406
19980903,0000,348
19980904,0000,468
19980905,0000,m
19980906,0000,m
19980907,0000,m
19980908,0000,557
19980909,0000,545
19980910,0000,1239
19980911,0000,1239
19980912,0000,m
19980913,0000,m
19980914,0000,747
19980915,0000,397
19980916,0000,412
19980917,0000,412
19980918,0000,118
19980919,0000,m
19980920,0000,m
19980921,0000,323
19980922,0000,466
19980923,0000,274
19980924,0000,352
19980925,0000,79
19980926,0000,m
19980927,0000,m
19980928,0000,162
19980929,0000,352
19980930,0000,481
19981001,0000,428
19981002,0000,346
19981003,0000,m
19981004,0000,m
19981005,0000,312
19981006,0000,241
19981007,0000,338
19981008,0000,178
19981009,0000,232
19981010,0000,m
19981011,0000,m
19981012,0000,m
19981013,0000,86
19981014,0000,284
19981015,0000,239
19981016,0000,188
19981017,0000,m
19981018,0000,m
19981019,0000,0
19981020,0000,137
19981021,0000,197
19981022,0000,129
19981023,0000,112
19981024,0000,m
19981025,0000,m
19981026,0000,115
19981027,0000,287
19981028,0000,154
19981029,0000,181
19981030,0000,192
19981031,0000,m
19981101,0000,m
19981102,0000,241
19981103,0000,180
19981104,0000,174
19981105,0000,173
19981106,0000,147
19981107,0000,m
19981108,0000,m
19981109,0000,277
19981110,0000,328
19981111,0000,m
19981112,0000,255
19981113,0000,256
19981114,0000,m
19981115,0000,m
19981116,0000,256
19981117,0000,332
19981118,0000,292
19981119,0000,295
19981120,0000,232
19981121,0000,m
19981122,0000,m
19981123,0000,208
19981124,0000,249
19981125,0000,349
19981126,0000,m
19981127,0000,m
19981128,0000,m
19981129,0000,m
19981130,0000,384
19981201,0000,995
19981202,0000,1022
19981203,0000,767
19981204,0000,800
19981205,0000,m
19981206,0000,m
19981207,0000,637
19981208,0000,448
19981209,0000,447
19981210,0000,m
19981211,0000,406
19981212,0000,m
19981213,0000,m
19981214,0000,376
19981215,0000,350
19981216,0000,373
19981217,0000,441
19981218,0000,408
19981219,0000,m
19981220,0000,m
19981221,0000,464
19981222,0000,306
19981223,0000,268
19981224,0000,268
19981225,0000,m
19981226,0000,m
19981227,0000,m
19981228,0000,304
19981229,0000,304
19981230,0000,284
19981231,0000,955
19990101,0000,m
19990102,0000,m
19990103,0000,m
19990104,0000,306
19990105,0000,312
19990106,0000,258
19990107,0000,285
19990108,0000,256
19990109,0000,m
19990110,0000,m
19990111,0000,241
19990112,0000,231
19990113,0000,297
19990114,0000,226
19990115,0000,186
19990116,0000,m
19990117,0000,m
19990118,0000,m
19990119,0000,427
19990120,0000,m
19990121,0000,2719
19990122,0000,1674
19990123,0000,m
19990124,0000,m
19990125,0000,1092
19990126,0000,1125
19990127,0000,1014
19990128,0000,946
19990129,0000,757
19990130,0000,776
19990131,0000,967
19990201,0000,806
19990202,0000,725
19990203,0000,706
19990204,0000,640
19990205,0000,661
19990206,0000,823
19990207,0000,5337
19990208,0000,5469
19990209,0000,8560
19990210,0000,3055
19990211,0000,2055
19990212,0000,1575
19990213,0000,1486
19990214,0000,1201
19990215,0000,1180
19990216,0000,1461
19990217,0000,2176
19990218,0000,2344
19990219,0000,1736
19990220,0000,1850
19990221,0000,2153
19990222,0000,1649
19990223,0000,1467
19990224,0000,1351
19990225,0000,1415
19990226,0000,1197
19990227,0000,1140
19990228,0000,1115
19990301,0000,1134
19990302,0000,1132
19990303,0000,1197
19990304,0000,1174
19990305,0000,1038
19990306,0000,991
19990307,0000,865
19990308,0000,1012
19990309,0000,1068
19990310,0000,1002
19990311,0000,895
19990312,0000,887
19990313,0000,845
19990314,0000,992
19990315,0000,816
19990316,0000,815
19990317,0000,902
19990318,0000,1007
19990319,0000,1107
19990320,0000,1106
19990321,0000,1003
19990322,0000,941
19990323,0000,1180
19990324,0000,922
19990325,0000,1023
19990326,0000,1141
19990327,0000,1231
19990328,0000,1403
19990329,0000,1213
19990330,0000,1308
19990331,0000,1261
19990401,0000,1071
19990402,0000,1004
19990403,0000,890
19990404,0000,1057
19990405,0000,1255
19990406,0000,1143
19990407,0000,1502
19990408,0000,2516
19990409,0000,m
19990410,0000,m
19990411,0000,m
19990412,0000,m
19990413,0000,m
19990414,0000,m
19990415,0000,m
19990416,0000,m
19990417,0000,m
19990418,0000,m
19990419,0000,m
19990420,0000,m
19990421,0000,m
19990422,0000,m
19990423,0000,m
19990424,0000,m
19990425,0000,m
19990426,0000,m
19990427,0000,m
19990428,0000,m
19990429,0000,m
19990430,0000,m
19990501,0000,m
19990502,0000,m
19990503,0000,2217
19990504,0000,1870
19990505,0000,2544
19990506,0000,3583
19990507,0000,4007
19990508,0000,4422
19990509,0000,4179
19990510,0000,3848
19990511,0000,4693
19990512,0000,5439
19990513,0000,5325
19990514,0000,4290
19990515,0000,3890
19990516,0000,3586
19990517,0000,4368
19990518,0000,4747
19990519,0000,4723
19990520,0000,4945
19990521,0000,5344
19990522,0000,5794
19990523,0000,6328
19990524,0000,6259
19990525,0000,6762
19990526,0000,6461
19990527,0000,5794
19990528,0000,m
19990529,0000,5456
19990530,0000,4722
19990531,0000,4697
19990601,0000,4392
19990602,0000,4009
19990603,0000,3047
19990604,0000,2602
19990605,0000,2288
19990606,0000,2678
19990607,0000,2673
19990608,0000,2648
19990609,0000,2657
19990610,0000,2736
19990611,0000,2978
19990612,0000,3140
19990613,0000,3331
19990614,0000,3405
19990615,0000,3428
19990616,0000,3465
19990617,0000,2865
19990618,0000,2927
19990619,0000,2252
19990620,0000,3101
19990621,0000,2353
19990622,0000,2080
19990623,0000,2125
19990624,0000,1992
19990625,0000,1944
19990626,0000,1469
19990627,0000,1254
19990628,0000,1330
19990629,0000,1257
19990630,0000,1115
19990701,0000,1104
19990702,0000,1115
19990703,0000,893
19990704,0000,908
19990705,0000,698
19990706,0000,585
19990707,0000,683
19990708,0000,745
19990709,0000,676
19990710,0000,595
19990711,0000,578
19990712,0000,650
19990713,0000,487
19990714,0000,659
19990715,0000,448
19990716,0000,484
19990717,0000,381
19990718,0000,381
19990719,0000,302
19990720,0000,260
19990721,0000,234
19990722,0000,294
19990723,0000,179
19990724,0000,255
19990725,0000,175
19990726,0000,184
19990727,0000,146
19990728,0000,181
19990729,0000,m
19990730,0000,185
19990731,0000,146
19990801,0000,223
19990802,0000,151
19990803,0000,38
19990804,0000,188
19990805,0000,37
19990806,0000,188
19990807,0000,222
19990808,0000,988
19990809,0000,177
19990810,0000,216
19990811,0000,102
19990812,0000,177
19990813,0000,104
19990814,0000,139
19990815,0000,109
19990816,0000,143
19990817,0000,102
19990818,0000,68
19990819,0000,154
19990820,0000,89
19990821,0000,127
19990822,0000,70
19990823,0000,0
19990824,0000,232
19990825,0000,0
19990826,0000,21
19990827,0000,44
19990828,0000,158
19990829,0000,51
19990830,0000,96
19990831,0000,117
19990901,0000,65
19990902,0000,135
19990903,0000,55
19990904,0000,77
19990905,0000,84
19990906,0000,64
19990907,0000,0
19990908,0000,87
19990909,0000,0
19990910,0000,128
19990911,0000,97
19990912,0000,221
19990913,0000,0
19990914,0000,94
19990915,0000,66
19990916,0000,176
19990917,0000,15
19990918,0000,33
19990919,0000,102
19990920,0000,61
19990921,0000,m
19990922,0000,75
19990923,0000,76
19990924,0000,74
19990925,0000,62
19990926,0000,30
19990927,0000,64
19990928,0000,87
19990929,0000,80
19990930,0000,13
19991001,0000,11
19991002,0000,56
19991003,0000,0
19991004,0000,81
19991005,0000,0
19991006,0000,0
19991007,0000,68
19991008,0000,59
19991009,0000,19
19991010,0000,98
19991011,0000,7
19991012,0000,9
19991013,0000,68
19991014,0000,72
19991015,0000,0
19991016,0000,36
19991017,0000,43
19991018,0000,0
19991019,0000,0
19991020,0000,31
19991021,0000,21
19991022,0000,36
19991023,0000,85
19991024,0000,55
19991025,0000,0
19991026,0000,0
19991027,0000,54
19991028,0000,31
19991029,0000,42
19991030,0000,73
19991031,0000,0
19991101,0000,186
19991102,0000,37
19991103,0000,66
19991104,0000,60
19991105,0000,0
19991106,0000,13
19991107,0000,359
19991108,0000,181
19991109,0000,106
19991110,0000,110
19991111,0000,100
19991112,0000,39
19991113,0000,0
19991114,0000,62
19991115,0000,78
19991116,0000,187
19991117,0000,111
19991118,0000,145
19991119,0000,165
19991120,0000,209
19991121,0000,131
19991122,0000,102
19991123,0000,77
19991124,0000,68
19991125,0000,163
19991126,0000,305
19991127,0000,0
19991128,0000,66
19991129,0000,38
19991130,0000,90
19991201,0000,21
19991202,0000,20
19991203,0000,45
19991204,0000,30
19991205,0000,79
19991206,0000,12
19991207,0000,76
19991208,0000,50
19991209,0000,61
19991210,0000,61
19991211,0000,11
19991212,0000,202
19991213,0000,30
19991214,0000,23
19991215,0000,31
19991216,0000,90
19991217,0000,42
19991218,0000,107
19991219,0000,59
19991220,0000,86
19991221,0000,33
19991222,0000,60
19991223,0000,41
19991224,0000,81
19991225,0000,60
19991226,0000,m
19991227,0000,22
19991228,0000,75
19991229,0000,107
19991230,0000,25
19991231,0000,62
20000101,0000,107
20000102,0000,35
20000103,0000,37
20000104,0000,50
20000105,0000,61
20000106,0000,51
20000107,0000,56
20000108,0000,83
20000109,0000,44
20000110,0000,96
20000111,0000,88
20000112,0000,120
20000113,0000,119
20000114,0000,117
20000115,0000,106
20000116,0000,212
20000117,0000,416
20000118,0000,1638
20000119,0000,916
20000120,0000,582
20000121,0000,476
20000122,0000,140
20000123,0000,1514
20000124,0000,9376
20000125,0000,5949
20000126,0000,1814
20000127,0000,1051
20000128,0000,855
20000129,0000,605
20000130,0000,715
20000131,0000,720
20000201,0000,608
20000202,0000,590
20000203,0000,468
20000204,0000,511
20000205,0000,401
20000206,0000,379
20000207,0000,454
20000208,0000,418
20000209,0000,472
20000210,0000,1158
20000211,0000,1894
20000212,0000,m
20000213,0000,m
20000214,0000,10583
20000215,0000,3575
20000216,0000,3412
20000217,0000,2667
20000218,0000,m
20000219,0000,m
20000220,0000,2052
20000221,0000,2037
20000222,0000,3408
20000223,0000,6922
20000224,0000,2710
20000225,0000,1872
20000226,0000,2496
20000227,0000,11306
20000228,0000,4942
20000229,0000,3756
20000301,0000,2793
20000302,0000,2154
20000303,0000,1760
20000304,0000,1845
20000305,0000,3086
20000306,0000,1936
20000307,0000,2429
20000308,0000,3768
20000309,0000,2773
20000310,0000,2135
20000311,0000,1836
20000312,0000,1721
20000313,0000,1559
20000314,0000,1501
20000315,0000,1612
20000316,0000,1503
20000317,0000,1576
20000318,0000,1574
20000319,0000,m
20000320,0000,1641
20000321,0000,1411
20000322,0000,1324
20000323,0000,1380
20000324,0000,1405
20000325,0000,1307
20000326,0000,1503
20000327,0000,1649
20000328,0000,1627
20000329,0000,1500
20000330,0000,1541
20000331,0000,1462
20000401,0000,1480
20000402,0000,1567
20000403,0000,1992
20000404,0000,2483
20000405,0000,2661
20000406,0000,2659
20000407,0000,2757
20000408,0000,2896
20000409,0000,2712
20000410,0000,2415
20000411,0000,2580
20000412,0000,2660
20000413,0000,4644
20000414,0000,3417
20000415,0000,2416
20000416,0000,2142
20000417,0000,3646
20000418,0000,2274
20000419,0000,1967
20000420,0000,2018
20000421,0000,m
20000422,0000,2111
20000423,0000,m
20000424,0000,2277
20000425,0000,2689
20000426,0000,3414
20000427,0000,4090
20000428,0000,4071
20000429,0000,3343
20000430,0000,3780
20000501,0000,4334
20000502,0000,4726
20000503,0000,5037
20000504,0000,4933
20000505,0000,4818
20000506,0000,4220
20000507,0000,5503
20000508,0000,8128
20000509,0000,5386
20000510,0000,4239
20000511,0000,3211
20000512,0000,2794
20000513,0000,3022
20000514,0000,2717
20000515,0000,2639
20000516,0000,2374
20000517,0000,2443
20000518,0000,2656
20000519,0000,3706
20000520,0000,4897
20000521,0000,5523
20000522,0000,6152
20000523,0000,5615
20000524,0000,5334
20000525,0000,5225
20000526,0000,5014
20000527,0000,5253
20000528,0000,5421
20000529,0000,4651
20000530,0000,4085
20000531,0000,3603
20000601,0000,3400
20000602,0000,3231
20000603,0000,3262
20000604,0000,3265
20000605,0000,m
20000606,0000,m
20000607,0000,m
20000608,0000,m
20000609,0000,m
20000610,0000,m
20000611,0000,m
20000612,0000,m
20000613,0000,m
20000614,0000,m
20000615,0000,m
20000616,0000,m
20000617,0000,m
20000618,0000,m
20000619,0000,m
20000620,0000,m
20000621,0000,m
20000622,0000,m
20000623,0000,m
20000624,0000,m
20000625,0000,m
20000626,0000,m
20000627,0000,m
20000628,0000,m
20000629,0000,m
20000630,0000,m
20000701,0000,m
20000702,0000,m
20000703,0000,m
20000704,0000,m
20000705,0000,m
20000706,0000,m
20000707,0000,m
20000708,0000,m
20000709,0000,m
20000710,0000,m
20000711,0000,m
20000712,0000,m
20000713,0000,m
20000714,0000,m
20000715,0000,m
20000716,0000,m
20000717,0000,m
20000718,0000,m
20000719,0000,m
20000720,0000,m
20000721,0000,m
20000722,0000,m
20000723,0000,m
20000724,0000,m
20000725,0000,m
20000726,0000,m
20000727,0000,m
20000728,0000,m
20000729,0000,m
20000730,0000,m
20000731,0000,m
20000801,0000,m
20000802,0000,m
20000803,0000,m
20000804,0000,m
20000805,0000,m
20000806,0000,m
20000807,0000,m
20000808,0000,m
20000809,0000,m
20000810,0000,m
20000811,0000,m
20000812,0000,m
20000813,0000,m
20000814,0000,m
20000815,0000,m
20000816,0000,m
20000817,0000,m
20000818,0000,m
20000819,0000,m
20000820,0000,m
20000821,0000,m
20000822,0000,m
20000823,0000,m
20000824,0000,m
20000825,0000,m
20000826,0000,m
20000827,0000,m
20000828,0000,m
20000829,0000,m
20000830,0000,m
20000831,0000,m
20000901,0000,m
20000902,0000,m
20000903,0000,m
20000904,0000,m
20000905,0000,m
20000906,0000,m
20000907,0000,m
20000908,0000,m
20000909,0000,m
20000910,0000,m
20000911,0000,m
20000912,0000,m
20000913,0000,m
20000914,0000,m
20000915,0000,m
20000916,0000,m
20000917,0000,m
20000918,0000,m
20000919,0000,m
20000920,0000,m
20000921,0000,m
20000922,0000,m
20000923,0000,m
20000924,0000,m
20000925,0000,m
20000926,0000,m
20000927,0000,m
20000928,0000,m
20000929,0000,m
20000930,0000,m
20001001,0000,m
20001002,0000,m
20001003,0000,m
20001004,0000,m
20001005,0000,m
20001006,0000,m
20001007,0000,m
20001008,0000,m
20001009,0000,m
20001010,0000,m
20001011,0000,m
20001012,0000,m
20001013,0000,m
20001014,0000,m
20001015,0000,m
20001016,0000,m
20001017,0000,m
20001018,0000,0
20001019,0000,9
20001020,0000,0
20001021,0000,0
20001022,0000,31
20001023,0000,0
20001024,0000,78
20001025,0000,105
20001026,0000,247
20001027,0000,0
20001028,0000,440
20001029,0000,398
20001030,0000,207
20001031,0000,138
20001101,0000,m
20001102,0000,131
20001103,0000,172
20001104,0000,88
20001105,0000,78
20001106,0000,179
20001107,0000,130
20001108,0000,17
20001109,0000,126
20001110,0000,81
20001111,0000,4
20001112,0000,72
20001113,0000,122
20001114,0000,123
20001115,0000,123
20001116,0000,89
20001117,0000,102
20001118,0000,121
20001119,0000,m
20001120,0000,69
20001121,0000,111
20001122,0000,15
20001123,0000,59
20001124,0000,164
20001125,0000,30
20001126,0000,25
20001127,0000,89
20001128,0000,123
20001129,0000,184
20001130,0000,104
20001201,0000,126
20001202,0000,60
20001203,0000,174
20001204,0000,77
20001205,0000,46
20001206,0000,125
20001207,0000,73
20001208,0000,97
20001209,0000,118
20001210,0000,91
20001211,0000,166
20001212,0000,0
20001213,0000,185
20001214,0000,109
20001215,0000,116
20001216,0000,153
20001217,0000,194
20001218,0000,114
20001219,0000,95
20001220,0000,122
20001221,0000,136
20001222,0000,137
20001223,0000,115
20001224,0000,144
20001225,0000,89
20001226,0000,100
20001227,0000,0
20001228,0000,84
20001229,0000,131
20001230,0000,102
20001231,0000,60
20010101,0000,98
20010102,0000,83
20010103,0000,96
20010104,0000,112
20010105,0000,82
20010106,0000,66
20010107,0000,181
20010108,0000,52
20010109,0000,228
20010110,0000,455
20010111,0000,730
20010112,0000,310
20010113,0000,188
20010114,0000,204
20010115,0000,200
20010116,0000,34
20010117,0000,126
20010118,0000,172
20010119,0000,143
20010120,0000,150
20010121,0000,227
20010122,0000,128
20010123,0000,531
20010124,0000,810
20010125,0000,613
20010126,0000,412
20010127,0000,291
20010128,0000,285
20010129,0000,210
20010130,0000,221
20010131,0000,242
20010201,0000,137
20010202,0000,190
20010203,0000,335
20010204,0000,262
20010205,0000,361
20010206,0000,277
20010207,0000,295
20010208,0000,243
20010209,0000,493
20010210,0000,556
20010211,0000,773
20010212,0000,535
20010213,0000,305
20010214,0000,399
20010215,0000,341
20010216,0000,375
20010217,0000,347
20010218,0000,459
20010219,0000,868
20010220,0000,1158
20010221,0000,746
20010222,0000,831
20010223,0000,597
20010224,0000,1187
20010225,0000,1012
20010226,0000,716
20010227,0000,613
20010228,0000,771
20010301,0000,630
20010302,0000,673
20010303,0000,671
20010304,0000,2195
20010305,0000,5440
20010306,0000,1871
20010307,0000,1171
20010308,0000,934
20010309,0000,927
20010310,0000,824
20010311,0000,719
20010312,0000,627
20010313,0000,564
20010314,0000,681
20010315,0000,679
20010316,0000,701
20010317,0000,616
20010318,0000,867
20010319,0000,1114
20010320,0000,1300
20010321,0000,1380
20010322,0000,1517
20010323,0000,1445
20010324,0000,1559
20010325,0000,1737
20010326,0000,1759
20010327,0000,1782
20010328,0000,2059
20010329,0000,2342
20010330,0000,2412
20010331,0000,2596
20010401,0000,2734
20010402,0000,2266
20010403,0000,2733
20010404,0000,1213
20010405,0000,1126
20010406,0000,1096
20010407,0000,1111
20010408,0000,907
20010409,0000,876
20010410,0000,811
20010411,0000,938
20010412,0000,794
20010413,0000,842
20010414,0000,767
20010415,0000,912
20010416,0000,1071
20010417,0000,1366
20010418,0000,1438
20010419,0000,1758
20010420,0000,2091
20010421,0000,1805
20010422,0000,1767
20010423,0000,1870
20010424,0000,2271
20010425,0000,2913
20010426,0000,3511
20010427,0000,3632
20010428,0000,3593
20010429,0000,3357
20010430,0000,4215
20010501,0000,4668
20010502,0000,4325
20010503,0000,3213
20010504,0000,3114
20010505,0000,3443
20010506,0000,3967
20010507,0000,4783
20010508,0000,5201
20010509,0000,5046
20010510,0000,4864
20010511,0000,5031
20010512,0000,4371
20010513,0000,3802
20010514,0000,3422
20010515,0000,3605
20010516,0000,4259
20010517,0000,4145
20010518,0000,3678
20010519,0000,3071
20010520,0000,3161
20010521,0000,3188
20010522,0000,3245
20010523,0000,2940
20010524,0000,2810
20010525,0000,2418
20010526,0000,2252
20010527,0000,1884
20010528,0000,1662
20010529,0000,1697
20010530,0000,1460
20010531,0000,1487
20010601,0000,1414
20010602,0000,1274
20010603,0000,996
20010604,0000,781
20010605,0000,752
20010606,0000,742
20010607,0000,734
20010608,0000,693
20010609,0000,584
20010610,0000,580
20010611,0000,618
20010612,0000,515
20010613,0000,466
20010614,0000,470
20010615,0000,471
20010616,0000,325
20010617,0000,376
20010618,0000,382
20010619,0000,319
20010620,0000,344
20010621,0000,263
20010622,0000,282
20010623,0000,327
20010624,0000,227
20010625,0000,271
20010626,0000,213
20010627,0000,93
20010628,0000,145
20010629,0000,181
20010630,0000,164
20010701,0000,112
20010702,0000,135
20010703,0000,151
20010704,0000,125
20010705,0000,121
20010706,0000,98
20010707,0000,295
20010708,0000,268
20010709,0000,260
20010710,0000,249
20010711,0000,217
20010712,0000,160
20010713,0000,124
20010714,0000,55
20010715,0000,33
20010716,0000,159
20010717,0000,126
20010718,0000,58
20010719,0000,53
20010720,0000,38
20010721,0000,151
20010722,0000,51
20010723,0000,88
20010724,0000,57
20010725,0000,48
20010726,0000,68
20010727,0000,49
20010728,0000,16
20010729,0000,10
20010730,0000,23
20010731,0000,22
20010801,0000,23
20010802,0000,0
20010803,0000,0
20010804,0000,0
20010805,0000,15
20010806,0000,0
20010807,0000,31
20010808,0000,0
20010809,0000,0
20010810,0000,57
20010811,0000,58
20010812,0000,0
20010813,0000,0
20010814,0000,0
20010815,0000,0
20010816,0000,7
20010817,0000,0
20010818,0000,0
20010819,0000,0
20010820,0000,0
20010821,0000,0
20010822,0000,0
20010823,0000,0
20010824,0000,0
20010825,0000,8
20010826,0000,0
20010827,0000,50
20010828,0000,15
20010829,0000,0
20010830,0000,0
20010831,0000,32
20010901,0000,0
20010902,0000,1
20010903,0000,0
20010904,0000,5
20010905,0000,0
20010906,0000,0
20010907,0000,25
20010908,0000,0
20010909,0000,35
20010910,0000,0
20010911,0000,0
20010912,0000,1
20010913,0000,23
20010914,0000,6
20010915,0000,24
20010916,0000,0
20010917,0000,46
20010918,0000,0
20010919,0000,0
20010920,0000,0
20010921,0000,31
20010922,0000,1
20010923,0000,8
20010924,0000,0
20010925,0000,38
20010926,0000,55
20010927,0000,0
20010928,0000,0
20010929,0000,17
20010930,0000,0
20011001,0000,24
20011002,0000,0
20011003,0000,79
20011004,0000,0
20011005,0000,0
20011006,0000,78
20011007,0000,0
20011008,0000,31
20011009,0000,11
20011010,0000,0
20011011,0000,39
20011012,0000,0
20011013,0000,22
20011014,0000,0
20011015,0000,31
20011016,0000,34
20011017,0000,0
20011018,0000,0
20011019,0000,0
20011020,0000,0
20011021,0000,0
20011022,0000,0
20011023,0000,0
20011024,0000,0
20011025,0000,0
20011026,0000,0
20011027,0000,0
20011028,0000,0
20011029,0000,0
20011030,0000,103
20011031,0000,0
20011101,0000,0
20011102,0000,50
20011103,0000,31
20011104,0000,18
20011105,0000,74
20011106,0000,0
20011107,0000,0
20011108,0000,18
20011109,0000,0
20011110,0000,163
20011111,0000,28
20011112,0000,310
20011113,0000,104
20011114,0000,100
20011115,0000,86
20011116,0000,42
20011117,0000,92
20011118,0000,25
20011119,0000,76
20011120,0000,84
20011121,0000,70
20011122,0000,154
20011123,0000,427
20011124,0000,1098
20011125,0000,865
20011126,0000,337
20011127,0000,328
20011128,0000,274
20011129,0000,213
20011130,0000,310
20011201,0000,330
20011202,0000,2127
20011203,0000,1081
20011204,0000,576
20011205,0000,473
20011206,0000,439
20011207,0000,411
20011208,0000,434
20011209,0000,360
20011210,0000,340
20011211,0000,288
20011212,0000,272
20011213,0000,400
20011214,0000,348
20011215,0000,367
20011216,0000,344
20011217,0000,347
20011218,0000,378
20011219,0000,342
20011220,0000,542
20011221,0000,469
20011222,0000,492
20011223,0000,446
20011224,0000,375
20011225,0000,395
20011226,0000,377
20011227,0000,374
20011228,0000,1275
20011229,0000,5191
20011230,0000,2419
20011231,0000,1975
20020101,0000,1422
20020102,0000,2164
20020103,0000,2188
20020104,0000,1233
20020105,0000,988
20020106,0000,1027
20020107,0000,867
20020108,0000,796
20020109,0000,718
20020110,0000,665
20020111,0000,617
20020112,0000,545
20020113,0000,554
20020114,0000,595
20020115,0000,554
20020116,0000,518
20020117,0000,504
20020118,0000,483
20020119,0000,429
20020120,0000,439
20020121,0000,438
20020122,0000,410
20020123,0000,375
20020124,0000,372
20020125,0000,358
20020126,0000,556
20020127,0000,481
20020128,0000,449
20020129,0000,337
20020130,0000,298
20020131,0000,372
20020201,0000,355
20020202,0000,345
20020203,0000,370
20020204,0000,356
20020205,0000,344
20020206,0000,333
20020207,0000,444
20020208,0000,516
20020209,0000,495
20020210,0000,489
20020211,0000,436
20020212,0000,481
20020213,0000,466
20020214,0000,492
20020215,0000,485
20020216,0000,557
20020217,0000,897
20020218,0000,723
20020219,0000,719
20020220,0000,767
20020221,0000,813
20020222,0000,772
20020223,0000,799
20020224,0000,837
20020225,0000,773
20020226,0000,859
20020227,0000,886
20020228,0000,1015
20020301,0000,889
20020302,0000,845
20020303,0000,781
20020304,0000,752
20020305,0000,762
20020306,0000,1076
20020307,0000,1389
20020308,0000,1110
20020309,0000,899
20020310,0000,874
20020311,0000,796
20020312,0000,806
20020313,0000,785
20020314,0000,729
20020315,0000,667
20020316,0000,736
20020317,0000,671
20020318,0000,587
20020319,0000,647
20020320,0000,619
20020321,0000,576
20020322,0000,1124
20020323,0000,1457
20020324,0000,1211
20020325,0000,1015
20020326,0000,893
20020327,0000,845
20020328,0000,989
20020329,0000,1095
20020330,0000,1431
20020331,0000,1740
20020401,0000,2057
20020402,0000,2363
20020403,0000,2672
20020404,0000,2956
20020405,0000,2990
20020406,0000,2553
20020407,0000,2622
20020408,0000,2938
20020409,0000,3117
20020410,0000,2815
20020411,0000,3222
20020412,0000,3515
20020413,0000,3847
20020414,0000,4323
20020415,0000,4156
20020416,0000,2698
20020417,0000,2263
20020418,0000,1853
20020419,0000,1609
20020420,0000,1388
20020421,0000,1363
20020422,0000,1440
20020423,0000,1829
20020424,0000,2278
20020425,0000,2586
20020426,0000,2973
20020427,0000,2271
20020428,0000,1836
20020429,0000,1644
20020430,0000,1602
20020501,0000,1396
20020502,0000,1408
20020503,0000,1440
20020504,0000,2045
20020505,0000,2592
20020506,0000,3034
20020507,0000,3306
20020508,0000,3200
20020509,0000,3097
20020510,0000,2862
20020511,0000,2485
20020512,0000,2704
20020513,0000,2950
20020514,0000,3484
20020515,0000,3713
20020516,0000,3844
20020517,0000,4210
20020518,0000,4294
20020519,0000,4007
20020520,0000,3664
20020521,0000,2755
20020522,0000,2232
20020523,0000,2197
20020524,0000,2293
20020525,0000,2527
20020526,0000,2768
20020527,0000,2997
20020528,0000,3234
20020529,0000,3262
20020530,0000,3702
20020531,0000,3724
20020601,0000,3719
20020602,0000,2917
20020603,0000,2626
20020604,0000,2423
20020605,0000,2658
20020606,0000,2666
20020607,0000,2325
20020608,0000,2148
20020609,0000,1715
20020610,0000,1403
20020611,0000,1322
20020612,0000,1245
20020613,0000,1340
20020614,0000,1312
20020615,0000,1210
20020616,0000,1132
20020617,0000,994
20020618,0000,855
20020619,0000,1045
20020620,0000,926
20020621,0000,926
20020622,0000,800
20020623,0000,692
20020624,0000,603
20020625,0000,581
20020626,0000,614
20020627,0000,553
20020628,0000,504
20020629,0000,488
20020630,0000,530
20020701,0000,428
20020702,0000,371
20020703,0000,378
20020704,0000,362
20020705,0000,441
20020706,0000,292
20020707,0000,235
20020708,0000,290
20020709,0000,207
20020710,0000,214
20020711,0000,230
20020712,0000,213
20020713,0000,199
20020714,0000,260
20020715,0000,239
20020716,0000,124
20020717,0000,136
20020718,0000,145
20020719,0000,158
20020720,0000,114
20020721,0000,56
20020722,0000,66
20020723,0000,64
20020724,0000,64
20020725,0000,64
20020726,0000,54
20020727,0000,0
20020728,0000,55
20020729,0000,93
20020730,0000,71
20020731,0000,54
20020801,0000,100
20020802,0000,43
20020803,0000,1
20020804,0000,56
20020805,0000,40
20020806,0000,24
20020807,0000,0
20020808,0000,21
20020809,0000,22
20020810,0000,3
20020811,0000,25
20020812,0000,45
20020813,0000,25
20020814,0000,0
20020815,0000,14
20020816,0000,1
20020817,0000,10
20020818,0000,0
20020819,0000,0
20020820,0000,0
20020821,0000,0
20020822,0000,25
20020823,0000,23
20020824,0000,0
20020825,0000,0
20020826,0000,0
20020827,0000,107
20020828,0000,0
20020829,0000,15
20020830,0000,0
20020831,0000,7
20020901,0000,0
20020902,0000,0
20020903,0000,0
20020904,0000,10
20020905,0000,0
20020906,0000,22
20020907,0000,0
20020908,0000,0
20020909,0000,0
20020910,0000,0
20020911,0000,13
20020912,0000,0
20020913,0000,0
20020914,0000,0
20020915,0000,0
20020916,0000,15
20020917,0000,0
20020918,0000,3
20020919,0000,0
20020920,0000,13
20020921,0000,0
20020922,0000,0
20020923,0000,0
20020924,0000,0
20020925,0000,21
20020926,0000,21
20020927,0000,22
20020928,0000,22
20020929,0000,22
20020930,0000,22
20021001,0000,0
20021002,0000,0
20021003,0000,0
20021004,0000,0
20021005,0000,22
20021006,0000,0
20021007,0000,0
20021008,0000,44
20021009,0000,0
20021010,0000,0
20021011,0000,0
20021012,0000,0
20021013,0000,36
20021014,0000,10
20021015,0000,33
20021016,0000,0
20021017,0000,0
20021018,0000,4
20021019,0000,0
20021020,0000,26
20021021,0000,0
20021022,0000,0
20021023,0000,0
20021024,0000,0
20021025,0000,0
20021026,0000,21
20021027,0000,0
20021028,0000,17
20021029,0000,0
20021030,0000,0
20021031,0000,0
20021101,0000,0
20021102,0000,9
20021103,0000,1
20021104,0000,0
20021105,0000,0
20021106,0000,40
20021107,0000,163
20021108,0000,4376
20021109,0000,3408
20021110,0000,1038
20021111,0000,630
20021112,0000,476
20021113,0000,443
20021114,0000,382
20021115,0000,299
20021116,0000,278
20021117,0000,259
20021118,0000,236
20021119,0000,238
20021120,0000,201
20021121,0000,202
20021122,0000,295
20021123,0000,287
20021124,0000,233
20021125,0000,230
20021126,0000,171
20021127,0000,169
20021128,0000,171
20021129,0000,165
20021130,0000,136
20021201,0000,134
20021202,0000,151
20021203,0000,115
20021204,0000,120
20021205,0000,137
20021206,0000,85
20021207,0000,119
20021208,0000,86
20021209,0000,101
20021210,0000,91
20021211,0000,132
20021212,0000,135
20021213,0000,192
20021214,0000,367
20021215,0000,627
20021216,0000,2266
20021217,0000,1862
20021218,0000,805
20021219,0000,1110
20021220,0000,1006
20021221,0000,828
20021222,0000,618
20021223,0000,490
20021224,0000,406
20021225,0000,391
20021226,0000,427
20021227,0000,367
20021228,0000,664
20021229,0000,1220
20021230,0000,849
20021231,0000,1070
20030101,0000,884
20030102,0000,708
20030103,0000,752
20030104,0000,684
20030105,0000,741
20030106,0000,657
20030107,0000,658
20030108,0000,631
20030109,0000,686
20030110,0000,999
20030111,0000,813
20030112,0000,713
20030113,0000,650
20030114,0000,609
20030115,0000,496
20030116,0000,551
20030117,0000,535
20030118,0000,564
20030119,0000,597
20030120,0000,563
20030121,0000,596
20030122,0000,596
20030123,0000,565
20030124,0000,575
20030125,0000,668
20030126,0000,618
20030127,0000,665
20030128,0000,701
20030129,0000,609
20030130,0000,667
20030131,0000,722
20030201,0000,797
20030202,0000,735
20030203,0000,617
20030204,0000,572
20030205,0000,571
20030206,0000,479
20030207,0000,480
20030208,0000,519
20030209,0000,520
20030210,0000,422
20030211,0000,439
20030212,0000,503
20030213,0000,682
20030214,0000,843
20030215,0000,714
20030216,0000,743
20030217,0000,631
20030218,0000,605
20030219,0000,562
20030220,0000,522
20030221,0000,513
20030222,0000,514
20030223,0000,511
20030224,0000,538
20030225,0000,539
20030226,0000,531
20030227,0000,524
20030228,0000,522
20030301,0000,510
20030302,0000,457
20030303,0000,452
20030304,0000,444
20030305,0000,439
20030306,0000,427
20030307,0000,433
20030308,0000,452
20030309,0000,463
20030310,0000,539
20030311,0000,536
20030312,0000,714
20030313,0000,801
20030314,0000,1129
20030315,0000,3008
20030316,0000,1825
20030317,0000,1276
20030318,0000,1049
20030319,0000,919
20030320,0000,962
20030321,0000,943
20030322,0000,988
20030323,0000,1248
20030324,0000,1231
20030325,0000,1107
20030326,0000,1184
20030327,0000,1293
20030328,0000,1265
20030329,0000,1326
20030330,0000,1389
20030331,0000,2052
20030401,0000,2061
20030402,0000,1750
20030403,0000,1412
20030404,0000,1441
20030405,0000,1204
20030406,0000,1174
20030407,0000,1168
20030408,0000,1363
20030409,0000,1526
20030410,0000,1779
20030411,0000,1774
20030412,0000,2143
20030413,0000,5757
20030414,0000,3788
20030415,0000,2431
20030416,0000,2036
20030417,0000,1804
20030418,0000,1643
20030419,0000,1534
20030420,0000,1512
20030421,0000,1684
20030422,0000,1539
20030423,0000,1379
20030424,0000,1540
20030425,0000,1665
20030426,0000,1588
20030427,0000,1565
20030428,0000,1735
20030429,0000,1538
20030430,0000,1390
20030501,0000,1362
20030502,0000,1583
20030503,0000,2368
20030504,0000,2536
20030505,0000,2080
20030506,0000,1989
20030507,0000,1858
20030508,0000,1753
20030509,0000,1563
20030510,0000,1554
20030511,0000,1713
20030512,0000,2064
20030513,0000,2853
20030514,0000,3572
20030515,0000,3695
20030516,0000,3908
20030517,0000,4104
20030518,0000,4302
20030519,0000,4566
20030520,0000,5057
20030521,0000,5841
20030522,0000,6565
20030523,0000,7033
20030524,0000,6957
20030525,0000,7138
20030526,0000,6544
20030527,0000,7428
20030528,0000,8370
20030529,0000,8469
20030530,0000,8152
20030531,0000,7054
20030601,0000,6348
20030602,0000,6286
20030603,0000,6363
20030604,0000,5950
20030605,0000,5092
20030606,0000,4495
20030607,0000,4234
20030608,0000,3869
20030609,0000,3840
20030610,0000,3415
20030611,0000,3045
20030612,0000,2823
20030613,0000,2733
20030614,0000,2384
20030615,0000,2479
20030616,0000,2275
20030617,0000,2115
20030618,0000,2022
20030619,0000,1860
20030620,0000,1587
20030621,0000,1362
20030622,0000,1260
20030623,0000,1064
20030624,0000,909
20030625,0000,836
20030626,0000,823
20030627,0000,803
20030628,0000,838
20030629,0000,797
20030630,0000,692
20030701,0000,695
20030702,0000,609
20030703,0000,568
20030704,0000,510
20030705,0000,506
20030706,0000,510
20030707,0000,401
20030708,0000,502
20030709,0000,288
20030710,0000,375
20030711,0000,383
20030712,0000,302
20030713,0000,270
20030714,0000,314
20030715,0000,249
20030716,0000,256
20030717,0000,229
20030718,0000,284
20030719,0000,224
20030720,0000,445
20030721,0000,347
20030722,0000,288
20030723,0000,246
20030724,0000,517
20030725,0000,368
20030726,0000,253
20030727,0000,278
20030728,0000,229
20030729,0000,301
20030730,0000,217
20030731,0000,317
20030801,0000,483
20030802,0000,448
20030803,0000,0
20030804,0000,318
20030805,0000,232
20030806,0000,244
20030807,0000,149
20030808,0000,123
20030809,0000,124
20030810,0000,47
20030811,0000,67
20030812,0000,108
20030813,0000,0
20030814,0000,135
20030815,0000,93
20030816,0000,113
20030817,0000,65
20030818,0000,93
20030819,0000,114
20030820,0000,0
20030821,0000,79
20030822,0000,159
20030823,0000,91
20030824,0000,102
20030825,0000,177
20030826,0000,88
20030827,0000,89
20030828,0000,73
20030829,0000,51
20030830,0000,0
20030831,0000,116
20030901,0000,28
20030902,0000,54
20030903,0000,70
20030904,0000,27
20030905,0000,134
20030906,0000,177
20030907,0000,64
20030908,0000,160
20030909,0000,80
20030910,0000,93
20030911,0000,77
20030912,0000,73
20030913,0000,134
20030914,0000,51
20030915,0000,44
20030916,0000,61
20030917,0000,49
20030918,0000,62
20030919,0000,73
20030920,0000,19
20030921,0000,44
20030922,0000,73
20030923,0000,48
20030924,0000,24
20030925,0000,24
20030926,0000,40
20030927,0000,7
20030928,0000,50
20030929,0000,100
20030930,0000,73
20031001,0000,41
20031002,0000,63
20031003,0000,31
20031004,0000,34
20031005,0000,44
20031006,0000,41
20031007,0000,73
20031008,0000,0
20031009,0000,95
20031010,0000,0
20031011,0000,21
20031012,0000,0
20031013,0000,95
20031014,0000,0
20031015,0000,32
20031016,0000,30
20031017,0000,48
20031018,0000,51
20031019,0000,26
20031020,0000,0
20031021,0000,44
20031022,0000,43
20031023,0000,0
20031024,0000,29
20031025,0000,5
20031026,0000,91
20031027,0000,0
20031028,0000,76
20031029,0000,92
20031030,0000,0
20031031,0000,0
20031101,0000,25
20031102,0000,0
20031103,0000,60
20031104,0000,23
20031105,0000,17
20031106,0000,41
20031107,0000,9
20031108,0000,139
20031109,0000,167
20031110,0000,144
20031111,0000,108
20031112,0000,21
20031113,0000,24
20031114,0000,30
20031115,0000,42
20031116,0000,6
20031117,0000,30
20031118,0000,0
20031119,0000,81
20031120,0000,59
20031121,0000,0
20031122,0000,0
20031123,0000,36
20031124,0000,86
20031125,0000,20
20031126,0000,0
20031127,0000,3
20031128,0000,36
20031129,0000,4
20031130,0000,0
20031201,0000,103
20031202,0000,0
20031203,0000,31
20031204,0000,102
20031205,0000,38
20031206,0000,253
20031207,0000,589
20031208,0000,377
20031209,0000,270
20031210,0000,376
20031211,0000,324
20031212,0000,240
20031213,0000,349
20031214,0000,312
20031215,0000,309
20031216,0000,220
20031217,0000,171
20031218,0000,253
20031219,0000,184
20031220,0000,273
20031221,0000,365
20031222,0000,276
20031223,0000,286
20031224,0000,840
20031225,0000,1409
20031226,0000,697
20031227,0000,532
20031228,0000,342
20031229,0000,516
20031230,0000,748
20031231,0000,667
20040101,0000,2456
20040102,0000,1301
20040103,0000,813
20040104,0000,617
20040105,0000,519
20040106,0000,492
20040107,0000,450
20040108,0000,462
20040109,0000,110
20040110,0000,445
20040111,0000,411
20040112,0000,426
20040113,0000,443
20040114,0000,407
20040115,0000,409
20040116,0000,404
20040117,0000,388
20040118,0000,392
20040119,0000,394
20040120,0000,304
20040121,0000,321
20040122,0000,282
20040123,0000,338
20040124,0000,313
20040125,0000,282
20040126,0000,272
20040127,0000,454
20040128,0000,323
20040129,0000,299
20040130,0000,291
20040131,0000,306
20040201,0000,314
20040202,0000,693
20040203,0000,719
20040204,0000,490
20040205,0000,410
20040206,0000,397
20040207,0000,404
20040208,0000,380
20040209,0000,309
20040210,0000,323
20040211,0000,349
20040212,0000,287
20040213,0000,309
20040214,0000,320
20040215,0000,322
20040216,0000,479
20040217,0000,846
20040218,0000,1622
20040219,0000,1071
20040220,0000,849
20040221,0000,732
20040222,0000,665
20040223,0000,747
20040224,0000,642
20040225,0000,3478
20040226,0000,5821
20040227,0000,2875
20040228,0000,1747
20040229,0000,1302
20040301,0000,1367
20040302,0000,1322
20040303,0000,1068
20040304,0000,956
20040305,0000,857
20040306,0000,833
20040307,0000,879
20040308,0000,1047
20040309,0000,1293
20040310,0000,1471
20040311,0000,1381
20040312,0000,1476
20040313,0000,1368
20040314,0000,1627
20040315,0000,1961
20040316,0000,2256
20040317,0000,2252
20040318,0000,2485
20040319,0000,2592
20040320,0000,2716
20040321,0000,3043
20040322,0000,3647
20040323,0000,3099
20040324,0000,3049
20040325,0000,2829
20040326,0000,2297
20040327,0000,1756
20040328,0000,2004
20040329,0000,2013
20040330,0000,2239
20040331,0000,2163
20040401,0000,2258
20040402,0000,1758
20040403,0000,1869
20040404,0000,2290
20040405,0000,2646
20040406,0000,2784
20040407,0000,2486
20040408,0000,2790
20040409,0000,2849
20040410,0000,3054
20040411,0000,2822
20040412,0000,2881
20040413,0000,2886
20040414,0000,2320
20040415,0000,2090
20040416,0000,1905
20040417,0000,1631
20040418,0000,1423
20040419,0000,1425
20040420,0000,1342
20040421,0000,1308
20040422,0000,1366
20040423,0000,1327
20040424,0000,1554
20040425,0000,2125
20040426,0000,2673
20040427,0000,3157
20040428,0000,3313
20040429,0000,2922
20040430,0000,2566
20040501,0000,2877
20040502,0000,3248
20040503,0000,3792
20040504,0000,3949
20040505,0000,3756
20040506,0000,3198
20040507,0000,2768
20040508,0000,2602
20040509,0000,2581
20040510,0000,2692
20040511,0000,1986
20040512,0000,1708
20040513,0000,1759
20040514,0000,1950
20040515,0000,1988
20040516,0000,m
20040517,0000,1828
20040518,0000,m
20040519,0000,m
20040520,0000,m
20040521,0000,1387
20040522,0000,1221
20040523,0000,1147
20040524,0000,1309
20040525,0000,1189
20040526,0000,1218
20040527,0000,1213
20040528,0000,2341
20040529,0000,2072
20040530,0000,1533
20040531,0000,1501
20040601,0000,1420
20040602,0000,1436
20040603,0000,1496
20040604,0000,1387
20040605,0000,1317
20040606,0000,1289
20040607,0000,1242
20040608,0000,982
20040609,0000,869
20040610,0000,746
20040611,0000,578
20040612,0000,565
20040613,0000,607
20040614,0000,770
20040615,0000,867
20040616,0000,765
20040617,0000,778
20040618,0000,705
20040619,0000,551
20040620,0000,537
20040621,0000,530
20040622,0000,459
20040623,0000,492
20040624,0000,501
20040625,0000,456
20040626,0000,426
20040627,0000,411
20040628,0000,244
20040629,0000,304
20040630,0000,331
20040701,0000,268
20040702,0000,320
20040703,0000,249
20040704,0000,305
20040705,0000,285
20040706,0000,249
20040707,0000,282
20040708,0000,75
20040709,0000,252
20040710,0000,159
20040711,0000,165
20040712,0000,127
20040713,0000,137
20040714,0000,77
20040715,0000,103
20040716,0000,84
20040717,0000,114
20040718,0000,99
20040719,0000,76
20040720,0000,m
20040721,0000,87
20040722,0000,66
20040723,0000,39
20040724,0000,63
20040725,0000,132
20040726,0000,57
20040727,0000,25
20040728,0000,0
20040729,0000,19
20040730,0000,8
20040731,0000,18
20040801,0000,0
20040802,0000,8
20040803,0000,7
20040804,0000,0
20040805,0000,0
20040806,0000,0
20040807,0000,4
20040808,0000,0
20040809,0000,0
20040810,0000,0
20040811,0000,4
20040812,0000,0
20040813,0000,0
20040814,0000,0
20040815,0000,0
20040816,0000,9
20040817,0000,0
20040818,0000,23
20040819,0000,0
20040820,0000,0
20040821,0000,0
20040822,0000,13
20040823,0000,9
20040824,0000,15
20040825,0000,0
20040826,0000,0
20040827,0000,0
20040828,0000,0
20040829,0000,17
20040830,0000,0
20040831,0000,0
20040901,0000,0
20040902,0000,0
20040903,0000,0
20040904,0000,0
20040905,0000,0
20040906,0000,0
20040907,0000,5
20040908,0000,0
20040909,0000,1
20040910,0000,0
20040911,0000,0
20040912,0000,0
20040913,0000,0
20040914,0000,0
20040915,0000,0
20040916,0000,0
20040917,0000,0
20040918,0000,0
20040919,0000,0
20040920,0000,0
20040921,0000,0
20040922,0000,0
20040923,0000,0
20040924,0000,0
20040925,0000,0
20040926,0000,0
20040927,0000,0
20040928,0000,0
20040929,0000,0
20040930,0000,7
20041001,0000,0
20041002,0000,0
20041003,0000,0
20041004,0000,0
20041005,0000,0
20041006,0000,0
20041007,0000,0
20041008,0000,0
20041009,0000,0
20041010,0000,0
20041011,0000,0
20041012,0000,18
20041013,0000,0
20041014,0000,m
20041015,0000,0
20041016,0000,0
20041017,0000,299
20041018,0000,219
20041019,0000,811
20041020,0000,1777
20041021,0000,589
20041022,0000,386
20041023,0000,282
20041024,0000,256
20041025,0000,554
20041026,0000,1108
20041027,0000,754
20041028,0000,486
20041029,0000,419
20041030,0000,375
20041031,0000,m
20041101,0000,354
20041102,0000,354
20041103,0000,495
20041104,0000,442
20041105,0000,396
20041106,0000,329
20041107,0000,315
20041108,0000,321
20041109,0000,373
20041110,0000,407
20041111,0000,514
20041112,0000,550
20041113,0000,431
20041114,0000,397
20041115,0000,370
20041116,0000,317
20041117,0000,350
20041118,0000,324
20041119,0000,316
20041120,0000,341
20041121,0000,195
20041122,0000,190
20041123,0000,257
20041124,0000,201
20041125,0000,204
20041126,0000,244
20041127,0000,451
20041128,0000,425
20041129,0000,268
20041130,0000,246
20041201,0000,289
20041202,0000,209
20041203,0000,205
20041204,0000,236
20041205,0000,179
20041206,0000,245
20041207,0000,341
20041208,0000,878
20041209,0000,597
20041210,0000,435
20041211,0000,425
20041212,0000,421
20041213,0000,419
20041214,0000,415
20041215,0000,344
20041216,0000,366
20041217,0000,329
20041218,0000,321
20041219,0000,304
20041220,0000,349
20041221,0000,295
20041222,0000,289
20041223,0000,281
20041224,0000,264
20041225,0000,265
20041226,0000,259
20041227,0000,398
20041228,0000,579
20041229,0000,m
20041230,0000,m
20041231,0000,m
20050101,0000,m
20050102,0000,m
20050103,0000,2744
20050104,0000,1733
20050105,0000,1204
20050106,0000,1082
20050107,0000,5471
20050108,0000,13317
20050109,0000,15247
20050110,0000,10896
20050111,0000,7465
20050112,0000,3655
20050113,0000,2547
20050114,0000,1791
20050115,0000,1516
20050116,0000,1344
20050117,0000,1309
20050118,0000,1206
20050119,0000,1195
20050120,0000,1186
20050121,0000,1202
20050122,0000,1149
20050123,0000,1117
20050124,0000,1170
20050125,0000,m
20050126,0000,2531
20050127,0000,2133
20050128,0000,3093
20050129,0000,2343
20050130,0000,1845
20050131,0000,1521
20050201,0000,1394
20050202,0000,1253
20050203,0000,1174
20050204,0000,1138
20050205,0000,m
20050206,0000,m
20050207,0000,1056
20050208,0000,852
20050209,0000,849
20050210,0000,m
20050211,0000,856
20050212,0000,992
20050213,0000,1031
20050214,0000,970
20050215,0000,m
20050216,0000,4095
20050217,0000,2650
20050218,0000,3459
20050219,0000,3129
20050220,0000,4158
20050221,0000,3518
20050222,0000,3065
20050223,0000,2267
20050224,0000,1950
20050225,0000,1750
20050226,0000,1553
20050227,0000,2035
20050228,0000,2334
20050301,0000,1979
20050302,0000,1826
20050303,0000,1667
20050304,0000,1616
20050305,0000,m
20050306,0000,m
20050307,0000,1526
20050308,0000,1370
20050309,0000,1641
20050310,0000,1823
20050311,0000,1894
20050312,0000,2042
20050313,0000,2392
20050314,0000,2087
20050315,0000,1761
20050316,0000,1644
20050317,0000,1507
20050318,0000,1469
20050319,0000,2090
20050320,0000,2572
20050321,0000,2393
20050322,0000,15091
20050323,0000,12663
20050324,0000,5859
20050325,0000,4083
20050326,0000,3206
20050327,0000,3546
20050328,0000,3933
20050329,0000,3013
20050330,0000,2690
20050331,0000,2389
20050401,0000,2394
20050402,0000,2351
20050403,0000,2293
20050404,0000,1896
20050405,0000,1879
20050406,0000,2353
20050407,0000,2766
20050408,0000,2678
20050409,0000,2298
20050410,0000,2136
20050411,0000,2181
20050412,0000,2351
20050413,0000,2440
20050414,0000,2221
20050415,0000,2296
20050416,0000,2763
20050417,0000,3238
20050418,0000,3378
20050419,0000,3048
20050420,0000,2526
20050421,0000,2349
20050422,0000,2497
20050423,0000,2401
20050424,0000,2448
20050425,0000,2138
20050426,0000,2570
20050427,0000,m
20050428,0000,3218
20050429,0000,2712
20050430,0000,3052
20050501,0000,3357
20050502,0000,3431
20050503,0000,3988
20050504,0000,4195
20050505,0000,5381
20050506,0000,4193
20050507,0000,3611
20050508,0000,4043
20050509,0000,7141
20050510,0000,4517
20050511,0000,3755
20050512,0000,3930
20050513,0000,4951
20050514,0000,6163
20050515,0000,7692
20050516,0000,15696
20050517,0000,9433
20050518,0000,7937
20050519,0000,m
20050520,0000,m
20050521,0000,m
20050522,0000,10675
20050523,0000,10692
20050524,0000,10611
20050525,0000,11249
20050526,0000,11685
20050527,0000,12204
20050528,0000,11080
20050529,0000,9165
20050530,0000,8013
20050531,0000,8656
20050601,0000,8902
20050602,0000,5776
20050603,0000,7392
20050604,0000,7266
20050605,0000,7124
20050606,0000,5935
20050607,0000,4942
20050608,0000,4506
20050609,0000,4115
20050610,0000,4721
20050611,0000,5428
20050612,0000,5940
20050613,0000,6557
20050614,0000,6903
20050615,0000,7145
20050616,0000,m
20050617,0000,4833
20050618,0000,3973
20050619,0000,m
20050620,0000,4142
20050621,0000,4799
20050622,0000,4685
20050623,0000,4595
20050624,0000,m
20050625,0000,m
20050626,0000,m
20050627,0000,3747
20050628,0000,3694
20050629,0000,3834
20050630,0000,4032
20050701,0000,4156
20050702,0000,4091
20050703,0000,3561
20050704,0000,3265
20050705,0000,3071
20050706,0000,3174
20050707,0000,3111
20050708,0000,2932
20050709,0000,2639
20050710,0000,2367
20050711,0000,2311
20050712,0000,2274
20050713,0000,2227
20050714,0000,1904
20050715,0000,1704
20050716,0000,1612
20050717,0000,1564
20050718,0000,1464
20050719,0000,1448
20050720,0000,1248
20050721,0000,1174
20050722,0000,1454
20050723,0000,1286
20050724,0000,890
20050725,0000,950
20050726,0000,838
20050727,0000,688
20050728,0000,635
20050729,0000,732
20050730,0000,398
20050731,0000,706
20050801,0000,630
20050802,0000,510
20050803,0000,498
20050804,0000,461
20050805,0000,367
20050806,0000,472
20050807,0000,329
20050808,0000,495
20050809,0000,461
20050810,0000,370
20050811,0000,m
20050812,0000,387
20050813,0000,397
20050814,0000,293
20050815,0000,365
20050816,0000,m
20050817,0000,m
20050818,0000,410
20050819,0000,376
20050820,0000,374
20050821,0000,327
20050822,0000,250
20050823,0000,282
20050824,0000,164
20050825,0000,219
20050826,0000,m
20050827,0000,m
20050828,0000,m
20050829,0000,181
20050830,0000,240
20050831,0000,246
20050901,0000,127
20050902,0000,m
20050903,0000,m
20050904,0000,m
20050905,0000,194
20050906,0000,136
20050907,0000,110
20050908,0000,226
20050909,0000,99
20050910,0000,166
20050911,0000,82
20050912,0000,90
20050913,0000,145
20050914,0000,140
20050915,0000,113
20050916,0000,171
20050917,0000,95
20050918,0000,166
20050919,0000,0
20050920,0000,228
20050921,0000,192
20050922,0000,192
20050923,0000,87
20050924,0000,162
20050925,0000,137
20050926,0000,76
20050927,0000,61
20050928,0000,284
20050929,0000,211
20050930,0000,132
20051001,0000,98
20051002,0000,69
20051003,0000,54
20051004,0000,80
20051005,0000,100
20051006,0000,79
20051007,0000,72
20051008,0000,56
20051009,0000,0
20051010,0000,46
20051011,0000,70
20051012,0000,83
20051013,0000,74
20051014,0000,34
20051015,0000,98
20051016,0000,88
20051017,0000,99
20051018,0000,46
20051019,0000,0
20051020,0000,69
20051021,0000,99
20051022,0000,48
20051023,0000,76
20051024,0000,8
20051025,0000,130
20051026,0000,124
20051027,0000,192
20051028,0000,107
20051029,0000,112
20051030,0000,59
20051031,0000,180
20051101,0000,133
20051102,0000,66
20051103,0000,121
20051104,0000,83
20051105,0000,90
20051106,0000,73
20051107,0000,121
20051108,0000,79
20051109,0000,100
20051110,0000,100
20051111,0000,44
20051112,0000,113
20051113,0000,158
20051114,0000,142
20051115,0000,97
20051116,0000,100
20051117,0000,111
20051118,0000,0
20051119,0000,46
20051120,0000,75
20051121,0000,75
20051122,0000,100
20051123,0000,66
20051124,0000,146
20051125,0000,41
20051126,0000,64
20051127,0000,128
20051128,0000,105
20051129,0000,291
20051130,0000,242
20051201,0000,1064
20051202,0000,2134
20051203,0000,666
20051204,0000,470
20051205,0000,353
20051206,0000,341
20051207,0000,293
20051208,0000,268
20051209,0000,350
20051210,0000,252
20051211,0000,188
20051212,0000,205
20051213,0000,m
20051214,0000,217
20051215,0000,243
20051216,0000,190
20051217,0000,348
20051218,0000,813
20051219,0000,913
20051220,0000,657
20051221,0000,665
20051222,0000,1358
20051223,0000,1404
20051224,0000,961
20051225,0000,1404
20051226,0000,1970
20051227,0000,1082
20051228,0000,1742
20051229,0000,1789
20051230,0000,1973
20051231,0000,14990
20060101,0000,4938
20060102,0000,14867
20060103,0000,4641
20060104,0000,2810
20060105,0000,2442
20060106,0000,1867
20060107,0000,1700
20060108,0000,1473
20060109,0000,1303
20060110,0000,m
20060111,0000,1128
20060112,0000,1146
20060113,0000,1189
20060114,0000,1659
20060115,0000,1485
20060116,0000,1201
20060117,0000,1305
20060118,0000,1895
20060119,0000,1723
20060120,0000,1303
20060121,0000,1306
20060122,0000,877
20060123,0000,1037
20060124,0000,976
20060125,0000,m
20060126,0000,1873
20060127,0000,908
20060128,0000,m
20060129,0000,799
20060130,0000,879
20060131,0000,826
20060201,0000,907
20060202,0000,942
20060203,0000,1168
20060204,0000,1005
20060205,0000,965
20060206,0000,846
20060207,0000,844
20060208,0000,879
20060209,0000,854
20060210,0000,867
20060211,0000,851
20060212,0000,1228
20060213,0000,815
20060214,0000,975
20060215,0000,943
20060216,0000,815
20060217,0000,782
20060218,0000,833
20060219,0000,786
20060220,0000,721
20060221,0000,935
20060222,0000,768
20060223,0000,410
20060224,0000,712
20060225,0000,691
20060226,0000,739
20060227,0000,4209
20060228,0000,8331
20060301,0000,3631
20060302,0000,2821
20060303,0000,3792
20060304,0000,2826
20060305,0000,2663
20060306,0000,3196
20060307,0000,3704
20060308,0000,2457
20060309,0000,2207
20060310,0000,2064
20060311,0000,1851
20060312,0000,1772
20060313,0000,1613
20060314,0000,m
20060315,0000,1954
20060316,0000,1897
20060317,0000,3150
20060318,0000,2377
20060319,0000,1965
20060320,0000,2343
20060321,0000,2082
20060322,0000,1971
20060323,0000,1749
20060324,0000,2033
20060325,0000,4068
20060326,0000,2878
20060327,0000,m
20060328,0000,5082
20060329,0000,4210
20060330,0000,3280
20060331,0000,4332
20060401,0000,4451
20060402,0000,4991
20060403,0000,14978
20060404,0000,17901
20060405,0000,13001
20060406,0000,7095
20060407,0000,5556
20060408,0000,4805
20060409,0000,4261
20060410,0000,3941
20060411,0000,3881
20060412,0000,3759
20060413,0000,3600
20060414,0000,4381
20060415,0000,4220
20060416,0000,5489
20060417,0000,5306
20060418,0000,4283
20060419,0000,3921
20060420,0000,4021
20060421,0000,4425
20060422,0000,4349
20060423,0000,4078
20060424,0000,3731
20060425,0000,3930
20060426,0000,4343
20060427,0000,4902
20060428,0000,5995
20060429,0000,7400
20060430,0000,7968
20060501,0000,8297
20060502,0000,8165
20060503,0000,7567
20060504,0000,7107
20060505,0000,6735
20060506,0000,7002
20060507,0000,7421
20060508,0000,8119
20060509,0000,8158
20060510,0000,8550
20060511,0000,8875
20060512,0000,8988
20060513,0000,9370
20060514,0000,9712
20060515,0000,9885
20060516,0000,10364
20060517,0000,10448
20060518,0000,10320
20060519,0000,10534
20060520,0000,9879
20060521,0000,11296
20060522,0000,9135
20060523,0000,6124
20060524,0000,6418
20060525,0000,6954
20060526,0000,7070
20060527,0000,5989
20060528,0000,4498
20060529,0000,4138
20060530,0000,4799
20060531,0000,5729
20060601,0000,m
20060602,0000,7095
20060603,0000,7823
20060604,0000,8530
20060605,0000,8460
20060606,0000,8352
20060607,0000,7717
20060608,0000,7117
20060609,0000,6567
20060610,0000,6029
20060611,0000,5741
20060612,0000,5423
20060613,0000,4630
20060614,0000,3934
20060615,0000,3936
20060616,0000,4560
20060617,0000,5056
20060618,0000,5058
20060619,0000,4939
20060620,0000,4611
20060621,0000,4504
20060622,0000,4603
20060623,0000,4535
20060624,0000,4216
20060625,0000,4058
20060626,0000,3793
20060627,0000,3718
20060628,0000,3911
20060629,0000,3257
20060630,0000,2864
20060701,0000,2741
20060702,0000,2687
20060703,0000,2264
20060704,0000,2144
20060705,0000,2090
20060706,0000,2093
20060707,0000,1787
20060708,0000,1616
20060709,0000,1470
20060710,0000,1489
20060711,0000,1383
20060712,0000,1365
20060713,0000,1210
20060714,0000,1082
20060715,0000,1063
20060716,0000,1041
20060717,0000,1116
20060718,0000,1091
20060719,0000,1247
20060720,0000,1239
20060721,0000,2048
20060722,0000,1326
20060723,0000,1114
20060724,0000,1047
20060725,0000,959
20060726,0000,845
20060727,0000,688
20060728,0000,681
20060729,0000,598
20060730,0000,569
20060731,0000,510
20060801,0000,273
20060802,0000,351
20060803,0000,353
20060804,0000,335
20060805,0000,406
20060806,0000,315
20060807,0000,303
20060808,0000,395
20060809,0000,290
20060810,0000,84
20060811,0000,248
20060812,0000,286
20060813,0000,171
20060814,0000,215
20060815,0000,226
20060816,0000,212
20060817,0000,214
20060818,0000,191
20060819,0000,170
20060820,0000,190
20060821,0000,0
20060822,0000,166
20060823,0000,160
20060824,0000,148
20060825,0000,125
20060826,0000,140
20060827,0000,188
20060828,0000,15
20060829,0000,154
20060830,0000,118
20060831,0000,109
20060901,0000,119
20060902,0000,92
20060903,0000,135
20060904,0000,0
20060905,0000,117
20060906,0000,138
20060907,0000,88
20060908,0000,92
20060909,0000,110
20060910,0000,34
20060911,0000,136
20060912,0000,70
20060913,0000,58
20060914,0000,70
20060915,0000,56
20060916,0000,54
20060917,0000,70
20060918,0000,0
20060919,0000,40
20060920,0000,146
20060921,0000,94
20060922,0000,87
20060923,0000,42
20060924,0000,50
20060925,0000,67
20060926,0000,41
20060927,0000,m
20060928,0000,95
20060929,0000,35
20060930,0000,53
20061001,0000,0
20061002,0000,121
20061003,0000,151
20061004,0000,206
20061005,0000,129
20061006,0000,153
20061007,0000,97
20061008,0000,141
20061009,0000,40
20061010,0000,108
20061011,0000,111
20061012,0000,70
20061013,0000,70
20061014,0000,83
20061015,0000,135
20061016,0000,60
20061017,0000,85
20061018,0000,69
20061019,0000,154
20061020,0000,82
20061021,0000,89
20061022,0000,0
20061023,0000,64
20061024,0000,106
20061025,0000,78
20061026,0000,81
20061027,0000,102
20061028,0000,98
20061029,0000,0
20061030,0000,64
20061031,0000,98
20061101,0000,77
20061102,0000,78
20061103,0000,75
20061104,0000,68
20061105,0000,120
20061106,0000,87
20061107,0000,96
20061108,0000,107
20061109,0000,27
20061110,0000,121
20061111,0000,79
20061112,0000,83
20061113,0000,425
20061114,0000,214
20061115,0000,234
20061116,0000,200
20061117,0000,96
20061118,0000,171
20061119,0000,111
20061120,0000,139
20061121,0000,126
20061122,0000,104
20061123,0000,99
20061124,0000,93
20061125,0000,124
20061126,0000,183
20061127,0000,m
20061128,0000,0
20061129,0000,104
20061130,0000,125
20061201,0000,92
20061202,0000,130
20061203,0000,76
20061204,0000,m
20061205,0000,108
20061206,0000,108
20061207,0000,188
20061208,0000,127
20061209,0000,297
20061210,0000,m
20061211,0000,m
20061212,0000,220
20061213,0000,348
20061214,0000,107
20061215,0000,209
20061216,0000,196
20061217,0000,172
20061218,0000,170
20061219,0000,123
20061220,0000,159
20061221,0000,333
20061222,0000,245
20061223,0000,275
20061224,0000,243
20061225,0000,245
20061226,0000,350
20061227,0000,480
20061228,0000,320
20061229,0000,225
20061230,0000,248
20061231,0000,162
20070101,0000,225
20070102,0000,222
20070103,0000,194
20070104,0000,501
20070105,0000,m
20070106,0000,m
20070107,0000,m
20070108,0000,311
20070109,0000,281
20070110,0000,192
20070111,0000,m

