Date,PST,Outflow
19931001,0000,m
19931002,0000,m
19931003,0000,1228
19931004,0000,1177
19931005,0000,1635
19931006,0000,1761
19931007,0000,1740
19931008,0000,m
19931009,0000,m
19931010,0000,m
19931011,0000,2165
19931012,0000,2845
19931013,0000,2856
19931014,0000,2695
19931015,0000,m
19931016,0000,m
19931017,0000,1223
19931018,0000,1314
19931019,0000,1218
19931020,0000,1075
19931021,0000,962
19931022,0000,m
19931023,0000,m
19931024,0000,709
19931025,0000,955
19931026,0000,1026
19931027,0000,906
19931028,0000,728
19931029,0000,m
19931030,0000,m
19931031,0000,367
19931101,0000,337
19931102,0000,299
19931103,0000,291
19931104,0000,232
19931105,0000,m
19931106,0000,m
19931107,0000,81
19931108,0000,249
19931109,0000,237
19931110,0000,m
19931111,0000,301
19931112,0000,m
19931113,0000,m
19931114,0000,232
19931115,0000,263
19931116,0000,283
19931117,0000,209
19931118,0000,308
19931119,0000,m
19931120,0000,m
19931121,0000,339
19931122,0000,340
19931123,0000,313
19931124,0000,m
19931125,0000,m
19931126,0000,m
19931127,0000,m
19931128,0000,341
19931129,0000,71
19931130,0000,26
19931201,0000,27
19931202,0000,263
19931203,0000,m
19931204,0000,m
19931205,0000,225
19931206,0000,213
19931207,0000,261
19931208,0000,233
19931209,0000,232
19931210,0000,m
19931211,0000,m
19931212,0000,44
19931213,0000,42
19931214,0000,46
19931215,0000,34
19931216,0000,733
19931217,0000,m
19931218,0000,m
19931219,0000,241
19931220,0000,447
19931221,0000,158
19931222,0000,m
19931223,0000,m
19931224,0000,m
19931225,0000,m
19931226,0000,233
19931227,0000,230
19931228,0000,169
19931229,0000,200
19931230,0000,m
19931231,0000,m
19940101,0000,m
19940102,0000,217
19940103,0000,225
19940104,0000,152
19940105,0000,198
19940106,0000,295
19940107,0000,m
19940108,0000,m
19940109,0000,66
19940110,0000,292
19940111,0000,58
19940112,0000,775
19940113,0000,228
19940114,0000,m
19940115,0000,m
19940116,0000,m
19940117,0000,344
19940118,0000,351
19940119,0000,304
19940120,0000,113
19940121,0000,m
19940122,0000,m
19940123,0000,233
19940124,0000,304
19940125,0000,170
19940126,0000,163
19940127,0000,262
19940128,0000,m
19940129,0000,m
19940130,0000,245
19940131,0000,315
19940201,0000,222
19940202,0000,303
19940203,0000,57
19940204,0000,m
19940205,0000,m
19940206,0000,318
19940207,0000,940
19940208,0000,113
19940209,0000,79
19940210,0000,42
19940211,0000,m
19940212,0000,m
19940213,0000,52
19940214,0000,45
19940215,0000,121
19940216,0000,1153
19940217,0000,312
19940218,0000,m
19940219,0000,m
19940220,0000,m
19940221,0000,176
19940222,0000,321
19940223,0000,257
19940224,0000,155
19940225,0000,m
19940226,0000,m
19940227,0000,156
19940228,0000,196
19940301,0000,148
19940302,0000,336
19940303,0000,118
19940304,0000,m
19940305,0000,m
19940306,0000,586
19940307,0000,426
19940308,0000,953
19940309,0000,129
19940310,0000,938
19940311,0000,m
19940312,0000,m
19940313,0000,759
19940314,0000,878
19940315,0000,835
19940316,0000,884
19940317,0000,989
19940318,0000,m
19940319,0000,m
19940320,0000,961
19940321,0000,1115
19940322,0000,1168
19940323,0000,1098
19940324,0000,1081
19940325,0000,m
19940326,0000,m
19940327,0000,1040
19940328,0000,1078
19940329,0000,1222
19940330,0000,1265
19940331,0000,1249
19940401,0000,m
19940402,0000,m
19940403,0000,1206
19940404,0000,2606
19940405,0000,1259
19940406,0000,1350
19940407,0000,965
19940408,0000,m
19940409,0000,m
19940410,0000,1163
19940411,0000,1221
19940412,0000,939
19940413,0000,1011
19940414,0000,1153
19940415,0000,m
19940416,0000,m
19940417,0000,1216
19940418,0000,1427
19940419,0000,1248
19940420,0000,1356
19940421,0000,2223
19940422,0000,m
19940423,0000,m
19940424,0000,2240
19940425,0000,1772
19940426,0000,m
19940427,0000,996
19940428,0000,769
19940429,0000,m
19940430,0000,m
19940501,0000,675
19940502,0000,864
19940503,0000,974
19940504,0000,1612
19940505,0000,1709
19940506,0000,m
19940507,0000,m
19940508,0000,1675
19940509,0000,1160
19940510,0000,981
19940511,0000,982
19940512,0000,1087
19940513,0000,m
19940514,0000,m
19940515,0000,1176
19940516,0000,1582
19940517,0000,1122
19940518,0000,1073
19940519,0000,803
19940520,0000,m
19940521,0000,m
19940522,0000,1133
19940523,0000,1432
19940524,0000,1449
19940525,0000,1455
19940526,0000,1630
19940527,0000,m
19940528,0000,m
19940529,0000,m
19940530,0000,1616
19940531,0000,1662
19940601,0000,1721
19940602,0000,1698
19940603,0000,m
19940604,0000,m
19940605,0000,1829
19940606,0000,1901
19940607,0000,1634
19940608,0000,1681
19940609,0000,1616
19940610,0000,m
19940611,0000,m
19940612,0000,1858
19940613,0000,1778
19940614,0000,1823
19940615,0000,1910
19940616,0000,1766
19940617,0000,m
19940618,0000,m
19940619,0000,1773
19940620,0000,1737
19940621,0000,1706
19940622,0000,1959
19940623,0000,1758
19940624,0000,m
19940625,0000,m
19940626,0000,1799
19940627,0000,1752
19940628,0000,1942
19940629,0000,2104
19940630,0000,1748
19940701,0000,m
19940702,0000,m
19940703,0000,m
19940704,0000,1936
19940705,0000,1818
19940706,0000,1859
19940707,0000,1868
19940708,0000,m
19940709,0000,m
19940710,0000,1755
19940711,0000,2292
19940712,0000,1924
19940713,0000,1624
19940714,0000,1783
19940715,0000,m
19940716,0000,m
19940717,0000,2612
19940718,0000,2625
19940719,0000,2662
19940720,0000,2886
19940721,0000,2921
19940722,0000,m
19940723,0000,m
19940724,0000,2794
19940725,0000,2733
19940726,0000,1954
19940727,0000,1999
19940728,0000,1600
19940729,0000,m
19940730,0000,m
19940731,0000,1956
19940801,0000,2135
19940802,0000,1576
19940803,0000,1661
19940804,0000,1821
19940805,0000,m
19940806,0000,m
19940807,0000,1803
19940808,0000,1522
19940809,0000,1671
19940810,0000,2070
19940811,0000,1543
19940812,0000,m
19940813,0000,m
19940814,0000,1687
19940815,0000,1861
19940816,0000,1670
19940817,0000,1834
19940818,0000,1796
19940819,0000,m
19940820,0000,m
19940821,0000,1663
19940822,0000,1714
19940823,0000,2075
19940824,0000,1032
19940825,0000,1640
19940826,0000,m
19940827,0000,m
19940828,0000,1430
19940829,0000,1398
19940830,0000,1492
19940831,0000,1207
19940901,0000,1495
19940902,0000,m
19940903,0000,m
19940904,0000,m
19940905,0000,1321
19940906,0000,m
19940907,0000,1082
19940908,0000,m
19940909,0000,m
19940910,0000,m
19940911,0000,1043
19940912,0000,1959
19940913,0000,1049
19940914,0000,1089
19940915,0000,1010
19940916,0000,m
19940917,0000,m
19940918,0000,925
19940919,0000,1186
19940920,0000,888
19940921,0000,955
19940922,0000,824
19940923,0000,m
19940924,0000,m
19940925,0000,859
19940926,0000,825
19940927,0000,776
19940928,0000,637
19940929,0000,863
19940930,0000,m
19941001,0000,m
19941002,0000,621
19941003,0000,665
19941004,0000,737
19941005,0000,608
19941006,0000,607
19941007,0000,m
19941008,0000,m
19941009,0000,m
19941010,0000,1602
19941011,0000,696
19941012,0000,948
19941013,0000,2202
19941014,0000,m
19941015,0000,m
19941016,0000,771
19941017,0000,875
19941018,0000,699
19941019,0000,m
19941020,0000,882
19941021,0000,m
19941022,0000,m
19941023,0000,776
19941024,0000,830
19941025,0000,918
19941026,0000,743
19941027,0000,655
19941028,0000,m
19941029,0000,m
19941030,0000,1138
19941031,0000,130
19941101,0000,177
19941102,0000,177
19941103,0000,268
19941104,0000,268
19941105,0000,m
19941106,0000,245
19941107,0000,245
19941108,0000,264
19941109,0000,247
19941110,0000,256
19941111,0000,m
19941112,0000,m
19941113,0000,240
19941114,0000,240
19941115,0000,35
19941116,0000,232
19941117,0000,291
19941118,0000,426
19941119,0000,m
19941120,0000,255
19941121,0000,255
19941122,0000,245
19941123,0000,241
19941124,0000,m
19941125,0000,m
19941126,0000,m
19941127,0000,253
19941128,0000,253
19941129,0000,253
19941130,0000,255
19941201,0000,252
19941202,0000,250
19941203,0000,m
19941204,0000,250
19941205,0000,250
19941206,0000,248
19941207,0000,247
19941208,0000,247
19941209,0000,247
19941210,0000,m
19941211,0000,250
19941212,0000,250
19941213,0000,250
19941214,0000,248
19941215,0000,248
19941216,0000,259
19941217,0000,m
19941218,0000,255
19941219,0000,255
19941220,0000,252
19941221,0000,252
19941222,0000,252
19941223,0000,m
19941224,0000,m
19941225,0000,m
19941226,0000,242
19941227,0000,242
19941228,0000,268
19941229,0000,224
19941230,0000,268
19941231,0000,m
19950101,0000,m
19950102,0000,250
19950103,0000,250
19950104,0000,268
19950105,0000,268
19950106,0000,190
19950107,0000,m
19950108,0000,268
19950109,0000,268
19950110,0000,280
19950111,0000,284
19950112,0000,245
19950113,0000,245
19950114,0000,m
19950115,0000,0
19950116,0000,221
19950117,0000,221
19950118,0000,248
19950119,0000,244
19950120,0000,242
19950121,0000,m
19950122,0000,265
19950123,0000,265
19950124,0000,264
19950125,0000,372
19950126,0000,175
19950127,0000,209
19950128,0000,m
19950129,0000,177
19950130,0000,177
19950131,0000,197
19950201,0000,164
19950202,0000,198
19950203,0000,195
19950204,0000,m
19950205,0000,235
19950206,0000,235
19950207,0000,180
19950208,0000,182
19950209,0000,206
19950210,0000,211
19950211,0000,m
19950212,0000,194
19950213,0000,194
19950214,0000,209
19950215,0000,209
19950216,0000,206
19950217,0000,212
19950218,0000,m
19950219,0000,m
19950220,0000,217
19950221,0000,217
19950222,0000,222
19950223,0000,222
19950224,0000,211
19950225,0000,m
19950226,0000,212
19950227,0000,212
19950228,0000,211
19950301,0000,73
19950302,0000,39
19950303,0000,48
19950304,0000,m
19950305,0000,25
19950306,0000,25
19950307,0000,31
19950308,0000,26
19950309,0000,69
19950310,0000,296
19950311,0000,m
19950312,0000,2737
19950313,0000,2737
19950314,0000,3089
19950315,0000,3089
19950316,0000,3098
19950317,0000,3100
19950318,0000,6139
19950319,0000,3100
19950320,0000,3100
19950321,0000,3105
19950322,0000,3098
19950323,0000,2822
19950324,0000,3072
19950325,0000,m
19950326,0000,4000
19950327,0000,4000
19950328,0000,4000
19950329,0000,4000
19950330,0000,4000
19950331,0000,3998
19950401,0000,m
19950402,0000,4000
19950403,0000,4000
19950404,0000,4000
19950405,0000,4000
19950406,0000,4000
19950407,0000,4000
19950408,0000,m
19950409,0000,4000
19950410,0000,4000
19950411,0000,4002
19950412,0000,4000
19950413,0000,3998
19950414,0000,3998
19950415,0000,m
19950416,0000,4000
19950417,0000,4000
19950418,0000,4000
19950419,0000,3817
19950420,0000,3800
19950421,0000,m
19950422,0000,m
19950423,0000,3803
19950424,0000,3995
19950425,0000,4055
19950426,0000,4026
19950427,0000,4027
19950428,0000,m
19950429,0000,m
19950430,0000,4230
19950501,0000,4690
19950502,0000,4732
19950503,0000,4733
19950504,0000,4730
19950505,0000,m
19950506,0000,m
19950507,0000,4730
19950508,0000,4730
19950509,0000,4730
19950510,0000,4732
19950511,0000,4728
19950512,0000,m
19950513,0000,m
19950514,0000,4730
19950515,0000,4730
19950516,0000,4730
19950517,0000,m
19950518,0000,4730
19950519,0000,m
19950520,0000,m
19950521,0000,4853
19950522,0000,4852
19950523,0000,4875
19950524,0000,5051
19950525,0000,5098
19950526,0000,m
19950527,0000,m
19950528,0000,m
19950529,0000,5102
19950530,0000,5100
19950531,0000,5141
19950601,0000,5148
19950602,0000,m
19950603,0000,m
19950604,0000,5200
19950605,0000,5096
19950606,0000,5100
19950607,0000,5097
19950608,0000,5519
19950609,0000,m
19950610,0000,m
19950611,0000,5500
19950612,0000,5500
19950613,0000,5505
19950614,0000,5498
19950615,0000,4984
19950616,0000,m
19950617,0000,m
19950618,0000,5552
19950619,0000,5548
19950620,0000,5550
19950621,0000,4970
19950622,0000,4471
19950623,0000,m
19950624,0000,m
19950625,0000,3100
19950626,0000,4184
19950627,0000,4093
19950628,0000,m
19950629,0000,4554
19950630,0000,m
19950701,0000,m
19950702,0000,4109
19950703,0000,m
19950704,0000,5120
19950705,0000,5865
19950706,0000,6449
19950707,0000,m
19950708,0000,m
19950709,0000,7659
19950710,0000,7803
19950711,0000,7800
19950712,0000,7800
19950713,0000,6840
19950714,0000,m
19950715,0000,m
19950716,0000,3821
19950717,0000,3173
19950718,0000,3061
19950719,0000,3055
19950720,0000,3048
19950721,0000,m
19950722,0000,m
19950723,0000,m
19950724,0000,3050
19950725,0000,3095
19950726,0000,2150
19950727,0000,2697
19950728,0000,m
19950729,0000,m
19950730,0000,2600
19950731,0000,2827
19950801,0000,2671
19950802,0000,2114
19950803,0000,2304
19950804,0000,m
19950805,0000,m
19950806,0000,2176
19950807,0000,2679
19950808,0000,2634
19950809,0000,2577
19950810,0000,2222
19950811,0000,m
19950812,0000,m
19950813,0000,2535
19950814,0000,2347
19950815,0000,2542
19950816,0000,2588
19950817,0000,2406
19950818,0000,m
19950819,0000,m
19950820,0000,2488
19950821,0000,2389
19950822,0000,2573
19950823,0000,2805
19950824,0000,1571
19950825,0000,m
19950826,0000,m
19950827,0000,1909
19950828,0000,1913
19950829,0000,1922
19950830,0000,1921
19950831,0000,1947
19950901,0000,m
19950902,0000,m
19950903,0000,m
19950904,0000,1983
19950905,0000,2087
19950906,0000,2084
19950907,0000,2210
19950908,0000,m
19950909,0000,m
19950910,0000,2356
19950911,0000,2353
19950912,0000,2348
19950913,0000,2364
19950914,0000,2352
19950915,0000,m
19950916,0000,m
19950917,0000,2355
19950918,0000,2343
19950919,0000,2649
19950920,0000,2750
19950921,0000,2713
19950922,0000,m
19950923,0000,m
19950924,0000,1607
19950925,0000,1592
19950926,0000,1503
19950927,0000,1056
19950928,0000,1852
19950929,0000,m
19950930,0000,m
19951001,0000,4142
19951002,0000,4140
19951003,0000,4140
19951004,0000,4054
19951005,0000,4042
19951006,0000,m
19951007,0000,m
19951008,0000,m
19951009,0000,4080
19951010,0000,4080
19951011,0000,4043
19951012,0000,4040
19951013,0000,m
19951014,0000,m
19951015,0000,1994
19951016,0000,1801
19951017,0000,1187
19951018,0000,1487
19951019,0000,1105
19951020,0000,m
19951021,0000,m
19951022,0000,1311
19951023,0000,1623
19951024,0000,1034
19951025,0000,1175
19951026,0000,1311
19951027,0000,m
19951028,0000,m
19951029,0000,1220
19951030,0000,860
19951031,0000,690
19951101,0000,349
19951102,0000,678
19951103,0000,m
19951104,0000,m
19951105,0000,404
19951106,0000,845
19951107,0000,523
19951108,0000,111
19951109,0000,m
19951110,0000,m
19951111,0000,m
19951112,0000,300
19951113,0000,507
19951114,0000,500
19951115,0000,522
19951116,0000,388
19951117,0000,m
19951118,0000,m
19951119,0000,440
19951120,0000,567
19951121,0000,437
19951122,0000,m
19951123,0000,m
19951124,0000,m
19951125,0000,m
19951126,0000,686
19951127,0000,350
19951128,0000,553
19951129,0000,453
19951130,0000,549
19951201,0000,m
19951202,0000,m
19951203,0000,583
19951204,0000,570
19951205,0000,398
19951206,0000,458
19951207,0000,504
19951208,0000,m
19951209,0000,m
19951210,0000,618
19951211,0000,718
19951212,0000,480
19951213,0000,218
19951214,0000,602
19951215,0000,m
19951216,0000,m
19951217,0000,m
19951218,0000,m
19951219,0000,m
19951220,0000,m
19951221,0000,m
19951222,0000,m
19951223,0000,m
19951224,0000,m
19951225,0000,1178
19951226,0000,997
19951227,0000,m
19951228,0000,m
19951229,0000,m
19951230,0000,m
19951231,0000,m
19960101,0000,1029
19960102,0000,m
19960103,0000,m
19960104,0000,m
19960105,0000,m
19960106,0000,m
19960107,0000,257
19960108,0000,260
19960109,0000,260
19960110,0000,260
19960111,0000,260
19960112,0000,m
19960113,0000,m
19960114,0000,m
19960115,0000,82
19960116,0000,166
19960117,0000,303
19960118,0000,341
19960119,0000,m
19960120,0000,m
19960121,0000,233
19960122,0000,227
19960123,0000,227
19960124,0000,261
19960125,0000,189
19960126,0000,m
19960127,0000,m
19960128,0000,164
19960129,0000,212
19960130,0000,227
19960131,0000,248
19960201,0000,223
19960204,0000,318
19960205,0000,102
19960207,0000,2675
19960208,0000,2507
19960211,0000,3029
19960212,0000,3054
19960213,0000,2677
19960214,0000,2972
19960215,0000,3230
19960219,0000,2950
19960221,0000,2778
19960222,0000,3064
19960225,0000,2997
19960226,0000,3017
19960227,0000,3017
19960228,0000,2992
19960229,0000,2989
19960303,0000,3009
19960304,0000,2953
19960305,0000,2974
19960306,0000,3017
19960310,0000,3003
19960311,0000,3006
19960312,0000,3006
19960313,0000,3002
19960314,0000,2997
19960317,0000,2991
19960318,0000,2995
19960320,0000,3052
19960321,0000,3081
19960324,0000,3000
19960325,0000,3000
19960326,0000,3000
19960327,0000,3006
19960328,0000,2468
19960331,0000,2121
19960401,0000,2356
19960402,0000,2319
19960403,0000,m
19960404,0000,m
19960405,0000,m
19960406,0000,m
19960407,0000,673
19960408,0000,990
19960409,0000,m
19960410,0000,m
19960411,0000,1089
19960412,0000,m
19960413,0000,m
19960414,0000,987
19960415,0000,2907
19960416,0000,m
19960417,0000,2614
19960418,0000,1862
19960419,0000,m
19960420,0000,m
19960421,0000,2103
19960422,0000,2113
19960423,0000,2063
19960424,0000,2293
19960425,0000,m
19960426,0000,m
19960427,0000,m
19960428,0000,m
19960429,0000,2780
19960430,0000,m
19960501,0000,m
19960502,0000,2801
19960503,0000,m
19960504,0000,m
19960505,0000,2733
19960506,0000,2729
19960507,0000,m
19960508,0000,2815
19960509,0000,2827
19960510,0000,m
19960511,0000,m
19960512,0000,2818
19960513,0000,2827
19960514,0000,2872
19960515,0000,2813
19960516,0000,2825
19960517,0000,m
19960518,0000,m
19960519,0000,2741
19960520,0000,2802
19960521,0000,m
19960522,0000,2859
19960523,0000,2237
19960524,0000,m
19960525,0000,m
19960526,0000,m
19960527,0000,1134
19960528,0000,1675
19960529,0000,1170
19960530,0000,2284
19960531,0000,m
19960601,0000,m
19960602,0000,2459
19960603,0000,2455
19960604,0000,m
19960605,0000,2379
19960606,0000,m
19960607,0000,m
19960608,0000,m
19960609,0000,m
19960610,0000,3286
19960611,0000,m
19960612,0000,m
19960613,0000,2000
19960614,0000,m
19960615,0000,m
19960616,0000,2060
19960617,0000,2103
19960618,0000,2063
19960619,0000,1950
19960620,0000,m
19960621,0000,m
19960622,0000,m
19960623,0000,1887
19960624,0000,m
19960625,0000,m
19960626,0000,2103
19960627,0000,1866
19960628,0000,m
19960629,0000,m
19960630,0000,1587
19960701,0000,1965
19960702,0000,1899
19960703,0000,m
19960704,0000,1863
19960705,0000,m
19960706,0000,m
19960707,0000,1956
19960708,0000,2082
19960709,0000,2015
19960710,0000,1892
19960711,0000,m
19960712,0000,m
19960713,0000,m
19960714,0000,m
19960715,0000,3766
19960716,0000,m
19960717,0000,m
19960718,0000,m
19960719,0000,m
19960720,0000,m
19960721,0000,m
19960722,0000,3980
19960723,0000,m
19960724,0000,m
19960725,0000,m
19960726,0000,m
19960727,0000,m
19960728,0000,m
19960729,0000,3964
19960730,0000,m
19960731,0000,m
19960801,0000,m
19960802,0000,m
19960803,0000,m
19960804,0000,m
19960805,0000,2132
19960806,0000,m
19960807,0000,m
19960808,0000,m
19960809,0000,m
19960810,0000,m
19960811,0000,m
19960812,0000,m
19960813,0000,m
19960814,0000,m
19960815,0000,m
19960816,0000,m
19960817,0000,m
19960818,0000,m
19960819,0000,3343
19960820,0000,m
19960821,0000,m
19960822,0000,1748
19960823,0000,1746
19960824,0000,1781
19960825,0000,1713
19960826,0000,3575
19960827,0000,1608
19960828,0000,1747
19960829,0000,1611
19960830,0000,1612
19960831,0000,1564
19960901,0000,1720
19960902,0000,1584
19960903,0000,1507
19960904,0000,1676
19960905,0000,1505
19960906,0000,1551
19960907,0000,1368
19960908,0000,1536
19960909,0000,1288
19960910,0000,1321
19960911,0000,1423
19960912,0000,1332
19960913,0000,1459
19960914,0000,1480
19960915,0000,1353
19960916,0000,1245
19960917,0000,1730
19960918,0000,1187
19960919,0000,807
19960920,0000,1173
19960921,0000,1825
19960922,0000,1125
19960923,0000,1238
19960924,0000,1007
19960925,0000,1235
19960926,0000,1236
19960927,0000,1215
19960928,0000,1136
19960929,0000,1013
19960930,0000,1182
19961001,0000,1504
19961002,0000,565
19961003,0000,1400
19961004,0000,558
19961005,0000,1121
19961006,0000,707
19961007,0000,996
19961008,0000,1209
19961009,0000,1419
19961010,0000,m
19961011,0000,1313
19961012,0000,1359
19961013,0000,1225
19961014,0000,1864
19961015,0000,1882
19961016,0000,1973
19961017,0000,2133
19961018,0000,1895
19961019,0000,1392
19961020,0000,1012
19961021,0000,998
19961022,0000,1005
19961023,0000,939
19961024,0000,956
19961025,0000,899
19961026,0000,924
19961027,0000,1045
19961028,0000,867
19961029,0000,548
19961030,0000,320
19961031,0000,254
19961101,0000,398
19961102,0000,259
19961103,0000,265
19961104,0000,290
19961105,0000,272
19961106,0000,340
19961107,0000,354
19961108,0000,724
19961109,0000,42
19961110,0000,42
19961111,0000,460
19961112,0000,36
19961113,0000,368
19961114,0000,215
19961115,0000,48
19961116,0000,51
19961117,0000,193
19961118,0000,42
19961119,0000,488
19961120,0000,459
19961121,0000,54
19961122,0000,712
19961123,0000,43
19961124,0000,36
19961125,0000,389
19961126,0000,247
19961127,0000,590
19961128,0000,43
19961129,0000,544
19961130,0000,44
19961201,0000,2765
19961202,0000,0
19961203,0000,0
19961204,0000,0
19961205,0000,0
19961206,0000,0
19961207,0000,0
19961208,0000,0
19961209,0000,0
19961210,0000,0
19961211,0000,0
19961212,0000,0
19961213,0000,6911
19961214,0000,11383
19961215,0000,10243
19961216,0000,10991
19961217,0000,10996
19961218,0000,10996
19961219,0000,10996
19961220,0000,11367
19961221,0000,8928
19961222,0000,11808
19961223,0000,11550
19961224,0000,11348
19961225,0000,11211
19961226,0000,11211
19961227,0000,11179
19961228,0000,11115
19961229,0000,11094
19961230,0000,11346
19961231,0000,11379
19970101,0000,11803
19970102,0000,5825
19970103,0000,11734
19970104,0000,11449
19970105,0000,1580
19970106,0000,1580
19970107,0000,1580
19970108,0000,1580
19970109,0000,1580
19970110,0000,1265
19970111,0000,900
19970112,0000,850
19970113,0000,680
19970114,0000,680
19970115,0000,680
19970116,0000,7998
19970117,0000,7998
19970118,0000,8000
19970119,0000,8004
19970120,0000,6771
19970121,0000,7092
19970122,0000,5542
19970123,0000,7087
19970124,0000,7917
19970125,0000,7496
19970126,0000,7218
19970127,0000,7500
19970128,0000,8012
19970129,0000,8000
19970130,0000,8000
19970131,0000,7998
19970201,0000,7998
19970202,0000,7998
19970203,0000,8004
19970204,0000,8003
19970205,0000,7950
19970206,0000,7982
19970207,0000,7990
19970208,0000,7990
19970209,0000,7992
19970210,0000,7148
19970211,0000,6022
19970212,0000,5998
19970213,0000,6000
19970214,0000,5998
19970215,0000,6000
19970216,0000,6000
19970217,0000,5998
19970218,0000,6002
19970219,0000,6003
19970220,0000,5998
19970221,0000,6002
19970222,0000,5998
19970223,0000,6000
19970224,0000,6002
19970225,0000,6000
19970226,0000,5964
19970227,0000,5872
19970228,0000,4580
19970301,0000,4500
19970302,0000,4498
19970303,0000,2920
19970304,0000,2174
19970305,0000,2561
19970306,0000,2561
19970307,0000,1759
19970308,0000,1860
19970309,0000,2128
19970310,0000,2019
19970311,0000,2047
19970312,0000,1852
19970313,0000,2021
19970314,0000,m
19970315,0000,m
19970316,0000,1963
19970317,0000,2003
19970318,0000,2023
19970319,0000,1968
19970320,0000,1962
19970321,0000,1917
19970322,0000,1943
19970323,0000,1928
19970324,0000,1626
19970325,0000,1600
19970326,0000,1783
19970327,0000,1655
19970328,0000,1784
19970329,0000,1703
19970330,0000,1729
19970331,0000,1733
19970401,0000,1721
19970402,0000,1592
19970403,0000,1768
19970404,0000,1485
19970405,0000,1077
19970406,0000,1195
19970407,0000,1182
19970408,0000,1170
19970409,0000,1325
19970410,0000,1289
19970411,0000,1182
19970412,0000,1169
19970413,0000,1289
19970414,0000,1442
19970415,0000,1612
19970416,0000,2026
19970417,0000,2295
19970418,0000,2671
19970419,0000,2573
19970420,0000,2558
19970421,0000,1696
19970422,0000,1718
19970423,0000,1518
19970424,0000,1535
19970425,0000,1643
19970426,0000,1504
19970427,0000,1647
19970428,0000,1647
19970429,0000,1780
19970430,0000,2387
19970501,0000,2476
19970502,0000,2709
19970503,0000,2510
19970504,0000,2378
19970505,0000,2793
19970506,0000,2361
19970507,0000,2440
19970508,0000,2341
19970509,0000,2412
19970510,0000,3203
19970511,0000,1752
19970512,0000,1601
19970513,0000,1619
19970514,0000,1888
19970515,0000,1727
19970516,0000,1821
19970517,0000,1704
19970518,0000,1702
19970519,0000,1857
19970520,0000,1680
19970521,0000,1675
19970522,0000,1811
19970523,0000,1811
19970524,0000,1758
19970525,0000,1468
19970526,0000,1528
19970527,0000,1528
19970528,0000,1600
19970529,0000,1677
19970530,0000,1703
19970531,0000,1893
19970601,0000,1838
19970602,0000,1871
19970603,0000,1863
19970604,0000,1863
19970605,0000,2019
19970606,0000,1358
19970607,0000,1584
19970608,0000,1672
19970609,0000,1553
19970610,0000,1813
19970611,0000,1698
19970612,0000,1889
19970613,0000,1817
19970614,0000,1765
19970615,0000,1676
19970616,0000,1974
19970617,0000,1801
19970618,0000,1848
19970619,0000,1921
19970620,0000,1903
19970621,0000,2057
19970622,0000,1828
19970623,0000,1870
19970624,0000,1761
19970625,0000,1861
19970626,0000,1963
19970627,0000,2059
19970628,0000,1862
19970629,0000,1822
19970630,0000,1690
19970701,0000,1690
19970702,0000,1848
19970703,0000,1865
19970704,0000,1820
19970705,0000,1902
19970706,0000,1987
19970707,0000,1987
19970708,0000,1294
19970709,0000,1885
19970710,0000,2046
19970711,0000,1988
19970712,0000,2030
19970713,0000,1823
19970714,0000,2030
19970715,0000,1904
19970716,0000,1904
19970717,0000,1996
19970718,0000,1928
19970719,0000,1804
19970720,0000,1819
19970721,0000,1955
19970722,0000,1855
19970723,0000,1887
19970724,0000,1918
19970725,0000,1851
19970726,0000,1864
19970727,0000,1773
19970728,0000,1760
19970729,0000,1705
19970730,0000,1802
19970731,0000,1729
19970801,0000,1809
19970802,0000,1670
19970803,0000,1661
19970804,0000,1745
19970805,0000,1754
19970806,0000,1934
19970807,0000,1763
19970808,0000,1764
19970809,0000,1684
19970810,0000,1728
19970811,0000,1712
19970812,0000,1671
19970813,0000,1562
19970814,0000,1655
19970815,0000,1697
19970816,0000,1451
19970817,0000,1523
19970818,0000,1549
19970819,0000,1457
19970820,0000,1490
19970821,0000,1451
19970822,0000,1636
19970823,0000,1449
19970824,0000,1431
19970825,0000,1371
19970826,0000,1382
19970827,0000,1394
19970828,0000,1340
19970829,0000,1321
19970830,0000,1345
19970831,0000,1271
19970901,0000,1185
19970902,0000,1255
19970903,0000,1175
19970904,0000,1169
19970905,0000,1629
19970906,0000,1116
19970907,0000,944
19970908,0000,1119
19970909,0000,1370
19970910,0000,1071
19970911,0000,1166
19970912,0000,1275
19970913,0000,1061
19970914,0000,1110
19970915,0000,1061
19970916,0000,1042
19970917,0000,1084
19970918,0000,980
19970919,0000,951
19970920,0000,992
19970921,0000,1009
19970922,0000,923
19970923,0000,1015
19970924,0000,923
19970925,0000,955
19970926,0000,977
19970927,0000,1029
19970928,0000,977
19970929,0000,1033
19970930,0000,954
19971001,0000,1402
19971002,0000,1402
19971003,0000,930
19971004,0000,1016
19971005,0000,826
19971006,0000,966
19971007,0000,809
19971008,0000,893
19971009,0000,695
19971010,0000,863
19971011,0000,777
19971012,0000,561
19971013,0000,773
19971014,0000,805
19971015,0000,785
19971016,0000,810
19971017,0000,1286
19971018,0000,767
19971019,0000,665
19971020,0000,877
19971021,0000,706
19971022,0000,856
19971023,0000,853
19971024,0000,853
19971025,0000,838
19971026,0000,811
19971027,0000,548
19971028,0000,492
19971029,0000,512
19971030,0000,562
19971031,0000,262
19971101,0000,136
19971102,0000,487
19971103,0000,309
19971104,0000,53
19971105,0000,47
19971106,0000,46
19971107,0000,367
19971108,0000,388
19971109,0000,378
19971110,0000,54
19971111,0000,51
19971112,0000,50
19971113,0000,306
19971114,0000,466
19971115,0000,47
19971116,0000,32
19971117,0000,26
19971118,0000,153
19971119,0000,143
19971120,0000,224
19971121,0000,493
19971122,0000,95
19971123,0000,194
19971124,0000,303
19971125,0000,179
19971126,0000,135
19971127,0000,220
19971128,0000,198
19971129,0000,182
19971130,0000,270
19971201,0000,222
19971202,0000,159
19971203,0000,182
19971204,0000,200
19971205,0000,255
19971206,0000,55
19971207,0000,156
19971208,0000,235
19971209,0000,37
19971210,0000,178
19971211,0000,195
19971212,0000,449
19971213,0000,122
19971214,0000,191
19971215,0000,198
19971216,0000,232
19971217,0000,236
19971218,0000,289
19971219,0000,317
19971220,0000,104
19971221,0000,58
19971222,0000,150
19971223,0000,194
19971224,0000,194
19971225,0000,180
19971226,0000,222
19971227,0000,220
19971228,0000,177
19971229,0000,202
19971230,0000,231
19971231,0000,190
19980101,0000,188
19980102,0000,273
19980103,0000,62
19980104,0000,240
19980105,0000,291
19980106,0000,162
19980107,0000,234
19980108,0000,125
19980109,0000,175
19980110,0000,211
19980111,0000,250
19980112,0000,232
19980113,0000,158
19980114,0000,271
19980115,0000,22
19980116,0000,695
19980117,0000,620
19980118,0000,653
19980119,0000,671
19980120,0000,768
19980121,0000,684
19980122,0000,655
19980123,0000,764
19980124,0000,703
19980125,0000,907
19980126,0000,720
19980127,0000,533
19980128,0000,732
19980129,0000,2430
19980130,0000,533
19980131,0000,m
19980201,0000,2807
19980202,0000,2807
19980203,0000,2152
19980204,0000,4590
19980205,0000,4870
19980206,0000,4865
19980207,0000,4245
19980208,0000,4664
19980209,0000,4933
19980210,0000,4712
19980211,0000,4894
19980212,0000,4962
19980213,0000,4581
19980214,0000,3332
19980215,0000,4751
19980216,0000,4919
19980217,0000,4939
19980218,0000,4933
19980219,0000,4231
19980220,0000,3569
19980221,0000,3823
19980222,0000,3813
19980223,0000,4154
19980224,0000,3811
19980225,0000,3788
19980226,0000,3782
19980227,0000,3194
19980228,0000,3181
19980301,0000,3191
19980302,0000,1803
19980303,0000,2928
19980304,0000,2544
19980305,0000,2944
19980306,0000,1804
19980307,0000,2938
19980308,0000,2615
19980309,0000,2717
19980310,0000,2662
19980311,0000,2677
19980312,0000,2698
19980313,0000,2120
19980314,0000,1958
19980315,0000,1929
19980316,0000,1566
19980317,0000,1447
19980318,0000,1577
19980319,0000,1400
19980320,0000,1603
19980321,0000,1480
19980322,0000,1453
19980323,0000,1513
19980324,0000,1511
19980325,0000,3979
19980326,0000,4740
19980327,0000,3455
19980328,0000,3073
19980329,0000,2859
19980330,0000,3032
19980331,0000,2357
19980401,0000,2738
19980402,0000,2849
19980403,0000,2730
19980404,0000,2743
19980405,0000,2712
19980406,0000,2617
19980407,0000,2692
19980408,0000,2682
19980409,0000,2609
19980410,0000,3233
19980411,0000,3244
19980412,0000,3226
19980413,0000,3244
19980414,0000,3005
19980415,0000,3187
19980416,0000,3238
19980417,0000,3226
19980418,0000,3223
19980419,0000,3219
19980420,0000,3213
19980421,0000,3182
19980422,0000,3157
19980423,0000,3163
19980424,0000,3136
19980425,0000,3171
19980426,0000,3122
19980427,0000,3438
19980428,0000,3166
19980429,0000,3193
19980430,0000,3189
19980501,0000,3197
19980502,0000,3167
19980503,0000,3169
19980504,0000,3500
19980505,0000,3657
19980506,0000,3413
19980507,0000,3168
19980508,0000,3171
19980509,0000,3165
19980510,0000,3169
19980511,0000,3184
19980512,0000,3930
19980513,0000,3600
19980514,0000,3771
19980515,0000,3675
19980516,0000,3723
19980517,0000,3683
19980518,0000,3690
19980519,0000,3691
19980520,0000,3687
19980521,0000,3710
19980522,0000,3706
19980523,0000,3728
19980524,0000,3711
19980525,0000,3706
19980526,0000,3708
19980527,0000,3698
19980528,0000,3707
19980529,0000,3687
19980530,0000,3703
19980531,0000,m
19980601,0000,3716
19980602,0000,3711
19980603,0000,3711
19980604,0000,3709
19980605,0000,3670
19980606,0000,3688
19980607,0000,3667
19980608,0000,3667
19980609,0000,3687
19980610,0000,3691
19980611,0000,3743
19980612,0000,3758
19980613,0000,3763
19980614,0000,3753
19980615,0000,3977
19980616,0000,4347
19980617,0000,4334
19980618,0000,3745
19980619,0000,4312
19980620,0000,4557
19980621,0000,4484
19980622,0000,4456
19980623,0000,4502
19980624,0000,4096
19980625,0000,4042
19980626,0000,4041
19980627,0000,3694
19980628,0000,3602
19980629,0000,3841
19980630,0000,3710
19980701,0000,3686
19980702,0000,3687
19980703,0000,4501
19980704,0000,4268
19980705,0000,4182
19980706,0000,4687
19980707,0000,4718
19980708,0000,5527
19980709,0000,5395
19980710,0000,5404
19980711,0000,4592
19980712,0000,4556
19980713,0000,4198
19980714,0000,4500
19980715,0000,4632
19980716,0000,4613
19980717,0000,4613
19980718,0000,2914
19980719,0000,2659
19980720,0000,2925
19980721,0000,4234
19980722,0000,4760
19980723,0000,4103
19980724,0000,3035
19980725,0000,2877
19980726,0000,2871
19980727,0000,2874
19980728,0000,2874
19980729,0000,2391
19980730,0000,2857
19980731,0000,2577
19980801,0000,m
19980802,0000,m
19980803,0000,2758
19980804,0000,2456
19980805,0000,2662
19980806,0000,m
19980807,0000,2582
19980808,0000,m
19980809,0000,m
19980810,0000,2448
19980811,0000,2586
19980812,0000,m
19980813,0000,2649
19980814,0000,2338
19980815,0000,m
19980816,0000,m
19980817,0000,2406
19980818,0000,2447
19980819,0000,2623
19980820,0000,m
19980821,0000,2618
19980822,0000,m
19980823,0000,m
19980824,0000,2674
19980825,0000,2665
19980826,0000,2629
19980827,0000,2526
19980828,0000,2555
19980829,0000,m
19980830,0000,m
19980831,0000,2668
19980901,0000,2568
19980902,0000,2632
19980903,0000,2629
19980904,0000,2580
19980905,0000,m
19980906,0000,m
19980907,0000,m
19980908,0000,2686
19980909,0000,2649
19980910,0000,2674
19980911,0000,2674
19980912,0000,m
19980913,0000,m
19980914,0000,2521
19980915,0000,2737
19980916,0000,2527
19980917,0000,2549
19980918,0000,2581
19980919,0000,m
19980920,0000,m
19980921,0000,2412
19980922,0000,2322
19980923,0000,2065
19980924,0000,2106
19980925,0000,2123
19980926,0000,m
19980927,0000,m
19980928,0000,2272
19980929,0000,2161
19980930,0000,2198
19981001,0000,2371
19981002,0000,2599
19981003,0000,m
19981004,0000,m
19981005,0000,2746
19981006,0000,2679
19981007,0000,2201
19981008,0000,2820
19981009,0000,2692
19981010,0000,m
19981011,0000,m
19981012,0000,m
19981013,0000,2550
19981014,0000,2626
19981015,0000,2597
19981016,0000,2452
19981017,0000,m
19981018,0000,m
19981019,0000,1507
19981020,0000,961
19981021,0000,886
19981022,0000,1108
19981023,0000,1009
19981024,0000,m
19981025,0000,m
19981026,0000,1088
19981027,0000,968
19981028,0000,991
19981029,0000,1041
19981030,0000,610
19981031,0000,m
19981101,0000,m
19981102,0000,501
19981103,0000,284
19981104,0000,304
19981105,0000,303
19981106,0000,303
19981107,0000,m
19981108,0000,m
19981109,0000,303
19981110,0000,302
19981111,0000,m
19981112,0000,255
19981113,0000,256
19981114,0000,m
19981115,0000,m
19981116,0000,256
19981117,0000,254
19981118,0000,110
19981119,0000,87
19981120,0000,76
19981121,0000,m
19981122,0000,m
19981123,0000,675
19981124,0000,275
19981125,0000,271
19981126,0000,m
19981127,0000,m
19981128,0000,m
19981129,0000,m
19981130,0000,280
19981201,0000,294
19981202,0000,294
19981203,0000,298
19981204,0000,305
19981205,0000,m
19981206,0000,m
19981207,0000,298
19981208,0000,474
19981209,0000,473
19981210,0000,m
19981211,0000,380
19981212,0000,m
19981213,0000,m
19981214,0000,402
19981215,0000,506
19981216,0000,477
19981217,0000,467
19981218,0000,382
19981219,0000,m
19981220,0000,m
19981221,0000,388
19981222,0000,671
19981223,0000,685
19981224,0000,685
19981225,0000,m
19981226,0000,m
19981227,0000,m
19981228,0000,486
19981229,0000,486
19981230,0000,492
19981231,0000,487
19990101,0000,m
19990102,0000,m
19990103,0000,m
19990104,0000,384
19990105,0000,390
19990106,0000,543
19990107,0000,518
19990108,0000,489
19990109,0000,m
19990110,0000,m
19990111,0000,442
19990112,0000,462
19990113,0000,478
19990114,0000,484
19990115,0000,573
19990116,0000,m
19990117,0000,m
19990118,0000,m
19990119,0000,581
19990120,0000,m
19990121,0000,498
19990122,0000,1700
19990123,0000,m
19990124,0000,m
19990125,0000,1925
19990126,0000,1956
19990127,0000,1247
19990128,0000,1076
19990129,0000,446
19990130,0000,465
19990131,0000,629
19990201,0000,442
19990202,0000,465
19990203,0000,472
19990204,0000,484
19990205,0000,765
19990206,0000,484
19990207,0000,489
19990208,0000,1869
19990209,0000,2538
19990210,0000,2705
19990211,0000,2702
19990212,0000,2086
19990213,0000,1351
19990214,0000,1470
19990215,0000,1529
19990216,0000,1461
19990217,0000,1907
19990218,0000,2102
19990219,0000,2811
19990220,0000,2788
19990221,0000,1778
19990222,0000,1663
19990223,0000,1601
19990224,0000,1538
19990225,0000,1442
19990226,0000,1439
19990227,0000,1220
19990228,0000,955
19990301,0000,919
19990302,0000,1025
19990303,0000,1385
19990304,0000,1308
19990305,0000,1225
19990306,0000,1258
19990307,0000,1239
19990308,0000,1306
19990309,0000,1068
19990310,0000,1269
19990311,0000,1189
19990312,0000,1286
19990313,0000,1138
19990314,0000,1231
19990315,0000,1295
19990316,0000,1266
19990317,0000,1088
19990318,0000,1033
19990319,0000,1054
19990320,0000,1000
19990321,0000,1003
19990322,0000,1100
19990323,0000,1047
19990324,0000,1050
19990325,0000,1050
19990326,0000,1035
19990327,0000,939
19990328,0000,1084
19990329,0000,1000
19990330,0000,1255
19990331,0000,782
19990401,0000,1071
19990402,0000,951
19990403,0000,1250
19990404,0000,1110
19990405,0000,1122
19990406,0000,1249
19990407,0000,1130
19990408,0000,862
19990409,0000,m
19990410,0000,m
19990411,0000,m
19990412,0000,m
19990413,0000,m
19990414,0000,m
19990415,0000,m
19990416,0000,m
19990417,0000,m
19990418,0000,m
19990419,0000,m
19990420,0000,m
19990421,0000,m
19990422,0000,m
19990423,0000,m
19990424,0000,m
19990425,0000,m
19990426,0000,m
19990427,0000,m
19990428,0000,m
19990429,0000,m
19990430,0000,m
19990501,0000,m
19990502,0000,m
19990503,0000,2487
19990504,0000,2516
19990505,0000,2518
19990506,0000,2909
19990507,0000,2629
19990508,0000,2769
19990509,0000,2574
19990510,0000,2100
19990511,0000,2169
19990512,0000,2181
19990513,0000,2340
19990514,0000,1831
19990515,0000,1697
19990516,0000,1726
19990517,0000,1394
19990518,0000,1670
19990519,0000,1570
19990520,0000,1686
19990521,0000,1568
19990522,0000,1728
19990523,0000,1577
19990524,0000,1674
19990525,0000,1503
19990526,0000,1699
19990527,0000,1543
19990528,0000,m
19990529,0000,1637
19990530,0000,1628
19990531,0000,1775
19990601,0000,1803
19990602,0000,1662
19990603,0000,1583
19990604,0000,1677
19990605,0000,1618
19990606,0000,1558
19990607,0000,1519
19990608,0000,1492
19990609,0000,1466
19990610,0000,1478
19990611,0000,1523
19990612,0000,1519
19990613,0000,1737
19990614,0000,1906
19990615,0000,1892
19990616,0000,1860
19990617,0000,1781
19990618,0000,1841
19990619,0000,1758
19990620,0000,1616
19990621,0000,1626
19990622,0000,2014
19990623,0000,1893
19990624,0000,1926
19990625,0000,1878
19990626,0000,1932
19990627,0000,2013
19990628,0000,1727
19990629,0000,1784
19990630,0000,1840
19990701,0000,1927
19990702,0000,1838
19990703,0000,1944
19990704,0000,1956
19990705,0000,2137
19990706,0000,2053
19990707,0000,1855
19990708,0000,1914
19990709,0000,1940
19990710,0000,1856
19990711,0000,1804
19990712,0000,1938
19990713,0000,2029
19990714,0000,1845
19990715,0000,2015
19990716,0000,2109
19990717,0000,1971
19990718,0000,1998
19990719,0000,1882
19990720,0000,1804
19990721,0000,1805
19990722,0000,1861
19990723,0000,1741
19990724,0000,1813
19990725,0000,1884
19990726,0000,1732
19990727,0000,1783
19990728,0000,1906
19990729,0000,m
19990730,0000,1838
19990731,0000,1885
19990801,0000,1714
19990802,0000,1880
19990803,0000,1943
19990804,0000,1544
19990805,0000,1630
19990806,0000,1567
19990807,0000,1658
19990808,0000,1554
19990809,0000,1545
19990810,0000,1403
19990811,0000,1552
19990812,0000,1535
19990813,0000,1546
19990814,0000,1607
19990815,0000,1387
19990816,0000,1690
19990817,0000,1382
19990818,0000,1462
19990819,0000,1602
19990820,0000,1475
19990821,0000,1596
19990822,0000,1620
19990823,0000,1587
19990824,0000,1631
19990825,0000,1521
19990826,0000,1553
19990827,0000,1460
19990828,0000,1455
19990829,0000,1458
19990830,0000,1303
19990831,0000,1135
19990901,0000,1126
19990902,0000,1121
19990903,0000,1195
19990904,0000,1130
19990905,0000,1145
19990906,0000,1169
19990907,0000,1181
19990908,0000,1241
19990909,0000,1157
19990910,0000,1248
19990911,0000,1105
19990912,0000,1145
19990913,0000,1169
19990914,0000,1095
19990915,0000,1146
19990916,0000,1172
19990917,0000,1009
19990918,0000,1024
19990919,0000,825
19990920,0000,1022
19990921,0000,m
19990922,0000,1005
19990923,0000,952
19990924,0000,869
19990925,0000,1066
19990926,0000,1058
19990927,0000,880
19990928,0000,1033
19990929,0000,1153
19990930,0000,850
19991001,0000,1054
19991002,0000,810
19991003,0000,759
19991004,0000,703
19991005,0000,820
19991006,0000,1055
19991007,0000,661
19991008,0000,651
19991009,0000,765
19991010,0000,663
19991011,0000,601
19991012,0000,801
19991013,0000,962
19991014,0000,964
19991015,0000,1297
19991016,0000,1277
19991017,0000,1230
19991018,0000,1228
19991019,0000,1310
19991020,0000,832
19991021,0000,920
19991022,0000,859
19991023,0000,931
19991024,0000,874
19991025,0000,1078
19991026,0000,813
19991027,0000,1016
19991028,0000,745
19991029,0000,779
19991030,0000,614
19991031,0000,617
19991101,0000,137
19991102,0000,37
19991103,0000,66
19991104,0000,60
19991105,0000,548
19991106,0000,501
19991107,0000,285
19991108,0000,59
19991109,0000,58
19991110,0000,61
19991111,0000,344
19991112,0000,356
19991113,0000,354
19991114,0000,354
19991115,0000,53
19991116,0000,66
19991117,0000,38
19991118,0000,47
19991119,0000,214
19991120,0000,1158
19991121,0000,228
19991122,0000,321
19991123,0000,320
19991124,0000,68
19991125,0000,66
19991126,0000,232
19991127,0000,225
19991128,0000,285
19991129,0000,304
19991130,0000,309
19991201,0000,239
19991202,0000,214
19991203,0000,286
19991204,0000,369
19991205,0000,225
19991206,0000,301
19991207,0000,294
19991208,0000,243
19991209,0000,206
19991210,0000,229
19991211,0000,205
19991212,0000,226
19991213,0000,271
19991214,0000,240
19991215,0000,247
19991216,0000,234
19991217,0000,235
19991218,0000,227
19991219,0000,227
19991220,0000,234
19991221,0000,321
19991222,0000,324
19991223,0000,233
19991224,0000,225
19991225,0000,228
19991226,0000,m
19991227,0000,214
19991228,0000,242
19991229,0000,250
19991230,0000,97
19991231,0000,158
20000101,0000,227
20000102,0000,226
20000103,0000,323
20000104,0000,313
20000105,0000,275
20000106,0000,313
20000107,0000,223
20000108,0000,178
20000109,0000,234
20000110,0000,238
20000111,0000,231
20000112,0000,239
20000113,0000,238
20000114,0000,236
20000115,0000,248
20000116,0000,236
20000117,0000,297
20000118,0000,305
20000119,0000,248
20000120,0000,272
20000121,0000,308
20000122,0000,236
20000123,0000,269
20000124,0000,269
20000125,0000,205
20000126,0000,322
20000127,0000,277
20000128,0000,231
20000129,0000,304
20000130,0000,240
20000131,0000,318
20000201,0000,232
20000202,0000,239
20000203,0000,266
20000204,0000,235
20000205,0000,275
20000206,0000,227
20000207,0000,278
20000208,0000,242
20000209,0000,195
20000210,0000,325
20000211,0000,299
20000212,0000,m
20000213,0000,m
20000214,0000,2436
20000215,0000,2802
20000216,0000,2719
20000217,0000,2720
20000218,0000,m
20000219,0000,m
20000220,0000,2689
20000221,0000,2673
20000222,0000,2880
20000223,0000,2524
20000224,0000,2496
20000225,0000,2596
20000226,0000,1853
20000227,0000,2291
20000228,0000,1978
20000229,0000,1935
20000301,0000,2710
20000302,0000,2927
20000303,0000,2918
20000304,0000,2945
20000305,0000,2619
20000306,0000,3061
20000307,0000,3088
20000308,0000,3083
20000309,0000,3047
20000310,0000,3039
20000311,0000,3011
20000312,0000,2674
20000313,0000,2592
20000314,0000,2722
20000315,0000,2288
20000316,0000,1801
20000317,0000,2143
20000318,0000,1925
20000319,0000,m
20000320,0000,2046
20000321,0000,1815
20000322,0000,1781
20000323,0000,1622
20000324,0000,1351
20000325,0000,984
20000326,0000,480
20000327,0000,1029
20000328,0000,763
20000329,0000,851
20000330,0000,810
20000331,0000,919
20000401,0000,1224
20000402,0000,1160
20000403,0000,1121
20000404,0000,1255
20000405,0000,1348
20000406,0000,1121
20000407,0000,1187
20000408,0000,1210
20000409,0000,1326
20000410,0000,1553
20000411,0000,1215
20000412,0000,1319
20000413,0000,1304
20000414,0000,1243
20000415,0000,1283
20000416,0000,1149
20000417,0000,1397
20000418,0000,2759
20000419,0000,2536
20000420,0000,2360
20000421,0000,m
20000422,0000,2509
20000423,0000,m
20000424,0000,2192
20000425,0000,2718
20000426,0000,2732
20000427,0000,2011
20000428,0000,2355
20000429,0000,2339
20000430,0000,2544
20000501,0000,1912
20000502,0000,1858
20000503,0000,1859
20000504,0000,1824
20000505,0000,1957
20000506,0000,1908
20000507,0000,1956
20000508,0000,1840
20000509,0000,1834
20000510,0000,1980
20000511,0000,2109
20000512,0000,1506
20000513,0000,1176
20000514,0000,1266
20000515,0000,1711
20000516,0000,m
20000517,0000,m
20000518,0000,m
20000519,0000,m
20000520,0000,m
20000521,0000,m
20000522,0000,m
20000523,0000,m
20000524,0000,m
20000525,0000,m
20000526,0000,1847
20000527,0000,1906
20000528,0000,1723
20000529,0000,1731
20000530,0000,1585
20000531,0000,1797
20000601,0000,1756
20000602,0000,1718
20000603,0000,1949
20000604,0000,1813
20000605,0000,m
20000606,0000,m
20000607,0000,m
20000608,0000,m
20000609,0000,m
20000610,0000,m
20000611,0000,m
20000612,0000,m
20000613,0000,m
20000614,0000,m
20000615,0000,m
20000616,0000,m
20000617,0000,m
20000618,0000,m
20000619,0000,m
20000620,0000,m
20000621,0000,m
20000622,0000,m
20000623,0000,m
20000624,0000,m
20000625,0000,m
20000626,0000,m
20000627,0000,m
20000628,0000,m
20000629,0000,m
20000630,0000,m
20000701,0000,m
20000702,0000,m
20000703,0000,m
20000704,0000,m
20000705,0000,m
20000706,0000,m
20000707,0000,m
20000708,0000,m
20000709,0000,m
20000710,0000,m
20000711,0000,m
20000712,0000,m
20000713,0000,m
20000714,0000,m
20000715,0000,m
20000716,0000,m
20000717,0000,m
20000718,0000,m
20000719,0000,m
20000720,0000,m
20000721,0000,m
20000722,0000,m
20000723,0000,m
20000724,0000,m
20000725,0000,m
20000726,0000,m
20000727,0000,m
20000728,0000,m
20000729,0000,m
20000730,0000,m
20000731,0000,m
20000801,0000,m
20000802,0000,m
20000803,0000,m
20000804,0000,m
20000805,0000,m
20000806,0000,m
20000807,0000,m
20000808,0000,m
20000809,0000,m
20000810,0000,m
20000811,0000,m
20000812,0000,m
20000813,0000,m
20000814,0000,m
20000815,0000,m
20000816,0000,m
20000817,0000,m
20000818,0000,m
20000819,0000,m
20000820,0000,m
20000821,0000,m
20000822,0000,m
20000823,0000,m
20000824,0000,m
20000825,0000,m
20000826,0000,m
20000827,0000,m
20000828,0000,m
20000829,0000,m
20000830,0000,m
20000831,0000,m
20000901,0000,m
20000902,0000,m
20000903,0000,m
20000904,0000,m
20000905,0000,m
20000906,0000,m
20000907,0000,m
20000908,0000,m
20000909,0000,m
20000910,0000,m
20000911,0000,m
20000912,0000,m
20000913,0000,m
20000914,0000,m
20000915,0000,m
20000916,0000,m
20000917,0000,m
20000918,0000,m
20000919,0000,m
20000920,0000,m
20000921,0000,m
20000922,0000,m
20000923,0000,m
20000924,0000,m
20000925,0000,m
20000926,0000,m
20000927,0000,m
20000928,0000,m
20000929,0000,m
20000930,0000,m
20001001,0000,m
20001002,0000,m
20001003,0000,m
20001004,0000,m
20001005,0000,m
20001006,0000,m
20001007,0000,m
20001008,0000,m
20001009,0000,m
20001010,0000,m
20001011,0000,m
20001012,0000,m
20001013,0000,m
20001014,0000,m
20001015,0000,m
20001016,0000,m
20001017,0000,m
20001018,0000,1193
20001019,0000,1023
20001020,0000,1108
20001021,0000,1522
20001022,0000,1562
20001023,0000,1555
20001024,0000,1524
20001025,0000,1496
20001026,0000,1410
20001027,0000,1122
20001028,0000,913
20001029,0000,694
20001030,0000,650
20001031,0000,678
20001101,0000,m
20001102,0000,327
20001103,0000,49
20001104,0000,505
20001105,0000,640
20001106,0000,56
20001107,0000,57
20001108,0000,628
20001109,0000,615
20001110,0000,593
20001111,0000,541
20001112,0000,535
20001113,0000,536
20001114,0000,537
20001115,0000,537
20001116,0000,502
20001117,0000,514
20001118,0000,509
20001119,0000,m
20001120,0000,432
20001121,0000,883
20001122,0000,1002
20001123,0000,708
20001124,0000,548
20001125,0000,965
20001126,0000,862
20001127,0000,686
20001128,0000,362
20001129,0000,565
20001130,0000,367
20001201,0000,412
20001202,0000,383
20001203,0000,54
20001204,0000,410
20001205,0000,403
20001206,0000,386
20001207,0000,381
20001208,0000,334
20001209,0000,308
20001210,0000,234
20001211,0000,355
20001212,0000,248
20001213,0000,422
20001214,0000,322
20001215,0000,329
20001216,0000,58
20001217,0000,53
20001218,0000,373
20001219,0000,402
20001220,0000,241
20001221,0000,230
20001222,0000,231
20001223,0000,44
20001224,0000,50
20001225,0000,254
20001226,0000,218
20001227,0000,236
20001228,0000,226
20001229,0000,319
20001230,0000,244
20001231,0000,224
20010101,0000,239
20010102,0000,341
20010103,0000,284
20010104,0000,324
20010105,0000,293
20010106,0000,324
20010107,0000,322
20010108,0000,332
20010109,0000,345
20010110,0000,338
20010111,0000,520
20010112,0000,450
20010113,0000,m
20010114,0000,345
20010115,0000,388
20010116,0000,641
20010117,0000,313
20010118,0000,288
20010119,0000,236
20010120,0000,57
20010121,0000,64
20010122,0000,338
20010123,0000,414
20010124,0000,343
20010125,0000,333
20010126,0000,319
20010127,0000,57
20010128,0000,50
20010129,0000,398
20010130,0000,292
20010131,0000,289
20010201,0000,301
20010202,0000,260
20010203,0000,218
20010204,0000,51
20010205,0000,314
20010206,0000,324
20010207,0000,412
20010208,0000,314
20010209,0000,446
20010210,0000,64
20010211,0000,70
20010212,0000,347
20010213,0000,352
20010214,0000,305
20010215,0000,341
20010216,0000,281
20010217,0000,65
20010218,0000,60
20010219,0000,350
20010220,0000,m
20010221,0000,296
20010222,0000,51
20010223,0000,383
20010224,0000,618
20010225,0000,62
20010226,0000,501
20010227,0000,328
20010228,0000,271
20010301,0000,248
20010302,0000,243
20010303,0000,50
20010304,0000,133
20010305,0000,m
20010306,0000,311
20010307,0000,m
20010308,0000,175
20010309,0000,461
20010310,0000,63
20010311,0000,54
20010312,0000,356
20010313,0000,m
20010314,0000,287
20010315,0000,61
20010316,0000,256
20010317,0000,542
20010318,0000,74
20010319,0000,792
20010320,0000,206
20010321,0000,333
20010322,0000,393
20010323,0000,618
20010324,0000,656
20010325,0000,579
20010326,0000,952
20010327,0000,1201
20010328,0000,818
20010329,0000,m
20010330,0000,m
20010331,0000,m
20010401,0000,808
20010402,0000,1209
20010403,0000,1380
20010404,0000,1471
20010405,0000,1255
20010406,0000,1302
20010407,0000,m
20010408,0000,m
20010409,0000,979
20010410,0000,1043
20010411,0000,1092
20010412,0000,640
20010413,0000,816
20010414,0000,818
20010415,0000,1015
20010416,0000,840
20010417,0000,1185
20010418,0000,m
20010419,0000,m
20010420,0000,m
20010421,0000,m
20010422,0000,m
20010423,0000,m
20010424,0000,m
20010425,0000,m
20010426,0000,m
20010427,0000,m
20010428,0000,m
20010429,0000,m
20010430,0000,m
20010501,0000,m
20010502,0000,m
20010503,0000,m
20010504,0000,m
20010505,0000,m
20010506,0000,m
20010507,0000,m
20010508,0000,m
20010509,0000,m
20010510,0000,m
20010511,0000,m
20010512,0000,m
20010513,0000,m
20010514,0000,m
20010515,0000,m
20010516,0000,m
20010517,0000,m
20010518,0000,m
20010519,0000,m
20010520,0000,m
20010521,0000,m
20010522,0000,m
20010523,0000,m
20010524,0000,m
20010525,0000,m
20010526,0000,m
20010527,0000,m
20010528,0000,m
20010529,0000,m
20010530,0000,m
20010531,0000,m
20010601,0000,m
20010602,0000,m
20010603,0000,m
20010604,0000,m
20010605,0000,m
20010606,0000,m
20010607,0000,m
20010608,0000,m
20010609,0000,m
20010610,0000,m
20010611,0000,m
20010612,0000,m
20010613,0000,m
20010614,0000,m
20010615,0000,m
20010616,0000,m
20010617,0000,m
20010618,0000,m
20010619,0000,m
20010620,0000,m
20010621,0000,m
20010622,0000,m
20010623,0000,m
20010624,0000,m
20010625,0000,m
20010626,0000,m
20010627,0000,m
20010628,0000,m
20010629,0000,m
20010630,0000,m
20010701,0000,m
20010702,0000,m
20010703,0000,m
20010704,0000,m
20010705,0000,m
20010706,0000,m
20010707,0000,m
20010708,0000,m
20010709,0000,m
20010710,0000,m
20010711,0000,m
20010712,0000,m
20010713,0000,m
20010714,0000,m
20010715,0000,m
20010716,0000,m
20010717,0000,m
20010718,0000,m
20010719,0000,m
20010720,0000,m
20010721,0000,m
20010722,0000,m
20010723,0000,m
20010724,0000,m
20010725,0000,m
20010726,0000,m
20010727,0000,m
20010728,0000,m
20010729,0000,m
20010730,0000,m
20010731,0000,m
20010801,0000,m
20010802,0000,m
20010803,0000,m
20010804,0000,m
20010805,0000,m
20010806,0000,m
20010807,0000,m
20010808,0000,m
20010809,0000,m
20010810,0000,m
20010811,0000,m
20010812,0000,m
20010813,0000,m
20010814,0000,m
20010815,0000,m
20010816,0000,m
20010817,0000,m
20010818,0000,m
20010819,0000,m
20010820,0000,m
20010821,0000,m
20010822,0000,m
20010823,0000,m
20010824,0000,m
20010825,0000,m
20010826,0000,m
20010827,0000,m
20010828,0000,m
20010829,0000,m
20010830,0000,m
20010831,0000,m
20010901,0000,m
20010902,0000,m
20010903,0000,m
20010904,0000,m
20010905,0000,m
20010906,0000,m
20010907,0000,m
20010908,0000,m
20010909,0000,m
20010910,0000,m
20010911,0000,m
20010912,0000,m
20010913,0000,m
20010914,0000,m
20010915,0000,m
20010916,0000,m
20010917,0000,m
20010918,0000,m
20010919,0000,m
20010920,0000,m
20010921,0000,m
20010922,0000,m
20010923,0000,m
20010924,0000,m
20010925,0000,m
20010926,0000,m
20010927,0000,m
20010928,0000,m
20010929,0000,m
20010930,0000,m
20011001,0000,m
20011002,0000,m
20011003,0000,m
20011004,0000,m
20011005,0000,m
20011006,0000,m
20011007,0000,m
20011008,0000,m
20011009,0000,m
20011010,0000,m
20011011,0000,m
20011012,0000,m
20011013,0000,m
20011014,0000,m
20011015,0000,m
20011016,0000,m
20011017,0000,m
20011018,0000,m
20011019,0000,m
20011020,0000,m
20011021,0000,m
20011022,0000,m
20011023,0000,m
20011024,0000,m
20011025,0000,m
20011026,0000,m
20011027,0000,m
20011028,0000,m
20011029,0000,m
20011030,0000,m
20011031,0000,m
20011101,0000,m
20011102,0000,m
20011103,0000,m
20011104,0000,m
20011105,0000,m
20011106,0000,m
20011107,0000,m
20011108,0000,m
20011109,0000,m
20011110,0000,m
20011111,0000,m
20011112,0000,m
20011113,0000,m
20011114,0000,m
20011115,0000,m
20011116,0000,m
20011117,0000,m
20011118,0000,m
20011119,0000,m
20011120,0000,m
20011121,0000,m
20011122,0000,m
20011123,0000,m
20011124,0000,m
20011125,0000,m
20011126,0000,m
20011127,0000,m
20011128,0000,m
20011129,0000,m
20011130,0000,m
20011201,0000,m
20011202,0000,m
20011203,0000,m
20011204,0000,m
20011205,0000,m
20011206,0000,m
20011207,0000,m
20011208,0000,m
20011209,0000,m
20011210,0000,m
20011211,0000,m
20011212,0000,m
20011213,0000,m
20011214,0000,m
20011215,0000,m
20011216,0000,m
20011217,0000,m
20011218,0000,m
20011219,0000,m
20011220,0000,m
20011221,0000,m
20011222,0000,m
20011223,0000,m
20011224,0000,m
20011225,0000,m
20011226,0000,m
20011227,0000,m
20011228,0000,m
20011229,0000,m
20011230,0000,m
20011231,0000,m
20020101,0000,m
20020102,0000,m
20020103,0000,m
20020104,0000,m
20020105,0000,m
20020106,0000,m
20020107,0000,m
20020108,0000,m
20020109,0000,m
20020110,0000,m
20020111,0000,m
20020112,0000,m
20020113,0000,m
20020114,0000,m
20020115,0000,m
20020116,0000,m
20020117,0000,m
20020118,0000,m
20020119,0000,m
20020120,0000,m
20020121,0000,m
20020122,0000,m
20020123,0000,m
20020124,0000,m
20020125,0000,m
20020126,0000,m
20020127,0000,m
20020128,0000,m
20020129,0000,m
20020130,0000,m
20020131,0000,m
20020201,0000,m
20020202,0000,m
20020203,0000,m
20020204,0000,m
20020205,0000,m
20020206,0000,m
20020207,0000,m
20020208,0000,m
20020209,0000,m
20020210,0000,m
20020211,0000,m
20020212,0000,m
20020213,0000,m
20020214,0000,m
20020215,0000,m
20020216,0000,m
20020217,0000,m
20020218,0000,m
20020219,0000,m
20020220,0000,m
20020221,0000,m
20020222,0000,m
20020223,0000,m
20020224,0000,m
20020225,0000,m
20020226,0000,m
20020227,0000,m
20020228,0000,m
20020301,0000,m
20020302,0000,m
20020303,0000,m
20020304,0000,m
20020305,0000,m
20020306,0000,m
20020307,0000,m
20020308,0000,m
20020309,0000,m
20020310,0000,m
20020311,0000,m
20020312,0000,m
20020313,0000,m
20020314,0000,m
20020315,0000,m
20020316,0000,m
20020317,0000,m
20020318,0000,m
20020319,0000,m
20020320,0000,m
20020321,0000,m
20020322,0000,m
20020323,0000,m
20020324,0000,m
20020325,0000,m
20020326,0000,m
20020327,0000,m
20020328,0000,m
20020329,0000,m
20020330,0000,m
20020331,0000,m
20020401,0000,m
20020402,0000,m
20020403,0000,m
20020404,0000,m
20020405,0000,m
20020406,0000,m
20020407,0000,m
20020408,0000,m
20020409,0000,m
20020410,0000,m
20020411,0000,m
20020412,0000,m
20020413,0000,m
20020414,0000,m
20020415,0000,m
20020416,0000,m
20020417,0000,m
20020418,0000,m
20020419,0000,m
20020420,0000,m
20020421,0000,m
20020422,0000,m
20020423,0000,m
20020424,0000,m
20020425,0000,m
20020426,0000,m
20020427,0000,m
20020428,0000,m
20020429,0000,m
20020430,0000,m
20020501,0000,m
20020502,0000,m
20020503,0000,m
20020504,0000,m
20020505,0000,m
20020506,0000,m
20020507,0000,m
20020508,0000,m
20020509,0000,m
20020510,0000,m
20020511,0000,m
20020512,0000,m
20020513,0000,m
20020514,0000,m
20020515,0000,m
20020516,0000,m
20020517,0000,m
20020518,0000,m
20020519,0000,m
20020520,0000,m
20020521,0000,m
20020522,0000,m
20020523,0000,m
20020524,0000,m
20020525,0000,m
20020526,0000,m
20020527,0000,m
20020528,0000,m
20020529,0000,m
20020530,0000,m
20020531,0000,m
20020601,0000,m
20020602,0000,m
20020603,0000,m
20020604,0000,m
20020605,0000,m
20020606,0000,m
20020607,0000,m
20020608,0000,m
20020609,0000,m
20020610,0000,m
20020611,0000,m
20020612,0000,m
20020613,0000,m
20020614,0000,m
20020615,0000,m
20020616,0000,m
20020617,0000,m
20020618,0000,m
20020619,0000,m
20020620,0000,m
20020621,0000,m
20020622,0000,m
20020623,0000,m
20020624,0000,m
20020625,0000,m
20020626,0000,m
20020627,0000,m
20020628,0000,m
20020629,0000,m
20020630,0000,m
20020701,0000,m
20020702,0000,m
20020703,0000,m
20020704,0000,m
20020705,0000,m
20020706,0000,m
20020707,0000,m
20020708,0000,m
20020709,0000,m
20020710,0000,m
20020711,0000,m
20020712,0000,m
20020713,0000,m
20020714,0000,m
20020715,0000,m
20020716,0000,m
20020717,0000,m
20020718,0000,m
20020719,0000,m
20020720,0000,m
20020721,0000,m
20020722,0000,m
20020723,0000,m
20020724,0000,m
20020725,0000,m
20020726,0000,m
20020727,0000,m
20020728,0000,m
20020729,0000,m
20020730,0000,m
20020731,0000,m
20020801,0000,m
20020802,0000,m
20020803,0000,m
20020804,0000,m
20020805,0000,m
20020806,0000,m
20020807,0000,m
20020808,0000,m
20020809,0000,m
20020810,0000,m
20020811,0000,m
20020812,0000,m
20020813,0000,m
20020814,0000,m
20020815,0000,m
20020816,0000,m
20020817,0000,m
20020818,0000,m
20020819,0000,m
20020820,0000,m
20020821,0000,m
20020822,0000,m
20020823,0000,m
20020824,0000,m
20020825,0000,m
20020826,0000,m
20020827,0000,m
20020828,0000,m
20020829,0000,m
20020830,0000,m
20020831,0000,m
20020901,0000,m
20020902,0000,m
20020903,0000,m
20020904,0000,m
20020905,0000,m
20020906,0000,m
20020907,0000,m
20020908,0000,m
20020909,0000,m
20020910,0000,m
20020911,0000,m
20020912,0000,m
20020913,0000,m
20020914,0000,m
20020915,0000,m
20020916,0000,m
20020917,0000,m
20020918,0000,m
20020919,0000,m
20020920,0000,m
20020921,0000,m
20020922,0000,m
20020923,0000,m
20020924,0000,m
20020925,0000,m
20020926,0000,m
20020927,0000,m
20020928,0000,m
20020929,0000,m
20020930,0000,m
20021001,0000,m
20021002,0000,m
20021003,0000,m
20021004,0000,m
20021005,0000,m
20021006,0000,m
20021007,0000,m
20021008,0000,m
20021009,0000,m
20021010,0000,m
20021011,0000,m
20021012,0000,m
20021013,0000,m
20021014,0000,m
20021015,0000,m
20021016,0000,m
20021017,0000,m
20021018,0000,m
20021019,0000,m
20021020,0000,m
20021021,0000,m
20021022,0000,m
20021023,0000,m
20021024,0000,m
20021025,0000,m
20021026,0000,m
20021027,0000,m
20021028,0000,m
20021029,0000,m
20021030,0000,m
20021031,0000,m
20021101,0000,m
20021102,0000,m
20021103,0000,m
20021104,0000,m
20021105,0000,m
20021106,0000,m
20021107,0000,m
20021108,0000,m
20021109,0000,m
20021110,0000,m
20021111,0000,m
20021112,0000,m
20021113,0000,m
20021114,0000,m
20021115,0000,m
20021116,0000,m
20021117,0000,m
20021118,0000,m
20021119,0000,m
20021120,0000,m
20021121,0000,m
20021122,0000,m
20021123,0000,m
20021124,0000,m
20021125,0000,m
20021126,0000,m
20021127,0000,m
20021128,0000,m
20021129,0000,m
20021130,0000,m
20021201,0000,m
20021202,0000,m
20021203,0000,m
20021204,0000,m
20021205,0000,m
20021206,0000,m
20021207,0000,m
20021208,0000,m
20021209,0000,m
20021210,0000,m
20021211,0000,m
20021212,0000,m
20021213,0000,m
20021214,0000,m
20021215,0000,m
20021216,0000,m
20021217,0000,m
20021218,0000,m
20021219,0000,m
20021220,0000,m
20021221,0000,m
20021222,0000,m
20021223,0000,m
20021224,0000,m
20021225,0000,m
20021226,0000,m
20021227,0000,m
20021228,0000,m
20021229,0000,m
20021230,0000,m
20021231,0000,m
20030101,0000,m
20030102,0000,m
20030103,0000,m
20030104,0000,m
20030105,0000,m
20030106,0000,m
20030107,0000,m
20030108,0000,m
20030109,0000,m
20030110,0000,m
20030111,0000,m
20030112,0000,m
20030113,0000,m
20030114,0000,m
20030115,0000,m
20030116,0000,m
20030117,0000,m
20030118,0000,m
20030119,0000,m
20030120,0000,m
20030121,0000,m
20030122,0000,m
20030123,0000,m
20030124,0000,m
20030125,0000,m
20030126,0000,m
20030127,0000,m
20030128,0000,m
20030129,0000,m
20030130,0000,m
20030131,0000,m
20030201,0000,m
20030202,0000,m
20030203,0000,m
20030204,0000,m
20030205,0000,m
20030206,0000,m
20030207,0000,m
20030208,0000,m
20030209,0000,m
20030210,0000,m
20030211,0000,m
20030212,0000,m
20030213,0000,m
20030214,0000,m
20030215,0000,m
20030216,0000,m
20030217,0000,m
20030218,0000,m
20030219,0000,m
20030220,0000,m
20030221,0000,m
20030222,0000,m
20030223,0000,m
20030224,0000,m
20030225,0000,m
20030226,0000,m
20030227,0000,m
20030228,0000,m
20030301,0000,m
20030302,0000,m
20030303,0000,m
20030304,0000,m
20030305,0000,m
20030306,0000,m
20030307,0000,m
20030308,0000,m
20030309,0000,m
20030310,0000,m
20030311,0000,m
20030312,0000,m
20030313,0000,m
20030314,0000,m
20030315,0000,m
20030316,0000,m
20030317,0000,m
20030318,0000,m
20030319,0000,m
20030320,0000,m
20030321,0000,m
20030322,0000,m
20030323,0000,m
20030324,0000,m
20030325,0000,919
20030326,0000,995
20030327,0000,950
20030328,0000,1265
20030329,0000,657
20030330,0000,1148
20030331,0000,931
20030401,0000,728
20030402,0000,1168
20030403,0000,1064
20030404,0000,760
20030405,0000,858
20030406,0000,544
20030407,0000,711
20030408,0000,607
20030409,0000,716
20030410,0000,860
20030411,0000,1366
20030412,0000,952
20030413,0000,1306
20030414,0000,1281
20030415,0000,1042
20030416,0000,970
20030417,0000,1141
20030418,0000,1329
20030419,0000,906
20030420,0000,1568
20030421,0000,887
20030422,0000,1112
20030423,0000,1045
20030424,0000,1186
20030425,0000,1106
20030426,0000,1010
20030427,0000,1453
20030428,0000,1136
20030429,0000,1201
20030430,0000,1315
20030501,0000,1362
20030502,0000,1527
20030503,0000,1843
20030504,0000,1783
20030505,0000,1873
20030506,0000,1781
20030507,0000,1821
20030508,0000,2243
20030509,0000,1865
20030510,0000,2005
20030511,0000,1657
20030512,0000,1180
20030513,0000,1266
20030514,0000,948
20030515,0000,1492
20030516,0000,m
20030517,0000,1458
20030518,0000,m
20030519,0000,1795
20030520,0000,1257
20030521,0000,1712
20030522,0000,1556
20030523,0000,1529
20030524,0000,1364
20030525,0000,1650
20030526,0000,1719
20030527,0000,1693
20030528,0000,1822
20030529,0000,2040
20030530,0000,1618
20030531,0000,1484
20030601,0000,1665
20030602,0000,2133
20030603,0000,1728
20030604,0000,1710
20030605,0000,1832
20030606,0000,1285
20030607,0000,1810
20030608,0000,1839
20030609,0000,1952
20030610,0000,1365
20030611,0000,1655
20030612,0000,1714
20030613,0000,1672
20030614,0000,1684
20030615,0000,m
20030616,0000,1443
20030617,0000,1881
20030618,0000,1813
20030619,0000,1677
20030620,0000,1535
20030621,0000,1805
20030622,0000,1260
20030623,0000,1921
20030624,0000,1738
20030625,0000,1845
20030626,0000,1829
20030627,0000,1884
20030628,0000,1840
20030629,0000,1719
20030630,0000,1714
20030701,0000,1995
20030702,0000,1879
20030703,0000,1758
20030704,0000,1823
20030705,0000,1639
20030706,0000,1615
20030707,0000,1853
20030708,0000,1874
20030709,0000,1855
20030710,0000,1856
20030711,0000,1795
20030712,0000,1729
20030713,0000,1837
20030714,0000,1535
20030715,0000,1783
20030716,0000,1785
20030717,0000,1679
20030718,0000,1729
20030719,0000,1809
20030720,0000,1809
20030721,0000,1919
20030722,0000,1643
20030723,0000,1903
20030724,0000,1625
20030725,0000,2108
20030726,0000,2079
20030727,0000,1723
20030728,0000,1484
20030729,0000,1645
20030730,0000,1786
20030731,0000,1513
20030801,0000,1744
20030802,0000,1522
20030803,0000,1762
20030804,0000,1613
20030805,0000,1522
20030806,0000,1507
20030807,0000,1499
20030808,0000,1221
20030809,0000,1420
20030810,0000,1383
20030811,0000,1597
20030812,0000,1544
20030813,0000,1336
20030814,0000,1473
20030815,0000,1579
20030816,0000,1441
20030817,0000,1582
20030818,0000,1432
20030819,0000,1491
20030820,0000,1292
20030821,0000,m
20030822,0000,1372
20030823,0000,1468
20030824,0000,1158
20030825,0000,m
20030826,0000,1435
20030827,0000,1132
20030828,0000,1157
20030829,0000,1172
20030830,0000,1288
20030831,0000,1208
20030901,0000,1261
20030902,0000,1097
20030903,0000,989
20030904,0000,1004
20030905,0000,945
20030906,0000,1069
20030907,0000,1013
20030908,0000,925
20030909,0000,823
20030910,0000,1114
20030911,0000,916
20030912,0000,1009
20030913,0000,909
20030914,0000,1022
20030915,0000,913
20030916,0000,751
20030917,0000,757
20030918,0000,827
20030919,0000,816
20030920,0000,819
20030921,0000,804
20030922,0000,811
20030923,0000,824
20030924,0000,848
20030925,0000,915
20030926,0000,m
20030927,0000,1003
20030928,0000,795
20030929,0000,882
20030930,0000,872
20031001,0000,761
20031002,0000,763
20031003,0000,767
20031004,0000,769
20031005,0000,870
20031006,0000,734
20031007,0000,746
20031008,0000,731
20031009,0000,654
20031010,0000,513
20031011,0000,763
20031012,0000,1110
20031013,0000,353
20031014,0000,984
20031015,0000,600
20031016,0000,1000
20031017,0000,905
20031018,0000,1070
20031019,0000,m
20031020,0000,1226
20031021,0000,943
20031022,0000,1459
20031023,0000,704
20031024,0000,990
20031025,0000,840
20031026,0000,1010
20031027,0000,953
20031028,0000,884
20031029,0000,531
20031030,0000,328
20031031,0000,443
20031101,0000,25
20031102,0000,779
20031103,0000,25
20031104,0000,145
20031105,0000,m
20031106,0000,198
20031107,0000,200
20031108,0000,209
20031109,0000,202
20031110,0000,248
20031111,0000,264
20031112,0000,m
20031113,0000,249
20031114,0000,m
20031115,0000,301
20031116,0000,300
20031117,0000,306
20031118,0000,303
20031119,0000,81
20031120,0000,25
20031121,0000,292
20031122,0000,375
20031123,0000,380
20031124,0000,240
20031125,0000,243
20031126,0000,241
20031127,0000,242
20031128,0000,241
20031129,0000,243
20031130,0000,243
20031201,0000,257
20031202,0000,232
20031203,0000,234
20031204,0000,171
20031205,0000,447
20031206,0000,524
20031207,0000,420
20031208,0000,360
20031209,0000,338
20031210,0000,342
20031211,0000,188
20031212,0000,172
20031213,0000,196
20031214,0000,329
20031215,0000,224
20031216,0000,186
20031217,0000,273
20031218,0000,m
20031219,0000,201
20031220,0000,171
20031221,0000,262
20031222,0000,259
20031223,0000,371
20031224,0000,m
20031225,0000,185
20031226,0000,268
20031227,0000,275
20031228,0000,273
20031229,0000,362
20031230,0000,145
20031231,0000,202
20040101,0000,46
20040102,0000,359
20040103,0000,288
20040104,0000,320
20040105,0000,291
20040106,0000,281
20040107,0000,64
20040108,0000,198
20040109,0000,269
20040110,0000,164
20040111,0000,270
20040112,0000,373
20040113,0000,178
20040114,0000,213
20040115,0000,214
20040116,0000,210
20040117,0000,210
20040118,0000,304
20040119,0000,217
20040120,0000,428
20040121,0000,303
20040122,0000,282
20040123,0000,143
20040124,0000,224
20040125,0000,317
20040126,0000,521
20040127,0000,28
20040128,0000,39
20040129,0000,317
20040130,0000,220
20040131,0000,217
20040201,0000,225
20040202,0000,249
20040203,0000,292
20040204,0000,223
20040205,0000,m
20040206,0000,218
20040207,0000,225
20040208,0000,255
20040209,0000,219
20040210,0000,m
20040211,0000,m
20040212,0000,m
20040213,0000,273
20040214,0000,194
20040215,0000,215
20040216,0000,264
20040217,0000,272
20040218,0000,272
20040219,0000,259
20040220,0000,306
20040221,0000,279
20040222,0000,301
20040223,0000,183
20040224,0000,205
20040225,0000,472
20040226,0000,319
20040227,0000,314
20040228,0000,192
20040229,0000,274
20040301,0000,201
20040302,0000,287
20040303,0000,183
20040304,0000,300
20040305,0000,239
20040306,0000,98
20040307,0000,258
20040308,0000,269
20040309,0000,240
20040310,0000,178
20040311,0000,182
20040312,0000,272
20040313,0000,260
20040314,0000,254
20040315,0000,343
20040316,0000,26
20040317,0000,26
20040318,0000,m
20040319,0000,768
20040320,0000,491
20040321,0000,845
20040322,0000,396
20040323,0000,812
20040324,0000,758
20040325,0000,929
20040326,0000,m
20040327,0000,m
20040328,0000,1056
20040329,0000,867
20040330,0000,721
20040331,0000,921
20040401,0000,991
20040402,0000,1101
20040403,0000,1228
20040404,0000,1146
20040405,0000,1123
20040406,0000,1121
20040407,0000,1084
20040408,0000,1024
20040409,0000,1075
20040410,0000,1090
20040411,0000,1372
20040412,0000,1607
20040413,0000,1494
20040414,0000,1289
20040415,0000,1426
20040416,0000,1422
20040417,0000,1379
20040418,0000,1675
20040419,0000,1586
20040420,0000,1595
20040421,0000,1377
20040422,0000,1550
20040423,0000,1831
20040424,0000,2081
20040425,0000,2148
20040426,0000,2077
20040427,0000,2056
20040428,0000,2370
20040429,0000,2622
20040430,0000,2658
20040501,0000,2739
20040502,0000,3086
20040503,0000,3169
20040504,0000,3070
20040505,0000,2921
20040506,0000,2943
20040507,0000,2930
20040508,0000,2996
20040509,0000,3091
20040510,0000,2576
20040511,0000,2564
20040512,0000,1731
20040513,0000,1505
20040514,0000,1764
20040515,0000,1711
20040516,0000,m
20040517,0000,2130
20040518,0000,m
20040519,0000,m
20040520,0000,m
20040521,0000,1595
20040522,0000,1522
20040523,0000,1747
20040524,0000,1586
20040525,0000,1673
20040526,0000,1195
20040527,0000,1604
20040528,0000,1512
20040529,0000,1564
20040530,0000,1672
20040531,0000,1362
20040601,0000,1650
20040602,0000,1436
20040603,0000,1404
20040604,0000,2079
20040605,0000,1432
20040606,0000,1841
20040607,0000,1817
20040608,0000,1854
20040609,0000,1785
20040610,0000,1797
20040611,0000,1785
20040612,0000,1836
20040613,0000,1807
20040614,0000,1560
20040615,0000,1633
20040616,0000,1686
20040617,0000,1698
20040618,0000,m
20040619,0000,m
20040620,0000,1871
20040621,0000,1616
20040622,0000,1696
20040623,0000,m
20040624,0000,1512
20040625,0000,1616
20040626,0000,1627
20040627,0000,1628
20040628,0000,1718
20040629,0000,1944
20040630,0000,1985
20040701,0000,1872
20040702,0000,1916
20040703,0000,1880
20040704,0000,1782
20040705,0000,1755
20040706,0000,1859
20040707,0000,1781
20040708,0000,1690
20040709,0000,1675
20040710,0000,1658
20040711,0000,1800
20040712,0000,1774
20040713,0000,1816
20040714,0000,1808
20040715,0000,1825
20040716,0000,1797
20040717,0000,1817
20040718,0000,1911
20040719,0000,1839
20040720,0000,m
20040721,0000,1715
20040722,0000,1608
20040723,0000,1841
20040724,0000,1589
20040725,0000,1802
20040726,0000,1661
20040727,0000,1752
20040728,0000,1631
20040729,0000,1745
20040730,0000,1780
20040731,0000,1780
20040801,0000,1728
20040802,0000,1676
20040803,0000,1576
20040804,0000,1444
20040805,0000,1649
20040806,0000,1371
20040807,0000,1557
20040808,0000,1339
20040809,0000,1363
20040810,0000,1416
20040811,0000,1456
20040812,0000,1448
20040813,0000,1390
20040814,0000,1492
20040815,0000,1578
20040816,0000,1603
20040817,0000,1432
20040818,0000,1367
20040819,0000,1403
20040820,0000,1387
20040821,0000,1198
20040822,0000,1311
20040823,0000,1269
20040824,0000,1362
20040825,0000,1100
20040826,0000,1137
20040827,0000,1105
20040828,0000,1131
20040829,0000,1096
20040830,0000,1139
20040831,0000,1094
20040901,0000,1133
20040902,0000,1209
20040903,0000,1051
20040904,0000,1110
20040905,0000,1113
20040906,0000,1057
20040907,0000,1048
20040908,0000,1121
20040909,0000,856
20040910,0000,825
20040911,0000,852
20040912,0000,937
20040913,0000,948
20040914,0000,860
20040915,0000,1223
20040916,0000,959
20040917,0000,974
20040918,0000,877
20040919,0000,675
20040920,0000,1028
20040921,0000,769
20040922,0000,594
20040923,0000,698
20040924,0000,458
20040925,0000,533
20040926,0000,540
20040927,0000,535
20040928,0000,733
20040929,0000,991
20040930,0000,824
20041001,0000,780
20041002,0000,693
20041003,0000,702
20041004,0000,704
20041005,0000,625
20041006,0000,659
20041007,0000,874
20041008,0000,683
20041009,0000,1019
20041010,0000,813
20041011,0000,635
20041012,0000,573
20041013,0000,648
20041014,0000,m
20041015,0000,597
20041016,0000,177
20041017,0000,387
20041018,0000,585
20041019,0000,698
20041020,0000,705
20041021,0000,665
20041022,0000,462
20041023,0000,547
20041024,0000,344
20041025,0000,377
20041026,0000,289
20041027,0000,136
20041028,0000,322
20041029,0000,129
20041030,0000,206
20041031,0000,m
20041101,0000,26
20041102,0000,26
20041103,0000,36
20041104,0000,36
20041105,0000,29
20041106,0000,27
20041107,0000,27
20041108,0000,334
20041109,0000,360
20041110,0000,289
20041111,0000,265
20041112,0000,275
20041113,0000,274
20041114,0000,266
20041115,0000,265
20041116,0000,55
20041117,0000,35
20041118,0000,75
20041119,0000,224
20041120,0000,275
20041121,0000,772
20041122,0000,950
20041123,0000,205
20041124,0000,267
20041125,0000,270
20041126,0000,270
20041127,0000,136
20041128,0000,281
20041129,0000,320
20041130,0000,338
20041201,0000,280
20041202,0000,275
20041203,0000,192
20041204,0000,170
20041205,0000,192
20041206,0000,206
20041207,0000,289
20041208,0000,131
20041209,0000,295
20041210,0000,278
20041211,0000,202
20041212,0000,198
20041213,0000,275
20041214,0000,284
20041215,0000,278
20041216,0000,196
20041217,0000,277
20041218,0000,190
20041219,0000,265
20041220,0000,192
20041221,0000,321
20041222,0000,276
20041223,0000,242
20041224,0000,107
20041225,0000,186
20041226,0000,285
20041227,0000,293
20041228,0000,304
20041229,0000,m
20041230,0000,m
20041231,0000,m
20050101,0000,m
20050102,0000,m
20050103,0000,187
20050104,0000,311
20050105,0000,212
20050106,0000,217
20050107,0000,266
20050108,0000,336
20050109,0000,437
20050110,0000,236
20050111,0000,200
20050112,0000,154
20050113,0000,135
20050114,0000,141
20050115,0000,155
20050116,0000,147
20050117,0000,145
20050118,0000,207
20050119,0000,268
20050120,0000,258
20050121,0000,270
20050122,0000,272
20050123,0000,275
20050124,0000,250
20050125,0000,m
20050126,0000,307
20050127,0000,284
20050128,0000,230
20050129,0000,208
20050130,0000,214
20050131,0000,282
20050201,0000,271
20050202,0000,268
20050203,0000,266
20050204,0000,187
20050205,0000,m
20050206,0000,m
20050207,0000,76
20050208,0000,381
20050209,0000,358
20050210,0000,m
20050211,0000,199
20050212,0000,168
20050213,0000,308
20050214,0000,246
20050215,0000,m
20050216,0000,266
20050217,0000,264
20050218,0000,224
20050219,0000,123
20050220,0000,257
20050221,0000,256
20050222,0000,196
20050223,0000,291
20050224,0000,209
20050225,0000,203
20050226,0000,180
20050227,0000,250
20050228,0000,222
20050301,0000,222
20050302,0000,222
20050303,0000,218
20050304,0000,277
20050305,0000,m
20050306,0000,m
20050307,0000,199
20050308,0000,202
20050309,0000,211
20050310,0000,294
20050311,0000,193
20050312,0000,287
20050313,0000,272
20050314,0000,195
20050315,0000,198
20050316,0000,293
20050317,0000,200
20050318,0000,426
20050319,0000,337
20050320,0000,714
20050321,0000,576
20050322,0000,1022
20050323,0000,262
20050324,0000,1220
20050325,0000,1585
20050326,0000,4510
20050327,0000,5191
20050328,0000,4541
20050329,0000,4570
20050330,0000,4031
20050331,0000,4040
20050401,0000,4039
20050402,0000,4033
20050403,0000,4054
20050404,0000,3599
20050405,0000,3498
20050406,0000,3505
20050407,0000,3482
20050408,0000,3545
20050409,0000,3494
20050410,0000,3506
20050411,0000,3016
20050412,0000,3008
20050413,0000,3071
20050414,0000,3102
20050415,0000,3100
20050416,0000,3114
20050417,0000,3088
20050418,0000,3102
20050419,0000,3098
20050420,0000,3103
20050421,0000,3100
20050422,0000,3097
20050423,0000,3100
20050424,0000,3096
20050425,0000,2611
20050426,0000,2545
20050427,0000,m
20050428,0000,2595
20050429,0000,2961
20050430,0000,3102
20050501,0000,3058
20050502,0000,2607
20050503,0000,2586
20050504,0000,2965
20050505,0000,3060
20050506,0000,3129
20050507,0000,3104
20050508,0000,3102
20050509,0000,3102
20050510,0000,3050
20050511,0000,3111
20050512,0000,3077
20050513,0000,3085
20050514,0000,3087
20050515,0000,3088
20050516,0000,3572
20050517,0000,3602
20050518,0000,3591
20050519,0000,m
20050520,0000,m
20050521,0000,m
20050522,0000,3704
20050523,0000,4161
20050524,0000,4205
20050525,0000,4190
20050526,0000,4686
20050527,0000,5521
20050528,0000,5605
20050529,0000,5601
20050530,0000,5602
20050531,0000,5596
20050601,0000,4667
20050602,0000,4667
20050603,0000,4142
20050604,0000,4096
20050605,0000,4102
20050606,0000,3625
20050607,0000,3155
20050608,0000,3113
20050609,0000,3150
20050610,0000,3556
20050611,0000,3624
20050612,0000,3595
20050613,0000,3056
20050614,0000,3112
20050615,0000,3092
20050616,0000,m
20050617,0000,3080
20050618,0000,3113
20050619,0000,m
20050620,0000,3555
20050621,0000,3590
20050622,0000,3126
20050623,0000,3102
20050624,0000,m
20050625,0000,m
20050626,0000,m
20050627,0000,2802
20050628,0000,2784
20050629,0000,3028
20050630,0000,3576
20050701,0000,3207
20050702,0000,3106
20050703,0000,3104
20050704,0000,3089
20050705,0000,3106
20050706,0000,3103
20050707,0000,3322
20050708,0000,3354
20050709,0000,3097
20050710,0000,2894
20050711,0000,2803
20050712,0000,2494
20050713,0000,2393
20050714,0000,2465
20050715,0000,2580
20050716,0000,2452
20050717,0000,2544
20050718,0000,2581
20050719,0000,2493
20050720,0000,2534
20050721,0000,2529
20050722,0000,2562
20050723,0000,2566
20050724,0000,2650
20050725,0000,2534
20050726,0000,2555
20050727,0000,2571
20050728,0000,2581
20050729,0000,2571
20050730,0000,2501
20050731,0000,2534
20050801,0000,2553
20050802,0000,2561
20050803,0000,2576
20050804,0000,2566
20050805,0000,2565
20050806,0000,2563
20050807,0000,2578
20050808,0000,2407
20050809,0000,2596
20050810,0000,2563
20050811,0000,m
20050812,0000,2337
20050813,0000,2405
20050814,0000,2424
20050815,0000,2455
20050816,0000,m
20050817,0000,m
20050818,0000,2509
20050819,0000,2467
20050820,0000,2426
20050821,0000,2434
20050822,0000,2350
20050823,0000,2497
20050824,0000,2464
20050825,0000,2478
20050826,0000,m
20050827,0000,m
20050828,0000,m
20050829,0000,1679
20050830,0000,1674
20050831,0000,1646
20050901,0000,1795
20050902,0000,m
20050903,0000,m
20050904,0000,m
20050905,0000,1752
20050906,0000,1748
20050907,0000,2015
20050908,0000,1598
20050909,0000,1667
20050910,0000,1936
20050911,0000,1699
20050912,0000,1936
20050913,0000,1779
20050914,0000,1828
20050915,0000,1737
20050916,0000,1762
20050917,0000,1653
20050918,0000,1891
20050919,0000,1835
20050920,0000,1684
20050921,0000,1359
20050922,0000,m
20050923,0000,1814
20050924,0000,1601
20050925,0000,1656
20050926,0000,2038
20050927,0000,1347
20050928,0000,1649
20050929,0000,1323
20050930,0000,1186
20051001,0000,874
20051002,0000,843
20051003,0000,964
20051004,0000,906
20051005,0000,870
20051006,0000,929
20051007,0000,921
20051008,0000,931
20051009,0000,988
20051010,0000,1026
20051011,0000,993
20051012,0000,1032
20051013,0000,1128
20051014,0000,951
20051015,0000,1041
20051016,0000,1028
20051017,0000,1117
20051018,0000,1063
20051019,0000,80
20051020,0000,894
20051021,0000,791
20051022,0000,711
20051023,0000,898
20051024,0000,907
20051025,0000,922
20051026,0000,914
20051027,0000,1007
20051028,0000,842
20051029,0000,891
20051030,0000,1835
20051031,0000,76
20051101,0000,81
20051102,0000,66
20051103,0000,69
20051104,0000,57
20051105,0000,455
20051106,0000,463
20051107,0000,537
20051108,0000,495
20051109,0000,490
20051110,0000,489
20051111,0000,356
20051112,0000,87
20051113,0000,80
20051114,0000,64
20051115,0000,71
20051116,0000,48
20051117,0000,319
20051118,0000,756
20051119,0000,409
20051120,0000,411
20051121,0000,333
20051122,0000,177
20051123,0000,272
20051124,0000,275
20051125,0000,273
20051126,0000,270
20051127,0000,282
20051128,0000,285
20051129,0000,265
20051130,0000,293
20051201,0000,394
20051202,0000,300
20051203,0000,122
20051204,0000,107
20051205,0000,379
20051206,0000,393
20051207,0000,578
20051208,0000,372
20051209,0000,453
20051210,0000,304
20051211,0000,472
20051212,0000,464
20051213,0000,m
20051214,0000,372
20051215,0000,395
20051216,0000,371
20051217,0000,296
20051218,0000,373
20051219,0000,292
20051220,0000,554
20051221,0000,302
20051222,0000,397
20051223,0000,858
20051224,0000,1585
20051225,0000,1326
20051226,0000,2489
20051227,0000,2792
20051228,0000,2981
20051229,0000,3179
20051230,0000,3231
20051231,0000,2773
20060101,0000,2585
20060102,0000,2277
20060103,0000,2891
20060104,0000,3740
20060105,0000,3670
20060106,0000,4261
20060107,0000,4161
20060108,0000,4215
20060109,0000,4188
20060110,0000,m
20060111,0000,3789
20060112,0000,3372
20060113,0000,3403
20060114,0000,2594
20060115,0000,2573
20060116,0000,1641
20060117,0000,1693
20060118,0000,1791
20060119,0000,1388
20060120,0000,1897
20060121,0000,918
20060122,0000,1600
20060123,0000,1269
20060124,0000,1182
20060125,0000,m
20060126,0000,908
20060127,0000,934
20060128,0000,m
20060129,0000,928
20060130,0000,1136
20060131,0000,800
20060201,0000,418
20060202,0000,581
20060203,0000,420
20060204,0000,747
20060205,0000,783
20060206,0000,950
20060207,0000,973
20060208,0000,387
20060209,0000,622
20060210,0000,531
20060211,0000,488
20060212,0000,190
20060213,0000,477
20060214,0000,923
20060215,0000,813
20060216,0000,945
20060217,0000,983
20060218,0000,988
20060219,0000,997
20060220,0000,998
20060221,0000,909
20060222,0000,768
20060223,0000,1189
20060224,0000,1023
20060225,0000,950
20060226,0000,868
20060227,0000,856
20060228,0000,1597
20060301,0000,2463
20060302,0000,2555
20060303,0000,3154
20060304,0000,3146
20060305,0000,3221
20060306,0000,3196
20060307,0000,2693
20060308,0000,2643
20060309,0000,3165
20060310,0000,3153
20060311,0000,3149
20060312,0000,3197
20060313,0000,1981
20060314,0000,m
20060315,0000,3132
20060316,0000,3150
20060317,0000,3176
20060318,0000,3158
20060319,0000,3133
20060320,0000,2265
20060321,0000,2498
20060322,0000,2411
20060323,0000,2551
20060324,0000,1678
20060325,0000,1947
20060326,0000,2255
20060327,0000,m
20060328,0000,3185
20060329,0000,3193
20060330,0000,3176
20060331,0000,3208
20060401,0000,3192
20060402,0000,3307
20060403,0000,2025
20060404,0000,1701
20060405,0000,3778
20060406,0000,4942
20060407,0000,4952
20060408,0000,4978
20060409,0000,5066
20060410,0000,4458
20060411,0000,4742
20060412,0000,4475
20060413,0000,4515
20060414,0000,4582
20060415,0000,4505
20060416,0000,4518
20060417,0000,4505
20060418,0000,4511
20060419,0000,4436
20060420,0000,4592
20060421,0000,4539
20060422,0000,4520
20060423,0000,4477
20060424,0000,4473
20060425,0000,4670
20060426,0000,5309
20060427,0000,5101
20060428,0000,5285
20060429,0000,5463
20060430,0000,5509
20060501,0000,5538
20060502,0000,5535
20060503,0000,5535
20060504,0000,5535
20060505,0000,5245
20060506,0000,5245
20060507,0000,5244
20060508,0000,5429
20060509,0000,5485
20060510,0000,5504
20060511,0000,5510
20060512,0000,5753
20060513,0000,5750
20060514,0000,5760
20060515,0000,5750
20060516,0000,5760
20060517,0000,5773
20060518,0000,5765
20060519,0000,5685
20060520,0000,5892
20060521,0000,5915
20060522,0000,5901
20060523,0000,5895
20060524,0000,5401
20060525,0000,4686
20060526,0000,3933
20060527,0000,3900
20060528,0000,3900
20060529,0000,3905
20060530,0000,3900
20060531,0000,3895
20060601,0000,m
20060602,0000,3900
20060603,0000,3900
20060604,0000,3900
20060605,0000,3900
20060606,0000,3900
20060607,0000,3900
20060608,0000,3900
20060609,0000,3900
20060610,0000,4375
20060611,0000,4400
20060612,0000,3832
20060613,0000,4383
20060614,0000,4500
20060615,0000,4113
20060616,0000,4100
20060617,0000,4100
20060618,0000,4100
20060619,0000,4478
20060620,0000,4505
20060621,0000,4504
20060622,0000,4496
20060623,0000,4500
20060624,0000,4500
20060625,0000,4023
20060626,0000,3757
20060627,0000,3505
20060628,0000,3022
20060629,0000,3008
20060630,0000,2686
20060701,0000,2705
20060702,0000,2687
20060703,0000,2442
20060704,0000,2429
20060705,0000,2374
20060706,0000,2200
20060707,0000,2072
20060708,0000,1616
20060709,0000,1967
20060710,0000,2447
20060711,0000,2518
20060712,0000,2426
20060713,0000,2517
20060714,0000,2350
20060715,0000,2400
20060716,0000,2375
20060717,0000,m
20060718,0000,2315
20060719,0000,2259
20060720,0000,2494
20060721,0000,2292
20060722,0000,1847
20060723,0000,2504
20060724,0000,2642
20060725,0000,2618
20060726,0000,2392
20060727,0000,2374
20060728,0000,2500
20060729,0000,2685
20060730,0000,2479
20060731,0000,2347
20060801,0000,2308
20060802,0000,2480
20060803,0000,2576
20060804,0000,2316
20060805,0000,2448
20060806,0000,2417
20060807,0000,2530
20060808,0000,2185
20060809,0000,2305
20060810,0000,2356
20060811,0000,2250
20060812,0000,2248
20060813,0000,2452
20060814,0000,2293
20060815,0000,2328
20060816,0000,2274
20060817,0000,2045
20060818,0000,2143
20060819,0000,2180
20060820,0000,2161
20060821,0000,2108
20060822,0000,2122
20060823,0000,2078
20060824,0000,2154
20060825,0000,2153
20060826,0000,1913
20060827,0000,2018
20060828,0000,1899
20060829,0000,1971
20060830,0000,1867
20060831,0000,2067
20060901,0000,1857
20060902,0000,1885
20060903,0000,2013
20060904,0000,1736
20060905,0000,1862
20060906,0000,1848
20060907,0000,1881
20060908,0000,1671
20060909,0000,1655
20060910,0000,1841
20060911,0000,1583
20060912,0000,1895
20060913,0000,1161
20060914,0000,1765
20060915,0000,1777
20060916,0000,1680
20060917,0000,1664
20060918,0000,1661
20060919,0000,1594
20060920,0000,1466
20060921,0000,1496
20060922,0000,1400
20060923,0000,1465
20060924,0000,1469
20060925,0000,1454
20060926,0000,1565
20060927,0000,m
20060928,0000,1554
20060929,0000,1518
20060930,0000,1336
20061001,0000,1225
20061002,0000,1203
20061003,0000,1218
20061004,0000,1118
20061005,0000,1342
20061006,0000,1281
20061007,0000,1633
20061008,0000,1457
20061009,0000,1457
20061010,0000,1412
20061011,0000,1491
20061012,0000,1392
20061013,0000,1417
20061014,0000,1531
20061015,0000,1553
20061016,0000,1526
20061017,0000,1387
20061018,0000,1552
20061019,0000,1237
20061020,0000,1424
20061021,0000,1480
20061022,0000,1545
20061023,0000,1393
20061024,0000,1560
20061025,0000,1657
20061026,0000,1628
20061027,0000,1567
20061028,0000,1499
20061029,0000,1728
20061030,0000,1055
20061031,0000,403
20061101,0000,77
20061102,0000,535
20061103,0000,379
20061104,0000,423
20061105,0000,297
20061106,0000,314
20061107,0000,323
20061108,0000,233
20061109,0000,280
20061110,0000,197
20061111,0000,356
20061112,0000,310
20061113,0000,349
20061114,0000,315
20061115,0000,310
20061116,0000,327
20061117,0000,322
20061118,0000,272
20061119,0000,263
20061120,0000,290
20061121,0000,177
20061122,0000,280
20061123,0000,275
20061124,0000,270
20061125,0000,275
20061126,0000,283
20061127,0000,m
20061128,0000,275
20061129,0000,280
20061130,0000,250
20061201,0000,243
20061202,0000,280
20061203,0000,276
20061204,0000,m
20061205,0000,284
20061206,0000,283
20061207,0000,288
20061208,0000,302
20061209,0000,321
20061210,0000,m
20061211,0000,m
20061212,0000,295
20061213,0000,298
20061214,0000,231
20061215,0000,234
20061216,0000,246
20061217,0000,272
20061218,0000,270
20061219,0000,273
20061220,0000,283
20061221,0000,m
20061222,0000,270
20061223,0000,275
20061224,0000,243
20061225,0000,270
20061226,0000,275
20061227,0000,280
20061228,0000,270
20061229,0000,275
20061230,0000,273
20061231,0000,262
20070101,0000,251
20070102,0000,272
20070103,0000,393
20070104,0000,377
20070105,0000,m
20070106,0000,m
20070107,0000,m
20070108,0000,36
20070109,0000,306
20070110,0000,317
20070111,0000,m

