Date,PST,Inflow
19940101,0000,559
19940102,0000,767
19940103,0000,1278
19940104,0000,1083
19940105,0000,1233
19940106,0000,831
19940107,0000,1056
19940108,0000,656
19940109,0000,823
19940110,0000,833
19940111,0000,823
19940112,0000,800
19940113,0000,860
19940114,0000,m
19940115,0000,427
19940116,0000,792
19940117,0000,1224
19940118,0000,349
19940119,0000,711
19940120,0000,426
19940121,0000,555
19940122,0000,282
19940123,0000,337
19940124,0000,864
19940125,0000,514
19940126,0000,998
19940127,0000,898
19940128,0000,771
19940129,0000,602
19940130,0000,652
19940131,0000,684
19941101,0000,1240
19941102,0000,1240
19941103,0000,1052
19941104,0000,458
19941105,0000,851
19941106,0000,819
19941107,0000,777
19941108,0000,117
19941109,0000,94
19941110,0000,87
19941111,0000,104
19941112,0000,113
19941113,0000,68
19941114,0000,68
19941115,0000,68
19941116,0000,67
19941117,0000,78
19941118,0000,m
19941119,0000,m
19941120,0000,59
19941121,0000,59
19941122,0000,52
19941123,0000,73
19941124,0000,55
19941125,0000,55
19941126,0000,115
19941127,0000,138
19941128,0000,80
19941129,0000,75
19941130,0000,74
19941201,0000,74
19941202,0000,60
19941203,0000,72
19941204,0000,82
19941205,0000,54
19941206,0000,90
19941207,0000,70
19941208,0000,72
19941209,0000,85
19941210,0000,14
19941211,0000,71
19941212,0000,71
19941213,0000,173
19941214,0000,173
19941215,0000,198
19941216,0000,m
19941217,0000,m
19941218,0000,236
19941219,0000,236
19941220,0000,180
19941221,0000,128
19941222,0000,55
19941223,0000,745
19941224,0000,745
19941225,0000,1383
19941226,0000,1503
19941227,0000,m
19941228,0000,m
19941229,0000,192
19941230,0000,192
19941231,0000,m
19950101,0000,m
19950102,0000,m
19950103,0000,m
19950104,0000,1559
19950105,0000,1559
19950106,0000,3062
19950107,0000,m
19950108,0000,2217
19950109,0000,1901
19950110,0000,1901
19950111,0000,5224
19950112,0000,6379
19950113,0000,3535
19950114,0000,m
19950115,0000,m
19950116,0000,3376
19950117,0000,2710
19950118,0000,2710
19950119,0000,2750
19950120,0000,2744
19950121,0000,2885
19950122,0000,2667
19950123,0000,2651
19950124,0000,4096
19950125,0000,4683
19950126,0000,4756
19950127,0000,3749
19950128,0000,3535
19950129,0000,3535
19950130,0000,3321
19950131,0000,3080
19950201,0000,2767
19950202,0000,2767
19950203,0000,2783
19950204,0000,m
19950205,0000,3002
19950206,0000,3304
19950207,0000,3304
19950208,0000,2992
19950209,0000,m
19950210,0000,m
19950211,0000,m
19950212,0000,2750
19950213,0000,m
19950214,0000,m
19950215,0000,3772
19950216,0000,3772
19950217,0000,3123
19950218,0000,m
19950219,0000,m
19950220,0000,2716
19950221,0000,2716
19950222,0000,3190
19950223,0000,3190
19950224,0000,2981
19950225,0000,2822
19950226,0000,2986
19950227,0000,2986
19950228,0000,3077
19950301,0000,2976
19950302,0000,2976
19950303,0000,4170
19950304,0000,4170
19950305,0000,4421
19950306,0000,3939
19950307,0000,3512
19950308,0000,3990
19950309,0000,3838
19950310,0000,4987
19950311,0000,23548
19950312,0000,9615
19950313,0000,6884
19950314,0000,6884
19950315,0000,5545
19950316,0000,5311
19950317,0000,5311
19950318,0000,5333
19950319,0000,5333
19950320,0000,5235
19950321,0000,5537
19950322,0000,7542
19950323,0000,7676
19950324,0000,10269
19950325,0000,7565
19950326,0000,6882
19950327,0000,6882
19950328,0000,6588
19950329,0000,6144
19950330,0000,5892
19950331,0000,5638
19950401,0000,5282
19950402,0000,5145
19950403,0000,5524
19950404,0000,5232
19950405,0000,5916
19950406,0000,6209
19950407,0000,6191
19950408,0000,6178
19950409,0000,5845
19950410,0000,5515
19950411,0000,5307
19950412,0000,5891
19950413,0000,6093
19950414,0000,6208
19950415,0000,5566
19950416,0000,5036
19950417,0000,4750
19950418,0000,4340
19950419,0000,4100
19950420,0000,4175
19950421,0000,m
19950422,0000,m
19950423,0000,4206
19950424,0000,3704
19950425,0000,4372
19950426,0000,5192
19950427,0000,6849
19950428,0000,m
19950429,0000,m
19950430,0000,20855
19950501,0000,16279
19950502,0000,14375
19950503,0000,10546
19950504,0000,9862
19950505,0000,10066
19950506,0000,m
19950507,0000,7702
19950508,0000,7225
19950509,0000,6760
19950510,0000,7413
19950511,0000,8179
19950512,0000,8633
19950513,0000,8834
19950514,0000,-19210
19950515,0000,6640
19950516,0000,6343
19950517,0000,6345
19950518,0000,6293
19950519,0000,8004
19950520,0000,10131
19950521,0000,11363
19950522,0000,11008
19950523,0000,10174
19950524,0000,9222
19950525,0000,8839
19950526,0000,7718
19950527,0000,8599
19950528,0000,10309
19950529,0000,10835
19950530,0000,11695
19950531,0000,12371
19950601,0000,13855
19950602,0000,12811
19950603,0000,m
19950604,0000,13668
19950605,0000,15122
19950606,0000,12540
19950607,0000,9489
19950608,0000,8277
19950609,0000,7283
19950610,0000,7932
19950611,0000,10775
19950612,0000,12089
19950613,0000,13362
19950614,0000,12936
19950615,0000,11389
19950616,0000,10771
19950617,0000,m
19950618,0000,7696
19950619,0000,8493
19950620,0000,8999
19950621,0000,9060
19950622,0000,9254
19950623,0000,11116
19950624,0000,m
19950625,0000,13644
19950626,0000,14038
19950627,0000,15277
19950628,0000,16453
19950629,0000,16736
19950630,0000,15802
19950701,0000,14618
19950702,0000,14175
19950703,0000,13742
19950704,0000,14470
19950705,0000,14643
19950706,0000,15910
19950707,0000,m
19950708,0000,14359
19950709,0000,16683
19950710,0000,m
19950711,0000,14995
19950712,0000,11155
19950713,0000,9732
19950714,0000,9179
19950715,0000,9565
19950716,0000,11102
19950717,0000,11721
19950718,0000,13247
19950719,0000,11175
19950720,0000,9901
19950721,0000,8867
19950722,0000,8406
19950723,0000,8574
19950724,0000,7626
19950725,0000,7494
19950726,0000,7651
19950727,0000,7865
19950728,0000,m
19950729,0000,8812
19950730,0000,m
19950731,0000,9436
19950801,0000,7764
19950802,0000,6804
19950803,0000,6985
19950804,0000,6564
19950805,0000,5166
19950806,0000,5832
19950807,0000,6185
19950808,0000,4525
19950809,0000,4345
19950810,0000,m
19950811,0000,m
19950812,0000,m
19950813,0000,3738
19950814,0000,3388
19950815,0000,2486
19950816,0000,m
19950817,0000,3533
19950818,0000,m
19950819,0000,3346
19950820,0000,3196
19950821,0000,3218
19950822,0000,3337
19950823,0000,3177
19950824,0000,3358
19950825,0000,m
19950826,0000,m
19950827,0000,3302
19950828,0000,3274
19950829,0000,2960
19950830,0000,2513
19950831,0000,2781
19950901,0000,m
19950902,0000,m
19950903,0000,m
19950904,0000,2357
19950905,0000,m
19950906,0000,2010
19950907,0000,m
19950908,0000,m
19950909,0000,2301
19950910,0000,2120
19950911,0000,1695
19950912,0000,2795
19950913,0000,2095
19950914,0000,1909
19950915,0000,2174
19950916,0000,1888
19950917,0000,2006
19950918,0000,2280
19950919,0000,1886
19950920,0000,1440
19950921,0000,1680
19950922,0000,1825
19950923,0000,1354
19950924,0000,1754
19950925,0000,1724
19950926,0000,m
19950927,0000,1546
19950928,0000,1658
19950929,0000,1860
19950930,0000,1842
19951001,0000,m
19951002,0000,1967
19951003,0000,1573
19951004,0000,2232
19951005,0000,2682
19951006,0000,m
19951007,0000,m
19951008,0000,2363
19951009,0000,2656
19951010,0000,2411
19951011,0000,2684
19951012,0000,2741
19951013,0000,2549
19951014,0000,2597
19951015,0000,976
19951016,0000,1187
19951017,0000,m
19951018,0000,1511
19951019,0000,1498
19951020,0000,m
19951021,0000,1480
19951022,0000,1346
19951023,0000,1457
19951024,0000,1125
19951025,0000,1322
19951026,0000,1079
19951027,0000,1394
19951028,0000,1296
19951029,0000,1459
19951030,0000,1497
19951031,0000,1442
19951101,0000,1388
19951102,0000,1360
19951103,0000,1097
19951104,0000,1296
19951105,0000,1115
19951106,0000,996
19951107,0000,1052
19951108,0000,994
19951109,0000,m
19951110,0000,1179
19951111,0000,1307
19951112,0000,1152
19951113,0000,1099
19951114,0000,1169
19951115,0000,1211
19951116,0000,1276
19951117,0000,1241
19951118,0000,1179
19951119,0000,1390
19951120,0000,1259
19951121,0000,1145
19951122,0000,1247
19951123,0000,1369
19951124,0000,m
19951125,0000,m
19951126,0000,1320
19951127,0000,1358
19951128,0000,1169
19951129,0000,1031
19951130,0000,953
19951201,0000,1204
19951202,0000,1119
19951203,0000,1182
19951204,0000,1269
19951205,0000,1035
19951206,0000,1196
19951207,0000,1073
19951208,0000,1339
19951209,0000,m
19951210,0000,m
19951211,0000,1593
19951212,0000,2196
19951213,0000,1909
19951214,0000,1165
19951215,0000,m
19951216,0000,1256
19951217,0000,1586
19951218,0000,1166
19951219,0000,1275
19951220,0000,1394
19951221,0000,1166
19951222,0000,1223
19951223,0000,1455
19951224,0000,1106
19951225,0000,1033
19951226,0000,1084
19951227,0000,1763
19951228,0000,1154
19951229,0000,m
19951230,0000,1232
19951231,0000,1363
19960101,0000,930
19960102,0000,1261
19960103,0000,2288
19960104,0000,934
19960105,0000,2301
19960106,0000,243
19960107,0000,37
19960108,0000,37
19960109,0000,1389
19960110,0000,1225
19960111,0000,1187
19960112,0000,1479
19960113,0000,1522
19960114,0000,1410
19960115,0000,1415
19960116,0000,1066
19960117,0000,3080
19960118,0000,1520
19960119,0000,1700
19960120,0000,m
19960121,0000,1950
19960122,0000,850
19960123,0000,1385
19960124,0000,1796
19960125,0000,2204
19960126,0000,1583
19960127,0000,2214
19960128,0000,m
19960129,0000,1810
19960130,0000,1302
19960131,0000,m
19960201,0000,1548
19960202,0000,1296
19960203,0000,1255
19960204,0000,1831
19960205,0000,4810
19960206,0000,3581
19960207,0000,2902
19960208,0000,2218
19960209,0000,2034
19960211,0000,2394
19960212,0000,2280
19960213,0000,2108
19960214,0000,2045
19960215,0000,2268
19960216,0000,2354
19960217,0000,1564
19960218,0000,1065
19960219,0000,3037
19960220,0000,9918
19960221,0000,4923
19960224,0000,4625
19960225,0000,4099
19960226,0000,4704
19960227,0000,4682
19960228,0000,4615
19960229,0000,4293
19960301,0000,4316
19960302,0000,4258
19960303,0000,4330
19960304,0000,4468
19960305,0000,6262
19960306,0000,5292
19960307,0000,4541
19960308,0000,4530
19960309,0000,4483
19960310,0000,4410
19960311,0000,4914
19960312,0000,5814
19960313,0000,5247
19960314,0000,5124
19960317,0000,4282
19960318,0000,4671
19960319,0000,4965
19960320,0000,5001
19960322,0000,4856
19960323,0000,4481
19960324,0000,4406
19960325,0000,4386
19960326,0000,4319
19960327,0000,4313
19960328,0000,4332
19960330,0000,4619
19960331,0000,4326
19960401,0000,4389
19960402,0000,4648
19960403,0000,4501
19960404,0000,4287
19960405,0000,4265
19960406,0000,4286
19960407,0000,4265
19960408,0000,4200
19960409,0000,4303
19960410,0000,4640
19960411,0000,4704
19960412,0000,4395
19960413,0000,4194
19960414,0000,4025
19960415,0000,4021
19960416,0000,4666
19960417,0000,4921
19960418,0000,5497
19960419,0000,5166
19960420,0000,4694
19960421,0000,4544
19960422,0000,4448
19960423,0000,4484
19960424,0000,4525
19960425,0000,4524
19960426,0000,4527
19960427,0000,4115
19960428,0000,4339
19960429,0000,4577
19960430,0000,4211
19960501,0000,4515
19960502,0000,4588
19960503,0000,m
19960504,0000,4347
19960505,0000,4119
19960506,0000,4018
19960507,0000,3734
19960508,0000,4185
19960509,0000,6351
19960510,0000,6323
19960511,0000,7277
19960512,0000,7849
19960513,0000,7808
19960514,0000,8710
19960515,0000,8154
19960516,0000,23328
19960517,0000,m
19960518,0000,m
19960519,0000,8510
19960520,0000,6650
19960521,0000,6637
19960522,0000,6941
19960523,0000,5689
19960524,0000,m
19960525,0000,4504
19960526,0000,m
19960527,0000,5649
19960528,0000,5850
19960529,0000,5165
19960530,0000,4911
19960531,0000,m
19960601,0000,5502
19960602,0000,6077
19960603,0000,6718
19960604,0000,7002
19960605,0000,7827
19960606,0000,7508
19960607,0000,14927
19960608,0000,9543
19960609,0000,9655
19960610,0000,18339
19960611,0000,7756
19960612,0000,6448
19960613,0000,6090
19960614,0000,6449
19960615,0000,5200
19960616,0000,5511
19960617,0000,5637
19960618,0000,5622
19960619,0000,5557
19960620,0000,5516
19960621,0000,5977
19960622,0000,5871
19960623,0000,5136
19960624,0000,5004
19960625,0000,4540
19960626,0000,m
19960627,0000,3667
19960628,0000,2675
19960629,0000,2904
19960630,0000,3779
19960701,0000,3603
19960702,0000,2971
19960703,0000,3773
19960704,0000,5644
19960705,0000,4192
19960706,0000,3737
19960707,0000,3117
19960708,0000,3068
19960709,0000,3805
19960710,0000,4099
19960711,0000,4699
19960712,0000,4464
19960713,0000,4126
19960714,0000,3882
19960715,0000,4272
19960716,0000,3494
19960717,0000,3405
19960718,0000,3203
19960719,0000,3217
19960720,0000,3484
19960721,0000,3278
19960722,0000,2610
19960723,0000,2284
19960724,0000,2318
19960725,0000,2500
19960726,0000,2382
19960727,0000,2715
19960728,0000,2507
19960729,0000,2649
19960730,0000,2186
19960731,0000,2773
19960801,0000,2294
19960802,0000,2276
19960803,0000,1775
19960804,0000,1958
19960805,0000,2189
19960806,0000,2112
19960807,0000,2242
19960808,0000,m
19960809,0000,m
19960810,0000,m
19960811,0000,1986
19960812,0000,2557
19960813,0000,2280
19960814,0000,2447
19960815,0000,m
19960816,0000,m
19960817,0000,2120
19960818,0000,2181
19960819,0000,2496
19960820,0000,2234
19960821,0000,2526
19960822,0000,m
19960823,0000,2594
19960824,0000,2383
19960825,0000,2476
19960826,0000,1760
19960827,0000,1521
19960828,0000,1566
19960829,0000,2281
19960830,0000,2183
19960831,0000,2219
19960901,0000,2233
19960902,0000,2329
19960903,0000,2123
19960904,0000,1969
19960905,0000,2331
19960906,0000,1914
19960907,0000,m
19960908,0000,2058
19960909,0000,2196
19960910,0000,2177
19960911,0000,2091
19960912,0000,1990
19960913,0000,2122
19960914,0000,2511
19960915,0000,2039
19960916,0000,2291
19960917,0000,2112
19960918,0000,2144
19960919,0000,2046
19960920,0000,2350
19960921,0000,1920
19960922,0000,1759
19960923,0000,2368
19960924,0000,2154
19960925,0000,2109
19960926,0000,1537
19960927,0000,m
19960928,0000,m
19960929,0000,1281
19960930,0000,1443
19961001,0000,1100
19961002,0000,1093
19961003,0000,1204
19961004,0000,921
19961005,0000,960
19961006,0000,813
19961007,0000,1348
19961008,0000,1159
19961009,0000,851
19961010,0000,m
19961011,0000,664
19961012,0000,635
19961013,0000,618
19961014,0000,597
19961015,0000,484
19961016,0000,228
19961017,0000,543
19961018,0000,333
19961019,0000,m
19961020,0000,395
19961021,0000,232
19961022,0000,466
19961023,0000,461
19961024,0000,515
19961025,0000,607
19961026,0000,m
19961027,0000,864
19961028,0000,1008
19961029,0000,1012
19961030,0000,1155
19961031,0000,977
19961101,0000,m
19961102,0000,942
19961103,0000,836
19961104,0000,795
19961105,0000,1328
19961106,0000,1676
19961107,0000,1619
19961108,0000,m
19961109,0000,1277
19961110,0000,m
19961111,0000,604
19961112,0000,680
19961113,0000,1290
19961114,0000,994
19961115,0000,1197
19961116,0000,1350
19961117,0000,1818
19961118,0000,2114
19961119,0000,1945
19961120,0000,1649
19961121,0000,1706
19961122,0000,4268
19961123,0000,3285
19961124,0000,1808
19961125,0000,1553
19961126,0000,m
19961127,0000,2590
19961128,0000,2275
19961129,0000,1612
19961130,0000,m
19961201,0000,2299
19961202,0000,2262
19961203,0000,2177
19961204,0000,1888
19961205,0000,2886
19961206,0000,2952
19961207,0000,1361
19961208,0000,2268
19961209,0000,2551
19961210,0000,6918
19961211,0000,8592
19961212,0000,4183
19961213,0000,2221
19961214,0000,2499
19961215,0000,2314
19961216,0000,2657
19961217,0000,1911
19961218,0000,2841
19961219,0000,3356
19961220,0000,3567
19961221,0000,3356
19961222,0000,5593
19961223,0000,4660
19961224,0000,3783
19961225,0000,3393
19961226,0000,3302
19961227,0000,5985
19961228,0000,-9999
19961229,0000,5396
19961230,0000,8934
19961231,0000,6850
19970101,0000,-9999
19970102,0000,31337
19970103,0000,44847
19970104,0000,4048
19970105,0000,9226
19970106,0000,6003
19970107,0000,6499
19970108,0000,5509
19970109,0000,5523
19970110,0000,5749
19970111,0000,5516
19970112,0000,5234
19970113,0000,4985
19970114,0000,5204
19970115,0000,5707
19970116,0000,4779
19970117,0000,5004
19970118,0000,6638
19970119,0000,6097
19970120,0000,7545
19970121,0000,8398
19970122,0000,8491
19970123,0000,14505
19970124,0000,8875
19970125,0000,15627
19970126,0000,18179
19970127,0000,m
19970128,0000,9160
19970129,0000,8580
19970130,0000,7463
19970131,0000,7008
19970201,0000,6788
19970202,0000,7007
19970203,0000,7327
19970204,0000,6741
19970205,0000,6480
19970206,0000,6155
19970207,0000,6312
19970208,0000,4330
19970209,0000,3104
19970210,0000,1555
19970211,0000,2163
19970212,0000,1690
19970213,0000,1959
19970214,0000,1930
19970215,0000,1915
19970216,0000,1675
19970217,0000,1124
19970218,0000,1717
19970219,0000,2241
19970220,0000,1135
19970221,0000,1327
19970222,0000,1813
19970223,0000,2017
19970224,0000,2423
19970225,0000,3075
19970226,0000,3829
19970227,0000,3654
19970228,0000,3619
19970301,0000,3857
19970302,0000,4256
19970303,0000,4067
19970304,0000,4280
19970305,0000,4121
19970306,0000,4034
19970307,0000,4087
19970308,0000,4189
19970309,0000,4285
19970310,0000,4191
19970311,0000,4189
19970312,0000,3896
19970313,0000,3881
19970314,0000,3965
19970315,0000,3886
19970316,0000,3907
19970317,0000,3811
19970318,0000,3904
19970319,0000,3939
19970320,0000,3905
19970321,0000,3821
19970322,0000,3838
19970323,0000,3871
19970324,0000,3976
19970325,0000,3863
19970326,0000,3881
19970327,0000,4197
19970328,0000,3936
19970329,0000,3883
19970330,0000,4116
19970331,0000,4063
19970401,0000,4044
19970402,0000,3955
19970403,0000,3915
19970404,0000,4325
19970405,0000,4346
19970406,0000,3762
19970407,0000,3469
19970408,0000,3743
19970409,0000,4034
19970410,0000,4207
19970411,0000,4071
19970412,0000,4087
19970413,0000,4177
19970414,0000,4092
19970415,0000,4035
19970416,0000,3958
19970417,0000,3886
19970418,0000,4015
19970419,0000,4765
19970420,0000,3662
19970421,0000,4172
19970422,0000,4193
19970423,0000,4254
19970424,0000,4108
19970425,0000,3955
19970426,0000,3522
19970427,0000,3743
19970428,0000,5284
19970429,0000,6082
19970430,0000,5299
19970501,0000,5743
19970502,0000,5940
19970503,0000,5706
19970504,0000,5634
19970505,0000,6205
19970506,0000,6903
19970507,0000,6769
19970508,0000,6686
19970509,0000,6718
19970510,0000,6801
19970511,0000,7290
19970512,0000,7331
19970513,0000,7231
19970514,0000,7482
19970515,0000,7974
19970516,0000,7999
19970517,0000,7735
19970518,0000,7505
19970519,0000,7554
19970520,0000,6375
19970521,0000,6542
19970522,0000,5738
19970523,0000,5326
19970524,0000,5726
19970525,0000,4928
19970526,0000,4269
19970527,0000,4579
19970528,0000,4714
19970529,0000,6662
19970530,0000,5838
19970531,0000,7299
19970601,0000,8301
19970602,0000,7842
19970603,0000,6603
19970604,0000,6768
19970605,0000,6758
19970606,0000,6489
19970607,0000,5207
19970608,0000,5271
19970609,0000,5657
19970610,0000,5861
19970611,0000,5695
19970612,0000,4316
19970613,0000,4245
19970614,0000,4234
19970615,0000,4060
19970616,0000,4824
19970617,0000,4389
19970618,0000,5120
19970619,0000,5784
19970620,0000,5985
19970621,0000,6319
19970622,0000,6280
19970623,0000,5189
19970624,0000,4806
19970625,0000,3842
19970626,0000,4012
19970627,0000,3860
19970628,0000,3868
19970629,0000,3307
19970630,0000,3205
19970701,0000,3645
19970702,0000,3468
19970703,0000,2646
19970704,0000,2644
19970705,0000,m
19970706,0000,2469
19970707,0000,2265
19970708,0000,2370
19970709,0000,2288
19970710,0000,2436
19970711,0000,2386
19970712,0000,2284
19970713,0000,1359
19970714,0000,1944
19970715,0000,2471
19970716,0000,2837
19970717,0000,2206
19970718,0000,2600
19970719,0000,2309
19970720,0000,1940
19970721,0000,2411
19970722,0000,2830
19970723,0000,2321
19970724,0000,2425
19970725,0000,1652
19970726,0000,3103
19970727,0000,2274
19970728,0000,2401
19970729,0000,2341
19970730,0000,2638
19970731,0000,2210
19970801,0000,2157
19970802,0000,1964
19970803,0000,2920
19970804,0000,2139
19970805,0000,1877
19970806,0000,1903
19970807,0000,2213
19970808,0000,m
19970809,0000,1590
19970810,0000,1965
19970811,0000,2035
19970812,0000,1964
19970813,0000,1935
19970814,0000,2180
19970815,0000,2193
19970816,0000,1965
19970817,0000,2010
19970818,0000,1992
19970819,0000,2000
19970820,0000,1783
19970821,0000,1889
19970822,0000,2234
19970823,0000,2428
19970824,0000,2332
19970825,0000,2063
19970826,0000,2078
19970827,0000,2114
19970828,0000,2619
19970829,0000,2092
19970830,0000,2197
19970831,0000,m
19970901,0000,2043
19970902,0000,1934
19970903,0000,2110
19970904,0000,2259
19970905,0000,2237
19970906,0000,2366
19970907,0000,2255
19970908,0000,2448
19970909,0000,2859
19970910,0000,2421
19970911,0000,3466
19970912,0000,2113
19970913,0000,2579
19970914,0000,2478
19970915,0000,3035
19970916,0000,3431
19970917,0000,3533
19970918,0000,3616
19970919,0000,3337
19970920,0000,3417
19970921,0000,2256
19970922,0000,1641
19970923,0000,1400
19970924,0000,1901
19970925,0000,1638
19970926,0000,1159
19970927,0000,1452
19970928,0000,1724
19970929,0000,1410
19970930,0000,1327
19971001,0000,986
19971002,0000,810
19971003,0000,1408
19971004,0000,1548
19971005,0000,1677
19971006,0000,1733
19971007,0000,619
19971008,0000,1031
19971009,0000,891
19971010,0000,891
19971011,0000,803
19971012,0000,826
19971013,0000,946
19971014,0000,1312
19971015,0000,1595
19971016,0000,1564
19971017,0000,1988
19971018,0000,1845
19971019,0000,1749
19971020,0000,1723
19971021,0000,1774
19971022,0000,1613
19971023,0000,1452
19971024,0000,1466
19971025,0000,1441
19971026,0000,1394
19971027,0000,1410
19971028,0000,1303
19971029,0000,1176
19971030,0000,1178
19971031,0000,1495
19971101,0000,m
19971102,0000,935
19971103,0000,1582
19971104,0000,1756
19971105,0000,611
19971106,0000,859
19971107,0000,1533
19971108,0000,1123
19971109,0000,1195
19971110,0000,2007
19971111,0000,2335
19971112,0000,2576
19971113,0000,1702
19971114,0000,459
19971115,0000,558
19971116,0000,359
19971117,0000,426
19971118,0000,1067
19971119,0000,374
19971120,0000,318
19971121,0000,961
19971122,0000,1379
19971123,0000,699
19971124,0000,1128
19971125,0000,1047
19971126,0000,1111
19971127,0000,1233
19971128,0000,1167
19971129,0000,1025
19971130,0000,1033
19971201,0000,367
19971202,0000,704
19971203,0000,946
19971204,0000,964
19971205,0000,m
19971206,0000,672
19971207,0000,1617
19971208,0000,1913
19971209,0000,1460
19971210,0000,1328
19971211,0000,1289
19971212,0000,1129
19971213,0000,1103
19971214,0000,1072
19971215,0000,1176
19971216,0000,1200
19971217,0000,892
19971218,0000,1099
19971219,0000,1285
19971220,0000,1793
19971221,0000,305
19971222,0000,1132
19971223,0000,m
19971224,0000,1280
19971225,0000,797
19971226,0000,1012
19971227,0000,995
19971228,0000,1182
19971229,0000,1111
19971230,0000,1151
19971231,0000,m
19980101,0000,914
19980102,0000,m
19980103,0000,1024
19980104,0000,1150
19980105,0000,1242
19980106,0000,m
19980107,0000,1313
19980108,0000,1432
19980109,0000,1559
19980110,0000,1338
19980111,0000,1120
19980112,0000,1518
19980113,0000,2359
19980114,0000,1808
19980115,0000,5112
19980116,0000,4901
19980117,0000,2541
19980118,0000,1851
19980119,0000,3306
19980120,0000,1227
19980121,0000,2201
19980122,0000,1899
19980123,0000,1952
19980124,0000,1912
19980125,0000,2036
19980126,0000,1900
19980127,0000,1975
19980128,0000,1798
19980129,0000,2581
19980130,0000,2059
19980131,0000,1909
19980201,0000,2023
19980202,0000,3976
19980203,0000,8269
19980204,0000,5729
19980205,0000,3140
19980206,0000,3034
19980207,0000,5321
19980208,0000,4620
19980209,0000,3643
19980210,0000,3636
19980211,0000,3833
19980212,0000,4082
19980213,0000,3958
19980214,0000,4830
19980215,0000,5239
19980216,0000,m
19980217,0000,4381
19980218,0000,3990
19980219,0000,3510
19980220,0000,4279
19980221,0000,4218
19980222,0000,6070
19980223,0000,5328
19980224,0000,4568
19980225,0000,4298
19980226,0000,4318
19980227,0000,4076
19980228,0000,1817
19980301,0000,3404
19980302,0000,2971
19980303,0000,3083
19980304,0000,3465
19980305,0000,3820
19980306,0000,4244
19980307,0000,3719
19980308,0000,3556
19980309,0000,3104
19980310,0000,2906
19980311,0000,3764
19980312,0000,2619
19980313,0000,3253
19980314,0000,3287
19980315,0000,2927
19980316,0000,3192
19980317,0000,3338
19980318,0000,4069
19980319,0000,3636
19980320,0000,3086
19980321,0000,m
19980322,0000,3983
19980323,0000,3946
19980324,0000,4884
19980325,0000,8675
19980326,0000,5190
19980327,0000,5296
19980328,0000,7414
19980329,0000,5882
19980330,0000,5282
19980331,0000,5129
19980401,0000,5850
19980402,0000,5939
19980403,0000,6237
19980404,0000,5529
19980405,0000,m
19980406,0000,4787
19980407,0000,4858
19980408,0000,4455
19980409,0000,4755
19980410,0000,4403
19980411,0000,4697
19980412,0000,4430
19980413,0000,3898
19980414,0000,4615
19980415,0000,4173
19980416,0000,4231
19980417,0000,4430
19980418,0000,4034
19980419,0000,4421
19980420,0000,4090
19980421,0000,4135
19980422,0000,4191
19980423,0000,4509
19980424,0000,3772
19980425,0000,3768
19980426,0000,3576
19980427,0000,3481
19980428,0000,4427
19980429,0000,4077
19980430,0000,4085
19980501,0000,3362
19980502,0000,m
19980503,0000,4061
19980504,0000,6453
19980505,0000,6182
19980506,0000,6700
19980507,0000,6018
19980508,0000,4946
19980509,0000,5362
19980510,0000,3894
19980511,0000,4512
19980512,0000,4620
19980513,0000,4669
19980514,0000,4444
19980515,0000,4580
19980516,0000,4429
19980517,0000,4326
19980518,0000,4442
19980519,0000,4246
19980520,0000,4459
19980521,0000,4219
19980522,0000,4163
19980523,0000,4436
19980524,0000,4203
19980525,0000,4255
19980526,0000,4994
19980527,0000,6164
19980528,0000,5197
19980529,0000,5780
19980530,0000,6335
19980531,0000,5197
19980601,0000,7260
19980602,0000,8809
19980603,0000,9223
19980604,0000,9046
19980605,0000,8255
19980606,0000,9061
19980607,0000,12646
19980608,0000,11039
19980609,0000,10209
19980610,0000,10514
19980611,0000,10963
19980612,0000,10719
19980613,0000,m
19980614,0000,9759
19980615,0000,13109
19980616,0000,14526
19980617,0000,14401
19980618,0000,12295
19980619,0000,12939
19980620,0000,12561
19980621,0000,13743
19980622,0000,14157
19980623,0000,14554
19980624,0000,13978
19980625,0000,13684
19980626,0000,13671
19980627,0000,13275
19980628,0000,12849
19980629,0000,12249
19980630,0000,14842
19980701,0000,12743
19980702,0000,13409
19980703,0000,15342
19980704,0000,12487
19980705,0000,12278
19980706,0000,12394
19980707,0000,12341
19980708,0000,12060
19980709,0000,12598
19980710,0000,13332
19980711,0000,11607
19980712,0000,9404
19980713,0000,9945
19980714,0000,10528
19980715,0000,9076
19980716,0000,9234
19980717,0000,9446
19980718,0000,9273
19980719,0000,9262
19980720,0000,9147
19980721,0000,9669
19980722,0000,10280
19980723,0000,m
19980724,0000,8515
19980725,0000,m
19980726,0000,7506
19980727,0000,6765
19980728,0000,5751
19980729,0000,5772
19980730,0000,5253
19980731,0000,m
19980801,0000,5071
19980802,0000,3442
19980803,0000,3646
19980804,0000,3570
19980805,0000,4480
19980806,0000,3800
19980807,0000,m
19980808,0000,2947
19980809,0000,3368
19980810,0000,4092
19980811,0000,3922
19980812,0000,3790
19980813,0000,2784
19980814,0000,5137
19980815,0000,m
19980816,0000,3748
19980817,0000,3752
19980818,0000,2967
19980819,0000,2092
19980820,0000,2108
19980821,0000,m
19980822,0000,m
19980823,0000,2716
19980824,0000,2323
19980825,0000,2129
19980826,0000,2094
19980827,0000,1859
19980828,0000,2542
19980829,0000,1758
19980830,0000,1918
19980831,0000,2733
19980901,0000,3380
19980902,0000,3288
19980903,0000,3163
19980904,0000,2704
19980905,0000,2304
19980906,0000,1864
19980907,0000,2264
19980908,0000,3389
19980909,0000,2669
19980910,0000,3334
19980911,0000,2926
19980912,0000,3096
19980913,0000,3331
19980914,0000,3308
19980915,0000,3695
19980916,0000,3652
19980917,0000,3654
19980918,0000,3590
19980919,0000,2650
19980920,0000,2823
19980921,0000,2899
19980922,0000,2853
19980923,0000,2723
19980924,0000,2726
19980925,0000,2826
19980926,0000,2989
19980927,0000,2887
19980928,0000,2588
19980929,0000,2398
19980930,0000,2359
19981001,0000,2486
19981002,0000,2363
19981003,0000,1817
19981004,0000,1741
19981005,0000,2432
19981006,0000,2391
19981007,0000,2273
19981008,0000,2437
19981009,0000,2431
19981010,0000,2251
19981011,0000,1834
19981012,0000,2491
19981013,0000,1609
19981014,0000,688
19981015,0000,642
19981016,0000,955
19981017,0000,780
19981018,0000,608
19981019,0000,474
19981020,0000,565
19981021,0000,707
19981022,0000,510
19981023,0000,697
19981024,0000,515
19981025,0000,461
19981026,0000,746
19981027,0000,788
19981028,0000,674
19981029,0000,646
19981030,0000,640
19981031,0000,m
19981101,0000,1158
19981102,0000,1747
19981103,0000,2160
19981104,0000,1763
19981105,0000,1747
19981106,0000,1689
19981107,0000,1791
19981108,0000,1713
19981109,0000,1753
19981110,0000,1155
19981111,0000,1447
19981112,0000,1661
19981113,0000,1758
19981114,0000,1610
19981115,0000,1588
19981116,0000,1950
19981117,0000,m
19981118,0000,1124
19981119,0000,1507
19981120,0000,1952
19981121,0000,1857
19981122,0000,1614
19981123,0000,1968
19981124,0000,m
19981125,0000,1716
19981126,0000,866
19981127,0000,959
19981128,0000,1772
19981129,0000,791
19981130,0000,1972
19981201,0000,1803
19981202,0000,1635
19981203,0000,1471
19981204,0000,1901
19981205,0000,1496
19981206,0000,1795
19981207,0000,2142
19981208,0000,2080
19981209,0000,2038
19981210,0000,1547
19981211,0000,1329
19981212,0000,2064
19981213,0000,2068
19981214,0000,1743
19981215,0000,2184
19981216,0000,1559
19981217,0000,2132
19981218,0000,1723
19981219,0000,1770
19981220,0000,1807
19981221,0000,2757
19981222,0000,2861
19981223,0000,2669
19981224,0000,2259
19981225,0000,1771
19981226,0000,1572
19981227,0000,1093
19981228,0000,1731
19981229,0000,1683
19981230,0000,1409
19981231,0000,1255
19990101,0000,2562
19990102,0000,1372
19990103,0000,1834
19990104,0000,1393
19990105,0000,1868
19990106,0000,m
19990107,0000,1190
19990108,0000,1127
19990109,0000,868
19990110,0000,1214
19990111,0000,1214
19990112,0000,994
19990113,0000,1062
19990114,0000,714
19990115,0000,300
19990116,0000,201
19990117,0000,298
19990118,0000,1271
19990119,0000,808
19990120,0000,1342
19990121,0000,2383
19990122,0000,2382
19990123,0000,2660
19990124,0000,2981
19990125,0000,1905
19990126,0000,1615
19990127,0000,1969
19990128,0000,m
19990129,0000,2062
19990130,0000,m
19990131,0000,2161
19990201,0000,2134
19990202,0000,1925
19990203,0000,1959
19990204,0000,1530
19990205,0000,1300
19990206,0000,1479
19990207,0000,1877
19990208,0000,2691
19990209,0000,2636
19990210,0000,2261
19990211,0000,1907
19990212,0000,2328
19990213,0000,2160
19990214,0000,2480
19990215,0000,1907
19990216,0000,2260
19990217,0000,2408
19990218,0000,2299
19990219,0000,m
19990220,0000,m
19990221,0000,2285
19990222,0000,2449
19990223,0000,2057
19990224,0000,2373
19990225,0000,2187
19990226,0000,2138
19990227,0000,2344
19990228,0000,1457
19990301,0000,2177
19990302,0000,2074
19990303,0000,2116
19990304,0000,1751
19990305,0000,1816
19990306,0000,1419
19990307,0000,1754
19990308,0000,1621
19990309,0000,1690
19990310,0000,1615
19990311,0000,1548
19990312,0000,1434
19990313,0000,1547
19990314,0000,1672
19990315,0000,1514
19990316,0000,1463
19990317,0000,2227
19990318,0000,2222
19990319,0000,1975
19990320,0000,2328
19990321,0000,2213
19990322,0000,2189
19990323,0000,2141
19990324,0000,2398
19990325,0000,2210
19990326,0000,2021
19990327,0000,2183
19990328,0000,2254
19990329,0000,2206
19990330,0000,2093
19990331,0000,2793
19990401,0000,2880
19990402,0000,m
19990403,0000,m
19990404,0000,1440
19990405,0000,2206
19990406,0000,2501
19990407,0000,2305
19990408,0000,2291
19990409,0000,2391
19990410,0000,2574
19990411,0000,2425
19990412,0000,2414
19990413,0000,2250
19990414,0000,1764
19990415,0000,2844
19990416,0000,2971
19990417,0000,3089
19990418,0000,2745
19990419,0000,2975
19990420,0000,3510
19990421,0000,3237
19990422,0000,2874
19990423,0000,2748
19990424,0000,2881
19990425,0000,m
19990426,0000,m
19990427,0000,3181
19990428,0000,3180
19990429,0000,2765
19990430,0000,2926
19990501,0000,3370
19990502,0000,2415
19990503,0000,2903
19990504,0000,2976
19990505,0000,3294
19990506,0000,3174
19990507,0000,3187
19990508,0000,3378
19990509,0000,3264
19990510,0000,3237
19990511,0000,3116
19990512,0000,3350
19990513,0000,3570
19990514,0000,3764
19990515,0000,3402
19990516,0000,3381
19990517,0000,3013
19990518,0000,3090
19990519,0000,2918
19990520,0000,3094
19990521,0000,3549
19990522,0000,2704
19990523,0000,2692
19990524,0000,3139
19990525,0000,3155
19990526,0000,2802
19990527,0000,3275
19990528,0000,3548
19990529,0000,5743
19990530,0000,5634
19990531,0000,5136
19990601,0000,5621
19990602,0000,5383
19990603,0000,4759
19990604,0000,m
19990605,0000,3703
19990606,0000,3430
19990607,0000,3911
19990608,0000,3696
19990609,0000,3740
19990610,0000,3989
19990611,0000,3768
19990612,0000,m
19990613,0000,4305
19990614,0000,5147
19990615,0000,4801
19990616,0000,5641
19990617,0000,5279
19990618,0000,m
19990619,0000,m
19990620,0000,4495
19990621,0000,4381
19990622,0000,4179
19990623,0000,3591
19990624,0000,4210
19990625,0000,3955
19990626,0000,3757
19990627,0000,3148
19990628,0000,3234
19990629,0000,3455
19990630,0000,3472
19990701,0000,3096
19990702,0000,2756
19990703,0000,2607
19990704,0000,m
19990705,0000,2818
19990706,0000,3645
19990707,0000,2916
19990708,0000,2513
19990709,0000,m
19990710,0000,2308
19990711,0000,2345
19990712,0000,2572
19990713,0000,2904
19990714,0000,2487
19990715,0000,1507
19990716,0000,1488
19990717,0000,1458
19990718,0000,1336
19990719,0000,1850
19990720,0000,2301
19990721,0000,2088
19990722,0000,1725
19990723,0000,1743
19990724,0000,1584
19990725,0000,929
19990726,0000,1970
19990727,0000,1393
19990728,0000,1839
19990729,0000,1534
19990730,0000,1764
19990731,0000,m
19990801,0000,2681
19990802,0000,1838
19990803,0000,1913
19990804,0000,1841
19990805,0000,1768
19990806,0000,m
19990807,0000,1665
19990808,0000,1655
19990809,0000,1803
19990810,0000,1486
19990811,0000,2068
19990812,0000,1931
19990813,0000,2287
19990814,0000,2494
19990815,0000,2731
19990816,0000,2658
19990817,0000,2749
19990818,0000,2577
19990819,0000,2288
19990820,0000,2588
19990821,0000,2879
19990822,0000,2472
19990823,0000,2739
19990824,0000,2623
19990825,0000,3034
19990826,0000,2345
19990827,0000,2952
19990828,0000,3149
19990829,0000,2268
19990830,0000,2067
19990831,0000,2661
19990901,0000,2150
19990902,0000,2025
19990903,0000,2221
19990904,0000,2301
19990905,0000,2555
19990906,0000,2116
19990907,0000,2593
19990908,0000,2703
19990909,0000,2540
19990910,0000,2573
19990911,0000,3172
19990912,0000,2596
19990913,0000,3163
19990914,0000,2649
19990915,0000,1868
19990916,0000,1510
19990917,0000,1427
19990918,0000,949
19990919,0000,944
19990920,0000,1164
19990921,0000,1409
19990922,0000,2229
19990923,0000,2262
19990924,0000,2518
19990925,0000,2761
19990926,0000,2496
19990927,0000,1199
19990928,0000,1018
19990929,0000,476
19990930,0000,705
19991001,0000,374
19991002,0000,780
19991003,0000,572
19991004,0000,1156
19991005,0000,1615
19991006,0000,312
19991007,0000,601
19991008,0000,736
19991009,0000,506
19991010,0000,m
19991011,0000,1660
19991012,0000,1424
19991013,0000,1481
19991014,0000,605
19991015,0000,m
19991016,0000,921
19991017,0000,855
19991018,0000,947
19991019,0000,915
19991020,0000,1063
19991021,0000,1750
19991022,0000,1676
19991023,0000,1290
19991024,0000,1701
19991025,0000,2354
19991026,0000,1448
19991027,0000,1442
19991028,0000,1136
19991029,0000,737
19991030,0000,640
19991031,0000,1080
19991101,0000,2000
19991102,0000,1312
19991103,0000,778
19991104,0000,505
19991105,0000,m
19991106,0000,419
19991107,0000,678
19991108,0000,656
19991109,0000,648
19991110,0000,400
19991111,0000,266
19991112,0000,730
19991113,0000,311
19991114,0000,383
19991115,0000,690
19991116,0000,407
19991117,0000,708
19991118,0000,727
19991119,0000,632
19991120,0000,818
19991121,0000,574
19991122,0000,429
19991123,0000,817
19991124,0000,590
19991125,0000,340
19991126,0000,350
19991127,0000,497
19991128,0000,438
19991129,0000,798
19991130,0000,675
19991201,0000,582
19991202,0000,416
19991203,0000,m
19991204,0000,774
19991205,0000,732
19991206,0000,1485
19991207,0000,1006
19991208,0000,787
19991209,0000,944
19991210,0000,m
19991211,0000,838
19991212,0000,826
19991213,0000,698
19991214,0000,802
19991215,0000,801
19991216,0000,650
19991217,0000,794
19991218,0000,489
19991219,0000,627
19991220,0000,1216
19991221,0000,643
19991222,0000,1164
19991223,0000,m
19991224,0000,792
19991225,0000,387
19991226,0000,638
19991227,0000,800
19991228,0000,896
19991229,0000,631
19991230,0000,530
19991231,0000,550
20000101,0000,972
20000102,0000,498
20000103,0000,388
20000104,0000,629
20000105,0000,575
20000106,0000,113
20000107,0000,m
20000108,0000,m
20000109,0000,162
20000110,0000,168
20000111,0000,m
20000112,0000,9
20000113,0000,162
20000114,0000,m
20000115,0000,m
20000116,0000,m
20000117,0000,715
20000118,0000,905
20000119,0000,656
20000120,0000,679
20000121,0000,m
20000122,0000,m
20000123,0000,768
20000124,0000,2651
20000125,0000,4143
20000126,0000,2329
20000127,0000,1502
20000128,0000,m
20000129,0000,m
20000130,0000,1111
20000131,0000,1104
20000201,0000,599
20000202,0000,1037
20000203,0000,612
20000204,0000,m
20000205,0000,m
20000206,0000,275
20000207,0000,849
20000208,0000,776
20000209,0000,917
20000210,0000,744
20000211,0000,m
20000212,0000,m
20000213,0000,3369
20000214,0000,5811
20000215,0000,3468
20000216,0000,2217
20000217,0000,2813
20000218,0000,m
20000219,0000,m
20000220,0000,m
20000221,0000,2870
20000222,0000,2543
20000223,0000,4098
20000224,0000,2780
20000225,0000,m
20000226,0000,m
20000227,0000,4737
20000228,0000,2307
20000229,0000,1431
20000301,0000,3500
20000302,0000,3162
20000303,0000,m
20000304,0000,m
20000305,0000,5074
20000306,0000,4739
20000307,0000,4196
20000308,0000,4980
20000309,0000,4529
20000310,0000,m
20000311,0000,m
20000312,0000,4218
20000313,0000,3649
20000314,0000,3373
20000315,0000,3419
20000316,0000,3432
20000317,0000,3462
20000318,0000,3539
20000319,0000,3560
20000320,0000,4048
20000321,0000,3928
20000322,0000,3833
20000323,0000,2907
20000324,0000,1842
20000325,0000,2690
20000326,0000,2853
20000327,0000,2605
20000328,0000,2775
20000329,0000,3263
20000330,0000,3426
20000331,0000,3308
20000401,0000,3680
20000402,0000,3302
20000403,0000,3251
20000404,0000,3003
20000405,0000,3714
20000406,0000,3685
20000407,0000,4131
20000408,0000,4155
20000409,0000,3781
20000410,0000,4151
20000411,0000,3685
20000412,0000,3853
20000413,0000,3766
20000414,0000,3928
20000415,0000,3912
20000416,0000,3673
20000417,0000,4328
20000418,0000,4037
20000419,0000,3548
20000420,0000,4388
20000421,0000,3788
20000422,0000,3510
20000423,0000,2911
20000424,0000,3666
20000425,0000,2732
20000426,0000,3768
20000427,0000,2911
20000428,0000,3153
20000429,0000,3445
20000430,0000,3589
20000501,0000,3618
20000502,0000,3726
20000503,0000,3312
20000504,0000,3683
20000505,0000,3337
20000506,0000,3962
20000507,0000,3683
20000508,0000,3560
20000509,0000,3956
20000510,0000,3983
20000511,0000,5208
20000512,0000,4587
20000513,0000,4065
20000514,0000,4256
20000515,0000,4339
20000516,0000,4456
20000517,0000,4928
20000518,0000,4838
20000519,0000,4511
20000520,0000,4938
20000521,0000,4790
20000522,0000,4177
20000523,0000,5869
20000524,0000,7487
20000525,0000,8348
20000526,0000,7375
20000527,0000,7288
20000528,0000,7962
20000529,0000,8416
20000530,0000,6408
20000531,0000,6109
20000601,0000,5614
20000602,0000,5178
20000603,0000,6143
20000604,0000,5158
20000605,0000,6199
20000606,0000,6216
20000607,0000,5717
20000608,0000,4537
20000609,0000,5785
20000610,0000,4229
20000611,0000,3462
20000612,0000,4264
20000613,0000,4418
20000614,0000,5342
20000615,0000,6251
20000616,0000,5776
20000617,0000,6663
20000618,0000,6345
20000619,0000,5619
20000620,0000,5042
20000621,0000,4000
20000622,0000,4410
20000623,0000,3661
20000624,0000,3331
20000625,0000,3432
20000626,0000,3785
20000627,0000,3317
20000628,0000,3845
20000629,0000,3829
20000630,0000,3600
20000701,0000,3472
20000702,0000,3176
20000703,0000,4653
20000704,0000,2804
20000705,0000,2985
20000706,0000,3719
20000707,0000,2506
20000708,0000,2057
20000709,0000,1917
20000710,0000,2055
20000711,0000,2741
20000712,0000,978
20000713,0000,2115
20000714,0000,1436
20000715,0000,1662
20000716,0000,1716
20000717,0000,2871
20000718,0000,589
20000719,0000,1887
20000720,0000,2011
20000721,0000,2831
20000722,0000,2342
20000723,0000,2413
20000724,0000,2726
20000725,0000,2934
20000726,0000,3297
20000727,0000,2905
20000728,0000,3207
20000729,0000,2737
20000730,0000,1254
20000731,0000,2669
20000801,0000,3074
20000802,0000,3349
20000803,0000,3483
20000804,0000,2546
20000805,0000,2488
20000806,0000,2858
20000807,0000,2798
20000808,0000,2467
20000809,0000,1987
20000810,0000,2580
20000811,0000,1761
20000812,0000,2160
20000813,0000,1698
20000814,0000,2103
20000815,0000,1819
20000816,0000,2325
20000817,0000,2167
20000818,0000,1544
20000819,0000,578
20000820,0000,632
20000821,0000,1118
20000822,0000,1788
20000823,0000,1663
20000824,0000,1635
20000825,0000,1934
20000826,0000,1544
20000827,0000,1515
20000828,0000,1101
20000829,0000,1260
20000830,0000,636
20000831,0000,261
20000901,0000,363
20000902,0000,83
20000903,0000,376
20000904,0000,513
20000905,0000,1111
20000906,0000,464
20000907,0000,957
20000908,0000,1710
20000909,0000,1049
20000910,0000,1772
20000911,0000,1578
20000912,0000,2271
20000913,0000,1859
20000914,0000,1908
20000915,0000,2197
20000916,0000,1705
20000917,0000,1859
20000918,0000,2283
20000919,0000,1693
20000920,0000,1927
20000921,0000,1537
20000922,0000,1231
20000923,0000,1187
20000924,0000,1222
20000925,0000,1922
20000926,0000,1137
20000927,0000,1371
20000928,0000,771
20000929,0000,702
20000930,0000,1135
20001001,0000,1059
20001002,0000,2231
20001003,0000,1828
20001004,0000,1509
20001005,0000,1188
20001006,0000,1236
20001007,0000,1087
20001008,0000,1224
20001009,0000,2230
20001010,0000,1417
20001011,0000,1440
20001012,0000,1325
20001013,0000,1215
20001014,0000,832
20001015,0000,1288
20001016,0000,1725
20001017,0000,1305
20001018,0000,1846
20001019,0000,1706
20001020,0000,2070
20001021,0000,1077
20001022,0000,1337
20001023,0000,506
20001024,0000,981
20001025,0000,1340
20001026,0000,1348
20001027,0000,1101
20001028,0000,1025
20001029,0000,1084
20001030,0000,757
20001031,0000,1014
20001101,0000,1255
20001102,0000,866
20001103,0000,1171
20001104,0000,1269
20001105,0000,1060
20001106,0000,1350
20001107,0000,1326
20001108,0000,1814
20001109,0000,1833
20001110,0000,1878
20001111,0000,1885
20001112,0000,1270
20001113,0000,1740
20001114,0000,830
20001115,0000,275
20001116,0000,490
20001117,0000,71
20001118,0000,1567
20001119,0000,2455
20001120,0000,1180
20001121,0000,671
20001122,0000,804
20001123,0000,1590
20001124,0000,2066
20001125,0000,2218
20001126,0000,1102
20001127,0000,993
20001128,0000,922
20001129,0000,956
20001130,0000,637
20001201,0000,492
20001202,0000,382
20001203,0000,675
20001204,0000,791
20001205,0000,598
20001206,0000,328
20001207,0000,633
20001208,0000,375
20001209,0000,98
20001210,0000,431
20001211,0000,315
20001212,0000,522
20001213,0000,611
20001214,0000,481
20001215,0000,1181
20001216,0000,756
20001217,0000,650
20001218,0000,453
20001219,0000,413
20001220,0000,396
20001221,0000,339
20001222,0000,642
20001223,0000,605
20001224,0000,730
20001225,0000,371
20001226,0000,390
20001227,0000,339
20001228,0000,421
20001229,0000,466
20001230,0000,333
20001231,0000,363
20010101,0000,350
20010102,0000,491
20010103,0000,510
20010104,0000,297
20010105,0000,303
20010106,0000,421
20010107,0000,519
20010108,0000,867
20010109,0000,802
20010110,0000,987
20010111,0000,966
20010112,0000,489
20010113,0000,349
20010114,0000,133
20010115,0000,475
20010116,0000,321
20010117,0000,757
20010118,0000,1067
20010119,0000,867
20010120,0000,815
20010121,0000,501
20010122,0000,588
20010123,0000,280
20010124,0000,1624
20010125,0000,716
20010126,0000,593
20010127,0000,770
20010128,0000,419
20010129,0000,502
20010130,0000,626
20010131,0000,310
20010201,0000,238
20010202,0000,323
20010203,0000,259
20010204,0000,278
20010205,0000,416
20010206,0000,644
20010207,0000,445
20010208,0000,386
20010209,0000,317
20010210,0000,550
20010211,0000,818
20010212,0000,533
20010213,0000,787
20010214,0000,528
20010215,0000,971
20010216,0000,468
20010217,0000,600
20010218,0000,610
20010219,0000,628
20010220,0000,711
20010221,0000,1038
20010222,0000,754
20010223,0000,718
20010224,0000,1149
20010225,0000,849
20010226,0000,625
20010227,0000,631
20010228,0000,642
20010301,0000,828
20010302,0000,580
20010303,0000,1422
20010304,0000,1316
20010305,0000,2735
20010306,0000,1077
20010307,0000,1218
20010308,0000,1166
20010309,0000,1519
20010310,0000,1779
20010311,0000,1532
20010312,0000,1595
20010313,0000,1419
20010314,0000,1257
20010315,0000,904
20010316,0000,1043
20010317,0000,826
20010318,0000,777
20010319,0000,1536
20010320,0000,1882
20010321,0000,1277
20010322,0000,1371
20010323,0000,915
20010324,0000,843
20010325,0000,1516
20010326,0000,1766
20010327,0000,2945
20010328,0000,2558
20010329,0000,2606
20010330,0000,2610
20010331,0000,2651
20010401,0000,3119
20010402,0000,2405
20010403,0000,2529
20010404,0000,2494
20010405,0000,2475
20010406,0000,2492
20010407,0000,2904
20010408,0000,2507
20010409,0000,2435
20010410,0000,2515
20010411,0000,2349
20010412,0000,2437
20010413,0000,1304
20010414,0000,1388
20010415,0000,2185
20010416,0000,1018
20010417,0000,1136
20010418,0000,2064
20010419,0000,2238
20010420,0000,1928
20010421,0000,1937
20010422,0000,1827
20010423,0000,2731
20010424,0000,2748
20010425,0000,2648
20010426,0000,2398
20010427,0000,2489
20010428,0000,3288
20010429,0000,2844
20010430,0000,3227
20010501,0000,3029
20010502,0000,3548
20010503,0000,3316
20010504,0000,3859
20010505,0000,3378
20010506,0000,3588
20010507,0000,3718
20010508,0000,3307
20010509,0000,3569
20010510,0000,3706
20010511,0000,4144
20010512,0000,3796
20010513,0000,3984
20010514,0000,3608
20010515,0000,3678
20010516,0000,3583
20010517,0000,3005
20010518,0000,4060
20010519,0000,3350
20010520,0000,3222
20010521,0000,2805
20010522,0000,3349
20010523,0000,3555
20010524,0000,3413
20010525,0000,3888
20010526,0000,3723
20010527,0000,3848
20010528,0000,3888
20010529,0000,3934
20010530,0000,4091
20010531,0000,3665
20010601,0000,3818
20010602,0000,3744
20010603,0000,3772
20010604,0000,3564
20010605,0000,3422
20010606,0000,3075
20010607,0000,2620
20010608,0000,1586
20010609,0000,3969
20010610,0000,2639
20010611,0000,2544
20010612,0000,2824
20010613,0000,1970
20010614,0000,2466
20010615,0000,2052
20010616,0000,2454
20010617,0000,2253
20010618,0000,2300
20010619,0000,2277
20010620,0000,1648
20010621,0000,2052
20010622,0000,1703
20010623,0000,1879
20010624,0000,1651
20010625,0000,1731
20010626,0000,1558
20010627,0000,1534
20010628,0000,1456
20010629,0000,1744
20010630,0000,1159
20010701,0000,1438
20010702,0000,1575
20010703,0000,1529
20010704,0000,1421
20010705,0000,1490
20010706,0000,1058
20010707,0000,1113
20010708,0000,1655
20010709,0000,1665
20010710,0000,2394
20010711,0000,1706
20010712,0000,1855
20010713,0000,1398
20010714,0000,493
20010715,0000,803
20010716,0000,1365
20010717,0000,944
20010718,0000,1119
20010719,0000,1120
20010720,0000,1287
20010721,0000,973
20010722,0000,737
20010723,0000,1546
20010724,0000,1293
20010725,0000,1324
20010726,0000,1256
20010727,0000,1426
20010728,0000,583
20010729,0000,631
20010730,0000,1415
20010731,0000,1273
20010801,0000,1773
20010802,0000,1731
20010803,0000,1748
20010804,0000,1308
20010805,0000,1313
20010806,0000,1729
20010807,0000,2388
20010808,0000,703
20010809,0000,1504
20010810,0000,1445
20010811,0000,1165
20010812,0000,1803
20010813,0000,1633
20010814,0000,1821
20010815,0000,1780
20010816,0000,1790
20010817,0000,1888
20010818,0000,1546
20010819,0000,696
20010820,0000,1830
20010821,0000,1670
20010822,0000,2000
20010823,0000,1806
20010824,0000,1830
20010825,0000,1715
20010826,0000,1723
20010827,0000,1406
20010828,0000,1855
20010829,0000,2278
20010830,0000,1545
20010831,0000,1941
20010901,0000,1836
20010902,0000,1516
20010903,0000,1225
20010904,0000,1382
20010905,0000,1625
20010906,0000,1567
20010907,0000,1410
20010908,0000,1483
20010909,0000,1351
20010910,0000,1943
20010911,0000,1557
20010912,0000,1434
20010913,0000,990
20010914,0000,1368
20010915,0000,1132
20010916,0000,777
20010917,0000,640
20010918,0000,790
20010919,0000,1336
20010920,0000,1430
20010921,0000,1351
20010922,0000,1388
20010923,0000,1342
20010924,0000,1627
20010925,0000,1972
20010926,0000,1973
20010927,0000,2349
20010928,0000,2667
20010929,0000,1247
20010930,0000,199
20011001,0000,3471
20011002,0000,1980
20011003,0000,1199
20011004,0000,887
20011005,0000,1305
20011006,0000,521
20011007,0000,420
20011008,0000,345
20011009,0000,687
20011010,0000,465
20011011,0000,444
20011012,0000,604
20011013,0000,740
20011014,0000,397
20011015,0000,335
20011016,0000,414
20011017,0000,506
20011018,0000,598
20011019,0000,390
20011020,0000,330
20011021,0000,408
20011022,0000,447
20011023,0000,617
20011024,0000,504
20011025,0000,734
20011026,0000,815
20011027,0000,539
20011028,0000,399
20011029,0000,679
20011030,0000,415
20011031,0000,468
20011101,0000,451
20011102,0000,340
20011103,0000,384
20011104,0000,373
20011105,0000,671
20011106,0000,489
20011107,0000,298
20011108,0000,355
20011109,0000,336
20011110,0000,214
20011111,0000,305
20011112,0000,740
20011113,0000,511
20011114,0000,546
20011115,0000,439
20011116,0000,397
20011117,0000,491
20011118,0000,244
20011119,0000,252
20011120,0000,373
20011121,0000,478
20011122,0000,272
20011123,0000,335
20011124,0000,382
20011125,0000,746
20011126,0000,527
20011127,0000,609
20011128,0000,636
20011129,0000,301
20011130,0000,1199
20011201,0000,528
20011202,0000,604
20011203,0000,941
20011204,0000,735
20011205,0000,810
20011206,0000,435
20011207,0000,694
20011208,0000,510
20011209,0000,636
20011210,0000,509
20011211,0000,718
20011212,0000,757
20011213,0000,800
20011214,0000,827
20011215,0000,493
20011216,0000,484
20011217,0000,826
20011218,0000,912
20011219,0000,689
20011220,0000,984
20011221,0000,670
20011222,0000,458
20011223,0000,700
20011224,0000,750
20011225,0000,669
20011226,0000,659
20011227,0000,903
20011228,0000,1154
20011229,0000,2384
20011230,0000,1806
20011231,0000,1837
20020101,0000,1174
20020102,0000,1177
20020103,0000,1484
20020104,0000,1240
20020105,0000,1246
20020106,0000,1332
20020107,0000,1234
20020108,0000,1773
20020109,0000,1576
20020110,0000,1922
20020111,0000,1677
20020112,0000,1337
20020113,0000,959
20020114,0000,2369
20020115,0000,1432
20020116,0000,1883
20020117,0000,1747
20020118,0000,2215
20020119,0000,1927
20020120,0000,1406
20020121,0000,1921
20020122,0000,1693
20020123,0000,2134
20020124,0000,1216
20020125,0000,431
20020126,0000,1067
20020127,0000,746
20020128,0000,1458
20020129,0000,1884
20020130,0000,2031
20020131,0000,1691
20020201,0000,1403
20020202,0000,1372
20020203,0000,1276
20020204,0000,1762
20020205,0000,1431
20020206,0000,1365
20020207,0000,1422
20020208,0000,1435
20020209,0000,1390
20020210,0000,1558
20020211,0000,813
20020212,0000,903
20020213,0000,928
20020214,0000,1016
20020215,0000,1177
20020216,0000,1242
20020217,0000,1517
20020218,0000,1240
20020219,0000,1513
20020220,0000,1626
20020221,0000,1333
20020222,0000,1752
20020223,0000,1631
20020224,0000,1653
20020225,0000,1828
20020226,0000,2117
20020227,0000,1973
20020228,0000,2116
20020301,0000,1917
20020302,0000,1426
20020303,0000,1220
20020304,0000,1679
20020305,0000,1458
20020306,0000,1333
20020307,0000,1685
20020308,0000,994
20020309,0000,755
20020310,0000,1410
20020311,0000,1207
20020312,0000,1357
20020313,0000,1494
20020314,0000,1658
20020315,0000,1357
20020316,0000,1310
20020317,0000,1270
20020318,0000,787
20020319,0000,1143
20020320,0000,1315
20020321,0000,1624
20020322,0000,1954
20020323,0000,1722
20020324,0000,1890
20020325,0000,1871
20020326,0000,2044
20020327,0000,1842
20020328,0000,1757
20020329,0000,1627
20020330,0000,1328
20020331,0000,2056
20020401,0000,2612
20020402,0000,2688
20020403,0000,2592
20020404,0000,2438
20020405,0000,2684
20020406,0000,2628
20020407,0000,2637
20020408,0000,2450
20020409,0000,2512
20020410,0000,1876
20020411,0000,1994
20020412,0000,3100
20020413,0000,1424
20020414,0000,2188
20020415,0000,1934
20020416,0000,2243
20020417,0000,2192
20020418,0000,2362
20020419,0000,2368
20020420,0000,2253
20020421,0000,2120
20020422,0000,2908
20020423,0000,2066
20020424,0000,1712
20020425,0000,2286
20020426,0000,2850
20020427,0000,2463
20020428,0000,2874
20020429,0000,3054
20020430,0000,2994
20020501,0000,2443
20020502,0000,2537
20020503,0000,2662
20020504,0000,1746
20020505,0000,2823
20020506,0000,2635
20020507,0000,2900
20020508,0000,2988
20020509,0000,3029
20020510,0000,2895
20020511,0000,2537
20020512,0000,3026
20020513,0000,2867
20020514,0000,2155
20020515,0000,2582
20020516,0000,2507
20020517,0000,2809
20020518,0000,2221
20020519,0000,1872
20020520,0000,1717
20020521,0000,2707
20020522,0000,3091
20020523,0000,3388
20020524,0000,3161
20020525,0000,2813
20020526,0000,3047
20020527,0000,3236
20020528,0000,3314
20020529,0000,3064
20020530,0000,3567
20020531,0000,3768
20020601,0000,3491
20020602,0000,3660
20020603,0000,3857
20020604,0000,3769
20020605,0000,3852
20020606,0000,3771
20020607,0000,3778
20020608,0000,3749
20020609,0000,3768
20020610,0000,3381
20020611,0000,2901
20020612,0000,3081
20020613,0000,3127
20020614,0000,3167
20020615,0000,2776
20020616,0000,2294
20020617,0000,2710
20020618,0000,2549
20020619,0000,3173
20020620,0000,2267
20020621,0000,1683
20020622,0000,1737
20020623,0000,2343
20020624,0000,2320
20020625,0000,2312
20020626,0000,2193
20020627,0000,1969
20020628,0000,2181
20020629,0000,1961
20020630,0000,1933
20020701,0000,1749
20020702,0000,1911
20020703,0000,1045
20020704,0000,736
20020705,0000,270
20020706,0000,722
20020707,0000,988
20020708,0000,964
20020709,0000,1822
20020710,0000,1142
20020711,0000,1697
20020712,0000,2014
20020713,0000,1715
20020714,0000,1944
20020715,0000,1666
20020716,0000,1274
20020717,0000,1669
20020718,0000,1545
20020719,0000,1872
20020720,0000,1997
20020721,0000,1310
20020722,0000,1606
20020723,0000,1839
20020724,0000,1770
20020725,0000,1783
20020726,0000,1774
20020727,0000,1730
20020728,0000,1368
20020729,0000,1631
20020730,0000,1660
20020731,0000,1798
20020801,0000,1584
20020802,0000,1679
20020803,0000,1532
20020804,0000,1524
20020805,0000,2297
20020806,0000,1647
20020807,0000,1342
20020808,0000,1729
20020809,0000,1834
20020810,0000,1400
20020811,0000,998
20020812,0000,1350
20020813,0000,1861
20020814,0000,1986
20020815,0000,1983
20020816,0000,1550
20020817,0000,1626
20020818,0000,1735
20020819,0000,1796
20020820,0000,1067
20020821,0000,1908
20020822,0000,1858
20020823,0000,2274
20020824,0000,2073
20020825,0000,2106
20020826,0000,2149
20020827,0000,2215
20020828,0000,1796
20020829,0000,2145
20020830,0000,1672
20020831,0000,1873
20020901,0000,2077
20020902,0000,1914
20020903,0000,1751
20020904,0000,1776
20020905,0000,1445
20020906,0000,1683
20020907,0000,1501
20020908,0000,1821
20020909,0000,1690
20020910,0000,2026
20020911,0000,1619
20020912,0000,1585
20020913,0000,1611
20020914,0000,1437
20020915,0000,1418
20020916,0000,905
20020917,0000,1446
20020918,0000,1036
20020919,0000,1263
20020920,0000,1324
20020921,0000,1403
20020922,0000,1979
20020923,0000,1427
20020924,0000,1677
20020925,0000,1371
20020926,0000,1297
20020927,0000,1283
20020928,0000,1164
20020929,0000,1225
20020930,0000,831
20021001,0000,1264
20021002,0000,1434
20021003,0000,1365
20021004,0000,1831
20021005,0000,2203
20021006,0000,2380
20021007,0000,3819
20021008,0000,211
20021009,0000,882
20021010,0000,613
20021011,0000,504
20021012,0000,564
20021013,0000,491
20021014,0000,144
20021015,0000,330
20021016,0000,265
20021017,0000,208
20021018,0000,319
20021019,0000,227
20021020,0000,116
20021021,0000,954
20021022,0000,786
20021023,0000,858
20021024,0000,799
20021025,0000,901
20021026,0000,955
20021027,0000,775
20021028,0000,677
20021029,0000,970
20021030,0000,941
20021031,0000,822
20021101,0000,496
20021102,0000,751
20021103,0000,929
20021104,0000,617
20021105,0000,598
20021106,0000,545
20021107,0000,851
20021108,0000,1653
20021109,0000,3316
20021110,0000,1030
20021111,0000,904
20021112,0000,618
20021113,0000,704
20021114,0000,431
20021115,0000,493
20021116,0000,546
20021117,0000,628
20021118,0000,516
20021119,0000,566
20021120,0000,772
20021121,0000,759
20021122,0000,747
20021123,0000,597
20021124,0000,618
20021125,0000,711
20021126,0000,647
20021127,0000,683
20021128,0000,690
20021129,0000,690
20021130,0000,684
20021201,0000,788
20021202,0000,869
20021203,0000,911
20021204,0000,909
20021205,0000,934
20021206,0000,1231
20021207,0000,1065
20021208,0000,1047
20021209,0000,893
20021210,0000,846
20021211,0000,951
20021212,0000,907
20021213,0000,1061
20021214,0000,1221
20021215,0000,1306
20021216,0000,1837
20021217,0000,1830
20021218,0000,1037
20021219,0000,1018
20021220,0000,1123
20021221,0000,1188
20021222,0000,1119
20021223,0000,1315
20021224,0000,946
20021225,0000,1034
20021226,0000,726
20021227,0000,870
20021228,0000,1002
20021229,0000,755
20021230,0000,1071
20021231,0000,914
20030101,0000,1041
20030102,0000,695
20030103,0000,822
20030104,0000,923
20030105,0000,1235
20030106,0000,1255
20030107,0000,1391
20030108,0000,964
20030109,0000,1193
20030110,0000,1177
20030111,0000,979
20030112,0000,1171
20030113,0000,1239
20030114,0000,1201
20030115,0000,1242
20030116,0000,1407
20030117,0000,1034
20030118,0000,1133
20030119,0000,1136
20030120,0000,887
20030121,0000,1172
20030122,0000,1060
20030123,0000,1293
20030124,0000,1735
20030125,0000,1532
20030126,0000,1209
20030127,0000,967
20030128,0000,1199
20030129,0000,1361
20030130,0000,1032
20030131,0000,1764
20030201,0000,1218
20030202,0000,1894
20030203,0000,448
20030204,0000,2234
20030205,0000,1134
20030206,0000,1225
20030207,0000,1412
20030208,0000,1088
20030209,0000,1341
20030210,0000,1500
20030211,0000,1205
20030212,0000,1456
20030213,0000,1799
20030214,0000,1778
20030215,0000,1351
20030216,0000,1541
20030217,0000,1231
20030218,0000,946
20030219,0000,1328
20030220,0000,1886
20030221,0000,1447
20030222,0000,1629
20030223,0000,1389
20030224,0000,1392
20030225,0000,1899
20030226,0000,1489
20030227,0000,1569
20030228,0000,2117
20030301,0000,2203
20030302,0000,2099
20030303,0000,1580
20030304,0000,1897
20030305,0000,1768
20030306,0000,1641
20030307,0000,1107
20030308,0000,1000
20030309,0000,701
20030310,0000,599
20030311,0000,550
20030312,0000,820
20030313,0000,904
20030314,0000,1207
20030315,0000,2401
20030316,0000,1410
20030317,0000,913
20030318,0000,1107
20030319,0000,1109
20030320,0000,1066
20030321,0000,1919
20030322,0000,935
20030323,0000,944
20030324,0000,1397
20030325,0000,1560
20030326,0000,1107
20030327,0000,1751
20030328,0000,1746
20030329,0000,1271
20030330,0000,1479
20030331,0000,2426
20030401,0000,2135
20030402,0000,1505
20030403,0000,1473
20030404,0000,2709
20030405,0000,2562
20030406,0000,2606
20030407,0000,2758
20030408,0000,2026
20030409,0000,2870
20030410,0000,3245
20030411,0000,2012
20030412,0000,1649
20030413,0000,1877
20030414,0000,1925
20030415,0000,1646
20030416,0000,338
20030417,0000,724
20030418,0000,1798
20030419,0000,1818
20030420,0000,2734
20030421,0000,2909
20030422,0000,2522
20030423,0000,2739
20030424,0000,2468
20030425,0000,3185
20030426,0000,2926
20030427,0000,2946
20030428,0000,3066
20030429,0000,2993
20030430,0000,2669
20030501,0000,1984
20030502,0000,4614
20030503,0000,2971
20030504,0000,3053
20030505,0000,3289
20030506,0000,3540
20030507,0000,3707
20030508,0000,3818
20030509,0000,3574
20030510,0000,3965
20030511,0000,4092
20030512,0000,4087
20030513,0000,3929
20030514,0000,3960
20030515,0000,4671
20030516,0000,4132
20030517,0000,4017
20030518,0000,3925
20030519,0000,3973
20030520,0000,3440
20030521,0000,3115
20030522,0000,4057
20030523,0000,3709
20030524,0000,3352
20030525,0000,3285
20030526,0000,3417
20030527,0000,3597
20030528,0000,3522
20030529,0000,2630
20030530,0000,4220
20030531,0000,7555
20030601,0000,7947
20030602,0000,8289
20030603,0000,8548
20030604,0000,8280
20030605,0000,8115
20030606,0000,7685
20030607,0000,7694
20030608,0000,7100
20030609,0000,6714
20030610,0000,5923
20030611,0000,5136
20030612,0000,4239
20030613,0000,4315
20030614,0000,4383
20030615,0000,4496
20030616,0000,4403
20030617,0000,4264
20030618,0000,4235
20030619,0000,3900
20030620,0000,3620
20030621,0000,3538
20030622,0000,3422
20030623,0000,3087
20030624,0000,3688
20030625,0000,2656
20030626,0000,2961
20030627,0000,3360
20030628,0000,3134
20030629,0000,2845
20030630,0000,3384
20030701,0000,3005
20030702,0000,3132
20030703,0000,2882
20030704,0000,2405
20030705,0000,2029
20030706,0000,2674
20030707,0000,2636
20030708,0000,2468
20030709,0000,2552
20030710,0000,2460
20030711,0000,2634
20030712,0000,1502
20030713,0000,2759
20030714,0000,2433
20030715,0000,2614
20030716,0000,2548
20030717,0000,2738
20030718,0000,2638
20030719,0000,2040
20030720,0000,2427
20030721,0000,2154
20030722,0000,2467
20030723,0000,1992
20030724,0000,1959
20030725,0000,2421
20030726,0000,1866
20030727,0000,1760
20030728,0000,1343
20030729,0000,2190
20030730,0000,2140
20030731,0000,2744
20030801,0000,1893
20030802,0000,1708
20030803,0000,1637
20030804,0000,2136
20030805,0000,1837
20030806,0000,2062
20030807,0000,1877
20030808,0000,1915
20030809,0000,1997
20030810,0000,2570
20030811,0000,1747
20030812,0000,1927
20030813,0000,2019
20030814,0000,1724
20030815,0000,1771
20030816,0000,1720
20030817,0000,1800
20030818,0000,1768
20030819,0000,1964
20030820,0000,1832
20030821,0000,1718
20030822,0000,1848
20030823,0000,1972
20030824,0000,2372
20030825,0000,1976
20030826,0000,1950
20030827,0000,1922
20030828,0000,1770
20030829,0000,1751
20030830,0000,796
20030831,0000,1502
20030901,0000,1419
20030902,0000,1771
20030903,0000,1397
20030904,0000,1308
20030905,0000,1333
20030906,0000,1094
20030907,0000,1267
20030908,0000,892
20030909,0000,1295
20030910,0000,1509
20030911,0000,1399
20030912,0000,1150
20030913,0000,659
20030914,0000,1294
20030915,0000,1211
20030916,0000,889
20030917,0000,1154
20030918,0000,1238
20030919,0000,1295
20030920,0000,1462
20030921,0000,1536
20030922,0000,1291
20030923,0000,1390
20030924,0000,1654
20030925,0000,1200
20030926,0000,1273
20030927,0000,1664
20030928,0000,1226
20030929,0000,1556
20030930,0000,1183
20031001,0000,1349
20031002,0000,1267
20031003,0000,1457
20031004,0000,1208
20031005,0000,475
20031006,0000,653
20031007,0000,727
20031008,0000,418
20031009,0000,712
20031010,0000,760
20031011,0000,1301
20031012,0000,831
20031013,0000,1114
20031014,0000,1457
20031015,0000,1089
20031016,0000,1297
20031017,0000,1811
20031018,0000,1987
20031019,0000,1972
20031020,0000,1912
20031021,0000,1858
20031022,0000,1886
20031023,0000,2060
20031024,0000,2053
20031025,0000,1802
20031026,0000,791
20031027,0000,903
20031028,0000,1025
20031029,0000,908
20031030,0000,778
20031031,0000,849
20031101,0000,1118
20031102,0000,934
20031103,0000,1009
20031104,0000,960
20031105,0000,717
20031106,0000,636
20031107,0000,202
20031108,0000,951
20031109,0000,640
20031110,0000,431
20031111,0000,295
20031112,0000,332
20031113,0000,356
20031114,0000,325
20031115,0000,344
20031116,0000,306
20031117,0000,304
20031118,0000,303
20031119,0000,309
20031120,0000,379
20031121,0000,304
20031122,0000,434
20031123,0000,312
20031124,0000,300
20031125,0000,305
20031126,0000,322
20031127,0000,562
20031128,0000,583
20031129,0000,642
20031130,0000,776
20031201,0000,737
20031202,0000,1060
20031203,0000,558
20031204,0000,964
20031205,0000,796
20031206,0000,926
20031207,0000,867
20031208,0000,1011
20031209,0000,684
20031210,0000,1116
20031211,0000,1040
20031212,0000,828
20031213,0000,521
20031214,0000,777
20031215,0000,1063
20031216,0000,881
20031217,0000,850
20031218,0000,701
20031219,0000,582
20031220,0000,433
20031221,0000,634
20031222,0000,626
20031223,0000,626
20031224,0000,1090
20031225,0000,1525
20031226,0000,805
20031227,0000,730
20031228,0000,599
20031229,0000,730
20031230,0000,646
20031231,0000,805
20040101,0000,941
20040102,0000,1484
20040103,0000,1086
20040104,0000,961
20040105,0000,828
20040106,0000,1334
20040107,0000,1394
20040108,0000,2333
20040109,0000,2598
20040110,0000,1682
20040111,0000,2128
20040112,0000,1113
20040113,0000,868
20040114,0000,1311
20040115,0000,1460
20040116,0000,1328
20040117,0000,1272
20040118,0000,1275
20040119,0000,1412
20040120,0000,1388
20040121,0000,1201
20040122,0000,299
20040123,0000,149
20040124,0000,227
20040125,0000,455
20040126,0000,1279
20040127,0000,1741
20040128,0000,1366
20040129,0000,1912
20040130,0000,1818
20040131,0000,1479
20040201,0000,1442
20040202,0000,1222
20040203,0000,1862
20040204,0000,1669
20040205,0000,1611
20040206,0000,1192
20040207,0000,1235
20040208,0000,1259
20040209,0000,1389
20040210,0000,841
20040211,0000,747
20040212,0000,829
20040213,0000,785
20040214,0000,1100
20040215,0000,997
20040216,0000,1000
20040217,0000,1014
20040218,0000,1171
20040219,0000,706
20040220,0000,1412
20040221,0000,1491
20040222,0000,1230
20040223,0000,1173
20040224,0000,1426
20040225,0000,1362
20040226,0000,2711
20040227,0000,1639
20040228,0000,1474
20040229,0000,1557
20040301,0000,1522
20040302,0000,1590
20040303,0000,1973
20040304,0000,516
20040305,0000,231
20040306,0000,737
20040307,0000,1600
20040308,0000,1869
20040309,0000,1742
20040310,0000,1820
20040311,0000,1354
20040312,0000,2614
20040313,0000,2688
20040314,0000,2268
20040315,0000,1940
20040316,0000,2592
20040317,0000,2707
20040318,0000,2635
20040319,0000,3020
20040320,0000,2698
20040321,0000,2612
20040322,0000,2959
20040323,0000,2843
20040324,0000,2657
20040325,0000,2560
20040326,0000,3294
20040327,0000,3265
20040328,0000,3626
20040329,0000,3263
20040330,0000,3192
20040331,0000,3158
20040401,0000,2965
20040402,0000,2892
20040403,0000,2934
20040404,0000,2363
20040405,0000,2504
20040406,0000,2413
20040407,0000,2116
20040408,0000,2209
20040409,0000,2176
20040410,0000,2489
20040411,0000,2886
20040412,0000,2679
20040413,0000,2043
20040414,0000,2444
20040415,0000,2496
20040416,0000,2202
20040417,0000,2454
20040418,0000,2054
20040419,0000,2297
20040420,0000,2402
20040421,0000,2244
20040422,0000,2447
20040423,0000,2110
20040424,0000,2514
20040425,0000,2760
20040426,0000,2721
20040427,0000,3226
20040428,0000,2165
20040429,0000,2525
20040430,0000,2803
20040501,0000,2882
20040502,0000,2772
20040503,0000,3017
20040504,0000,2405
20040505,0000,2641
20040506,0000,2600
20040507,0000,2514
20040508,0000,2204
20040509,0000,2428
20040510,0000,2002
20040511,0000,2113
20040512,0000,2710
20040513,0000,2731
20040514,0000,2243
20040515,0000,2357
20040516,0000,2500
20040517,0000,2416
20040518,0000,2580
20040519,0000,2118
20040520,0000,2366
20040521,0000,2412
20040522,0000,2144
20040523,0000,2229
20040524,0000,2288
20040525,0000,2211
20040526,0000,2285
20040527,0000,2237
20040528,0000,2291
20040529,0000,2000
20040530,0000,2689
20040531,0000,2107
20040601,0000,2381
20040602,0000,2591
20040603,0000,2349
20040604,0000,2248
20040605,0000,2205
20040606,0000,2226
20040607,0000,2611
20040608,0000,2526
20040609,0000,2785
20040610,0000,2541
20040611,0000,3208
20040612,0000,3087
20040613,0000,2388
20040614,0000,2785
20040615,0000,1749
20040616,0000,2249
20040617,0000,2675
20040618,0000,2658
20040619,0000,1441
20040620,0000,1018
20040621,0000,2839
20040622,0000,1586
20040623,0000,1182
20040624,0000,1570
20040625,0000,1948
20040626,0000,2225
20040627,0000,1548
20040628,0000,1789
20040629,0000,1244
20040630,0000,1849
20040701,0000,1808
20040702,0000,1617
20040703,0000,2236
20040704,0000,695
20040705,0000,1937
20040706,0000,1881
20040707,0000,1787
20040708,0000,1274
20040709,0000,1938
20040710,0000,2516
20040711,0000,506
20040712,0000,1834
20040713,0000,1610
20040714,0000,2382
20040715,0000,1853
20040716,0000,1696
20040717,0000,1672
20040718,0000,1818
20040719,0000,1907
20040720,0000,2371
20040721,0000,1687
20040722,0000,1453
20040723,0000,1428
20040724,0000,1747
20040725,0000,2037
20040726,0000,2091
20040727,0000,1909
20040728,0000,1882
20040729,0000,1357
20040730,0000,1557
20040731,0000,1475
20040801,0000,1463
20040802,0000,1007
20040803,0000,1129
20040804,0000,1555
20040805,0000,1444
20040806,0000,1500
20040807,0000,1111
20040808,0000,1033
20040809,0000,1185
20040810,0000,1165
20040811,0000,1281
20040812,0000,1308
20040813,0000,1457
20040814,0000,1198
20040815,0000,1539
20040816,0000,1673
20040817,0000,1540
20040818,0000,1533
20040819,0000,1303
20040820,0000,1772
20040821,0000,917
20040822,0000,853
20040823,0000,920
20040824,0000,1098
20040825,0000,1495
20040826,0000,1059
20040827,0000,1756
20040828,0000,1828
20040829,0000,1293
20040830,0000,1485
20040831,0000,1382
20040901,0000,1353
20040902,0000,1390
20040903,0000,1733
20040904,0000,1498
20040905,0000,1893
20040906,0000,1562
20040907,0000,1868
20040908,0000,1617
20040909,0000,1817
20040910,0000,2072
20040911,0000,1445
20040912,0000,1706
20040913,0000,1250
20040914,0000,1270
20040915,0000,1264
20040916,0000,1414
20040917,0000,1201
20040918,0000,318
20040919,0000,990
20040920,0000,579
20040921,0000,1674
20040922,0000,1220
20040923,0000,1294
20040924,0000,1570
20040925,0000,870
20040926,0000,1348
20040927,0000,695
20040928,0000,333
20040929,0000,547
20040930,0000,1204
20041001,0000,1185
20041002,0000,783
20041003,0000,1014
20041004,0000,999
20041005,0000,929
20041006,0000,629
20041007,0000,1252
20041008,0000,543
20041009,0000,674
20041010,0000,508
20041011,0000,506
20041012,0000,673
20041013,0000,575
20041014,0000,644
20041015,0000,790
20041016,0000,435
20041017,0000,602
20041018,0000,595
20041019,0000,1075
20041020,0000,1556
20041021,0000,1364
20041022,0000,2017
20041023,0000,2222
20041024,0000,2138
20041025,0000,2166
20041026,0000,1598
20041027,0000,1726
20041028,0000,1256
20041029,0000,1658
20041030,0000,1340
20041031,0000,531
20041101,0000,1064
20041102,0000,1429
20041103,0000,2038
20041104,0000,839
20041105,0000,864
20041106,0000,940
20041107,0000,1053
20041108,0000,1196
20041109,0000,854
20041110,0000,1359
20041111,0000,865
20041112,0000,1128
20041113,0000,1034
20041114,0000,1027
20041115,0000,1040
20041116,0000,1315
20041117,0000,1846
20041118,0000,1305
20041119,0000,1120
20041120,0000,1534
20041121,0000,1034
20041122,0000,1493
20041123,0000,1522
20041124,0000,967
20041125,0000,1204
20041126,0000,1330
20041127,0000,1592
20041128,0000,1477
20041129,0000,2591
20041130,0000,1414
20041201,0000,1625
20041202,0000,1254
20041203,0000,1342
20041204,0000,1633
20041205,0000,1345
20041206,0000,1706
20041207,0000,1718
20041208,0000,1353
20041209,0000,1012
20041210,0000,645
20041211,0000,1030
20041212,0000,813
20041213,0000,1384
20041214,0000,1316
20041215,0000,1082
20041216,0000,1252
20041217,0000,1052
20041218,0000,1520
20041219,0000,705
20041220,0000,911
20041221,0000,768
20041222,0000,803
20041223,0000,1006
20041224,0000,687
20041225,0000,764
20041226,0000,864
20041227,0000,1018
20041228,0000,736
20041229,0000,928
20041230,0000,1317
20041231,0000,5697
20050101,0000,1517
20050102,0000,1932
20050103,0000,1013
20050104,0000,1993
20050105,0000,1600
20050106,0000,2536
20050107,0000,2570
20050108,0000,2958
20050109,0000,2852
20050110,0000,4305
20050111,0000,4755
20050112,0000,2371
20050113,0000,2378
20050114,0000,2200
20050115,0000,1310
20050116,0000,1157
20050117,0000,1835
20050118,0000,2218
20050119,0000,827
20050120,0000,620
20050121,0000,639
20050122,0000,1121
20050123,0000,1099
20050124,0000,1467
20050125,0000,805
20050126,0000,1241
20050127,0000,2368
20050128,0000,2303
20050129,0000,2262
20050130,0000,2048
20050131,0000,932
20050201,0000,358
20050202,0000,164
20050203,0000,754
20050204,0000,1874
20050205,0000,2118
20050206,0000,2088
20050207,0000,1936
20050208,0000,1840
20050209,0000,1829
20050210,0000,1769
20050211,0000,3158
20050212,0000,2482
20050213,0000,2222
20050214,0000,2445
20050215,0000,3840
20050216,0000,4000
20050217,0000,3008
20050218,0000,3008
20050219,0000,2815
20050220,0000,3232
20050221,0000,4292
20050222,0000,3118
20050223,0000,3942
20050224,0000,3470
20050225,0000,3803
20050226,0000,3735
20050227,0000,3722
20050228,0000,4169
20050301,0000,4321
20050302,0000,3646
20050303,0000,3788
20050304,0000,3314
20050305,0000,3744
20050306,0000,3591
20050307,0000,3055
20050308,0000,3509
20050309,0000,3760
20050310,0000,3835
20050311,0000,4275
20050312,0000,4118
20050313,0000,3720
20050314,0000,3593
20050315,0000,3669
20050316,0000,3178
20050317,0000,3360
20050318,0000,2905
20050319,0000,3924
20050320,0000,3157
20050321,0000,4282
20050322,0000,6235
20050323,0000,10422
20050324,0000,5839
20050325,0000,4972
20050326,0000,3945
20050327,0000,3581
20050328,0000,3799
20050329,0000,4039
20050330,0000,3976
20050331,0000,3713
20050401,0000,2399
20050402,0000,4191
20050403,0000,3535
20050404,0000,3374
20050405,0000,3874
20050406,0000,3419
20050407,0000,4201
20050408,0000,3982
20050409,0000,4285
20050410,0000,3410
20050411,0000,3433
20050412,0000,4351
20050413,0000,4864
20050414,0000,4416
20050415,0000,4577
20050416,0000,5275
20050417,0000,4589
20050418,0000,4869
20050419,0000,5788
20050420,0000,4336
20050421,0000,4595
20050422,0000,4590
20050423,0000,3746
20050424,0000,3300
20050425,0000,4043
20050426,0000,3904
20050427,0000,4204
20050428,0000,4891
20050429,0000,4020
20050430,0000,4348
20050501,0000,3794
20050502,0000,4716
20050503,0000,3927
20050504,0000,3626
20050505,0000,4516
20050506,0000,4010
20050507,0000,4513
20050508,0000,4248
20050509,0000,7040
20050510,0000,11301
20050511,0000,7003
20050512,0000,5879
20050513,0000,6306
20050514,0000,8129
20050515,0000,9519
20050516,0000,17862
20050517,0000,16905
20050518,0000,10986
20050519,0000,11131
20050520,0000,13164
20050521,0000,13748
20050522,0000,13422
20050523,0000,14326
20050524,0000,13923
20050525,0000,13330
20050526,0000,14422
20050527,0000,15544
20050528,0000,15217
20050529,0000,14907
20050530,0000,12181
20050531,0000,11889
20050601,0000,12601
20050602,0000,13079
20050603,0000,14309
20050604,0000,13295
20050605,0000,12672
20050606,0000,11301
20050607,0000,8506
20050608,0000,7187
20050609,0000,7235
20050610,0000,6801
20050611,0000,8327
20050612,0000,8818
20050613,0000,9460
20050614,0000,11475
20050615,0000,12547
20050616,0000,13655
20050617,0000,11407
20050618,0000,9209
20050619,0000,7706
20050620,0000,7374
20050621,0000,8191
20050622,0000,9083
20050623,0000,9734
20050624,0000,8441
20050625,0000,7909
20050626,0000,7528
20050627,0000,6407
20050628,0000,6886
20050629,0000,6113
20050630,0000,6770
20050701,0000,6954
20050702,0000,7652
20050703,0000,8349
20050704,0000,8588
20050705,0000,8702
20050706,0000,8715
20050707,0000,7966
20050708,0000,7396
20050709,0000,7426
20050710,0000,6441
20050711,0000,6246
20050712,0000,6432
20050713,0000,6430
20050714,0000,6178
20050715,0000,5397
20050716,0000,5340
20050717,0000,4855
20050718,0000,4480
20050719,0000,4378
20050720,0000,4578
20050721,0000,4327
20050722,0000,3490
20050723,0000,4354
20050724,0000,4182
20050725,0000,3880
20050726,0000,3874
20050727,0000,3256
20050728,0000,3343
20050729,0000,3123
20050730,0000,2910
20050731,0000,3131
20050801,0000,2236
20050802,0000,3129
20050803,0000,2415
20050804,0000,2403
20050805,0000,2651
20050806,0000,2830
20050807,0000,2849
20050808,0000,2972
20050809,0000,2165
20050810,0000,2660
20050811,0000,2705
20050812,0000,2346
20050813,0000,2473
20050814,0000,1934
20050815,0000,2278
20050816,0000,2606
20050817,0000,2106
20050818,0000,2666
20050819,0000,2938
20050820,0000,2551
20050821,0000,2260
20050822,0000,2809
20050823,0000,2745
20050824,0000,2185
20050825,0000,2873
20050826,0000,2548
20050827,0000,2281
20050828,0000,2395
20050829,0000,2976
20050830,0000,2229
20050831,0000,1886
20050901,0000,1675
20050902,0000,2303
20050903,0000,1637
20050904,0000,2439
20050905,0000,1993
20050906,0000,2024
20050907,0000,2379
20050908,0000,2261
20050909,0000,2003
20050910,0000,1680
20050911,0000,2014
20050912,0000,2245
20050913,0000,1633
20050914,0000,1178
20050915,0000,1896
20050916,0000,1193
20050917,0000,1803
20050918,0000,1500
20050919,0000,1141
20050920,0000,1674
20050921,0000,1396
20050922,0000,1335
20050923,0000,1788
20050924,0000,921
20050925,0000,1254
20050926,0000,1764
20050927,0000,1321
20050928,0000,1395
20050929,0000,1461
20050930,0000,1350
20051001,0000,1248
20051002,0000,1437
20051003,0000,1674
20051004,0000,1691
20051005,0000,1371
20051006,0000,1274
20051007,0000,1667
20051008,0000,1294
20051009,0000,1421
20051010,0000,2045
20051011,0000,2050
20051012,0000,2197
20051013,0000,2200
20051014,0000,1629
20051015,0000,954
20051016,0000,1674
20051017,0000,1591
20051018,0000,1126
20051019,0000,1936
20051020,0000,748
20051021,0000,770
20051022,0000,951
20051023,0000,1191
20051024,0000,867
20051025,0000,1074
20051026,0000,960
20051027,0000,875
20051028,0000,1054
20051029,0000,1318
20051030,0000,1644
20051031,0000,1331
20051101,0000,1075
20051102,0000,1243
20051103,0000,749
20051104,0000,758
20051105,0000,1114
20051106,0000,1127
20051107,0000,1235
20051108,0000,1412
20051109,0000,1394
20051110,0000,1575
20051111,0000,1836
20051112,0000,1090
20051113,0000,2106
20051114,0000,663
20051115,0000,767
20051116,0000,348
20051117,0000,502
20051118,0000,373
20051119,0000,631
20051120,0000,938
20051121,0000,926
20051122,0000,976
20051123,0000,732
20051124,0000,1433
20051125,0000,934
20051126,0000,772
20051127,0000,844
20051128,0000,692
20051129,0000,853
20051130,0000,831
20051201,0000,1033
20051202,0000,1245
20051203,0000,1201
20051204,0000,689
20051205,0000,653
20051206,0000,689
20051207,0000,595
20051208,0000,1059
20051209,0000,1077
20051210,0000,1185
20051211,0000,1546
20051212,0000,1613
20051213,0000,890
20051214,0000,1645
20051215,0000,1181
20051216,0000,961
20051217,0000,1507
20051218,0000,2167
20051219,0000,1917
20051220,0000,1359
20051221,0000,1356
20051222,0000,1579
20051223,0000,1447
20051224,0000,1410
20051225,0000,1419
20051226,0000,1594
20051227,0000,1701
20051228,0000,1604
20051229,0000,1697
20051230,0000,2123
20051231,0000,4145
20060101,0000,3533
20060102,0000,8203
20060103,0000,5703
20060104,0000,2843
20060105,0000,2282
20060106,0000,1119
20060107,0000,2271
20060108,0000,2230
20060109,0000,2392
20060110,0000,1857
20060111,0000,1435
20060112,0000,1413
20060113,0000,2744
20060114,0000,2047
20060115,0000,2714
20060116,0000,2403
20060117,0000,2304
20060118,0000,2451
20060119,0000,3373
20060120,0000,3075
20060121,0000,2810
20060122,0000,3053
20060123,0000,2634
20060124,0000,2376
20060125,0000,2793
20060126,0000,3083
20060127,0000,1948
20060128,0000,3439
20060129,0000,3051
20060130,0000,2998
20060131,0000,2837
20060201,0000,2995
20060202,0000,2868
20060203,0000,2590
20060204,0000,2838
20060205,0000,2902
20060206,0000,2065
20060207,0000,2308
20060208,0000,2231
20060209,0000,2661
20060210,0000,2914
20060211,0000,1817
20060212,0000,2506
20060213,0000,3030
20060214,0000,1217
20060215,0000,1731
20060216,0000,1841
20060217,0000,1668
20060218,0000,1340
20060219,0000,1905
20060220,0000,1745
20060221,0000,2095
20060222,0000,2187
20060223,0000,1782
20060224,0000,993
20060225,0000,1855
20060226,0000,1917
20060227,0000,627
20060228,0000,4393
20060301,0000,2680
20060302,0000,1763
20060303,0000,2264
20060304,0000,1981
20060305,0000,3295
20060306,0000,3187
20060307,0000,3467
20060308,0000,2589
20060309,0000,2632
20060310,0000,3398
20060311,0000,3924
20060312,0000,3588
20060313,0000,2432
20060314,0000,3406
20060315,0000,3238
20060316,0000,3211
20060317,0000,3267
20060318,0000,3798
20060319,0000,3674
20060320,0000,3976
20060321,0000,2121
20060322,0000,3709
20060323,0000,3278
20060324,0000,2994
20060325,0000,3609
20060326,0000,4421
20060327,0000,3574
20060328,0000,5137
20060329,0000,7236
20060330,0000,5382
20060331,0000,4939
20060401,0000,5762
20060402,0000,5911
20060403,0000,10731
20060404,0000,16995
20060405,0000,14695
20060406,0000,8682
20060407,0000,7112
20060408,0000,6428
20060409,0000,6522
20060410,0000,6344
20060411,0000,5702
20060412,0000,5816
20060413,0000,5885
20060414,0000,6167
20060415,0000,5771
20060416,0000,5711
20060417,0000,7038
20060418,0000,6488
20060419,0000,5627
20060420,0000,5965
20060421,0000,6279
20060422,0000,6257
20060423,0000,6253
20060424,0000,6090
20060425,0000,6016
20060426,0000,5637
20060427,0000,5794
20060428,0000,5709
20060429,0000,6279
20060430,0000,11706
20060501,0000,12255
20060502,0000,12696
20060503,0000,12052
20060504,0000,11010
20060505,0000,10277
20060506,0000,10177
20060507,0000,10756
20060508,0000,11617
20060509,0000,12505
20060510,0000,11955
20060511,0000,13027
20060512,0000,12528
20060513,0000,12504
20060514,0000,13680
20060515,0000,14532
20060516,0000,13712
20060517,0000,13408
20060518,0000,14653
20060519,0000,14918
20060520,0000,16105
20060521,0000,13269
20060522,0000,16006
20060523,0000,10646
20060524,0000,9376
20060525,0000,10052
20060526,0000,12248
20060527,0000,12281
20060528,0000,10316
20060529,0000,9306
20060530,0000,8814
20060531,0000,9591
20060601,0000,10154
20060602,0000,12092
20060603,0000,13144
20060604,0000,14344
20060605,0000,14789
20060606,0000,15310
20060607,0000,14871
20060608,0000,13513
20060609,0000,12582
20060610,0000,11385
20060611,0000,10778
20060612,0000,10791
20060613,0000,9387
20060614,0000,8262
20060615,0000,7370
20060616,0000,8401
20060617,0000,9651
20060618,0000,11209
20060619,0000,11960
20060620,0000,12292
20060621,0000,11830
20060622,0000,11460
20060623,0000,11684
20060624,0000,11690
20060625,0000,11109
20060626,0000,11072
20060627,0000,10625
20060628,0000,9930
20060629,0000,9970
20060630,0000,9562
20060701,0000,9006
20060702,0000,9853
20060703,0000,9015
20060704,0000,7634
20060705,0000,7395
20060706,0000,6303
20060707,0000,6030
20060708,0000,5661
20060709,0000,5054
20060710,0000,5055
20060711,0000,4912
20060712,0000,4743
20060713,0000,5126
20060714,0000,4643
20060715,0000,4163
20060716,0000,4529
20060717,0000,3770
20060718,0000,5019
20060719,0000,4310
20060720,0000,5013
20060721,0000,5638
20060722,0000,5590
20060723,0000,5683
20060724,0000,5580
20060725,0000,5562
20060726,0000,5584
20060727,0000,4942
20060728,0000,4531
20060729,0000,3851
20060730,0000,3859
20060731,0000,3985
20060801,0000,3765
20060802,0000,3534
20060803,0000,3721
20060804,0000,2849
20060805,0000,2682
20060806,0000,2082
20060807,0000,2453
20060808,0000,2369
20060809,0000,2197
20060810,0000,2313
20060811,0000,2124
20060812,0000,2413
20060813,0000,1549
20060814,0000,2030
20060815,0000,1750
20060816,0000,1408
20060817,0000,2546
20060818,0000,1900
20060819,0000,1603
20060820,0000,1897
20060821,0000,1986
20060822,0000,1330
20060823,0000,2459
20060824,0000,1627
20060825,0000,2044
20060826,0000,1656
20060827,0000,2025
20060828,0000,2110
20060829,0000,1795
20060830,0000,2029
20060831,0000,2005
20060901,0000,1703
20060902,0000,2171
20060903,0000,2018
20060904,0000,2251
20060905,0000,2009
20060906,0000,2214
20060907,0000,1834
20060908,0000,1587
20060909,0000,2133
20060910,0000,1519
20060911,0000,2433
20060912,0000,1791
20060913,0000,1776
20060914,0000,920
20060915,0000,1561
20060916,0000,1824
20060917,0000,1741
20060918,0000,1342
20060919,0000,1484
20060920,0000,906
20060921,0000,1158
20060922,0000,1259
20060923,0000,1243
20060924,0000,1026
20060925,0000,1003
20060926,0000,1119
20060927,0000,1186
20060928,0000,1036
20060929,0000,962
20060930,0000,1041
20061001,0000,1099
20061002,0000,1448
20061003,0000,1718
20061004,0000,1348
20061005,0000,1271
20061006,0000,1354
20061007,0000,1551
20061008,0000,1419
20061009,0000,1494
20061010,0000,1519
20061011,0000,1749
20061012,0000,1460
20061013,0000,1713
20061014,0000,1605
20061015,0000,1721
20061016,0000,1652
20061017,0000,1859
20061018,0000,1771
20061019,0000,1574
20061020,0000,1792
20061021,0000,2007
20061022,0000,1492
20061023,0000,2221
20061024,0000,1761
20061025,0000,1408
20061026,0000,1242
20061027,0000,709
20061028,0000,1355
20061029,0000,1257
20061030,0000,1176
20061031,0000,1458
20061101,0000,1234
20061102,0000,1246
20061103,0000,538
20061104,0000,626
20061105,0000,822
20061106,0000,959
20061107,0000,678
20061108,0000,609
20061109,0000,1030
20061110,0000,1320
20061111,0000,1349
20061112,0000,1245
20061113,0000,1867
20061114,0000,2338
20061115,0000,2835
20061116,0000,2186
20061117,0000,1423
20061118,0000,841
20061119,0000,809
20061120,0000,867
20061121,0000,708
20061122,0000,865
20061123,0000,748
20061124,0000,732
20061125,0000,818
20061126,0000,751
20061127,0000,854
20061128,0000,805
20061129,0000,890
20061130,0000,955
20061201,0000,822
20061202,0000,853
20061203,0000,958
20061204,0000,670
20061205,0000,670
20061206,0000,694
20061207,0000,478
20061208,0000,994
20061209,0000,851
20061210,0000,390
20061211,0000,345
20061212,0000,276
20061213,0000,181
20061214,0000,282
20061215,0000,293
20061216,0000,226
20061217,0000,243
20061218,0000,440
20061219,0000,361
20061220,0000,369
20061221,0000,83
20061222,0000,460
20061223,0000,310
20061224,0000,614
20061225,0000,541
20061226,0000,532
20061227,0000,956
20061228,0000,690
20061229,0000,517
20061230,0000,724
20061231,0000,742
20070101,0000,807
20070102,0000,577
20070103,0000,737
20070104,0000,687
20070105,0000,844
20070106,0000,764
20070107,0000,700
20070108,0000,784
20070109,0000,703
20070110,0000,616
20070111,0000,m

