Date,PST,Inflow
19940101,0000,m
19940102,0000,85
19940103,0000,87
19940104,0000,87
19940105,0000,96
19940106,0000,120
19940107,0000,105
19940108,0000,99
19940109,0000,94
19940110,0000,87
19940111,0000,88
19940112,0000,89
19940113,0000,87
19940114,0000,88
19940115,0000,88
19940116,0000,87
19940117,0000,86
19940118,0000,84
19940119,0000,86
19940120,0000,86
19940121,0000,85
19940122,0000,83
19940123,0000,98
19940124,0000,151
19940125,0000,138
19940126,0000,122
19940127,0000,122
19940128,0000,112
19940129,0000,101
19940130,0000,105
19940131,0000,108
19941030,0000,55
19941031,0000,55
19941101,0000,52
19941102,0000,52
19941103,0000,65
19941104,0000,80
19941105,0000,69
19941106,0000,68
19941107,0000,85
19941108,0000,76
19941109,0000,84
19941110,0000,83
19941111,0000,125
19941112,0000,113
19941113,0000,93
19941114,0000,90
19941115,0000,81
19941116,0000,77
19941117,0000,86
19941118,0000,87
19941119,0000,106
19941120,0000,90
19941121,0000,99
19941122,0000,107
19941123,0000,95
19941124,0000,90
19941125,0000,90
19941126,0000,96
19941127,0000,m
19941128,0000,m
19941129,0000,111
19941130,0000,111
19941201,0000,114
19941202,0000,118
19941203,0000,130
19941204,0000,124
19941205,0000,135
19941206,0000,133
19941207,0000,128
19941208,0000,127
19941209,0000,109
19941210,0000,95
19941211,0000,97
19941212,0000,96
19941213,0000,93
19941214,0000,103
19941215,0000,103
19941216,0000,103
19941217,0000,101
19941218,0000,103
19941219,0000,105
19941220,0000,109
19941221,0000,115
19941222,0000,119
19941223,0000,122
19941224,0000,123
19941225,0000,150
19941226,0000,210
19941227,0000,166
19941228,0000,151
19941229,0000,157
19941230,0000,169
19941231,0000,151
19950101,0000,m
19950102,0000,133
19950103,0000,127
19950104,0000,m
19950105,0000,m
19950106,0000,m
19950107,0000,365
19950108,0000,493
19950109,0000,405
19950110,0000,m
19950111,0000,1551
19950112,0000,2011
19950113,0000,940
19950114,0000,938
19950115,0000,825
19950116,0000,1895
19950117,0000,m
19950118,0000,696
19950119,0000,534
19950120,0000,487
19950121,0000,466
19950122,0000,443
19950123,0000,421
19950124,0000,639
19950125,0000,808
19950126,0000,772
19950127,0000,1080
19950128,0000,689
19950129,0000,594
19950130,0000,m
19950131,0000,511
19950201,0000,503
19950202,0000,m
19950203,0000,m
19950204,0000,610
19950205,0000,587
19950206,0000,572
19950207,0000,m
19950208,0000,556
19950209,0000,567
19950210,0000,m
19950211,0000,457
19950212,0000,448
19950213,0000,437
19950214,0000,m
19950215,0000,1187
19950216,0000,m
19950217,0000,567
19950218,0000,500
19950219,0000,482
19950220,0000,483
19950221,0000,517
19950222,0000,553
19950223,0000,562
19950224,0000,587
19950225,0000,595
19950226,0000,584
19950227,0000,m
19950228,0000,569
19950301,0000,538
19950302,0000,541
19950303,0000,509
19950304,0000,m
19950305,0000,730
19950306,0000,813
19950307,0000,979
19950308,0000,720
19950309,0000,629
19950310,0000,691
19950311,0000,m
19950312,0000,8369
19950313,0000,3091
19950314,0000,2170
19950315,0000,1908
19950316,0000,1717
19950317,0000,m
19950318,0000,1421
19950319,0000,1307
19950320,0000,m
19950321,0000,1418
19950322,0000,m
19950323,0000,2232
19950324,0000,4449
19950325,0000,2642
19950326,0000,2014
19950327,0000,1688
19950328,0000,1527
19950329,0000,1408
19950330,0000,1375
19950331,0000,1321
19950401,0000,1381
19950402,0000,1343
19950403,0000,1343
19950404,0000,1407
19950405,0000,1407
19950406,0000,1512
19950407,0000,1489
19950408,0000,1426
19950409,0000,1345
19950410,0000,1222
19950411,0000,1212
19950412,0000,1363
19950413,0000,1499
19950414,0000,1352
19950415,0000,1190
19950416,0000,1122
19950417,0000,1068
19950418,0000,1130
19950419,0000,1107
19950420,0000,1030
19950421,0000,982
19950422,0000,932
19950423,0000,m
19950424,0000,1140
19950425,0000,1324
19950426,0000,1507
19950427,0000,1633
19950428,0000,1584
19950429,0000,1860
19950430,0000,4475
19950501,0000,4030
19950502,0000,3990
19950503,0000,2889
19950504,0000,2835
19950505,0000,3918
19950506,0000,3100
19950507,0000,m
19950508,0000,2304
19950509,0000,2210
19950510,0000,2236
19950511,0000,2268
19950512,0000,2327
19950513,0000,2415
19950514,0000,m
19950515,0000,2051
19950516,0000,1891
19950517,0000,1736
19950518,0000,1909
19950519,0000,2223
19950520,0000,2444
19950521,0000,2820
19950522,0000,2667
19950523,0000,2628
19950524,0000,2628
19950525,0000,2490
19950526,0000,2228
19950527,0000,2504
19950528,0000,2654
19950529,0000,2750
19950530,0000,m
19950531,0000,3517
19950601,0000,m
19950602,0000,3446
19950603,0000,3642
19950604,0000,4052
19950605,0000,4337
19950606,0000,3745
19950607,0000,3073
19950608,0000,2490
19950609,0000,2309
19950610,0000,2666
19950611,0000,3552
19950612,0000,m
19950613,0000,4407
19950614,0000,4115
19950615,0000,3492
19950616,0000,3015
19950617,0000,2468
19950618,0000,2319
19950619,0000,2454
19950620,0000,m
19950621,0000,2713
19950622,0000,3025
19950623,0000,m
19950624,0000,m
19950625,0000,m
19950626,0000,m
19950627,0000,4282
19950628,0000,4657
19950629,0000,4475
19950630,0000,4142
19950701,0000,3694
19950702,0000,3535
19950703,0000,3507
19950704,0000,3510
19950705,0000,m
19950706,0000,m
19950707,0000,3495
19950708,0000,3695
19950709,0000,3740
19950710,0000,m
19950711,0000,2643
19950712,0000,2293
19950713,0000,2146
19950714,0000,2118
19950715,0000,2189
19950716,0000,m
19950717,0000,m
19950718,0000,m
19950719,0000,m
19950720,0000,1772
19950721,0000,1726
19950722,0000,1664
19950723,0000,1566
19950724,0000,m
19950725,0000,m
19950726,0000,m
19950727,0000,1336
19950728,0000,1447
19950729,0000,1386
19950730,0000,1287
19950731,0000,m
19950801,0000,1151
19950802,0000,1035
19950803,0000,1026
19950804,0000,m
19950805,0000,931
19950806,0000,911
19950807,0000,779
19950808,0000,755
19950809,0000,659
19950810,0000,637
19950811,0000,m
19950812,0000,m
19950813,0000,482
19950814,0000,476
19950815,0000,453
19950816,0000,440
19950817,0000,518
19950818,0000,526
19950819,0000,503
19950820,0000,501
19950821,0000,489
19950822,0000,m
19950823,0000,m
19950824,0000,526
19950825,0000,m
19950826,0000,m
19950827,0000,389
19950828,0000,354
19950829,0000,349
19950830,0000,315
19950831,0000,m
19950901,0000,m
19950902,0000,m
19950903,0000,390
19950904,0000,357
19950905,0000,324
19950906,0000,305
19950907,0000,288
19950908,0000,m
19950909,0000,m
19950910,0000,m
19950911,0000,m
19950912,0000,230
19950913,0000,224
19950914,0000,211
19950915,0000,m
19950916,0000,188
19950917,0000,m
19950918,0000,176
19950919,0000,159
19950920,0000,145
19950921,0000,m
19950922,0000,m
19950923,0000,m
19950924,0000,m
19950925,0000,m
19950926,0000,m
19950927,0000,m
19950928,0000,m
19950929,0000,m
19950930,0000,m
19951001,0000,123
19951002,0000,m
19951003,0000,m
19951004,0000,m
19951005,0000,111
19951006,0000,m
19951007,0000,106
19951008,0000,m
19951009,0000,100
19951010,0000,99
19951011,0000,94
19951012,0000,94
19951013,0000,m
19951014,0000,m
19951015,0000,89
19951016,0000,84
19951017,0000,88
19951018,0000,87
19951019,0000,m
19951020,0000,81
19951021,0000,m
19951022,0000,m
19951023,0000,81
19951024,0000,79
19951025,0000,81
19951026,0000,81
19951027,0000,79
19951028,0000,80
19951029,0000,78
19951030,0000,m
19951031,0000,80
19951101,0000,76
19951102,0000,83
19951103,0000,m
19951104,0000,78
19951105,0000,78
19951106,0000,77
19951107,0000,79
19951108,0000,76
19951109,0000,m
19951110,0000,74
19951111,0000,75
19951112,0000,74
19951113,0000,m
19951114,0000,78
19951115,0000,77
19951116,0000,77
19951117,0000,74
19951118,0000,72
19951119,0000,75
19951120,0000,73
19951121,0000,68
19951122,0000,72
19951123,0000,73
19951124,0000,74
19951125,0000,76
19951126,0000,73
19951127,0000,78
19951128,0000,75
19951129,0000,75
19951130,0000,78
19951201,0000,73
19951202,0000,m
19951203,0000,m
19951204,0000,71
19951205,0000,77
19951206,0000,m
19951207,0000,m
19951208,0000,77
19951209,0000,75
19951210,0000,78
19951211,0000,75
19951212,0000,536
19951213,0000,887
19951214,0000,m
19951215,0000,m
19951216,0000,239
19951217,0000,199
19951218,0000,m
19951219,0000,m
19951220,0000,m
19951221,0000,141
19951222,0000,135
19951223,0000,m
19951224,0000,m
19951225,0000,m
19951226,0000,147
19951227,0000,m
19951228,0000,140
19951229,0000,137
19951230,0000,153
19951231,0000,186
19960101,0000,195
19960102,0000,m
19960103,0000,198
19960104,0000,189
19960105,0000,179
19960106,0000,172
19960107,0000,171
19960108,0000,169
19960109,0000,166
19960110,0000,146
19960111,0000,149
19960112,0000,157
19960113,0000,m
19960114,0000,m
19960115,0000,157
19960116,0000,264
19960117,0000,m
19960118,0000,442
19960119,0000,687
19960120,0000,m
19960121,0000,460
19960122,0000,382
19960123,0000,325
19960124,0000,305
19960125,0000,433
19960126,0000,434
19960127,0000,375
19960128,0000,613
19960129,0000,m
19960130,0000,353
19960131,0000,390
19960201,0000,497
19960202,0000,388
19960203,0000,346
19960204,0000,548
19960205,0000,4507
19960207,0000,1244
19960212,0000,708
19960214,0000,663
19960216,0000,677
19960217,0000,711
19960219,0000,1374
19960220,0000,5077
19960221,0000,2416
19960222,0000,2247
19960223,0000,1492
19960224,0000,1315
19960225,0000,1183
19960226,0000,1025
19960227,0000,910
19960228,0000,846
19960229,0000,794
19960301,0000,753
19960303,0000,764
19960304,0000,943
19960305,0000,1738
19960306,0000,1232
19960307,0000,1058
19960308,0000,979
19960309,0000,1038
19960310,0000,1011
19960311,0000,1010
19960312,0000,1200
19960313,0000,1230
19960314,0000,1036
19960315,0000,934
19960316,0000,921
19960317,0000,972
19960318,0000,1101
19960320,0000,1325
19960321,0000,1318
19960322,0000,1369
19960324,0000,1049
19960325,0000,981
19960326,0000,920
19960327,0000,923
19960328,0000,1046
19960329,0000,939
19960330,0000,895
19960331,0000,927
19960401,0000,1223
19960402,0000,1806
19960403,0000,1255
19960404,0000,m
19960405,0000,m
19960406,0000,m
19960407,0000,1269
19960408,0000,m
19960409,0000,1541
19960410,0000,1451
19960411,0000,1350
19960412,0000,m
19960413,0000,1175
19960414,0000,1190
19960415,0000,1327
19960416,0000,1651
19960417,0000,1808
19960418,0000,2013
19960419,0000,1472
19960420,0000,1286
19960421,0000,1180
19960422,0000,1136
19960423,0000,1235
19960424,0000,1457
19960425,0000,1743
19960426,0000,2199
19960427,0000,2483
19960428,0000,2516
19960429,0000,2605
19960430,0000,2767
19960501,0000,m
19960502,0000,m
19960503,0000,m
19960504,0000,m
19960505,0000,2450
19960506,0000,2437
19960507,0000,2488
19960508,0000,m
19960509,0000,m
19960510,0000,2312
19960511,0000,2522
19960512,0000,2614
19960513,0000,2843
19960514,0000,2833
19960515,0000,2637
19960516,0000,4882
19960517,0000,m
19960518,0000,2750
19960519,0000,2451
19960520,0000,2203
19960521,0000,2090
19960522,0000,1730
19960523,0000,1654
19960524,0000,1483
19960525,0000,1293
19960526,0000,1230
19960527,0000,1392
19960528,0000,1415
19960529,0000,1521
19960530,0000,1481
19960531,0000,1511
19960601,0000,1744
19960602,0000,1925
19960603,0000,2145
19960604,0000,m
19960605,0000,2395
19960606,0000,2361
19960607,0000,2230
19960608,0000,2115
19960609,0000,2033
19960610,0000,1860
19960611,0000,1587
19960612,0000,1432
19960613,0000,1396
19960614,0000,1376
19960615,0000,m
19960616,0000,1194
19960617,0000,1093
19960618,0000,1018
19960619,0000,976
19960620,0000,964
19960621,0000,883
19960622,0000,m
19960623,0000,776
19960624,0000,m
19960625,0000,709
19960626,0000,601
19960627,0000,m
19960628,0000,535
19960629,0000,536
19960630,0000,581
19960701,0000,m
19960702,0000,614
19960703,0000,624
19960704,0000,587
19960705,0000,533
19960706,0000,531
19960707,0000,512
19960708,0000,500
19960709,0000,473
19960710,0000,423
19960711,0000,408
19960712,0000,m
19960713,0000,462
19960714,0000,m
19960715,0000,391
19960716,0000,400
19960717,0000,312
19960718,0000,293
19960719,0000,281
19960720,0000,258
19960721,0000,m
19960722,0000,224
19960723,0000,m
19960724,0000,m
19960725,0000,209
19960726,0000,192
19960727,0000,181
19960728,0000,196
19960729,0000,189
19960730,0000,166
19960731,0000,m
19960801,0000,163
19960802,0000,m
19960803,0000,171
19960804,0000,m
19960805,0000,152
19960806,0000,150
19960807,0000,137
19960808,0000,116
19960809,0000,m
19960810,0000,m
19960811,0000,m
19960812,0000,m
19960813,0000,m
19960814,0000,m
19960815,0000,m
19960816,0000,m
19960817,0000,m
19960818,0000,m
19960819,0000,m
19960820,0000,m
19960821,0000,m
19960822,0000,135
19960823,0000,124
19960824,0000,98
19960825,0000,100
19960826,0000,95
19960827,0000,97
19960828,0000,93
19960829,0000,92
19960830,0000,87
19960831,0000,87
19960901,0000,84
19960902,0000,84
19960903,0000,77
19960904,0000,77
19960905,0000,76
19960906,0000,76
19960907,0000,75
19960908,0000,75
19960909,0000,72
19960910,0000,69
19960911,0000,67
19960912,0000,64
19960913,0000,64
19960914,0000,76
19960915,0000,81
19960916,0000,77
19960917,0000,77
19960918,0000,69
19960919,0000,69
19960920,0000,68
19960921,0000,71
19960922,0000,71
19960923,0000,69
19960924,0000,67
19960925,0000,67
19960926,0000,67
19960927,0000,63
19960928,0000,64
19960929,0000,64
19960930,0000,60
19961001,0000,59
19961002,0000,61
19961003,0000,63
19961004,0000,62
19961005,0000,60
19961006,0000,66
19961007,0000,59
19961008,0000,55
19961009,0000,53
19961010,0000,m
19961011,0000,52
19961012,0000,51
19961013,0000,46
19961014,0000,46
19961015,0000,49
19961016,0000,49
19961017,0000,48
19961018,0000,47
19961019,0000,50
19961020,0000,53
19961021,0000,50
19961022,0000,33
19961023,0000,48
19961024,0000,56
19961025,0000,64
19961026,0000,80
19961027,0000,65
19961028,0000,46
19961029,0000,57
19961030,0000,99
19961031,0000,117
19961101,0000,115
19961102,0000,107
19961103,0000,100
19961104,0000,96
19961105,0000,102
19961106,0000,102
19961107,0000,m
19961108,0000,90
19961109,0000,101
19961110,0000,97
19961111,0000,94
19961112,0000,89
19961113,0000,89
19961114,0000,84
19961115,0000,87
19961116,0000,86
19961117,0000,1808
19961118,0000,m
19961119,0000,453
19961120,0000,481
19961121,0000,1276
19961122,0000,4042
19961123,0000,1276
19961124,0000,748
19961125,0000,559
19961126,0000,m
19961127,0000,383
19961128,0000,341
19961129,0000,313
19961130,0000,282
19961201,0000,277
19961202,0000,272
19961203,0000,253
19961204,0000,242
19961205,0000,326
19961206,0000,646
19961207,0000,428
19961208,0000,366
19961209,0000,433
19961210,0000,3021
19961211,0000,6354
19961212,0000,2284
19961213,0000,1388
19961214,0000,1022
19961215,0000,833
19961216,0000,716
19961217,0000,663
19961218,0000,601
19961219,0000,565
19961220,0000,524
19961221,0000,506
19961222,0000,1077
19961223,0000,1043
19961224,0000,716
19961225,0000,633
19961226,0000,614
19961227,0000,2234
19961228,0000,1311
19961229,0000,997
19961230,0000,1448
19961231,0000,1674
19970101,0000,1959
19970102,0000,17948
19970103,0000,16848
19970104,0000,5749
19970105,0000,4052
19970106,0000,3023
19970107,0000,2528
19970108,0000,2196
19970109,0000,1967
19970110,0000,1820
19970111,0000,1685
19970112,0000,1663
19970113,0000,1958
19970114,0000,1510
19970115,0000,2008
19970116,0000,1694
19970117,0000,1536
19970118,0000,1481
19970119,0000,1418
19970120,0000,1747
19970121,0000,1561
19970122,0000,1869
19970123,0000,4206
19970124,0000,2941
19970125,0000,7333
19970126,0000,8935
19970127,0000,4967
19970128,0000,3710
19970129,0000,3144
19970130,0000,2724
19970131,0000,2469
19970201,0000,2303
19970202,0000,2170
19970203,0000,1968
19970204,0000,1825
19970205,0000,1707
19970206,0000,1578
19970207,0000,1471
19970208,0000,1452
19970209,0000,1340
19970210,0000,1258
19970211,0000,1179
19970212,0000,1148
19970213,0000,1095
19970214,0000,1068
19970215,0000,1058
19970216,0000,1054
19970217,0000,1147
19970218,0000,1066
19970219,0000,1015
19970220,0000,1023
19970221,0000,991
19970222,0000,961
19970223,0000,962
19970224,0000,915
19970225,0000,858
19970226,0000,860
19970227,0000,880
19970228,0000,861
19970301,0000,800
19970302,0000,797
19970303,0000,784
19970304,0000,765
19970305,0000,764
19970306,0000,756
19970307,0000,768
19970308,0000,782
19970309,0000,805
19970310,0000,856
19970311,0000,916
19970312,0000,912
19970313,0000,945
19970314,0000,936
19970315,0000,930
19970316,0000,988
19970317,0000,933
19970318,0000,968
19970319,0000,1059
19970320,0000,1177
19970321,0000,1198
19970322,0000,1146
19970323,0000,1314
19970324,0000,1304
19970325,0000,1401
19970326,0000,1498
19970327,0000,1467
19970328,0000,1428
19970329,0000,1419
19970330,0000,1424
19970331,0000,1366
19970401,0000,1599
19970402,0000,1100
19970403,0000,1048
19970404,0000,997
19970405,0000,965
19970406,0000,941
19970407,0000,899
19970408,0000,928
19970409,0000,905
19970410,0000,859
19970411,0000,837
19970412,0000,806
19970413,0000,793
19970414,0000,833
19970415,0000,898
19970416,0000,1010
19970417,0000,1156
19970418,0000,1283
19970419,0000,1351
19970420,0000,1442
19970421,0000,1689
19970422,0000,1805
19970423,0000,1805
19970424,0000,1803
19970425,0000,1548
19970426,0000,1402
19970427,0000,1578
19970428,0000,1827
19970429,0000,1878
19970430,0000,1751
19970501,0000,1778
19970502,0000,1830
19970503,0000,1758
19970504,0000,1758
19970505,0000,1758
19970506,0000,1765
19970507,0000,1977
19970508,0000,2095
19970509,0000,2201
19970510,0000,2189
19970511,0000,2038
19970512,0000,2201
19970513,0000,2252
19970514,0000,2266
19970515,0000,2525
19970516,0000,2663
19970517,0000,2560
19970518,0000,2342
19970519,0000,2276
19970520,0000,2112
19970521,0000,2007
19970522,0000,1980
19970523,0000,1911
19970524,0000,1800
19970525,0000,1532
19970526,0000,1461
19970527,0000,1391
19970528,0000,1483
19970529,0000,1834
19970530,0000,2033
19970531,0000,2217
19970601,0000,2302
19970602,0000,2014
19970603,0000,1756
19970604,0000,1658
19970605,0000,1472
19970606,0000,1468
19970607,0000,1332
19970608,0000,1296
19970609,0000,1352
19970610,0000,1223
19970611,0000,1169
19970612,0000,1096
19970613,0000,1042
19970614,0000,968
19970615,0000,849
19970616,0000,796
19970617,0000,842
19970618,0000,964
19970619,0000,1012
19970620,0000,1131
19970621,0000,1020
19970622,0000,901
19970623,0000,1116
19970624,0000,807
19970625,0000,749
19970626,0000,719
19970627,0000,698
19970628,0000,616
19970629,0000,616
19970630,0000,616
19970701,0000,569
19970702,0000,518
19970703,0000,500
19970704,0000,455
19970705,0000,459
19970706,0000,431
19970707,0000,469
19970708,0000,416
19970709,0000,428
19970710,0000,416
19970711,0000,385
19970712,0000,385
19970713,0000,350
19970714,0000,364
19970715,0000,347
19970716,0000,344
19970717,0000,299
19970718,0000,275
19970719,0000,274
19970720,0000,249
19970721,0000,234
19970722,0000,253
19970723,0000,353
19970724,0000,449
19970725,0000,285
19970726,0000,266
19970727,0000,270
19970728,0000,262
19970729,0000,266
19970730,0000,242
19970731,0000,236
19970801,0000,244
19970802,0000,237
19970803,0000,247
19970804,0000,248
19970805,0000,244
19970806,0000,221
19970807,0000,151
19970808,0000,136
19970809,0000,109
19970810,0000,96
19970811,0000,107
19970812,0000,67
19970813,0000,74
19970814,0000,80
19970815,0000,94
19970816,0000,104
19970817,0000,101
19970818,0000,121
19970819,0000,146
19970820,0000,136
19970821,0000,120
19970822,0000,105
19970823,0000,103
19970824,0000,97
19970825,0000,100
19970826,0000,100
19970827,0000,92
19970828,0000,92
19970829,0000,90
19970830,0000,87
19970831,0000,84
19970901,0000,86
19970902,0000,89
19970903,0000,196
19970904,0000,161
19970905,0000,134
19970906,0000,120
19970907,0000,114
19970908,0000,100
19970909,0000,100
19970910,0000,95
19970911,0000,94
19970912,0000,94
19970913,0000,88
19970914,0000,84
19970915,0000,76
19970916,0000,80
19970917,0000,72
19970918,0000,76
19970919,0000,78
19970920,0000,71
19970921,0000,73
19970922,0000,71
19970923,0000,69
19970924,0000,66
19970925,0000,67
19970926,0000,81
19970927,0000,99
19970928,0000,86
19970929,0000,79
19970930,0000,74
19971001,0000,69
19971002,0000,63
19971003,0000,68
19971004,0000,65
19971005,0000,65
19971006,0000,63
19971007,0000,63
19971008,0000,64
19971009,0000,65
19971010,0000,70
19971011,0000,114
19971012,0000,104
19971013,0000,106
19971014,0000,107
19971015,0000,103
19971016,0000,96
19971017,0000,89
19971018,0000,77
19971019,0000,74
19971020,0000,68
19971021,0000,73
19971022,0000,63
19971023,0000,67
19971024,0000,61
19971025,0000,61
19971026,0000,58
19971027,0000,39
19971028,0000,40
19971029,0000,38
19971030,0000,50
19971031,0000,64
19971101,0000,61
19971102,0000,59
19971103,0000,56
19971104,0000,61
19971105,0000,60
19971106,0000,57
19971107,0000,62
19971108,0000,59
19971109,0000,60
19971110,0000,92
19971111,0000,179
19971112,0000,132
19971113,0000,133
19971114,0000,177
19971115,0000,130
19971116,0000,125
19971117,0000,105
19971118,0000,112
19971119,0000,128
19971120,0000,193
19971121,0000,148
19971122,0000,134
19971123,0000,140
19971124,0000,132
19971125,0000,125
19971126,0000,257
19971127,0000,374
19971128,0000,221
19971129,0000,210
19971130,0000,189
19971201,0000,175
19971202,0000,147
19971203,0000,144
19971204,0000,130
19971205,0000,128
19971206,0000,593
19971207,0000,390
19971208,0000,589
19971209,0000,377
19971210,0000,253
19971211,0000,219
19971212,0000,186
19971213,0000,177
19971214,0000,170
19971215,0000,273
19971216,0000,243
19971217,0000,217
19971218,0000,214
19971219,0000,200
19971220,0000,188
19971221,0000,184
19971222,0000,173
19971223,0000,168
19971224,0000,171
19971225,0000,155
19971226,0000,144
19971227,0000,152
19971228,0000,161
19971229,0000,165
19971230,0000,182
19971231,0000,190
19980101,0000,204
19980102,0000,203
19980103,0000,206
19980104,0000,219
19980105,0000,192
19980106,0000,182
19980107,0000,191
19980108,0000,199
19980109,0000,196
19980110,0000,427
19980111,0000,340
19980112,0000,341
19980113,0000,725
19980114,0000,396
19980115,0000,1327
19980116,0000,1626
19980117,0000,746
19980118,0000,566
19980119,0000,962
19980120,0000,623
19980121,0000,497
19980122,0000,437
19980123,0000,405
19980124,0000,373
19980125,0000,348
19980126,0000,324
19980127,0000,317
19980128,0000,296
19980129,0000,651
19980130,0000,612
19980131,0000,453
19980201,0000,394
19980202,0000,1053
19980203,0000,1501
19980204,0000,1229
19980205,0000,809
19980206,0000,928
19980207,0000,1583
19980208,0000,1426
19980209,0000,1026
19980210,0000,840
19980211,0000,840
19980212,0000,676
19980213,0000,626
19980214,0000,1516
19980215,0000,1829
19980216,0000,1159
19980217,0000,1440
19980218,0000,1101
19980219,0000,1137
19980220,0000,1602
19980221,0000,1248
19980222,0000,2554
19980223,0000,4120
19980224,0000,3057
19980225,0000,1915
19980226,0000,1521
19980227,0000,1270
19980228,0000,1124
19980301,0000,1065
19980302,0000,998
19980303,0000,946
19980304,0000,898
19980305,0000,873
19980306,0000,1072
19980307,0000,840
19980308,0000,791
19980309,0000,757
19980310,0000,751
19980311,0000,774
19980312,0000,830
19980313,0000,853
19980314,0000,836
19980315,0000,826
19980316,0000,892
19980317,0000,865
19980318,0000,892
19980319,0000,933
19980320,0000,1002
19980321,0000,1066
19980322,0000,1079
19980323,0000,1292
19980324,0000,1569
19980325,0000,2922
19980326,0000,2465
19980327,0000,2040
19980328,0000,3335
19980329,0000,2225
19980330,0000,1832
19980331,0000,2052
19980401,0000,2567
19980402,0000,1861
19980403,0000,2094
19980404,0000,1955
19980405,0000,1790
19980406,0000,1828
19980407,0000,1856
19980408,0000,1600
19980409,0000,1511
19980410,0000,1525
19980411,0000,1630
19980412,0000,2082
19980413,0000,1753
19980414,0000,1826
19980415,0000,1582
19980416,0000,1448
19980417,0000,1381
19980418,0000,1376
19980419,0000,1489
19980420,0000,1745
19980421,0000,2153
19980422,0000,2553
19980423,0000,m
19980424,0000,2248
19980425,0000,1970
19980426,0000,1827
19980427,0000,2032
19980428,0000,2268
19980429,0000,2465
19980430,0000,2667
19980501,0000,2763
19980502,0000,2661
19980503,0000,2560
19980504,0000,2580
19980505,0000,2991
19980506,0000,2553
19980507,0000,2166
19980508,0000,2016
19980509,0000,2030
19980510,0000,2049
19980511,0000,1864
19980512,0000,2112
19980513,0000,2043
19980514,0000,1797
19980515,0000,1696
19980516,0000,1775
19980517,0000,1668
19980518,0000,1663
19980519,0000,1791
19980520,0000,1934
19980521,0000,1870
19980522,0000,1825
19980523,0000,1881
19980524,0000,2144
19980525,0000,2488
19980526,0000,2561
19980527,0000,2088
19980528,0000,2189
19980529,0000,2534
19980530,0000,2468
19980531,0000,2804
19980601,0000,3195
19980602,0000,3414
19980603,0000,4139
19980604,0000,3185
19980605,0000,2975
19980606,0000,3436
19980607,0000,3773
19980608,0000,3431
19980609,0000,3496
19980610,0000,3558
19980611,0000,4130
19980612,0000,3958
19980613,0000,3513
19980614,0000,3765
19980615,0000,4733
19980616,0000,5332
19980617,0000,5017
19980618,0000,4811
19980619,0000,4841
19980620,0000,4938
19980621,0000,4821
19980622,0000,4534
19980623,0000,4218
19980624,0000,4119
19980625,0000,4357
19980626,0000,4391
19980627,0000,4396
19980628,0000,4517
19980629,0000,4645
19980630,0000,4656
19980701,0000,4691
19980702,0000,4772
19980703,0000,4547
19980704,0000,4257
19980705,0000,4108
19980706,0000,3877
19980707,0000,3767
19980708,0000,3884
19980709,0000,4002
19980710,0000,3674
19980711,0000,3279
19980712,0000,3230
19980713,0000,3101
19980714,0000,2986
19980715,0000,2956
19980716,0000,2956
19980717,0000,2909
19980718,0000,2909
19980719,0000,2706
19980720,0000,2505
19980721,0000,2346
19980722,0000,2170
19980723,0000,1962
19980724,0000,1787
19980725,0000,1789
19980726,0000,1639
19980727,0000,1447
19980728,0000,1395
19980729,0000,1340
19980730,0000,1273
19980731,0000,1176
19980801,0000,1026
19980802,0000,960
19980803,0000,919
19980804,0000,961
19980805,0000,925
19980806,0000,892
19980807,0000,861
19980808,0000,821
19980809,0000,764
19980810,0000,818
19980811,0000,m
19980812,0000,m
19980813,0000,m
19980814,0000,616
19980815,0000,m
19980816,0000,m
19980817,0000,599
19980818,0000,482
19980819,0000,445
19980820,0000,409
19980821,0000,387
19980822,0000,m
19980823,0000,m
19980824,0000,331
19980825,0000,321
19980826,0000,309
19980827,0000,309
19980828,0000,284
19980829,0000,283
19980830,0000,277
19980831,0000,282
19980901,0000,285
19980902,0000,338
19980903,0000,288
19980904,0000,303
19980905,0000,638
19980906,0000,501
19980907,0000,449
19980908,0000,449
19980909,0000,405
19980910,0000,396
19980911,0000,307
19980912,0000,m
19980913,0000,236
19980914,0000,229
19980915,0000,215
19980916,0000,210
19980917,0000,m
19980918,0000,183
19980919,0000,182
19980920,0000,175
19980921,0000,174
19980922,0000,176
19980923,0000,186
19980924,0000,181
19980925,0000,180
19980926,0000,193
19980927,0000,186
19980928,0000,197
19980929,0000,191
19980930,0000,m
19981001,0000,221
19981002,0000,207
19981003,0000,187
19981004,0000,180
19981005,0000,176
19981006,0000,182
19981007,0000,174
19981008,0000,160
19981009,0000,162
19981010,0000,159
19981011,0000,m
19981012,0000,m
19981013,0000,153
19981014,0000,159
19981015,0000,158
19981016,0000,174
19981017,0000,165
19981018,0000,165
19981019,0000,157
19981020,0000,153
19981021,0000,154
19981022,0000,149
19981023,0000,152
19981024,0000,150
19981025,0000,m
19981026,0000,177
19981027,0000,192
19981028,0000,172
19981029,0000,156
19981030,0000,167
19981031,0000,202
19981101,0000,189
19981102,0000,176
19981103,0000,164
19981104,0000,166
19981105,0000,158
19981106,0000,107
19981107,0000,124
19981108,0000,124
19981109,0000,186
19981110,0000,208
19981111,0000,189
19981112,0000,252
19981113,0000,221
19981114,0000,207
19981115,0000,195
19981116,0000,185
19981117,0000,199
19981118,0000,230
19981119,0000,234
19981120,0000,199
19981121,0000,m
19981122,0000,181
19981123,0000,181
19981124,0000,184
19981125,0000,190
19981126,0000,210
19981127,0000,192
19981128,0000,186
19981129,0000,193
19981130,0000,230
19981201,0000,220
19981202,0000,418
19981203,0000,317
19981204,0000,271
19981205,0000,293
19981206,0000,m
19981207,0000,230
19981208,0000,220
19981209,0000,219
19981210,0000,185
19981211,0000,203
19981212,0000,202
19981213,0000,202
19981214,0000,198
19981215,0000,m
19981216,0000,185
19981217,0000,155
19981218,0000,204
19981219,0000,199
19981220,0000,m
19981221,0000,m
19981222,0000,m
19981223,0000,170
19981224,0000,171
19981225,0000,172
19981226,0000,177
19981227,0000,m
19981228,0000,180
19981229,0000,196
19981230,0000,189
19981231,0000,189
19990101,0000,m
19990102,0000,m
19990103,0000,m
19990104,0000,167
19990105,0000,160
19990106,0000,164
19990107,0000,160
19990108,0000,156
19990109,0000,m
19990110,0000,m
19990111,0000,155
19990112,0000,143
19990113,0000,143
19990114,0000,138
19990115,0000,141
19990116,0000,142
19990117,0000,167
19990118,0000,175
19990119,0000,176
19990120,0000,183
19990121,0000,625
19990122,0000,602
19990123,0000,341
19990124,0000,330
19990125,0000,329
19990126,0000,603
19990127,0000,563
19990128,0000,m
19990129,0000,327
19990130,0000,326
19990131,0000,321
19990201,0000,377
19990202,0000,306
19990203,0000,293
19990204,0000,298
19990205,0000,302
19990206,0000,283
19990207,0000,329
19990208,0000,637
19990209,0000,1060
19990210,0000,803
19990211,0000,554
19990212,0000,512
19990213,0000,462
19990214,0000,421
19990215,0000,388
19990216,0000,368
19990217,0000,359
19990218,0000,415
19990219,0000,382
19990220,0000,369
19990221,0000,415
19990222,0000,369
19990223,0000,356
19990224,0000,352
19990225,0000,364
19990226,0000,350
19990227,0000,343
19990228,0000,366
19990301,0000,389
19990302,0000,393
19990303,0000,394
19990304,0000,411
19990305,0000,394
19990306,0000,364
19990307,0000,341
19990308,0000,320
19990309,0000,336
19990310,0000,322
19990311,0000,313
19990312,0000,287
19990313,0000,317
19990314,0000,318
19990315,0000,314
19990316,0000,337
19990317,0000,344
19990318,0000,352
19990319,0000,366
19990320,0000,366
19990321,0000,348
19990322,0000,351
19990323,0000,393
19990324,0000,394
19990325,0000,407
19990326,0000,417
19990327,0000,405
19990328,0000,424
19990329,0000,420
19990330,0000,432
19990331,0000,473
19990401,0000,412
19990402,0000,376
19990403,0000,378
19990404,0000,353
19990405,0000,354
19990406,0000,434
19990407,0000,452
19990408,0000,446
19990409,0000,m
19990410,0000,m
19990411,0000,m
19990412,0000,m
19990413,0000,m
19990414,0000,m
19990415,0000,m
19990416,0000,m
19990417,0000,m
19990418,0000,m
19990419,0000,m
19990420,0000,m
19990421,0000,m
19990422,0000,m
19990423,0000,m
19990424,0000,m
19990425,0000,m
19990426,0000,m
19990427,0000,m
19990428,0000,m
19990429,0000,m
19990430,0000,m
19990501,0000,m
19990502,0000,m
19990503,0000,m
19990504,0000,603
19990505,0000,663
19990506,0000,912
19990507,0000,1224
19990508,0000,1339
19990509,0000,1266
19990510,0000,1120
19990511,0000,1271
19990512,0000,1592
19990513,0000,1704
19990514,0000,1441
19990515,0000,1254
19990516,0000,1163
19990517,0000,1306
19990518,0000,1464
19990519,0000,1425
19990520,0000,1456
19990521,0000,1455
19990522,0000,1398
19990523,0000,1387
19990524,0000,1489
19990525,0000,1562
19990526,0000,1655
19990527,0000,1602
19990528,0000,1423
19990529,0000,1394
19990530,0000,1230
19990531,0000,1138
19990601,0000,1153
19990602,0000,950
19990603,0000,815
19990604,0000,709
19990605,0000,687
19990606,0000,682
19990607,0000,712
19990608,0000,724
19990609,0000,721
19990610,0000,707
19990611,0000,703
19990612,0000,704
19990613,0000,715
19990614,0000,724
19990615,0000,699
19990616,0000,676
19990617,0000,578
19990618,0000,601
19990619,0000,568
19990620,0000,540
19990621,0000,480
19990622,0000,423
19990623,0000,406
19990624,0000,381
19990625,0000,372
19990626,0000,353
19990627,0000,300
19990628,0000,280
19990629,0000,286
19990630,0000,266
19990701,0000,252
19990702,0000,253
19990703,0000,222
19990704,0000,219
19990705,0000,194
19990706,0000,179
19990707,0000,167
19990708,0000,167
19990709,0000,167
19990710,0000,162
19990711,0000,154
19990712,0000,185
19990713,0000,176
19990714,0000,442
19990715,0000,258
19990716,0000,198
19990717,0000,167
19990718,0000,140
19990719,0000,120
19990720,0000,109
19990721,0000,96
19990722,0000,92
19990723,0000,83
19990724,0000,72
19990725,0000,85
19990726,0000,70
19990727,0000,73
19990728,0000,m
19990729,0000,83
19990730,0000,62
19990731,0000,81
19990801,0000,85
19990802,0000,74
19990803,0000,90
19990804,0000,80
19990805,0000,74
19990806,0000,73
19990807,0000,60
19990808,0000,m
19990809,0000,44
19990810,0000,41
19990811,0000,50
19990812,0000,56
19990813,0000,83
19990814,0000,77
19990815,0000,78
19990816,0000,77
19990817,0000,76
19990818,0000,66
19990819,0000,85
19990820,0000,76
19990821,0000,68
19990822,0000,61
19990823,0000,58
19990824,0000,50
19990825,0000,42
19990826,0000,39
19990827,0000,35
19990828,0000,31
19990829,0000,26
19990830,0000,29
19990831,0000,52
19990901,0000,52
19990902,0000,57
19990903,0000,63
19990904,0000,60
19990905,0000,60
19990906,0000,58
19990907,0000,m
19990908,0000,41
19990909,0000,51
19990910,0000,58
19990911,0000,60
19990912,0000,59
19990913,0000,58
19990914,0000,58
19990915,0000,59
19990916,0000,58
19990917,0000,53
19990918,0000,54
19990919,0000,57
19990920,0000,53
19990921,0000,m
19990922,0000,52
19990923,0000,77
19990924,0000,70
19990925,0000,61
19990926,0000,55
19990927,0000,54
19990928,0000,52
19990929,0000,50
19990930,0000,m
19991001,0000,44
19991002,0000,41
19991003,0000,43
19991004,0000,42
19991005,0000,42
19991006,0000,40
19991007,0000,45
19991008,0000,46
19991009,0000,47
19991010,0000,45
19991011,0000,42
19991012,0000,39
19991013,0000,40
19991014,0000,39
19991015,0000,39
19991016,0000,38
19991017,0000,38
19991018,0000,40
19991019,0000,41
19991020,0000,38
19991021,0000,40
19991022,0000,38
19991023,0000,38
19991024,0000,40
19991025,0000,41
19991026,0000,44
19991027,0000,42
19991028,0000,44
19991029,0000,46
19991030,0000,47
19991031,0000,45
19991101,0000,45
19991102,0000,45
19991103,0000,42
19991104,0000,42
19991105,0000,45
19991106,0000,42
19991107,0000,46
19991108,0000,85
19991109,0000,123
19991110,0000,81
19991111,0000,70
19991112,0000,63
19991113,0000,59
19991114,0000,59
19991115,0000,57
19991116,0000,58
19991117,0000,73
19991118,0000,91
19991119,0000,77
19991120,0000,147
19991121,0000,136
19991122,0000,99
19991123,0000,83
19991124,0000,80
19991125,0000,75
19991126,0000,74
19991127,0000,76
19991128,0000,72
19991129,0000,68
19991130,0000,71
19991201,0000,70
19991202,0000,72
19991203,0000,71
19991204,0000,65
19991205,0000,65
19991206,0000,64
19991207,0000,63
19991208,0000,63
19991209,0000,59
19991210,0000,65
19991211,0000,62
19991212,0000,60
19991213,0000,63
19991214,0000,62
19991215,0000,62
19991216,0000,60
19991217,0000,60
19991218,0000,61
19991219,0000,61
19991220,0000,61
19991221,0000,63
19991222,0000,59
19991223,0000,59
19991224,0000,53
19991225,0000,59
19991226,0000,58
19991227,0000,59
19991228,0000,58
19991229,0000,56
19991230,0000,55
19991231,0000,214
20000101,0000,55
20000102,0000,57
20000103,0000,58
20000104,0000,57
20000105,0000,61
20000106,0000,56
20000107,0000,54
20000108,0000,57
20000109,0000,57
20000110,0000,56
20000111,0000,59
20000112,0000,60
20000113,0000,63
20000114,0000,59
20000115,0000,59
20000116,0000,69
20000117,0000,103
20000118,0000,368
20000119,0000,338
20000120,0000,160
20000121,0000,141
20000122,0000,126
20000123,0000,138
20000124,0000,632
20000125,0000,1061
20000126,0000,598
20000127,0000,315
20000128,0000,242
20000129,0000,201
20000130,0000,194
20000131,0000,345
20000201,0000,250
20000202,0000,228
20000203,0000,220
20000204,0000,210
20000205,0000,195
20000206,0000,178
20000207,0000,173
20000208,0000,172
20000209,0000,175
20000210,0000,279
20000211,0000,498
20000212,0000,429
20000213,0000,1239
20000214,0000,3453
20000215,0000,1363
20000216,0000,1168
20000217,0000,1099
20000218,0000,707
20000219,0000,583
20000220,0000,558
20000221,0000,705
20000222,0000,601
20000223,0000,989
20000224,0000,789
20000225,0000,605
20000226,0000,536
20000227,0000,1124
20000228,0000,1308
20000229,0000,956
20000301,0000,919
20000302,0000,710
20000303,0000,657
20000304,0000,615
20000305,0000,1384
20000306,0000,1357
20000307,0000,882
20000308,0000,970
20000309,0000,851
20000310,0000,761
20000311,0000,755
20000312,0000,776
20000313,0000,772
20000314,0000,798
20000315,0000,866
20000316,0000,895
20000317,0000,916
20000318,0000,931
20000319,0000,986
20000320,0000,987
20000321,0000,811
20000322,0000,763
20000323,0000,701
20000324,0000,727
20000325,0000,704
20000326,0000,754
20000327,0000,844
20000328,0000,836
20000329,0000,806
20000330,0000,823
20000331,0000,825
20000401,0000,775
20000402,0000,798
20000403,0000,896
20000404,0000,1083
20000405,0000,1184
20000406,0000,1164
20000407,0000,1213
20000408,0000,1258
20000409,0000,1253
20000410,0000,1123
20000411,0000,1160
20000412,0000,1166
20000413,0000,1273
20000414,0000,1186
20000415,0000,974
20000416,0000,872
20000417,0000,1039
20000418,0000,996
20000419,0000,836
20000420,0000,851
20000421,0000,950
20000422,0000,905
20000423,0000,858
20000424,0000,941
20000425,0000,1085
20000426,0000,1277
20000427,0000,1493
20000428,0000,1619
20000429,0000,1410
20000430,0000,1469
20000501,0000,1716
20000502,0000,1875
20000503,0000,2024
20000504,0000,2139
20000505,0000,2068
20000506,0000,1961
20000507,0000,1962
20000508,0000,2102
20000509,0000,2162
20000510,0000,2121
20000511,0000,1667
20000512,0000,1302
20000513,0000,1266
20000514,0000,1304
20000515,0000,1114
20000516,0000,1410
20000517,0000,1142
20000518,0000,1254
20000519,0000,1354
20000520,0000,1597
20000521,0000,1915
20000522,0000,2197
20000523,0000,2467
20000524,0000,2525
20000525,0000,2353
20000526,0000,2120
20000527,0000,2261
20000528,0000,2247
20000529,0000,2014
20000530,0000,1836
20000531,0000,1668
20000601,0000,1530
20000602,0000,1441
20000603,0000,1392
20000604,0000,1436
20000605,0000,1379
20000606,0000,1207
20000607,0000,1203
20000608,0000,1209
20000609,0000,964
20000610,0000,m
20000611,0000,m
20000612,0000,870
20000613,0000,m
20000614,0000,m
20000615,0000,1017
20000616,0000,1050
20000617,0000,m
20000618,0000,m
20000619,0000,725
20000620,0000,631
20000621,0000,620
20000622,0000,559
20000623,0000,514
20000624,0000,481
20000625,0000,461
20000626,0000,m
20000627,0000,m
20000628,0000,m
20000629,0000,431
20000630,0000,385
20000701,0000,378
20000702,0000,m
20000703,0000,318
20000704,0000,311
20000705,0000,277
20000706,0000,274
20000707,0000,268
20000708,0000,m
20000709,0000,m
20000710,0000,m
20000711,0000,251
20000712,0000,m
20000713,0000,246
20000714,0000,241
20000715,0000,225
20000716,0000,223
20000717,0000,209
20000718,0000,m
20000719,0000,m
20000720,0000,178
20000721,0000,m
20000722,0000,168
20000723,0000,150
20000724,0000,154
20000725,0000,m
20000726,0000,156
20000727,0000,m
20000728,0000,157
20000729,0000,152
20000730,0000,148
20000731,0000,162
20000801,0000,144
20000802,0000,m
20000803,0000,164
20000804,0000,m
20000805,0000,m
20000806,0000,140
20000807,0000,m
20000808,0000,109
20000809,0000,m
20000810,0000,96
20000811,0000,m
20000812,0000,m
20000813,0000,m
20000814,0000,m
20000815,0000,m
20000816,0000,93
20000817,0000,76
20000818,0000,68
20000819,0000,65
20000820,0000,m
20000821,0000,65
20000822,0000,m
20000823,0000,58
20000824,0000,54
20000825,0000,m
20000826,0000,m
20000827,0000,m
20000828,0000,m
20000829,0000,44
20000830,0000,40
20000831,0000,67
20000901,0000,63
20000902,0000,m
20000903,0000,88
20000904,0000,77
20000905,0000,73
20000906,0000,67
20000907,0000,67
20000908,0000,63
20000909,0000,m
20000910,0000,m
20000911,0000,m
20000912,0000,m
20000913,0000,50
20000914,0000,51
20000915,0000,m
20000916,0000,48
20000917,0000,48
20000918,0000,42
20000919,0000,m
20000920,0000,m
20000921,0000,m
20000922,0000,m
20000923,0000,39
20000924,0000,m
20000925,0000,42
20000926,0000,m
20000927,0000,m
20000928,0000,m
20000929,0000,37
20000930,0000,36
20001001,0000,m
20001002,0000,m
20001003,0000,35
20001004,0000,35
20001005,0000,38
20001006,0000,36
20001007,0000,m
20001008,0000,40
20001009,0000,44
20001010,0000,m
20001011,0000,m
20001012,0000,m
20001013,0000,112
20001014,0000,105
20001015,0000,102
20001016,0000,104
20001017,0000,102
20001018,0000,103
20001019,0000,101
20001020,0000,94
20001021,0000,90
20001022,0000,94
20001023,0000,89
20001024,0000,79
20001025,0000,77
20001026,0000,87
20001027,0000,107
20001028,0000,123
20001029,0000,190
20001030,0000,355
20001031,0000,197
20001101,0000,m
20001102,0000,169
20001103,0000,155
20001104,0000,142
20001105,0000,131
20001106,0000,127
20001107,0000,129
20001108,0000,116
20001109,0000,113
20001110,0000,119
20001111,0000,113
20001112,0000,107
20001113,0000,109
20001114,0000,106
20001115,0000,102
20001116,0000,64
20001117,0000,102
20001118,0000,98
20001119,0000,97
20001120,0000,101
20001121,0000,99
20001122,0000,128
20001123,0000,96
20001124,0000,94
20001125,0000,92
20001126,0000,89
20001127,0000,92
20001128,0000,94
20001129,0000,90
20001130,0000,89
20001201,0000,87
20001202,0000,89
20001203,0000,85
20001204,0000,83
20001205,0000,84
20001206,0000,82
20001207,0000,85
20001208,0000,87
20001209,0000,86
20001210,0000,86
20001211,0000,82
20001212,0000,83
20001213,0000,98
20001214,0000,95
20001215,0000,92
20001216,0000,90
20001217,0000,77
20001218,0000,55
20001219,0000,87
20001220,0000,97
20001221,0000,93
20001222,0000,93
20001223,0000,88
20001224,0000,83
20001225,0000,89
20001226,0000,84
20001227,0000,-34
20001228,0000,65
20001229,0000,65
20001230,0000,66
20001231,0000,62
20010101,0000,61
20010102,0000,60
20010103,0000,64
20010104,0000,79
20010105,0000,80
20010106,0000,80
20010107,0000,76
20010108,0000,81
20010109,0000,87
20010110,0000,98
20010111,0000,293
20010112,0000,175
20010113,0000,146
20010114,0000,126
20010115,0000,118
20010116,0000,110
20010117,0000,100
20010118,0000,101
20010119,0000,109
20010120,0000,109
20010121,0000,109
20010122,0000,117
20010123,0000,116
20010124,0000,184
20010125,0000,174
20010126,0000,188
20010127,0000,175
20010128,0000,144
20010129,0000,140
20010130,0000,137
20010131,0000,131
20010201,0000,132
20010202,0000,134
20010203,0000,146
20010204,0000,198
20010205,0000,259
20010206,0000,259
20010207,0000,235
20010208,0000,186
20010209,0000,182
20010210,0000,213
20010211,0000,243
20010212,0000,235
20010213,0000,240
20010214,0000,251
20010215,0000,217
20010216,0000,214
20010217,0000,206
20010218,0000,216
20010219,0000,259
20010220,0000,311
20010221,0000,251
20010222,0000,243
20010223,0000,232
20010224,0000,286
20010225,0000,431
20010226,0000,331
20010227,0000,288
20010228,0000,291
20010301,0000,m
20010302,0000,236
20010303,0000,221
20010304,0000,239
20010305,0000,m
20010306,0000,274
20010307,0000,263
20010308,0000,275
20010309,0000,338
20010310,0000,349
20010311,0000,299
20010312,0000,257
20010313,0000,262
20010314,0000,297
20010315,0000,341
20010316,0000,351
20010317,0000,348
20010318,0000,420
20010319,0000,577
20010320,0000,733
20010321,0000,804
20010322,0000,746
20010323,0000,727
20010324,0000,758
20010325,0000,784
20010326,0000,693
20010327,0000,787
20010328,0000,852
20010329,0000,955
20010330,0000,954
20010331,0000,1104
20010401,0000,1124
20010402,0000,981
20010403,0000,858
20010404,0000,680
20010405,0000,588
20010406,0000,515
20010407,0000,775
20010408,0000,589
20010409,0000,518
20010410,0000,421
20010411,0000,471
20010412,0000,427
20010413,0000,437
20010414,0000,458
20010415,0000,536
20010416,0000,647
20010417,0000,765
20010418,0000,802
20010419,0000,866
20010420,0000,932
20010421,0000,1059
20010422,0000,808
20010423,0000,m
20010424,0000,m
20010425,0000,1309
20010426,0000,1483
20010427,0000,1554
20010428,0000,1602
20010429,0000,1496
20010430,0000,1611
20010501,0000,1862
20010502,0000,1981
20010503,0000,1583
20010504,0000,m
20010505,0000,m
20010506,0000,1641
20010507,0000,1900
20010508,0000,2177
20010509,0000,2210
20010510,0000,2209
20010511,0000,2247
20010512,0000,2119
20010513,0000,1631
20010514,0000,1473
20010515,0000,1723
20010516,0000,2009
20010517,0000,1995
20010518,0000,1826
20010519,0000,1644
20010520,0000,1654
20010521,0000,m
20010522,0000,1719
20010523,0000,1557
20010524,0000,1511
20010525,0000,1449
20010526,0000,m
20010527,0000,1198
20010528,0000,1089
20010529,0000,1006
20010530,0000,978
20010531,0000,971
20010601,0000,926
20010602,0000,891
20010603,0000,728
20010604,0000,632
20010605,0000,591
20010606,0000,580
20010607,0000,580
20010608,0000,556
20010609,0000,514
20010610,0000,466
20010611,0000,442
20010612,0000,425
20010613,0000,387
20010614,0000,m
20010615,0000,342
20010616,0000,329
20010617,0000,305
20010618,0000,m
20010619,0000,280
20010620,0000,268
20010621,0000,275
20010622,0000,256
20010623,0000,240
20010624,0000,238
20010625,0000,m
20010626,0000,193
20010627,0000,189
20010628,0000,m
20010629,0000,186
20010630,0000,m
20010701,0000,m
20010702,0000,181
20010703,0000,183
20010704,0000,193
20010705,0000,m
20010706,0000,260
20010707,0000,389
20010708,0000,290
20010709,0000,256
20010710,0000,228
20010711,0000,184
20010712,0000,172
20010713,0000,m
20010714,0000,145
20010715,0000,129
20010716,0000,141
20010717,0000,m
20010718,0000,137
20010719,0000,141
20010720,0000,m
20010721,0000,151
20010722,0000,159
20010723,0000,138
20010724,0000,82
20010725,0000,106
20010726,0000,93
20010727,0000,89
20010728,0000,84
20010729,0000,75
20010730,0000,94
20010731,0000,108
20010801,0000,75
20010802,0000,m
20010803,0000,71
20010804,0000,65
20010805,0000,67
20010806,0000,m
20010807,0000,59
20010808,0000,58
20010809,0000,56
20010810,0000,56
20010811,0000,58
20010812,0000,55
20010813,0000,47
20010814,0000,49
20010815,0000,m
20010816,0000,38
20010817,0000,34
20010818,0000,33
20010819,0000,25
20010820,0000,22
20010821,0000,m
20010822,0000,20
20010823,0000,18
20010824,0000,49
20010825,0000,m
20010826,0000,m
20010827,0000,m
20010828,0000,35
20010829,0000,34
20010830,0000,31
20010831,0000,31
20010901,0000,30
20010902,0000,29
20010903,0000,m
20010904,0000,m
20010905,0000,39
20010906,0000,40
20010907,0000,39
20010908,0000,39
20010909,0000,37
20010910,0000,37
20010911,0000,38
20010912,0000,31
20010913,0000,25
20010914,0000,27
20010915,0000,22
20010916,0000,23
20010917,0000,m
20010918,0000,22
20010919,0000,24
20010920,0000,32
20010921,0000,29
20010922,0000,30
20010923,0000,29
20010924,0000,28
20010925,0000,m
20010926,0000,25
20010927,0000,26
20010928,0000,25
20010929,0000,m
20010930,0000,28
20011001,0000,26
20011002,0000,27
20011003,0000,25
20011004,0000,m
20011005,0000,25
20011006,0000,25
20011007,0000,27
20011008,0000,28
20011009,0000,26
20011010,0000,27
20011011,0000,m
20011012,0000,21
20011013,0000,20
20011014,0000,21
20011015,0000,22
20011016,0000,21
20011017,0000,23
20011018,0000,28
20011019,0000,28
20011020,0000,27
20011021,0000,27
20011022,0000,27
20011023,0000,27
20011024,0000,23
20011025,0000,27
20011026,0000,26
20011027,0000,26
20011028,0000,25
20011029,0000,25
20011030,0000,37
20011031,0000,m
20011101,0000,m
20011102,0000,82
20011103,0000,64
20011104,0000,59
20011105,0000,58
20011106,0000,55
20011107,0000,53
20011108,0000,52
20011109,0000,51
20011110,0000,49
20011111,0000,54
20011112,0000,102
20011113,0000,m
20011114,0000,161
20011115,0000,142
20011116,0000,136
20011117,0000,125
20011118,0000,109
20011119,0000,96
20011120,0000,m
20011121,0000,79
20011122,0000,107
20011123,0000,216
20011124,0000,820
20011125,0000,898
20011126,0000,339
20011127,0000,249
20011128,0000,193
20011129,0000,235
20011130,0000,m
20011201,0000,m
20011202,0000,274
20011203,0000,m
20011204,0000,m
20011205,0000,278
20011206,0000,234
20011207,0000,235
20011208,0000,232
20011209,0000,240
20011210,0000,223
20011211,0000,m
20011212,0000,m
20011213,0000,m
20011214,0000,193
20011215,0000,198
20011216,0000,154
20011217,0000,m
20011218,0000,m
20011219,0000,m
20011220,0000,m
20011221,0000,m
20011222,0000,231
20011223,0000,226
20011224,0000,218
20011225,0000,200
20011226,0000,190
20011227,0000,186
20011228,0000,219
20011229,0000,2942
20011230,0000,1745
20011231,0000,m
20020101,0000,775
20020102,0000,598
20020103,0000,797
20020104,0000,636
20020105,0000,507
20020106,0000,463
20020107,0000,472
20020108,0000,453
20020109,0000,431
20020110,0000,402
20020111,0000,426
20020112,0000,368
20020113,0000,357
20020114,0000,m
20020115,0000,m
20020116,0000,312
20020117,0000,293
20020118,0000,281
20020119,0000,271
20020120,0000,262
20020121,0000,258
20020122,0000,m
20020123,0000,242
20020124,0000,238
20020125,0000,m
20020126,0000,239
20020127,0000,297
20020128,0000,318
20020129,0000,m
20020130,0000,m
20020131,0000,250
20020201,0000,258
20020202,0000,249
20020203,0000,246
20020204,0000,m
20020205,0000,m
20020206,0000,257
20020207,0000,252
20020208,0000,242
20020209,0000,m
20020210,0000,260
20020211,0000,252
20020212,0000,285
20020213,0000,286
20020214,0000,293
20020215,0000,293
20020216,0000,295
20020217,0000,m
20020218,0000,354
20020219,0000,m
20020220,0000,337
20020221,0000,351
20020222,0000,365
20020223,0000,397
20020224,0000,388
20020225,0000,382
20020226,0000,m
20020227,0000,403
20020228,0000,409
20020301,0000,417
20020302,0000,379
20020303,0000,358
20020304,0000,350
20020305,0000,m
20020306,0000,383
20020307,0000,630
20020308,0000,691
20020309,0000,508
20020310,0000,468
20020311,0000,430
20020312,0000,m
20020313,0000,m
20020314,0000,453
20020315,0000,403
20020316,0000,409
20020317,0000,382
20020318,0000,385
20020319,0000,m
20020320,0000,417
20020321,0000,424
20020322,0000,451
20020323,0000,514
20020324,0000,583
20020325,0000,515
20020326,0000,498
20020327,0000,486
20020328,0000,551
20020329,0000,576
20020330,0000,653
20020331,0000,751
20020401,0000,821
20020402,0000,m
20020403,0000,986
20020404,0000,m
20020405,0000,1127
20020406,0000,m
20020407,0000,934
20020408,0000,m
20020409,0000,m
20020410,0000,1127
20020411,0000,1256
20020412,0000,1384
20020413,0000,1545
20020414,0000,1668
20020415,0000,1843
20020416,0000,1278
20020417,0000,1119
20020418,0000,936
20020419,0000,825
20020420,0000,748
20020421,0000,706
20020422,0000,716
20020423,0000,m
20020424,0000,m
20020425,0000,1020
20020426,0000,1091
20020427,0000,979
20020428,0000,857
20020429,0000,m
20020430,0000,m
20020501,0000,m
20020502,0000,666
20020503,0000,690
20020504,0000,792
20020505,0000,853
20020506,0000,1049
20020507,0000,m
20020508,0000,1207
20020509,0000,1231
20020510,0000,1283
20020511,0000,1082
20020512,0000,1098
20020513,0000,1158
20020514,0000,1382
20020515,0000,m
20020516,0000,m
20020517,0000,1680
20020518,0000,m
20020519,0000,m
20020520,0000,1528
20020521,0000,m
20020522,0000,1073
20020523,0000,993
20020524,0000,m
20020525,0000,1111
20020526,0000,1160
20020527,0000,1264
20020528,0000,m
20020529,0000,1417
20020530,0000,1545
20020531,0000,1618
20020601,0000,1727
20020602,0000,1371
20020603,0000,1199
20020604,0000,m
20020605,0000,m
20020606,0000,1354
20020607,0000,1306
20020608,0000,1134
20020609,0000,984
20020610,0000,824
20020611,0000,m
20020612,0000,740
20020613,0000,776
20020614,0000,761
20020615,0000,743
20020616,0000,718
20020617,0000,656
20020618,0000,m
20020619,0000,635
20020620,0000,596
20020621,0000,m
20020622,0000,480
20020623,0000,436
20020624,0000,421
20020625,0000,m
20020626,0000,390
20020627,0000,m
20020628,0000,m
20020629,0000,m
20020630,0000,356
20020701,0000,337
20020702,0000,m
20020703,0000,m
20020704,0000,m
20020705,0000,264
20020706,0000,261
20020707,0000,229
20020708,0000,m
20020709,0000,m
20020710,0000,218
20020711,0000,221
20020712,0000,206
20020713,0000,189
20020714,0000,191
20020715,0000,173
20020716,0000,164
20020717,0000,142
20020718,0000,148
20020719,0000,130
20020720,0000,139
20020721,0000,134
20020722,0000,124
20020723,0000,m
20020724,0000,112
20020725,0000,129
20020726,0000,136
20020727,0000,144
20020728,0000,144
20020729,0000,130
20020730,0000,m
20020731,0000,115
20020801,0000,110
20020802,0000,102
20020803,0000,85
20020804,0000,87
20020805,0000,80
20020806,0000,m
20020807,0000,91
20020808,0000,98
20020809,0000,100
20020810,0000,m
20020811,0000,m
20020812,0000,96
20020813,0000,m
20020814,0000,m
20020815,0000,69
20020816,0000,49
20020817,0000,46
20020818,0000,45
20020819,0000,46
20020820,0000,m
20020821,0000,m
20020822,0000,42
20020823,0000,43
20020824,0000,44
20020825,0000,43
20020826,0000,m
20020827,0000,m
20020828,0000,39
20020829,0000,37
20020830,0000,m
20020831,0000,35
20020901,0000,36
20020902,0000,32
20020903,0000,m
20020904,0000,23
20020905,0000,30
20020906,0000,m
20020907,0000,37
20020908,0000,m
20020909,0000,m
20020910,0000,m
20020911,0000,41
20020912,0000,38
20020913,0000,38
20020914,0000,37
20020915,0000,34
20020916,0000,35
20020917,0000,m
20020918,0000,m
20020919,0000,32
20020920,0000,33
20020921,0000,31
20020922,0000,32
20020923,0000,30
20020924,0000,m
20020925,0000,30
20020926,0000,m
20020927,0000,32
20020928,0000,29
20020929,0000,33
20020930,0000,m
20021001,0000,m
20021002,0000,35
20021003,0000,45
20021004,0000,47
20021005,0000,42
20021006,0000,40
20021007,0000,41
20021008,0000,m
20021009,0000,34
20021010,0000,35
20021011,0000,36
20021012,0000,32
20021013,0000,35
20021014,0000,34
20021015,0000,m
20021016,0000,m
20021017,0000,32
20021018,0000,32
20021019,0000,32
20021020,0000,32
20021021,0000,32
20021022,0000,m
20021023,0000,32
20021024,0000,m
20021025,0000,35
20021026,0000,33
20021027,0000,39
20021028,0000,37
20021029,0000,m
20021030,0000,37
20021031,0000,37
20021101,0000,37
20021102,0000,35
20021103,0000,37
20021104,0000,34
20021105,0000,39
20021106,0000,38
20021107,0000,45
20021108,0000,9436
20021109,0000,6215
20021110,0000,1494
20021111,0000,891
20021112,0000,697
20021113,0000,589
20021114,0000,513
20021115,0000,443
20021116,0000,366
20021117,0000,323
20021118,0000,308
20021119,0000,309
20021120,0000,314
20021121,0000,291
20021122,0000,381
20021123,0000,339
20021124,0000,307
20021125,0000,282
20021126,0000,259
20021127,0000,240
20021128,0000,224
20021129,0000,215
20021130,0000,208
20021201,0000,207
20021202,0000,201
20021203,0000,m
20021204,0000,m
20021205,0000,183
20021206,0000,180
20021207,0000,178
20021208,0000,174
20021209,0000,m
20021210,0000,m
20021211,0000,m
20021212,0000,153
20021213,0000,155
20021214,0000,165
20021215,0000,292
20021216,0000,361
20021217,0000,502
20021218,0000,355
20021219,0000,275
20021220,0000,390
20021221,0000,320
20021222,0000,336
20021223,0000,291
20021224,0000,260
20021225,0000,240
20021226,0000,236
20021227,0000,228
20021228,0000,260
20021229,0000,328
20021230,0000,279
20021231,0000,354
20030101,0000,340
20030102,0000,310
20030103,0000,335
20030104,0000,381
20030105,0000,384
20030106,0000,369
20030107,0000,356
20030108,0000,325
20030109,0000,321
20030110,0000,342
20030111,0000,355
20030112,0000,319
20030113,0000,309
20030114,0000,298
20030115,0000,287
20030116,0000,266
20030117,0000,274
20030118,0000,346
20030119,0000,326
20030120,0000,324
20030121,0000,312
20030122,0000,307
20030123,0000,m
20030124,0000,293
20030125,0000,291
20030126,0000,296
20030127,0000,317
20030128,0000,325
20030129,0000,m
20030130,0000,297
20030131,0000,307
20030201,0000,329
20030202,0000,346
20030203,0000,311
20030204,0000,293
20030205,0000,275
20030206,0000,265
20030207,0000,247
20030208,0000,243
20030209,0000,233
20030210,0000,193
20030211,0000,206
20030212,0000,357
20030213,0000,631
20030214,0000,645
20030215,0000,480
20030216,0000,496
20030217,0000,483
20030218,0000,409
20030219,0000,386
20030220,0000,367
20030221,0000,365
20030222,0000,331
20030223,0000,321
20030224,0000,318
20030225,0000,356
20030226,0000,451
20030227,0000,417
20030228,0000,425
20030301,0000,379
20030302,0000,355
20030303,0000,346
20030304,0000,353
20030305,0000,334
20030306,0000,343
20030307,0000,357
20030308,0000,375
20030309,0000,393
20030310,0000,406
20030311,0000,416
20030312,0000,440
20030313,0000,466
20030314,0000,494
20030315,0000,1941
20030316,0000,1475
20030317,0000,1055
20030318,0000,907
20030319,0000,781
20030320,0000,753
20030321,0000,674
20030322,0000,709
20030323,0000,770
20030324,0000,709
20030325,0000,691
20030326,0000,705
20030327,0000,732
20030328,0000,705
20030329,0000,693
20030330,0000,762
20030331,0000,827
20030401,0000,888
20030402,0000,934
20030403,0000,811
20030404,0000,734
20030405,0000,676
20030406,0000,610
20030407,0000,616
20030408,0000,746
20030409,0000,813
20030410,0000,830
20030411,0000,803
20030412,0000,822
20030413,0000,899
20030414,0000,1276
20030415,0000,1265
20030416,0000,999
20030417,0000,971
20030418,0000,954
20030419,0000,846
20030420,0000,822
20030421,0000,849
20030422,0000,879
20030423,0000,820
20030424,0000,838
20030425,0000,845
20030426,0000,867
20030427,0000,843
20030428,0000,928
20030429,0000,849
20030430,0000,765
20030501,0000,733
20030502,0000,823
20030503,0000,1143
20030504,0000,1314
20030505,0000,1185
20030506,0000,1068
20030507,0000,1089
20030508,0000,1090
20030509,0000,1022
20030510,0000,926
20030511,0000,984
20030512,0000,1124
20030513,0000,1318
20030514,0000,1651
20030515,0000,1567
20030516,0000,1797
20030517,0000,1846
20030518,0000,1879
20030519,0000,2027
20030520,0000,2176
20030521,0000,2343
20030522,0000,2638
20030523,0000,2731
20030524,0000,2659
20030525,0000,2857
20030526,0000,2864
20030527,0000,3235
20030528,0000,3519
20030529,0000,3456
20030530,0000,3175
20030531,0000,2882
20030601,0000,2770
20030602,0000,2887
20030603,0000,2902
20030604,0000,2812
20030605,0000,2530
20030606,0000,2249
20030607,0000,2020
20030608,0000,1796
20030609,0000,1594
20030610,0000,1562
20030611,0000,1457
20030612,0000,1344
20030613,0000,1247
20030614,0000,1222
20030615,0000,1210
20030616,0000,1176
20030617,0000,1112
20030618,0000,1068
20030619,0000,984
20030620,0000,855
20030621,0000,809
20030622,0000,775
20030623,0000,704
20030624,0000,620
20030625,0000,603
20030626,0000,604
20030627,0000,580
20030628,0000,586
20030629,0000,577
20030630,0000,542
20030701,0000,500
20030702,0000,458
20030703,0000,442
20030704,0000,430
20030705,0000,412
20030706,0000,396
20030707,0000,381
20030708,0000,362
20030709,0000,334
20030710,0000,303
20030711,0000,290
20030712,0000,287
20030713,0000,271
20030714,0000,265
20030715,0000,242
20030716,0000,249
20030717,0000,246
20030718,0000,248
20030719,0000,259
20030720,0000,317
20030721,0000,263
20030722,0000,233
20030723,0000,225
20030724,0000,246
20030725,0000,202
20030726,0000,175
20030727,0000,161
20030728,0000,154
20030729,0000,181
20030730,0000,222
20030731,0000,m
20030801,0000,333
20030802,0000,287
20030803,0000,336
20030804,0000,245
20030805,0000,201
20030806,0000,169
20030807,0000,172
20030808,0000,132
20030809,0000,128
20030810,0000,117
20030811,0000,110
20030812,0000,107
20030813,0000,100
20030814,0000,102
20030815,0000,91
20030816,0000,85
20030817,0000,82
20030818,0000,81
20030819,0000,m
20030820,0000,80
20030821,0000,80
20030822,0000,88
20030823,0000,91
20030824,0000,87
20030825,0000,83
20030826,0000,81
20030827,0000,89
20030828,0000,82
20030829,0000,83
20030830,0000,75
20030831,0000,70
20030901,0000,72
20030902,0000,73
20030903,0000,69
20030904,0000,m
20030905,0000,86
20030906,0000,78
20030907,0000,67
20030908,0000,72
20030909,0000,68
20030910,0000,69
20030911,0000,65
20030912,0000,64
20030913,0000,60
20030914,0000,60
20030915,0000,47
20030916,0000,40
20030917,0000,39
20030918,0000,39
20030919,0000,39
20030920,0000,36
20030921,0000,31
20030922,0000,28
20030923,0000,22
20030924,0000,16
20030925,0000,14
20030926,0000,11
20030927,0000,14
20030928,0000,12
20030929,0000,32
20030930,0000,42
20031001,0000,40
20031002,0000,38
20031003,0000,38
20031004,0000,38
20031005,0000,43
20031006,0000,41
20031007,0000,41
20031008,0000,37
20031009,0000,38
20031010,0000,40
20031011,0000,39
20031012,0000,37
20031013,0000,42
20031014,0000,27
20031015,0000,28
20031016,0000,26
20031017,0000,36
20031018,0000,33
20031019,0000,37
20031020,0000,38
20031021,0000,39
20031022,0000,39
20031023,0000,27
20031024,0000,32
20031025,0000,32
20031026,0000,32
20031027,0000,33
20031028,0000,36
20031029,0000,30
20031030,0000,37
20031031,0000,35
20031101,0000,40
20031102,0000,46
20031103,0000,56
20031104,0000,67
20031105,0000,64
20031106,0000,64
20031107,0000,64
20031108,0000,65
20031109,0000,104
20031110,0000,182
20031111,0000,109
20031112,0000,88
20031113,0000,107
20031114,0000,104
20031115,0000,95
20031116,0000,107
20031117,0000,93
20031118,0000,91
20031119,0000,90
20031120,0000,89
20031121,0000,82
20031122,0000,78
20031123,0000,72
20031124,0000,71
20031125,0000,75
20031126,0000,68
20031127,0000,68
20031128,0000,69
20031129,0000,68
20031130,0000,69
20031201,0000,70
20031202,0000,66
20031203,0000,67
20031204,0000,68
20031205,0000,71
20031206,0000,140
20031207,0000,185
20031208,0000,210
20031209,0000,136
20031210,0000,123
20031211,0000,148
20031212,0000,128
20031213,0000,118
20031214,0000,146
20031215,0000,104
20031216,0000,114
20031217,0000,112
20031218,0000,117
20031219,0000,121
20031220,0000,123
20031221,0000,m
20031222,0000,187
20031223,0000,157
20031224,0000,232
20031225,0000,m
20031226,0000,562
20031227,0000,m
20031228,0000,m
20031229,0000,257
20031230,0000,259
20031231,0000,m
20040101,0000,285
20040102,0000,429
20040103,0000,361
20040104,0000,251
20040105,0000,241
20040106,0000,174
20040107,0000,228
20040108,0000,214
20040109,0000,371
20040110,0000,95
20040111,0000,214
20040112,0000,m
20040113,0000,318
20040114,0000,273
20040115,0000,259
20040116,0000,249
20040117,0000,-2095
20040118,0000,229
20040119,0000,-2536
20040120,0000,m
20040121,0000,204
20040122,0000,191
20040123,0000,212
20040124,0000,174
20040125,0000,187
20040126,0000,176
20040127,0000,184
20040128,0000,176
20040129,0000,178
20040130,0000,178
20040131,0000,184
20040201,0000,180
20040202,0000,194
20040203,0000,287
20040204,0000,220
20040205,0000,210
20040206,0000,194
20040207,0000,208
20040208,0000,200
20040209,0000,194
20040210,0000,189
20040211,0000,186
20040212,0000,185
20040213,0000,183
20040214,0000,183
20040215,0000,175
20040216,0000,180
20040217,0000,249
20040218,0000,246
20040219,0000,350
20040220,0000,269
20040221,0000,258
20040222,0000,256
20040223,0000,297
20040224,0000,285
20040225,0000,306
20040226,0000,1482
20040227,0000,715
20040228,0000,528
20040229,0000,437
20040301,0000,402
20040302,0000,417
20040303,0000,361
20040304,0000,353
20040305,0000,341
20040306,0000,342
20040307,0000,403
20040308,0000,526
20040309,0000,631
20040310,0000,725
20040311,0000,710
20040312,0000,685
20040313,0000,719
20040314,0000,762
20040315,0000,870
20040316,0000,968
20040317,0000,976
20040318,0000,1054
20040319,0000,1078
20040320,0000,1112
20040321,0000,1207
20040322,0000,1152
20040323,0000,1082
20040324,0000,1102
20040325,0000,1050
20040326,0000,1046
20040327,0000,876
20040328,0000,830
20040329,0000,896
20040330,0000,944
20040331,0000,940
20040401,0000,955
20040402,0000,809
20040403,0000,711
20040404,0000,674
20040405,0000,726
20040406,0000,790
20040407,0000,786
20040408,0000,805
20040409,0000,840
20040410,0000,890
20040411,0000,902
20040412,0000,942
20040413,0000,926
20040414,0000,832
20040415,0000,783
20040416,0000,746
20040417,0000,683
20040418,0000,625
20040419,0000,577
20040420,0000,565
20040421,0000,559
20040422,0000,598
20040423,0000,584
20040424,0000,645
20040425,0000,784
20040426,0000,916
20040427,0000,1065
20040428,0000,1161
20040429,0000,1058
20040430,0000,920
20040501,0000,m
20040502,0000,1190
20040503,0000,1327
20040504,0000,1450
20040505,0000,1422
20040506,0000,1214
20040507,0000,1027
20040508,0000,1057
20040509,0000,1047
20040510,0000,1081
20040511,0000,819
20040512,0000,753
20040513,0000,787
20040514,0000,852
20040515,0000,909
20040516,0000,829
20040517,0000,848
20040518,0000,823
20040519,0000,775
20040520,0000,703
20040521,0000,642
20040522,0000,577
20040523,0000,585
20040524,0000,630
20040525,0000,623
20040526,0000,569
20040527,0000,538
20040528,0000,743
20040529,0000,676
20040530,0000,642
20040531,0000,709
20040601,0000,734
20040602,0000,738
20040603,0000,745
20040604,0000,720
20040605,0000,665
20040606,0000,667
20040607,0000,609
20040608,0000,572
20040609,0000,463
20040610,0000,412
20040611,0000,368
20040612,0000,374
20040613,0000,391
20040614,0000,423
20040615,0000,400
20040616,0000,m
20040617,0000,388
20040618,0000,368
20040619,0000,351
20040620,0000,331
20040621,0000,330
20040622,0000,296
20040623,0000,286
20040624,0000,270
20040625,0000,246
20040626,0000,251
20040627,0000,232
20040628,0000,207
20040629,0000,218
20040630,0000,194
20040701,0000,208
20040702,0000,209
20040703,0000,184
20040704,0000,169
20040705,0000,160
20040706,0000,172
20040707,0000,175
20040708,0000,171
20040709,0000,165
20040710,0000,150
20040711,0000,141
20040712,0000,136
20040713,0000,135
20040714,0000,116
20040715,0000,111
20040716,0000,117
20040717,0000,113
20040718,0000,103
20040719,0000,95
20040720,0000,100
20040721,0000,94
20040722,0000,105
20040723,0000,98
20040724,0000,98
20040725,0000,47
20040726,0000,98
20040727,0000,95
20040728,0000,93
20040729,0000,89
20040730,0000,84
20040731,0000,77
20040801,0000,71
20040802,0000,57
20040803,0000,52
20040804,0000,51
20040805,0000,49
20040806,0000,43
20040807,0000,50
20040808,0000,55
20040809,0000,58
20040810,0000,69
20040811,0000,45
20040812,0000,40
20040813,0000,37
20040814,0000,39
20040815,0000,39
20040816,0000,37
20040817,0000,38
20040818,0000,39
20040819,0000,36
20040820,0000,51
20040821,0000,34
20040822,0000,37
20040823,0000,36
20040824,0000,40
20040825,0000,38
20040826,0000,36
20040827,0000,37
20040828,0000,40
20040829,0000,36
20040830,0000,34
20040831,0000,32
20040901,0000,34
20040902,0000,34
20040903,0000,31
20040904,0000,28
20040905,0000,34
20040906,0000,31
20040907,0000,29
20040908,0000,31
20040909,0000,31
20040910,0000,32
20040911,0000,35
20040912,0000,30
20040913,0000,34
20040914,0000,31
20040915,0000,32
20040916,0000,32
20040917,0000,31
20040918,0000,28
20040919,0000,31
20040920,0000,26
20040921,0000,26
20040922,0000,30
20040923,0000,30
20040924,0000,30
20040925,0000,30
20040926,0000,35
20040927,0000,27
20040928,0000,26
20040929,0000,23
20040930,0000,23
20041001,0000,25
20041002,0000,24
20041003,0000,26
20041004,0000,26
20041005,0000,23
20041006,0000,24
20041007,0000,25
20041008,0000,23
20041009,0000,24
20041010,0000,24
20041011,0000,21
20041012,0000,25
20041013,0000,25
20041014,0000,23
20041015,0000,23
20041016,0000,22
20041017,0000,30
20041018,0000,91
20041019,0000,93
20041020,0000,535
20041021,0000,291
20041022,0000,150
20041023,0000,126
20041024,0000,119
20041025,0000,123
20041026,0000,151
20041027,0000,246
20041028,0000,176
20041029,0000,142
20041030,0000,140
20041031,0000,144
20041101,0000,146
20041102,0000,148
20041103,0000,146
20041104,0000,152
20041105,0000,134
20041106,0000,129
20041107,0000,119
20041108,0000,154
20041109,0000,193
20041110,0000,176
20041111,0000,170
20041112,0000,162
20041113,0000,150
20041114,0000,139
20041115,0000,131
20041116,0000,81
20041117,0000,110
20041118,0000,113
20041119,0000,111
20041120,0000,127
20041121,0000,126
20041122,0000,106
20041123,0000,146
20041124,0000,109
20041125,0000,101
20041126,0000,102
20041127,0000,129
20041128,0000,213
20041129,0000,146
20041130,0000,119
20041201,0000,104
20041202,0000,109
20041203,0000,101
20041204,0000,99
20041205,0000,96
20041206,0000,88
20041207,0000,143
20041208,0000,181
20041209,0000,150
20041210,0000,144
20041211,0000,146
20041212,0000,167
20041213,0000,173
20041214,0000,155
20041215,0000,121
20041216,0000,146
20041217,0000,139
20041218,0000,137
20041219,0000,131
20041220,0000,129
20041221,0000,169
20041222,0000,133
20041223,0000,121
20041224,0000,116
20041225,0000,118
20041226,0000,111
20041227,0000,123
20041228,0000,145
20041229,0000,191
20041230,0000,200
20041231,0000,753
20050101,0000,405
20050102,0000,298
20050103,0000,272
20050104,0000,280
20050105,0000,199
20050106,0000,223
20050107,0000,235
20050108,0000,984
20050109,0000,3458
20050110,0000,2057
20050111,0000,2749
20050112,0000,1157
20050113,0000,778
20050114,0000,630
20050115,0000,527
20050116,0000,499
20050117,0000,495
20050118,0000,487
20050119,0000,509
20050120,0000,546
20050121,0000,572
20050122,0000,573
20050123,0000,579
20050124,0000,573
20050125,0000,553
20050126,0000,633
20050127,0000,777
20050128,0000,647
20050129,0000,644
20050130,0000,528
20050131,0000,480
20050201,0000,477
20050202,0000,516
20050203,0000,466
20050204,0000,433
20050205,0000,426
20050206,0000,421
20050207,0000,408
20050208,0000,385
20050209,0000,369
20050210,0000,368
20050211,0000,378
20050212,0000,389
20050213,0000,491
20050214,0000,388
20050215,0000,409
20050216,0000,446
20050217,0000,452
20050218,0000,523
20050219,0000,520
20050220,0000,666
20050221,0000,615
20050222,0000,632
20050223,0000,541
20050224,0000,524
20050225,0000,493
20050226,0000,467
20050227,0000,441
20050228,0000,524
20050301,0000,493
20050302,0000,452
20050303,0000,442
20050304,0000,466
20050305,0000,463
20050306,0000,444
20050307,0000,462
20050308,0000,499
20050309,0000,574
20050310,0000,709
20050311,0000,738
20050312,0000,824
20050313,0000,891
20050314,0000,865
20050315,0000,764
20050316,0000,680
20050317,0000,630
20050318,0000,583
20050319,0000,760
20050320,0000,1266
20050321,0000,977
20050322,0000,2234
20050323,0000,3584
20050324,0000,1852
20050325,0000,1400
20050326,0000,1196
20050327,0000,1147
20050328,0000,1411
20050329,0000,1186
20050330,0000,1041
20050331,0000,963
20050401,0000,986
20050402,0000,1031
20050403,0000,1069
20050404,0000,1124
20050405,0000,978
20050406,0000,1061
20050407,0000,1260
20050408,0000,1153
20050409,0000,1149
20050410,0000,992
20050411,0000,973
20050412,0000,1037
20050413,0000,1116
20050414,0000,1047
20050415,0000,1125
20050416,0000,1244
20050417,0000,1414
20050418,0000,1491
20050419,0000,1364
20050420,0000,1151
20050421,0000,1078
20050422,0000,1183
20050423,0000,1076
20050424,0000,1132
20050425,0000,1031
20050426,0000,1011
20050427,0000,1142
20050428,0000,1252
20050429,0000,1107
20050430,0000,1056
20050501,0000,1138
20050502,0000,1135
20050503,0000,1324
20050504,0000,1508
20050505,0000,2111
20050506,0000,1978
20050507,0000,1640
20050508,0000,1456
20050509,0000,2272
20050510,0000,1917
20050511,0000,1570
20050512,0000,1473
20050513,0000,1666
20050514,0000,2012
20050515,0000,2542
20050516,0000,4451
20050517,0000,3472
20050518,0000,3104
20050519,0000,3523
20050520,0000,3729
20050521,0000,3786
20050522,0000,4135
20050523,0000,4439
20050524,0000,4419
20050525,0000,4544
20050526,0000,4790
20050527,0000,4802
20050528,0000,4641
20050529,0000,4107
20050530,0000,3386
20050531,0000,3516
20050601,0000,3660
20050602,0000,3676
20050603,0000,3392
20050604,0000,3131
20050605,0000,3070
20050606,0000,2730
20050607,0000,2372
20050608,0000,2277
20050609,0000,2055
20050610,0000,2107
20050611,0000,2449
20050612,0000,2576
20050613,0000,2817
20050614,0000,3082
20050615,0000,3036
20050616,0000,2837
20050617,0000,2462
20050618,0000,2250
20050619,0000,2020
20050620,0000,2041
20050621,0000,2233
20050622,0000,2372
20050623,0000,2265
20050624,0000,2125
20050625,0000,1917
20050626,0000,1770
20050627,0000,1773
20050628,0000,1793
20050629,0000,1846
20050630,0000,1896
20050701,0000,1923
20050702,0000,1919
20050703,0000,1784
20050704,0000,1591
20050705,0000,1496
20050706,0000,1467
20050707,0000,1383
20050708,0000,1321
20050709,0000,1223
20050710,0000,1122
20050711,0000,1084
20050712,0000,1103
20050713,0000,997
20050714,0000,909
20050715,0000,828
20050716,0000,788
20050717,0000,771
20050718,0000,731
20050719,0000,686
20050720,0000,623
20050721,0000,601
20050722,0000,746
20050723,0000,596
20050724,0000,547
20050725,0000,486
20050726,0000,443
20050727,0000,419
20050728,0000,394
20050729,0000,403
20050730,0000,357
20050731,0000,332
20050801,0000,323
20050802,0000,319
20050803,0000,277
20050804,0000,260
20050805,0000,245
20050806,0000,248
20050807,0000,266
20050808,0000,319
20050809,0000,275
20050810,0000,241
20050811,0000,244
20050812,0000,235
20050813,0000,m
20050814,0000,200
20050815,0000,181
20050816,0000,214
20050817,0000,206
20050818,0000,187
20050819,0000,182
20050820,0000,185
20050821,0000,172
20050822,0000,166
20050823,0000,148
20050824,0000,167
20050825,0000,168
20050826,0000,154
20050827,0000,146
20050828,0000,133
20050829,0000,127
20050830,0000,108
20050831,0000,97
20050901,0000,43
20050902,0000,91
20050903,0000,86
20050904,0000,82
20050905,0000,81
20050906,0000,74
20050907,0000,77
20050908,0000,84
20050909,0000,85
20050910,0000,89
20050911,0000,92
20050912,0000,93
20050913,0000,91
20050914,0000,90
20050915,0000,86
20050916,0000,83
20050917,0000,80
20050918,0000,85
20050919,0000,81
20050920,0000,76
20050921,0000,101
20050922,0000,81
20050923,0000,80
20050924,0000,72
20050925,0000,71
20050926,0000,66
20050927,0000,107
20050928,0000,106
20050929,0000,95
20050930,0000,82
20051001,0000,73
20051002,0000,73
20051003,0000,63
20051004,0000,70
20051005,0000,70
20051006,0000,67
20051007,0000,63
20051008,0000,65
20051009,0000,59
20051010,0000,61
20051011,0000,58
20051012,0000,58
20051013,0000,55
20051014,0000,52
20051015,0000,51
20051016,0000,67
20051017,0000,61
20051018,0000,65
20051019,0000,63
20051020,0000,67
20051021,0000,61
20051022,0000,62
20051023,0000,57
20051024,0000,53
20051025,0000,53
20051026,0000,66
20051027,0000,63
20051028,0000,69
20051029,0000,70
20051030,0000,66
20051031,0000,63
20051101,0000,61
20051102,0000,55
20051103,0000,57
20051104,0000,57
20051105,0000,59
20051106,0000,54
20051107,0000,62
20051108,0000,59
20051109,0000,62
20051110,0000,60
20051111,0000,86
20051112,0000,81
20051113,0000,71
20051114,0000,63
20051115,0000,62
20051116,0000,63
20051117,0000,64
20051118,0000,59
20051119,0000,55
20051120,0000,58
20051121,0000,56
20051122,0000,58
20051123,0000,52
20051124,0000,52
20051125,0000,54
20051126,0000,62
20051127,0000,63
20051128,0000,55
20051129,0000,67
20051130,0000,99
20051201,0000,94
20051202,0000,1048
20051203,0000,457
20051204,0000,239
20051205,0000,180
20051206,0000,167
20051207,0000,136
20051208,0000,136
20051209,0000,137
20051210,0000,126
20051211,0000,123
20051212,0000,90
20051213,0000,122
20051214,0000,114
20051215,0000,115
20051216,0000,115
20051217,0000,109
20051218,0000,212
20051219,0000,683
20051220,0000,330
20051221,0000,269
20051222,0000,292
20051223,0000,240
20051224,0000,232
20051225,0000,217
20051226,0000,382
20051227,0000,357
20051228,0000,280
20051229,0000,330
20051230,0000,266
20051231,0000,1774
20060101,0000,1365
20060102,0000,6156
20060103,0000,3303
20060104,0000,1202
20060105,0000,987
20060106,0000,855
20060107,0000,765
20060108,0000,667
20060109,0000,598
20060110,0000,545
20060111,0000,505
20060112,0000,479
20060113,0000,440
20060114,0000,495
20060115,0000,572
20060116,0000,474
20060117,0000,458
20060118,0000,526
20060119,0000,548
20060120,0000,458
20060121,0000,494
20060122,0000,m
20060123,0000,385
20060124,0000,376
20060125,0000,368
20060126,0000,353
20060127,0000,345
20060128,0000,333
20060129,0000,324
20060130,0000,329
20060131,0000,372
20060201,0000,370
20060202,0000,363
20060203,0000,396
20060204,0000,388
20060205,0000,384
20060206,0000,361
20060207,0000,353
20060208,0000,349
20060209,0000,343
20060210,0000,345
20060211,0000,355
20060212,0000,361
20060213,0000,351
20060214,0000,413
20060215,0000,424
20060216,0000,372
20060217,0000,374
20060218,0000,375
20060219,0000,379
20060220,0000,335
20060221,0000,339
20060222,0000,343
20060223,0000,337
20060224,0000,347
20060225,0000,354
20060226,0000,318
20060227,0000,388
20060228,0000,3613
20060301,0000,1378
20060302,0000,966
20060303,0000,1070
20060304,0000,855
20060305,0000,789
20060306,0000,1066
20060307,0000,1121
20060308,0000,914
20060309,0000,801
20060310,0000,787
20060311,0000,742
20060312,0000,695
20060313,0000,657
20060314,0000,647
20060315,0000,631
20060316,0000,605
20060317,0000,650
20060318,0000,772
20060319,0000,706
20060320,0000,731
20060321,0000,785
20060322,0000,708
20060323,0000,708
20060324,0000,752
20060325,0000,893
20060326,0000,1088
20060327,0000,900
20060328,0000,2659
20060329,0000,2670
20060330,0000,1539
20060331,0000,1386
20060401,0000,1547
20060402,0000,1260
20060403,0000,2700
20060404,0000,6737
20060405,0000,5806
20060406,0000,3248
20060407,0000,2624
20060408,0000,2348
20060409,0000,2145
20060410,0000,1977
20060411,0000,1794
20060412,0000,1616
20060413,0000,1722
20060414,0000,2144
20060415,0000,2181
20060416,0000,1960
20060417,0000,2105
20060418,0000,1761
20060419,0000,1736
20060420,0000,1881
20060421,0000,2030
20060422,0000,2107
20060423,0000,1791
20060424,0000,1787
20060425,0000,1690
20060426,0000,1805
20060427,0000,1824
20060428,0000,2211
20060429,0000,2740
20060430,0000,3398
20060501,0000,3401
20060502,0000,3502
20060503,0000,3302
20060504,0000,3074
20060505,0000,2737
20060506,0000,2741
20060507,0000,2877
20060508,0000,3163
20060509,0000,3318
20060510,0000,3474
20060511,0000,3538
20060512,0000,3654
20060513,0000,3788
20060514,0000,4091
20060515,0000,4214
20060516,0000,4023
20060517,0000,4187
20060518,0000,3859
20060519,0000,4052
20060520,0000,3824
20060521,0000,3729
20060522,0000,3527
20060523,0000,2710
20060524,0000,2704
20060525,0000,2970
20060526,0000,3151
20060527,0000,2979
20060528,0000,2291
20060529,0000,2148
20060530,0000,2267
20060531,0000,2562
20060601,0000,2883
20060602,0000,3083
20060603,0000,3365
20060604,0000,3795
20060605,0000,3740
20060606,0000,3651
20060607,0000,3476
20060608,0000,3229
20060609,0000,3009
20060610,0000,2757
20060611,0000,2668
20060612,0000,2534
20060613,0000,2288
20060614,0000,1939
20060615,0000,1969
20060616,0000,2101
20060617,0000,2255
20060618,0000,2315
20060619,0000,2268
20060620,0000,2055
20060621,0000,1986
20060622,0000,2025
20060623,0000,1987
20060624,0000,1923
20060625,0000,1833
20060626,0000,1612
20060627,0000,550
20060628,0000,2469
20060629,0000,1369
20060630,0000,1329
20060701,0000,1308
20060702,0000,1249
20060703,0000,1096
20060704,0000,1093
20060705,0000,1046
20060706,0000,961
20060707,0000,877
20060708,0000,803
20060709,0000,818
20060710,0000,727
20060711,0000,742
20060712,0000,693
20060713,0000,641
20060714,0000,613
20060715,0000,601
20060716,0000,557
20060717,0000,580
20060718,0000,636
20060719,0000,597
20060720,0000,594
20060721,0000,844
20060722,0000,603
20060723,0000,545
20060724,0000,538
20060725,0000,550
20060726,0000,454
20060727,0000,417
20060728,0000,373
20060729,0000,380
20060730,0000,357
20060731,0000,319
20060801,0000,297
20060802,0000,284
20060803,0000,271
20060804,0000,244
20060805,0000,235
20060806,0000,254
20060807,0000,230
20060808,0000,202
20060809,0000,215
20060810,0000,221
20060811,0000,191
20060812,0000,193
20060813,0000,169
20060814,0000,162
20060815,0000,147
20060816,0000,149
20060817,0000,126
20060818,0000,154
20060819,0000,136
20060820,0000,133
20060821,0000,128
20060822,0000,125
20060823,0000,129
20060824,0000,117
20060825,0000,129
20060826,0000,130
20060827,0000,133
20060828,0000,132
20060829,0000,125
20060830,0000,122
20060831,0000,112
20060901,0000,95
20060902,0000,89
20060903,0000,90
20060904,0000,88
20060905,0000,79
20060906,0000,76
20060907,0000,81
20060908,0000,78
20060909,0000,73
20060910,0000,74
20060911,0000,82
20060912,0000,82
20060913,0000,88
20060914,0000,70
20060915,0000,77
20060916,0000,67
20060917,0000,62
20060918,0000,66
20060919,0000,66
20060920,0000,75
20060921,0000,63
20060922,0000,69
20060923,0000,65
20060924,0000,61
20060925,0000,56
20060926,0000,50
20060927,0000,50
20060928,0000,52
20060929,0000,53
20060930,0000,49
20061001,0000,48
20061002,0000,56
20061003,0000,84
20061004,0000,66
20061005,0000,68
20061006,0000,60
20061007,0000,63
20061008,0000,62
20061009,0000,61
20061010,0000,60
20061011,0000,56
20061012,0000,62
20061013,0000,67
20061014,0000,66
20061015,0000,71
20061016,0000,69
20061017,0000,68
20061018,0000,77
20061019,0000,78
20061020,0000,72
20061021,0000,68
20061022,0000,60
20061023,0000,61
20061024,0000,57
20061025,0000,53
20061026,0000,55
20061027,0000,60
20061028,0000,52
20061029,0000,58
20061030,0000,53
20061031,0000,51
20061101,0000,52
20061102,0000,52
20061103,0000,63
20061104,0000,55
20061105,0000,57
20061106,0000,53
20061107,0000,56
20061108,0000,52
20061109,0000,55
20061110,0000,57
20061111,0000,55
20061112,0000,55
20061113,0000,59
20061114,0000,156
20061115,0000,193
20061116,0000,123
20061117,0000,96
20061118,0000,88
20061119,0000,85
20061120,0000,71
20061121,0000,67
20061122,0000,65
20061123,0000,67
20061124,0000,60
20061125,0000,59
20061126,0000,64
20061127,0000,67
20061128,0000,69
20061129,0000,65
20061130,0000,63
20061201,0000,65
20061202,0000,66
20061203,0000,71
20061204,0000,66
20061205,0000,69
20061206,0000,74
20061207,0000,70
20061208,0000,77
20061209,0000,82
20061210,0000,154
20061211,0000,119
20061212,0000,110
20061213,0000,111
20061214,0000,118
20061215,0000,111
20061216,0000,111
20061217,0000,125
20061218,0000,102
20061219,0000,102
20061220,0000,93
20061221,0000,105
20061222,0000,178
20061223,0000,147
20061224,0000,125
20061225,0000,123
20061226,0000,128
20061227,0000,210
20061228,0000,198
20061229,0000,138
20061230,0000,143
20061231,0000,134
20070101,0000,130
20070102,0000,128
20070103,0000,75
20070104,0000,140
20070105,0000,277
20070106,0000,183
20070107,0000,167
20070108,0000,161
20070109,0000,161
20070110,0000,153
20070111,0000,m

