Date,PST,Outflow
19940101,0000,m
19940102,0000,84
19940103,0000,83
19940104,0000,89
19940105,0000,95
19940106,0000,106
19940107,0000,115
19940108,0000,115
19940109,0000,115
19940110,0000,106
19940111,0000,94
19940112,0000,89
19940113,0000,89
19940114,0000,89
19940115,0000,89
19940116,0000,89
19940117,0000,89
19940118,0000,89
19940119,0000,89
19940120,0000,88
19940121,0000,88
19940122,0000,88
19940123,0000,88
19940124,0000,88
19940125,0000,109
19940126,0000,125
19940127,0000,125
19940128,0000,125
19940129,0000,125
19940130,0000,111
19940131,0000,105
19941030,0000,24
19941031,0000,24
19941101,0000,27
19941102,0000,27
19941103,0000,31
19941104,0000,32
19941105,0000,30
19941106,0000,27
19941107,0000,27
19941108,0000,42
19941109,0000,76
19941110,0000,82
19941111,0000,76
19941112,0000,67
19941113,0000,67
19941114,0000,67
19941115,0000,67
19941116,0000,67
19941117,0000,67
19941118,0000,69
19941119,0000,71
19941120,0000,73
19941121,0000,71
19941122,0000,71
19941123,0000,92
19941124,0000,109
19941125,0000,109
19941126,0000,108
19941127,0000,m
19941128,0000,m
19941129,0000,114
19941130,0000,114
19941201,0000,120
19941202,0000,119
19941203,0000,118
19941204,0000,119
19941205,0000,119
19941206,0000,120
19941207,0000,130
19941208,0000,139
19941209,0000,139
19941210,0000,139
19941211,0000,139
19941212,0000,139
19941213,0000,138
19941214,0000,114
19941215,0000,114
19941216,0000,114
19941217,0000,108
19941218,0000,103
19941219,0000,103
19941220,0000,103
19941221,0000,107
19941222,0000,117
19941223,0000,121
19941224,0000,122
19941225,0000,123
19941226,0000,123
19941227,0000,123
19941228,0000,123
19941229,0000,138
19941230,0000,151
19941231,0000,153
19950101,0000,m
19950102,0000,156
19950103,0000,160
19950104,0000,m
19950105,0000,m
19950106,0000,m
19950107,0000,924
19950108,0000,1168
19950109,0000,928
19950110,0000,m
19950111,0000,573
19950112,0000,1219
19950113,0000,1558
19950114,0000,1458
19950115,0000,1195
19950116,0000,1083
19950117,0000,m
19950118,0000,1097
19950119,0000,1059
19950120,0000,984
19950121,0000,776
19950122,0000,662
19950123,0000,488
19950124,0000,368
19950125,0000,355
19950126,0000,374
19950127,0000,398
19950128,0000,556
19950129,0000,691
19950130,0000,m
19950131,0000,654
19950201,0000,601
19950202,0000,m
19950203,0000,m
19950204,0000,579
19950205,0000,579
19950206,0000,579
19950207,0000,m
19950208,0000,580
19950209,0000,580
19950210,0000,m
19950211,0000,461
19950212,0000,406
19950213,0000,406
19950214,0000,m
19950215,0000,417
19950216,0000,m
19950217,0000,597
19950218,0000,597
19950219,0000,540
19950220,0000,498
19950221,0000,498
19950222,0000,513
19950223,0000,534
19950224,0000,569
19950225,0000,590
19950226,0000,590
19950227,0000,m
19950228,0000,604
19950301,0000,728
19950302,0000,807
19950303,0000,791
19950304,0000,m
19950305,0000,653
19950306,0000,584
19950307,0000,598
19950308,0000,730
19950309,0000,820
19950310,0000,810
19950311,0000,m
19950312,0000,367
19950313,0000,754
19950314,0000,1507
19950315,0000,1263
19950316,0000,1139
19950317,0000,m
19950318,0000,1266
19950319,0000,1204
19950320,0000,m
19950321,0000,1222
19950322,0000,m
19950323,0000,733
19950324,0000,396
19950325,0000,395
19950326,0000,480
19950327,0000,606
19950328,0000,861
19950329,0000,1087
19950330,0000,1365
19950331,0000,1499
19950401,0000,1540
19950402,0000,1516
19950403,0000,1516
19950404,0000,1557
19950405,0000,1557
19950406,0000,1645
19950407,0000,1705
19950408,0000,1755
19950409,0000,1787
19950410,0000,1807
19950411,0000,2053
19950412,0000,2253
19950413,0000,2276
19950414,0000,2112
19950415,0000,1998
19950416,0000,2018
19950417,0000,2038
19950418,0000,1971
19950419,0000,1894
19950420,0000,1811
19950421,0000,1707
19950422,0000,1676
19950423,0000,m
19950424,0000,1742
19950425,0000,1802
19950426,0000,1943
19950427,0000,2096
19950428,0000,2145
19950429,0000,2078
19950430,0000,2084
19950501,0000,2044
19950502,0000,1914
19950503,0000,1860
19950504,0000,1727
19950505,0000,1359
19950506,0000,1262
19950507,0000,m
19950508,0000,1348
19950509,0000,1337
19950510,0000,1352
19950511,0000,1421
19950512,0000,1526
19950513,0000,1569
19950514,0000,m
19950515,0000,1556
19950516,0000,1520
19950517,0000,1374
19950518,0000,1409
19950519,0000,1483
19950520,0000,1504
19950521,0000,1532
19950522,0000,1532
19950523,0000,1571
19950524,0000,1654
19950525,0000,1738
19950526,0000,1776
19950527,0000,1807
19950528,0000,1786
19950529,0000,1765
19950530,0000,m
19950531,0000,1812
19950601,0000,m
19950602,0000,2391
19950603,0000,2474
19950604,0000,2482
19950605,0000,2472
19950606,0000,2605
19950607,0000,2703
19950608,0000,2717
19950609,0000,2633
19950610,0000,2517
19950611,0000,2495
19950612,0000,m
19950613,0000,2673
19950614,0000,2808
19950615,0000,2774
19950616,0000,2694
19950617,0000,2699
19950618,0000,2771
19950619,0000,2838
19950620,0000,m
19950621,0000,2810
19950622,0000,2915
19950623,0000,m
19950624,0000,m
19950625,0000,m
19950626,0000,m
19950627,0000,3981
19950628,0000,4301
19950629,0000,4428
19950630,0000,4458
19950701,0000,4274
19950702,0000,3931
19950703,0000,3782
19950704,0000,3770
19950705,0000,m
19950706,0000,m
19950707,0000,3216
19950708,0000,3106
19950709,0000,3113
19950710,0000,m
19950711,0000,3117
19950712,0000,3073
19950713,0000,3111
19950714,0000,3138
19950715,0000,3049
19950716,0000,m
19950717,0000,m
19950718,0000,m
19950719,0000,m
19950720,0000,2537
19950721,0000,2564
19950722,0000,2568
19950723,0000,2528
19950724,0000,m
19950725,0000,m
19950726,0000,m
19950727,0000,2383
19950728,0000,2483
19950729,0000,2495
19950730,0000,2474
19950731,0000,m
19950801,0000,2386
19950802,0000,2337
19950803,0000,2262
19950804,0000,m
19950805,0000,2261
19950806,0000,2244
19950807,0000,2235
19950808,0000,2109
19950809,0000,1999
19950810,0000,1930
19950811,0000,m
19950812,0000,m
19950813,0000,1900
19950814,0000,1825
19950815,0000,1770
19950816,0000,1795
19950817,0000,1944
19950818,0000,1976
19950819,0000,1946
19950820,0000,1947
19950821,0000,1668
19950822,0000,m
19950823,0000,m
19950824,0000,1420
19950825,0000,m
19950826,0000,m
19950827,0000,1189
19950828,0000,1178
19950829,0000,1142
19950830,0000,1210
19950831,0000,m
19950901,0000,m
19950902,0000,m
19950903,0000,1416
19950904,0000,1409
19950905,0000,1365
19950906,0000,1298
19950907,0000,1226
19950908,0000,m
19950909,0000,m
19950910,0000,m
19950911,0000,m
19950912,0000,588
19950913,0000,594
19950914,0000,641
19950915,0000,m
19950916,0000,251
19950917,0000,m
19950918,0000,217
19950919,0000,165
19950920,0000,133
19950921,0000,m
19950922,0000,m
19950923,0000,m
19950924,0000,m
19950925,0000,m
19950926,0000,m
19950927,0000,m
19950928,0000,m
19950929,0000,m
19950930,0000,m
19951001,0000,100
19951002,0000,m
19951003,0000,102
19951004,0000,97
19951005,0000,83
19951006,0000,m
19951007,0000,63
19951008,0000,m
19951009,0000,59
19951010,0000,59
19951011,0000,59
19951012,0000,58
19951013,0000,m
19951014,0000,m
19951015,0000,49
19951016,0000,49
19951017,0000,49
19951018,0000,43
19951019,0000,m
19951020,0000,43
19951021,0000,m
19951022,0000,m
19951023,0000,50
19951024,0000,50
19951025,0000,49
19951026,0000,49
19951027,0000,50
19951028,0000,50
19951029,0000,49
19951030,0000,m
19951031,0000,50
19951101,0000,58
19951102,0000,72
19951103,0000,m
19951104,0000,85
19951105,0000,86
19951106,0000,86
19951107,0000,82
19951108,0000,80
19951109,0000,m
19951110,0000,80
19951111,0000,79
19951112,0000,79
19951113,0000,m
19951114,0000,81
19951115,0000,80
19951116,0000,80
19951117,0000,80
19951118,0000,78
19951119,0000,76
19951120,0000,70
19951121,0000,70
19951122,0000,70
19951123,0000,70
19951124,0000,70
19951125,0000,70
19951126,0000,69
19951127,0000,70
19951128,0000,69
19951129,0000,69
19951130,0000,75
19951201,0000,81
19951202,0000,m
19951203,0000,m
19951204,0000,82
19951205,0000,82
19951206,0000,m
19951207,0000,m
19951208,0000,74
19951209,0000,72
19951210,0000,73
19951211,0000,73
19951212,0000,73
19951213,0000,112
19951214,0000,195
19951215,0000,m
19951216,0000,245
19951217,0000,245
19951218,0000,m
19951219,0000,m
19951220,0000,m
19951221,0000,358
19951222,0000,354
19951223,0000,m
19951224,0000,m
19951225,0000,m
19951226,0000,334
19951227,0000,m
19951228,0000,312
19951229,0000,298
19951230,0000,294
19951231,0000,291
19960101,0000,299
19960102,0000,m
19960103,0000,58
19960104,0000,56
19960105,0000,56
19960106,0000,57
19960107,0000,57
19960108,0000,57
19960109,0000,57
19960110,0000,92
19960111,0000,191
19960112,0000,257
19960113,0000,m
19960114,0000,m
19960115,0000,259
19960116,0000,289
19960117,0000,m
19960118,0000,319
19960119,0000,323
19960120,0000,m
19960121,0000,329
19960122,0000,368
19960123,0000,395
19960124,0000,392
19960125,0000,390
19960126,0000,391
19960127,0000,392
19960128,0000,392
19960129,0000,m
19960130,0000,424
19960131,0000,424
19960201,0000,424
19960202,0000,438
19960203,0000,448
19960204,0000,448
19960205,0000,540
19960207,0000,862
19960212,0000,1196
19960214,0000,1206
19960217,0000,1177
19960219,0000,1205
19960220,0000,1220
19960221,0000,1225
19960222,0000,1231
19960223,0000,1281
19960224,0000,1314
19960225,0000,1310
19960226,0000,1311
19960227,0000,1308
19960228,0000,1298
19960229,0000,1339
19960301,0000,1345
19960303,0000,1323
19960304,0000,1315
19960305,0000,1312
19960306,0000,1311
19960307,0000,1308
19960308,0000,1302
19960309,0000,1315
19960310,0000,1333
19960311,0000,1333
19960312,0000,1125
19960313,0000,931
19960314,0000,1005
19960315,0000,831
19960316,0000,714
19960317,0000,708
19960318,0000,708
19960320,0000,711
19960321,0000,713
19960322,0000,712
19960324,0000,718
19960325,0000,952
19960326,0000,1249
19960327,0000,1424
19960328,0000,1491
19960329,0000,1502
19960330,0000,1493
19960331,0000,1516
19960401,0000,1013
19960402,0000,645
19960403,0000,646
19960404,0000,m
19960405,0000,m
19960406,0000,m
19960407,0000,574
19960408,0000,m
19960409,0000,604
19960410,0000,633
19960411,0000,393
19960412,0000,m
19960413,0000,164
19960414,0000,167
19960415,0000,155
19960416,0000,134
19960417,0000,127
19960418,0000,128
19960419,0000,129
19960420,0000,130
19960421,0000,131
19960422,0000,132
19960423,0000,132
19960424,0000,133
19960425,0000,134
19960426,0000,153
19960427,0000,166
19960428,0000,167
19960429,0000,176
19960430,0000,182
19960501,0000,m
19960502,0000,m
19960503,0000,m
19960504,0000,m
19960505,0000,518
19960506,0000,m
19960507,0000,502
19960508,0000,m
19960509,0000,m
19960510,0000,1130
19960511,0000,1460
19960512,0000,1730
19960513,0000,1804
19960514,0000,2002
19960515,0000,2187
19960516,0000,3141
19960517,0000,m
19960518,0000,3100
19960519,0000,2694
19960520,0000,2318
19960521,0000,2091
19960522,0000,1806
19960523,0000,1567
19960524,0000,1502
19960525,0000,1479
19960526,0000,1447
19960527,0000,1433
19960528,0000,1433
19960529,0000,1433
19960530,0000,1471
19960531,0000,1544
19960601,0000,1575
19960602,0000,1604
19960603,0000,1833
19960604,0000,m
19960605,0000,2332
19960606,0000,2403
19960607,0000,2255
19960608,0000,1882
19960609,0000,1690
19960610,0000,1743
19960611,0000,1989
19960612,0000,1978
19960613,0000,1814
19960614,0000,1705
19960615,0000,m
19960616,0000,1486
19960617,0000,1306
19960618,0000,1294
19960619,0000,1341
19960620,0000,1310
19960621,0000,1196
19960622,0000,m
19960623,0000,1149
19960624,0000,m
19960625,0000,1139
19960626,0000,1120
19960627,0000,m
19960628,0000,1167
19960629,0000,1207
19960630,0000,1228
19960701,0000,m
19960702,0000,1404
19960703,0000,1558
19960704,0000,1578
19960705,0000,1540
19960706,0000,1470
19960707,0000,1452
19960708,0000,1416
19960709,0000,1425
19960710,0000,1680
19960711,0000,1821
19960712,0000,m
19960713,0000,1757
19960714,0000,m
19960715,0000,1768
19960716,0000,1860
19960717,0000,1839
19960718,0000,1834
19960719,0000,1779
19960720,0000,1755
19960721,0000,m
19960722,0000,1825
19960723,0000,m
19960724,0000,m
19960725,0000,1629
19960726,0000,1594
19960727,0000,1610
19960728,0000,1636
19960729,0000,1550
19960730,0000,1515
19960731,0000,m
19960801,0000,1476
19960802,0000,m
19960803,0000,1323
19960804,0000,m
19960805,0000,1243
19960806,0000,1188
19960807,0000,1138
19960808,0000,1205
19960809,0000,m
19960810,0000,m
19960811,0000,m
19960812,0000,m
19960813,0000,m
19960814,0000,m
19960815,0000,m
19960816,0000,m
19960817,0000,m
19960818,0000,m
19960819,0000,m
19960820,0000,m
19960821,0000,m
19960822,0000,304
19960823,0000,170
19960824,0000,87
19960825,0000,87
19960826,0000,84
19960827,0000,75
19960828,0000,76
19960829,0000,87
19960830,0000,87
19960831,0000,87
19960901,0000,87
19960902,0000,87
19960903,0000,84
19960904,0000,78
19960905,0000,69
19960906,0000,64
19960907,0000,64
19960908,0000,64
19960909,0000,57
19960910,0000,51
19960911,0000,49
19960912,0000,49
19960913,0000,49
19960914,0000,49
19960915,0000,49
19960916,0000,49
19960917,0000,46
19960918,0000,44
19960919,0000,40
19960920,0000,39
19960921,0000,40
19960922,0000,42
19960923,0000,42
19960924,0000,42
19960925,0000,42
19960926,0000,42
19960927,0000,41
19960928,0000,41
19960929,0000,41
19960930,0000,40
19961001,0000,40
19961002,0000,40
19961003,0000,40
19961004,0000,41
19961005,0000,40
19961006,0000,40
19961007,0000,40
19961008,0000,40
19961009,0000,40
19961010,0000,m
19961011,0000,40
19961012,0000,39
19961013,0000,36
19961014,0000,35
19961015,0000,36
19961016,0000,36
19961017,0000,36
19961018,0000,36
19961019,0000,36
19961020,0000,35
19961021,0000,34
19961022,0000,158
19961023,0000,273
19961024,0000,291
19961025,0000,287
19961026,0000,284
19961027,0000,280
19961028,0000,290
19961029,0000,296
19961030,0000,286
19961031,0000,261
19961101,0000,137
19961102,0000,47
19961103,0000,47
19961104,0000,47
19961105,0000,48
19961106,0000,40
19961107,0000,m
19961108,0000,31
19961109,0000,32
19961110,0000,32
19961111,0000,32
19961112,0000,35
19961113,0000,36
19961114,0000,35
19961115,0000,35
19961116,0000,36
19961117,0000,40
19961118,0000,m
19961119,0000,364
19961120,0000,365
19961121,0000,372
19961122,0000,568
19961123,0000,871
19961124,0000,985
19961125,0000,1015
19961126,0000,m
19961127,0000,997
19961128,0000,925
19961129,0000,882
19961130,0000,879
19961201,0000,879
19961202,0000,703
19961203,0000,594
19961204,0000,592
19961205,0000,608
19961206,0000,595
19961207,0000,593
19961208,0000,589
19961209,0000,584
19961210,0000,449
19961211,0000,408
19961212,0000,1099
19961213,0000,1337
19961214,0000,1419
19961215,0000,1444
19961216,0000,1449
19961217,0000,1329
19961218,0000,1225
19961219,0000,1121
19961220,0000,1001
19961221,0000,1003
19961222,0000,881
19961223,0000,834
19961224,0000,935
19961225,0000,928
19961226,0000,943
19961227,0000,660
19961228,0000,673
19961229,0000,753
19961230,0000,837
19961231,0000,809
19970101,0000,849
19970102,0000,439
19970103,0000,92
19970104,0000,786
19970105,0000,1516
19970106,0000,2069
19970107,0000,2641
19970108,0000,3035
19970109,0000,3328
19970110,0000,3395
19970111,0000,3391
19970112,0000,3402
19970113,0000,3303
19970114,0000,3392
19970115,0000,3312
19970116,0000,3262
19970117,0000,3154
19970118,0000,3108
19970119,0000,3131
19970120,0000,2695
19970121,0000,2341
19970122,0000,2285
19970123,0000,2268
19970124,0000,4543
19970125,0000,4090
19970126,0000,2526
19970127,0000,3686
19970128,0000,3783
19970129,0000,3807
19970130,0000,3678
19970131,0000,3672
19970201,0000,3709
19970202,0000,3738
19970203,0000,3457
19970204,0000,3302
19970205,0000,3043
19970206,0000,2866
19970207,0000,2747
19970208,0000,2657
19970209,0000,2537
19970210,0000,2115
19970211,0000,1917
19970212,0000,1814
19970213,0000,1737
19970214,0000,1621
19970215,0000,1551
19970216,0000,1559
19970217,0000,1567
19970218,0000,1559
19970219,0000,1556
19970220,0000,1550
19970221,0000,1544
19970222,0000,1562
19970223,0000,1569
19970224,0000,1514
19970225,0000,1563
19970226,0000,1610
19970227,0000,1605
19970228,0000,1597
19970301,0000,1610
19970302,0000,1642
19970303,0000,1635
19970304,0000,1563
19970305,0000,1589
19970306,0000,1641
19970307,0000,1654
19970308,0000,1633
19970309,0000,1612
19970310,0000,1581
19970311,0000,1560
19970312,0000,1560
19970313,0000,1555
19970314,0000,1553
19970315,0000,1554
19970316,0000,1550
19970317,0000,1443
19970318,0000,1244
19970319,0000,966
19970320,0000,836
19970321,0000,723
19970322,0000,666
19970323,0000,678
19970324,0000,682
19970325,0000,682
19970326,0000,676
19970327,0000,545
19970328,0000,452
19970329,0000,442
19970330,0000,433
19970331,0000,432
19970401,0000,428
19970402,0000,446
19970403,0000,460
19970404,0000,461
19970405,0000,462
19970406,0000,464
19970407,0000,464
19970408,0000,475
19970409,0000,479
19970410,0000,486
19970411,0000,487
19970412,0000,487
19970413,0000,419
19970414,0000,342
19970415,0000,291
19970416,0000,283
19970417,0000,296
19970418,0000,315
19970419,0000,303
19970420,0000,291
19970421,0000,294
19970422,0000,313
19970423,0000,313
19970424,0000,324
19970425,0000,325
19970426,0000,242
19970427,0000,161
19970428,0000,158
19970429,0000,159
19970430,0000,160
19970501,0000,162
19970502,0000,163
19970503,0000,164
19970504,0000,164
19970505,0000,164
19970506,0000,366
19970507,0000,536
19970508,0000,927
19970509,0000,1167
19970510,0000,1171
19970511,0000,1089
19970512,0000,1167
19970513,0000,1116
19970514,0000,1197
19970515,0000,1286
19970516,0000,1334
19970517,0000,1376
19970518,0000,1391
19970519,0000,1425
19970520,0000,1439
19970521,0000,1398
19970522,0000,1373
19970523,0000,1372
19970524,0000,1345
19970525,0000,1316
19970526,0000,1363
19970527,0000,1388
19970528,0000,1380
19970529,0000,1383
19970530,0000,1399
19970531,0000,1440
19970601,0000,1527
19970602,0000,1736
19970603,0000,1814
19970604,0000,1857
19970605,0000,1866
19970606,0000,1761
19970607,0000,1583
19970608,0000,1533
19970609,0000,1566
19970610,0000,1626
19970611,0000,1630
19970612,0000,1672
19970613,0000,1736
19970614,0000,1705
19970615,0000,1619
19970616,0000,1578
19970617,0000,1599
19970618,0000,1722
19970619,0000,1814
19970620,0000,1836
19970621,0000,1827
19970622,0000,1818
19970623,0000,1827
19970624,0000,1835
19970625,0000,1792
19970626,0000,1675
19970627,0000,1633
19970628,0000,1581
19970629,0000,1581
19970630,0000,1581
19970701,0000,1416
19970702,0000,1280
19970703,0000,1279
19970704,0000,1328
19970705,0000,1342
19970706,0000,1371
19970707,0000,1328
19970708,0000,1417
19970709,0000,1394
19970710,0000,1417
19970711,0000,1389
19970712,0000,1389
19970713,0000,1365
19970714,0000,1376
19970715,0000,1364
19970716,0000,1325
19970717,0000,1313
19970718,0000,1336
19970719,0000,1332
19970720,0000,1346
19970721,0000,1381
19970722,0000,1379
19970723,0000,1356
19970724,0000,1339
19970725,0000,1333
19970726,0000,1316
19970727,0000,1303
19970728,0000,1284
19970729,0000,1290
19970730,0000,1302
19970731,0000,1303
19970801,0000,1297
19970802,0000,1281
19970803,0000,1272
19970804,0000,1267
19970805,0000,1258
19970806,0000,1192
19970807,0000,1122
19970808,0000,1065
19970809,0000,1006
19970810,0000,973
19970811,0000,845
19970812,0000,869
19970813,0000,918
19970814,0000,904
19970815,0000,876
19970816,0000,815
19970817,0000,779
19970818,0000,733
19970819,0000,606
19970820,0000,456
19970821,0000,334
19970822,0000,222
19970823,0000,130
19970824,0000,94
19970825,0000,95
19970826,0000,79
19970827,0000,65
19970828,0000,72
19970829,0000,75
19970830,0000,74
19970831,0000,72
19970901,0000,74
19970902,0000,75
19970903,0000,76
19970904,0000,76
19970905,0000,77
19970906,0000,78
19970907,0000,80
19970908,0000,81
19970909,0000,81
19970910,0000,82
19970911,0000,90
19970912,0000,92
19970913,0000,88
19970914,0000,86
19970915,0000,84
19970916,0000,78
19970917,0000,56
19970918,0000,44
19970919,0000,42
19970920,0000,41
19970921,0000,41
19970922,0000,42
19970923,0000,42
19970924,0000,42
19970925,0000,37
19970926,0000,31
19970927,0000,34
19970928,0000,40
19970929,0000,40
19970930,0000,40
19971001,0000,42
19971002,0000,40
19971003,0000,40
19971004,0000,40
19971005,0000,39
19971006,0000,42
19971007,0000,39
19971008,0000,34
19971009,0000,33
19971010,0000,33
19971011,0000,33
19971012,0000,61
19971013,0000,85
19971014,0000,86
19971015,0000,88
19971016,0000,85
19971017,0000,98
19971018,0000,110
19971019,0000,113
19971020,0000,113
19971021,0000,113
19971022,0000,148
19971023,0000,181
19971024,0000,191
19971025,0000,191
19971026,0000,212
19971027,0000,260
19971028,0000,287
19971029,0000,281
19971030,0000,229
19971031,0000,136
19971101,0000,101
19971102,0000,100
19971103,0000,100
19971104,0000,90
19971105,0000,82
19971106,0000,82
19971107,0000,82
19971108,0000,81
19971109,0000,81
19971110,0000,70
19971111,0000,57
19971112,0000,58
19971113,0000,59
19971114,0000,58
19971115,0000,58
19971116,0000,38
19971117,0000,32
19971118,0000,54
19971119,0000,56
19971120,0000,78
19971121,0000,88
19971122,0000,88
19971123,0000,88
19971124,0000,88
19971125,0000,88
19971126,0000,89
19971127,0000,89
19971128,0000,97
19971129,0000,105
19971130,0000,105
19971201,0000,106
19971202,0000,263
19971203,0000,343
19971204,0000,360
19971205,0000,404
19971206,0000,443
19971207,0000,446
19971208,0000,448
19971209,0000,450
19971210,0000,448
19971211,0000,444
19971212,0000,441
19971213,0000,442
19971214,0000,435
19971215,0000,325
19971216,0000,245
19971217,0000,236
19971218,0000,237
19971219,0000,229
19971220,0000,224
19971221,0000,225
19971222,0000,223
19971223,0000,187
19971224,0000,156
19971225,0000,154
19971226,0000,146
19971227,0000,139
19971228,0000,150
19971229,0000,155
19971230,0000,157
19971231,0000,156
19980101,0000,157
19980102,0000,145
19980103,0000,146
19980104,0000,158
19980105,0000,147
19980106,0000,148
19980107,0000,154
19980108,0000,164
19980109,0000,153
19980110,0000,154
19980111,0000,157
19980112,0000,159
19980113,0000,228
19980114,0000,289
19980115,0000,306
19980116,0000,483
19980117,0000,667
19980118,0000,724
19980119,0000,750
19980120,0000,752
19980121,0000,760
19980122,0000,766
19980123,0000,776
19980124,0000,772
19980125,0000,760
19980126,0000,746
19980127,0000,604
19980128,0000,513
19980129,0000,512
19980130,0000,516
19980131,0000,515
19980201,0000,513
19980202,0000,516
19980203,0000,457
19980204,0000,469
19980205,0000,848
19980206,0000,890
19980207,0000,763
19980208,0000,700
19980209,0000,762
19980210,0000,840
19980211,0000,840
19980212,0000,893
19980213,0000,900
19980214,0000,814
19980215,0000,559
19980216,0000,779
19980217,0000,894
19980218,0000,892
19980219,0000,855
19980220,0000,767
19980221,0000,787
19980222,0000,541
19980223,0000,300
19980224,0000,195
19980225,0000,462
19980226,0000,552
19980227,0000,613
19980228,0000,661
19980301,0000,676
19980302,0000,721
19980303,0000,746
19980304,0000,789
19980305,0000,863
19980306,0000,847
19980307,0000,857
19980308,0000,913
19980309,0000,914
19980310,0000,964
19980311,0000,1055
19980312,0000,1093
19980313,0000,1116
19980314,0000,1131
19980315,0000,1187
19980316,0000,1223
19980317,0000,1270
19980318,0000,1428
19980319,0000,1618
19980320,0000,1701
19980321,0000,1719
19980322,0000,1720
19980323,0000,1715
19980324,0000,1947
19980325,0000,1189
19980326,0000,588
19980327,0000,499
19980328,0000,240
19980329,0000,84
19980330,0000,246
19980331,0000,216
19980401,0000,31
19980402,0000,277
19980403,0000,526
19980404,0000,489
19980405,0000,717
19980406,0000,757
19980407,0000,756
19980408,0000,781
19980409,0000,855
19980410,0000,893
19980411,0000,904
19980412,0000,909
19980413,0000,932
19980414,0000,1217
19980415,0000,1417
19980416,0000,1436
19980417,0000,1629
19980418,0000,1785
19980419,0000,1799
19980420,0000,1789
19980421,0000,1802
19980422,0000,1917
19980423,0000,m
19980424,0000,2157
19980425,0000,2158
19980426,0000,2315
19980427,0000,2517
19980428,0000,2621
19980429,0000,2622
19980430,0000,2622
19980501,0000,2623
19980502,0000,2622
19980503,0000,2616
19980504,0000,2623
19980505,0000,2564
19980506,0000,2505
19980507,0000,2503
19980508,0000,2311
19980509,0000,2209
19980510,0000,2210
19980511,0000,2225
19980512,0000,2237
19980513,0000,2237
19980514,0000,2409
19980515,0000,2656
19980516,0000,2744
19980517,0000,2745
19980518,0000,2747
19980519,0000,2733
19980520,0000,2745
19980521,0000,2611
19980522,0000,2531
19980523,0000,2529
19980524,0000,2536
19980525,0000,2541
19980526,0000,2542
19980527,0000,2542
19980528,0000,2675
19980529,0000,2834
19980530,0000,2864
19980531,0000,2867
19980601,0000,2880
19980602,0000,2972
19980603,0000,3063
19980604,0000,3127
19980605,0000,3113
19980606,0000,3067
19980607,0000,2790
19980608,0000,2628
19980609,0000,2668
19980610,0000,2696
19980611,0000,2573
19980612,0000,2398
19980613,0000,2365
19980614,0000,2415
19980615,0000,2431
19980616,0000,2447
19980617,0000,2465
19980618,0000,2481
19980619,0000,2440
19980620,0000,2496
19980621,0000,2520
19980622,0000,2542
19980623,0000,2610
19980624,0000,2766
19980625,0000,2961
19980626,0000,3334
19980627,0000,3540
19980628,0000,3539
19980629,0000,4102
19980630,0000,4505
19980701,0000,4507
19980702,0000,4521
19980703,0000,4531
19980704,0000,4532
19980705,0000,4456
19980706,0000,3891
19980707,0000,3296
19980708,0000,3029
19980709,0000,3304
19980710,0000,3627
19980711,0000,3450
19980712,0000,3182
19980713,0000,3126
19980714,0000,2964
19980715,0000,2797
19980716,0000,2797
19980717,0000,2807
19980718,0000,2807
19980719,0000,2841
19980720,0000,2852
19980721,0000,2606
19980722,0000,2413
19980723,0000,2170
19980724,0000,1750
19980725,0000,1750
19980726,0000,1529
19980727,0000,1507
19980728,0000,1536
19980729,0000,1542
19980730,0000,1557
19980731,0000,1615
19980801,0000,1673
19980802,0000,1595
19980803,0000,1542
19980804,0000,1525
19980805,0000,1618
19980806,0000,1666
19980807,0000,1569
19980808,0000,1553
19980809,0000,1576
19980810,0000,1553
19980811,0000,m
19980812,0000,1458
19980813,0000,m
19980814,0000,1469
19980815,0000,m
19980816,0000,m
19980817,0000,1447
19980818,0000,1400
19980819,0000,1413
19980820,0000,1465
19980821,0000,1503
19980822,0000,m
19980823,0000,m
19980824,0000,1442
19980825,0000,1426
19980826,0000,1423
19980827,0000,1423
19980828,0000,1588
19980829,0000,1632
19980830,0000,1544
19980831,0000,1485
19980901,0000,1483
19980902,0000,1442
19980903,0000,1414
19980904,0000,1410
19980905,0000,1375
19980906,0000,1330
19980907,0000,1285
19980908,0000,1285
19980909,0000,1251
19980910,0000,1274
19980911,0000,1324
19980912,0000,m
19980913,0000,1300
19980914,0000,1204
19980915,0000,1191
19980916,0000,1139
19980917,0000,m
19980918,0000,1249
19980919,0000,1204
19980920,0000,1157
19980921,0000,1157
19980922,0000,1145
19980923,0000,1084
19980924,0000,1004
19980925,0000,1031
19980926,0000,1005
19980927,0000,986
19980928,0000,955
19980929,0000,877
19980930,0000,m
19981001,0000,638
19981002,0000,633
19981003,0000,638
19981004,0000,624
19981005,0000,641
19981006,0000,569
19981007,0000,513
19981008,0000,488
19981009,0000,443
19981010,0000,422
19981011,0000,m
19981012,0000,m
19981013,0000,402
19981014,0000,293
19981015,0000,161
19981016,0000,96
19981017,0000,80
19981018,0000,80
19981019,0000,79
19981020,0000,80
19981021,0000,81
19981022,0000,81
19981023,0000,81
19981024,0000,82
19981025,0000,m
19981026,0000,81
19981027,0000,80
19981028,0000,80
19981029,0000,119
19981030,0000,169
19981031,0000,181
19981101,0000,181
19981102,0000,181
19981103,0000,182
19981104,0000,182
19981105,0000,181
19981106,0000,554
19981107,0000,800
19981108,0000,798
19981109,0000,796
19981110,0000,794
19981111,0000,794
19981112,0000,793
19981113,0000,799
19981114,0000,807
19981115,0000,819
19981116,0000,784
19981117,0000,532
19981118,0000,287
19981119,0000,182
19981120,0000,153
19981121,0000,m
19981122,0000,153
19981123,0000,153
19981124,0000,154
19981125,0000,153
19981126,0000,111
19981127,0000,72
19981128,0000,73
19981129,0000,73
19981130,0000,73
19981201,0000,69
19981202,0000,70
19981203,0000,71
19981204,0000,73
19981205,0000,72
19981206,0000,m
19981207,0000,74
19981208,0000,75
19981209,0000,76
19981210,0000,352
19981211,0000,559
19981212,0000,547
19981213,0000,543
19981214,0000,543
19981215,0000,m
19981216,0000,565
19981217,0000,553
19981218,0000,315
19981219,0000,171
19981220,0000,m
19981221,0000,m
19981222,0000,m
19981223,0000,178
19981224,0000,178
19981225,0000,178
19981226,0000,178
19981227,0000,m
19981228,0000,177
19981229,0000,125
19981230,0000,71
19981231,0000,65
19990101,0000,m
19990102,0000,m
19990103,0000,m
19990104,0000,60
19990105,0000,61
19990106,0000,48
19990107,0000,36
19990108,0000,36
19990109,0000,m
19990110,0000,m
19990111,0000,24
19990112,0000,6
19990113,0000,7
19990114,0000,8
19990115,0000,21
19990116,0000,22
19990117,0000,23
19990118,0000,22
19990119,0000,22
19990120,0000,22
19990121,0000,81
19990122,0000,303
19990123,0000,488
19990124,0000,489
19990125,0000,489
19990126,0000,574
19990127,0000,650
19990128,0000,m
19990129,0000,705
19990130,0000,715
19990131,0000,715
19990201,0000,715
19990202,0000,509
19990203,0000,528
19990204,0000,539
19990205,0000,433
19990206,0000,352
19990207,0000,352
19990208,0000,353
19990209,0000,261
19990210,0000,254
19990211,0000,445
19990212,0000,469
19990213,0000,481
19990214,0000,485
19990215,0000,484
19990216,0000,486
19990217,0000,487
19990218,0000,490
19990219,0000,494
19990220,0000,493
19990221,0000,491
19990222,0000,490
19990223,0000,418
19990224,0000,372
19990225,0000,382
19990226,0000,390
19990227,0000,390
19990228,0000,390
19990301,0000,207
19990302,0000,54
19990303,0000,46
19990304,0000,40
19990305,0000,34
19990306,0000,34
19990307,0000,35
19990308,0000,33
19990309,0000,24
19990310,0000,17
19990311,0000,16
19990312,0000,17
19990313,0000,17
19990314,0000,17
19990315,0000,17
19990316,0000,18
19990317,0000,18
19990318,0000,17
19990319,0000,17
19990320,0000,17
19990321,0000,17
19990322,0000,17
19990323,0000,14
19990324,0000,13
19990325,0000,13
19990326,0000,14
19990327,0000,14
19990328,0000,14
19990329,0000,14
19990330,0000,14
19990331,0000,14
19990401,0000,14
19990402,0000,20
19990403,0000,32
19990404,0000,37
19990405,0000,37
19990406,0000,37
19990407,0000,38
19990408,0000,39
19990409,0000,m
19990410,0000,m
19990411,0000,m
19990412,0000,m
19990413,0000,m
19990414,0000,m
19990415,0000,m
19990416,0000,m
19990417,0000,m
19990418,0000,m
19990419,0000,m
19990420,0000,m
19990421,0000,m
19990422,0000,m
19990423,0000,m
19990424,0000,m
19990425,0000,m
19990426,0000,m
19990427,0000,m
19990428,0000,m
19990429,0000,m
19990430,0000,m
19990501,0000,m
19990502,0000,m
19990503,0000,m
19990504,0000,82
19990505,0000,77
19990506,0000,73
19990507,0000,72
19990508,0000,73
19990509,0000,73
19990510,0000,74
19990511,0000,74
19990512,0000,75
19990513,0000,69
19990514,0000,66
19990515,0000,73
19990516,0000,73
19990517,0000,74
19990518,0000,72
19990519,0000,70
19990520,0000,70
19990521,0000,69
19990522,0000,76
19990523,0000,71
19990524,0000,83
19990525,0000,79
19990526,0000,153
19990527,0000,268
19990528,0000,272
19990529,0000,274
19990530,0000,274
19990531,0000,356
19990601,0000,480
19990602,0000,742
19990603,0000,868
19990604,0000,866
19990605,0000,867
19990606,0000,866
19990607,0000,838
19990608,0000,826
19990609,0000,847
19990610,0000,871
19990611,0000,876
19990612,0000,859
19990613,0000,812
19990614,0000,793
19990615,0000,784
19990616,0000,763
19990617,0000,745
19990618,0000,683
19990619,0000,715
19990620,0000,847
19990621,0000,966
19990622,0000,1102
19990623,0000,1159
19990624,0000,1251
19990625,0000,1335
19990626,0000,1318
19990627,0000,1368
19990628,0000,1420
19990629,0000,1322
19990630,0000,1291
19990701,0000,1305
19990702,0000,1304
19990703,0000,1292
19990704,0000,1284
19990705,0000,1312
19990706,0000,1328
19990707,0000,1329
19990708,0000,1329
19990709,0000,1346
19990710,0000,1352
19990711,0000,1360
19990712,0000,1396
19990713,0000,1378
19990714,0000,1359
19990715,0000,1372
19990716,0000,1344
19990717,0000,1273
19990718,0000,1237
19990719,0000,1217
19990720,0000,1230
19990721,0000,1245
19990722,0000,1266
19990723,0000,1277
19990724,0000,1278
19990725,0000,1284
19990726,0000,1296
19990727,0000,1287
19990728,0000,m
19990729,0000,1285
19990730,0000,1263
19990731,0000,1135
19990801,0000,1034
19990802,0000,1058
19990803,0000,1124
19990804,0000,1151
19990805,0000,1139
19990806,0000,1122
19990807,0000,1118
19990808,0000,m
19990809,0000,1081
19990810,0000,1054
19990811,0000,991
19990812,0000,911
19990813,0000,696
19990814,0000,568
19990815,0000,568
19990816,0000,540
19990817,0000,514
19990818,0000,570
19990819,0000,446
19990820,0000,270
19990821,0000,235
19990822,0000,233
19990823,0000,248
19990824,0000,265
19990825,0000,262
19990826,0000,256
19990827,0000,250
19990828,0000,247
19990829,0000,242
19990830,0000,221
19990831,0000,146
19990901,0000,94
19990902,0000,90
19990903,0000,75
19990904,0000,65
19990905,0000,65
19990906,0000,65
19990907,0000,m
19990908,0000,97
19990909,0000,80
19990910,0000,58
19990911,0000,55
19990912,0000,56
19990913,0000,56
19990914,0000,53
19990915,0000,48
19990916,0000,45
19990917,0000,42
19990918,0000,48
19990919,0000,53
19990920,0000,50
19990921,0000,m
19990922,0000,44
19990923,0000,43
19990924,0000,42
19990925,0000,42
19990926,0000,43
19990927,0000,47
19990928,0000,47
19990929,0000,45
19990930,0000,m
19991001,0000,45
19991002,0000,45
19991003,0000,45
19991004,0000,45
19991005,0000,45
19991006,0000,45
19991007,0000,45
19991008,0000,44
19991009,0000,45
19991010,0000,46
19991011,0000,46
19991012,0000,44
19991013,0000,45
19991014,0000,44
19991015,0000,45
19991016,0000,44
19991017,0000,43
19991018,0000,44
19991019,0000,44
19991020,0000,43
19991021,0000,43
19991022,0000,43
19991023,0000,43
19991024,0000,43
19991025,0000,42
19991026,0000,37
19991027,0000,37
19991028,0000,37
19991029,0000,37
19991030,0000,37
19991031,0000,37
19991101,0000,34
19991102,0000,31
19991103,0000,30
19991104,0000,30
19991105,0000,31
19991106,0000,31
19991107,0000,31
19991108,0000,32
19991109,0000,28
19991110,0000,25
19991111,0000,25
19991112,0000,24
19991113,0000,21
19991114,0000,21
19991115,0000,21
19991116,0000,21
19991117,0000,17
19991118,0000,11
19991119,0000,10
19991120,0000,10
19991121,0000,11
19991122,0000,11
19991123,0000,11
19991124,0000,12
19991125,0000,12
19991126,0000,12
19991127,0000,12
19991128,0000,12
19991129,0000,13
19991130,0000,13
19991201,0000,13
19991202,0000,13
19991203,0000,14
19991204,0000,14
19991205,0000,13
19991206,0000,13
19991207,0000,13
19991208,0000,14
19991209,0000,23
19991210,0000,13
19991211,0000,11
19991212,0000,10
19991213,0000,11
19991214,0000,12
19991215,0000,12
19991216,0000,11
19991217,0000,12
19991218,0000,12
19991219,0000,12
19991220,0000,12
19991221,0000,12
19991222,0000,13
19991223,0000,12
19991224,0000,12
19991225,0000,13
19991226,0000,14
19991227,0000,14
19991228,0000,13
19991229,0000,13
19991230,0000,12
19991231,0000,13
20000101,0000,13
20000102,0000,13
20000103,0000,13
20000104,0000,13
20000105,0000,13
20000106,0000,13
20000107,0000,13
20000108,0000,13
20000109,0000,13
20000110,0000,12
20000111,0000,12
20000112,0000,12
20000113,0000,13
20000114,0000,12
20000115,0000,13
20000116,0000,13
20000117,0000,13
20000118,0000,14
20000119,0000,14
20000120,0000,14
20000121,0000,14
20000122,0000,14
20000123,0000,15
20000124,0000,15
20000125,0000,14
20000126,0000,13
20000127,0000,13
20000128,0000,13
20000129,0000,13
20000130,0000,13
20000131,0000,13
20000201,0000,13
20000202,0000,13
20000203,0000,13
20000204,0000,13
20000205,0000,14
20000206,0000,14
20000207,0000,14
20000208,0000,12
20000209,0000,12
20000210,0000,12
20000211,0000,12
20000212,0000,11
20000213,0000,13
20000214,0000,17
20000215,0000,198
20000216,0000,672
20000217,0000,811
20000218,0000,924
20000219,0000,929
20000220,0000,949
20000221,0000,955
20000222,0000,979
20000223,0000,1000
20000224,0000,997
20000225,0000,996
20000226,0000,1003
20000227,0000,1005
20000228,0000,1002
20000229,0000,1002
20000301,0000,999
20000302,0000,997
20000303,0000,997
20000304,0000,997
20000305,0000,925
20000306,0000,755
20000307,0000,747
20000308,0000,747
20000309,0000,746
20000310,0000,873
20000311,0000,948
20000312,0000,948
20000313,0000,948
20000314,0000,982
20000315,0000,998
20000316,0000,998
20000317,0000,999
20000318,0000,999
20000319,0000,1000
20000320,0000,1001
20000321,0000,100
20000322,0000,549
20000323,0000,214
20000324,0000,238
20000325,0000,275
20000326,0000,290
20000327,0000,293
20000328,0000,324
20000329,0000,381
20000330,0000,406
20000331,0000,425
20000401,0000,463
20000402,0000,500
20000403,0000,551
20000404,0000,579
20000405,0000,557
20000406,0000,555
20000407,0000,561
20000408,0000,543
20000409,0000,533
20000410,0000,533
20000411,0000,548
20000412,0000,546
20000413,0000,540
20000414,0000,335
20000415,0000,142
20000416,0000,114
20000417,0000,116
20000418,0000,115
20000419,0000,105
20000420,0000,96
20000421,0000,97
20000422,0000,97
20000423,0000,98
20000424,0000,10
20000425,0000,101
20000426,0000,115
20000427,0000,130
20000428,0000,136
20000429,0000,136
20000430,0000,134
20000501,0000,134
20000502,0000,152
20000503,0000,174
20000504,0000,182
20000505,0000,188
20000506,0000,190
20000507,0000,192
20000508,0000,369
20000509,0000,596
20000510,0000,726
20000511,0000,837
20000512,0000,865
20000513,0000,833
20000514,0000,816
20000515,0000,818
20000516,0000,774
20000517,0000,727
20000518,0000,m
20000519,0000,692
20000520,0000,758
20000521,0000,807
20000522,0000,m
20000523,0000,1429
20000524,0000,m
20000525,0000,m
20000526,0000,2001
20000527,0000,2005
20000528,0000,2148
20000529,0000,2075
20000530,0000,1937
20000531,0000,1826
20000601,0000,1658
20000602,0000,1636
20000603,0000,1549
20000604,0000,1473
20000605,0000,1493
20000606,0000,1200
20000607,0000,1127
20000608,0000,1135
20000609,0000,1221
20000610,0000,m
20000611,0000,m
20000612,0000,1219
20000613,0000,m
20000614,0000,m
20000615,0000,1578
20000616,0000,1289
20000617,0000,m
20000618,0000,m
20000619,0000,1182
20000620,0000,1140
20000621,0000,1326
20000622,0000,1452
20000623,0000,1472
20000624,0000,1460
20000625,0000,1488
20000626,0000,1510
20000627,0000,m
20000628,0000,m
20000629,0000,1746
20000630,0000,1684
20000701,0000,1644
20000702,0000,m
20000703,0000,1444
20000704,0000,1328
20000705,0000,1451
20000706,0000,1531
20000707,0000,1506
20000708,0000,m
20000709,0000,m
20000710,0000,m
20000711,0000,1447
20000712,0000,m
20000713,0000,1454
20000714,0000,1436
20000715,0000,1344
20000716,0000,1262
20000717,0000,1345
20000718,0000,m
20000719,0000,m
20000720,0000,1398
20000721,0000,m
20000722,0000,1201
20000723,0000,1114
20000724,0000,1203
20000725,0000,m
20000726,0000,1301
20000727,0000,m
20000728,0000,1283
20000729,0000,1177
20000730,0000,1114
20000731,0000,1287
20000801,0000,1320
20000802,0000,m
20000803,0000,1077
20000804,0000,m
20000805,0000,m
20000806,0000,985
20000807,0000,m
20000808,0000,930
20000809,0000,m
20000810,0000,953
20000811,0000,m
20000812,0000,m
20000813,0000,m
20000814,0000,m
20000815,0000,m
20000816,0000,381
20000817,0000,256
20000818,0000,221
20000819,0000,205
20000820,0000,m
20000821,0000,205
20000822,0000,m
20000823,0000,219
20000824,0000,217
20000825,0000,m
20000826,0000,m
20000827,0000,m
20000828,0000,m
20000829,0000,214
20000830,0000,206
20000831,0000,116
20000901,0000,48
20000902,0000,m
20000903,0000,34
20000904,0000,34
20000905,0000,34
20000906,0000,32
20000907,0000,32
20000908,0000,32
20000909,0000,m
20000910,0000,m
20000911,0000,m
20000912,0000,m
20000913,0000,33
20000914,0000,33
20000915,0000,m
20000916,0000,33
20000917,0000,33
20000918,0000,35
20000919,0000,m
20000920,0000,m
20000921,0000,m
20000922,0000,m
20000923,0000,38
20000924,0000,m
20000925,0000,44
20000926,0000,m
20000927,0000,m
20000928,0000,m
20000929,0000,58
20000930,0000,57
20001001,0000,m
20001002,0000,m
20001003,0000,49
20001004,0000,48
20001005,0000,40
20001006,0000,32
20001007,0000,m
20001008,0000,26
20001009,0000,27
20001010,0000,m
20001011,0000,m
20001012,0000,m
20001013,0000,28
20001014,0000,26
20001015,0000,26
20001016,0000,26
20001017,0000,26
20001018,0000,25
20001019,0000,24
20001020,0000,25
20001021,0000,26
20001022,0000,26
20001023,0000,26
20001024,0000,26
20001025,0000,26
20001026,0000,26
20001027,0000,26
20001028,0000,26
20001029,0000,27
20001030,0000,26
20001031,0000,22
20001101,0000,m
20001102,0000,22
20001103,0000,18
20001104,0000,17
20001105,0000,16
20001106,0000,15
20001107,0000,14
20001108,0000,14
20001109,0000,15
20001110,0000,15
20001111,0000,15
20001112,0000,14
20001113,0000,14
20001114,0000,14
20001115,0000,14
20001116,0000,309
20001117,0000,509
20001118,0000,498
20001119,0000,492
20001120,0000,497
20001121,0000,499
20001122,0000,228
20001123,0000,14
20001124,0000,13
20001125,0000,12
20001126,0000,13
20001127,0000,13
20001128,0000,13
20001129,0000,13
20001130,0000,13
20001201,0000,13
20001202,0000,13
20001203,0000,14
20001204,0000,14
20001205,0000,14
20001206,0000,15
20001207,0000,16
20001208,0000,15
20001209,0000,16
20001210,0000,17
20001211,0000,16
20001212,0000,216
20001213,0000,468
20001214,0000,541
20001215,0000,501
20001216,0000,501
20001217,0000,512
20001218,0000,519
20001219,0000,232
20001220,0000,14
20001221,0000,12
20001222,0000,12
20001223,0000,12
20001224,0000,12
20001225,0000,12
20001226,0000,13
20001227,0000,12
20001228,0000,128
20001229,0000,94
20001230,0000,88
20001231,0000,90
20010101,0000,91
20010102,0000,91
20010103,0000,96
20010104,0000,64
20010105,0000,18
20010106,0000,15
20010107,0000,13
20010108,0000,13
20010109,0000,12
20010110,0000,12
20010111,0000,11
20010112,0000,5
20010113,0000,4
20010114,0000,4
20010115,0000,4
20010116,0000,2
20010117,0000,2
20010118,0000,2
20010119,0000,2
20010120,0000,2
20010121,0000,2
20010122,0000,2
20010123,0000,4
20010124,0000,8
20010125,0000,5
20010126,0000,1
20010127,0000,1
20010128,0000,1
20010129,0000,1
20010130,0000,1
20010131,0000,1
20010201,0000,2
20010202,0000,2
20010203,0000,2
20010204,0000,2
20010205,0000,2
20010206,0000,2
20010207,0000,6
20010208,0000,3
20010209,0000,1
20010210,0000,2
20010211,0000,2
20010212,0000,1
20010213,0000,1
20010214,0000,2
20010215,0000,2
20010216,0000,2
20010217,0000,2
20010218,0000,2
20010219,0000,2
20010220,0000,2
20010221,0000,2
20010222,0000,2
20010223,0000,2
20010224,0000,3
20010225,0000,2
20010226,0000,2
20010227,0000,2
20010228,0000,3
20010301,0000,m
20010302,0000,526
20010303,0000,545
20010304,0000,550
20010305,0000,m
20010306,0000,549
20010307,0000,549
20010308,0000,549
20010309,0000,251
20010310,0000,4
20010311,0000,2
20010312,0000,2
20010313,0000,2
20010314,0000,2
20010315,0000,2
20010316,0000,2
20010317,0000,3
20010318,0000,4
20010319,0000,7
20010320,0000,8
20010321,0000,8
20010322,0000,11
20010323,0000,11
20010324,0000,9
20010325,0000,9
20010326,0000,19
20010327,0000,19
20010328,0000,22
20010329,0000,24
20010330,0000,22
20010331,0000,24
20010401,0000,24
20010402,0000,43
20010403,0000,70
20010404,0000,81
20010405,0000,84
20010406,0000,84
20010407,0000,85
20010408,0000,67
20010409,0000,51
20010410,0000,m
20010411,0000,51
20010412,0000,51
20010413,0000,47
20010414,0000,43
20010415,0000,43
20010416,0000,47
20010417,0000,51
20010418,0000,m
20010419,0000,m
20010420,0000,m
20010421,0000,m
20010422,0000,m
20010423,0000,m
20010424,0000,m
20010425,0000,35
20010426,0000,43
20010427,0000,58
20010428,0000,74
20010429,0000,74
20010430,0000,75
20010501,0000,86
20010502,0000,98
20010503,0000,99
20010504,0000,m
20010505,0000,m
20010506,0000,124
20010507,0000,461
20010508,0000,735
20010509,0000,754
20010510,0000,755
20010511,0000,734
20010512,0000,722
20010513,0000,722
20010514,0000,982
20010515,0000,1143
20010516,0000,1095
20010517,0000,1068
20010518,0000,1131
20010519,0000,1448
20010520,0000,1516
20010521,0000,m
20010522,0000,1792
20010523,0000,1674
20010524,0000,1648
20010525,0000,1670
20010526,0000,m
20010527,0000,1178
20010528,0000,1194
20010529,0000,1212
20010530,0000,1250
20010531,0000,1248
20010601,0000,1254
20010602,0000,1312
20010603,0000,1338
20010604,0000,1312
20010605,0000,1232
20010606,0000,m
20010607,0000,1130
20010608,0000,1136
20010609,0000,1110
20010610,0000,1124
20010611,0000,1144
20010612,0000,1144
20010613,0000,1178
20010614,0000,m
20010615,0000,1303
20010616,0000,1035
20010617,0000,865
20010618,0000,m
20010619,0000,1014
20010620,0000,1068
20010621,0000,1094
20010622,0000,1073
20010623,0000,1060
20010624,0000,1060
20010625,0000,m
20010626,0000,1034
20010627,0000,1027
20010628,0000,m
20010629,0000,1018
20010630,0000,m
20010701,0000,m
20010702,0000,1378
20010703,0000,1518
20010704,0000,1645
20010705,0000,m
20010706,0000,1746
20010707,0000,1724
20010708,0000,1682
20010709,0000,1657
20010710,0000,1595
20010711,0000,1564
20010712,0000,1562
20010713,0000,m
20010714,0000,1499
20010715,0000,1491
20010716,0000,1513
20010717,0000,m
20010718,0000,1576
20010719,0000,1593
20010720,0000,m
20010721,0000,1584
20010722,0000,1448
20010723,0000,1367
20010724,0000,1341
20010725,0000,1313
20010726,0000,1264
20010727,0000,1238
20010728,0000,1117
20010729,0000,1042
20010730,0000,998
20010731,0000,570
20010801,0000,266
20010802,0000,m
20010803,0000,224
20010804,0000,229
20010805,0000,233
20010806,0000,m
20010807,0000,227
20010808,0000,237
20010809,0000,251
20010810,0000,255
20010811,0000,253
20010812,0000,251
20010813,0000,249
20010814,0000,248
20010815,0000,m
20010816,0000,244
20010817,0000,242
20010818,0000,240
20010819,0000,238
20010820,0000,234
20010821,0000,m
20010822,0000,220
20010823,0000,204
20010824,0000,115
20010825,0000,m
20010826,0000,m
20010827,0000,m
20010828,0000,35
20010829,0000,35
20010830,0000,34
20010831,0000,33
20010901,0000,34
20010902,0000,34
20010903,0000,m
20010904,0000,m
20010905,0000,38
20010906,0000,36
20010907,0000,36
20010908,0000,36
20010909,0000,33
20010910,0000,34
20010911,0000,33
20010912,0000,45
20010913,0000,70
20010914,0000,78
20010915,0000,82
20010916,0000,85
20010917,0000,85
20010918,0000,83
20010919,0000,80
20010920,0000,64
20010921,0000,45
20010922,0000,40
20010923,0000,34
20010924,0000,34
20010925,0000,m
20010926,0000,41
20010927,0000,41
20010928,0000,41
20010929,0000,m
20010930,0000,38
20011001,0000,33
20011002,0000,32
20011003,0000,32
20011004,0000,m
20011005,0000,32
20011006,0000,32
20011007,0000,32
20011008,0000,31
20011009,0000,31
20011010,0000,31
20011011,0000,m
20011012,0000,40
20011013,0000,50
20011014,0000,50
20011015,0000,52
20011016,0000,51
20011017,0000,45
20011018,0000,38
20011019,0000,28
20011020,0000,26
20011021,0000,26
20011022,0000,26
20011023,0000,25
20011024,0000,25
20011025,0000,24
20011026,0000,24
20011027,0000,24
20011028,0000,24
20011029,0000,23
20011030,0000,22
20011031,0000,m
20011101,0000,m
20011102,0000,21
20011103,0000,16
20011104,0000,18
20011105,0000,19
20011106,0000,18
20011107,0000,18
20011108,0000,18
20011109,0000,19
20011110,0000,18
20011111,0000,18
20011112,0000,19
20011113,0000,m
20011114,0000,12
20011115,0000,7
20011116,0000,7
20011117,0000,7
20011118,0000,7
20011119,0000,7
20011120,0000,m
20011121,0000,7
20011122,0000,8
20011123,0000,6
20011124,0000,5
20011125,0000,5
20011126,0000,21
20011127,0000,41
20011128,0000,41
20011129,0000,32
20011130,0000,m
20011201,0000,m
20011202,0000,18
20011203,0000,m
20011204,0000,m
20011205,0000,319
20011206,0000,485
20011207,0000,588
20011208,0000,602
20011209,0000,614
20011210,0000,626
20011211,0000,m
20011212,0000,m
20011213,0000,m
20011214,0000,576
20011215,0000,546
20011216,0000,534
20011217,0000,m
20011218,0000,m
20011219,0000,m
20011220,0000,m
20011221,0000,m
20011222,0000,10
20011223,0000,10
20011224,0000,11
20011225,0000,11
20011226,0000,11
20011227,0000,11
20011228,0000,12
20011229,0000,13
20011230,0000,14
20011231,0000,m
20020101,0000,m
20020102,0000,m
20020103,0000,1201
20020104,0000,m
20020105,0000,1194
20020106,0000,m
20020107,0000,1197
20020108,0000,m
20020109,0000,1191
20020110,0000,1186
20020111,0000,436
20020112,0000,17
20020113,0000,16
20020114,0000,m
20020115,0000,m
20020116,0000,11
20020117,0000,11
20020118,0000,11
20020119,0000,12
20020120,0000,12
20020121,0000,12
20020122,0000,m
20020123,0000,11
20020124,0000,11
20020125,0000,m
20020126,0000,11
20020127,0000,11
20020128,0000,11
20020129,0000,m
20020130,0000,m
20020131,0000,10
20020201,0000,9
20020202,0000,10
20020203,0000,10
20020204,0000,m
20020205,0000,m
20020206,0000,10
20020207,0000,10
20020208,0000,42
20020209,0000,m
20020210,0000,116
20020211,0000,501
20020212,0000,841
20020213,0000,872
20020214,0000,885
20020215,0000,901
20020216,0000,853
20020217,0000,m
20020218,0000,656
20020219,0000,m
20020220,0000,598
20020221,0000,413
20020222,0000,305
20020223,0000,425
20020224,0000,470
20020225,0000,291
20020226,0000,m
20020227,0000,161
20020228,0000,171
20020301,0000,137
20020302,0000,113
20020303,0000,114
20020304,0000,115
20020305,0000,m
20020306,0000,117
20020307,0000,71
20020308,0000,26
20020309,0000,19
20020310,0000,13
20020311,0000,9
20020312,0000,m
20020313,0000,m
20020314,0000,30
20020315,0000,21
20020316,0000,21
20020317,0000,22
20020318,0000,22
20020319,0000,m
20020320,0000,22
20020321,0000,22
20020322,0000,19
20020323,0000,14
20020324,0000,12
20020325,0000,11
20020326,0000,m
20020327,0000,13
20020328,0000,14
20020329,0000,14
20020330,0000,14
20020331,0000,14
20020401,0000,15
20020402,0000,m
20020403,0000,58
20020404,0000,m
20020405,0000,85
20020406,0000,m
20020407,0000,86
20020408,0000,m
20020409,0000,m
20020410,0000,87
20020411,0000,87
20020412,0000,88
20020413,0000,92
20020414,0000,92
20020415,0000,91
20020416,0000,m
20020417,0000,97
20020418,0000,94
20020419,0000,91
20020420,0000,91
20020421,0000,91
20020422,0000,91
20020423,0000,m
20020424,0000,m
20020425,0000,119
20020426,0000,120
20020427,0000,121
20020428,0000,243
20020429,0000,m
20020430,0000,m
20020501,0000,m
20020502,0000,278
20020503,0000,271
20020504,0000,271
20020505,0000,271
20020506,0000,273
20020507,0000,m
20020508,0000,283
20020509,0000,284
20020510,0000,284
20020511,0000,285
20020512,0000,287
20020513,0000,688
20020514,0000,m
20020515,0000,m
20020516,0000,m
20020517,0000,912
20020518,0000,m
20020519,0000,m
20020520,0000,944
20020521,0000,m
20020522,0000,719
20020523,0000,612
20020524,0000,m
20020525,0000,585
20020526,0000,585
20020527,0000,585
20020528,0000,m
20020529,0000,681
20020530,0000,853
20020531,0000,994
20020601,0000,1119
20020602,0000,1247
20020603,0000,m
20020604,0000,m
20020605,0000,m
20020606,0000,1484
20020607,0000,1499
20020608,0000,1422
20020609,0000,1404
20020610,0000,1532
20020611,0000,m
20020612,0000,1631
20020613,0000,1570
20020614,0000,1515
20020615,0000,1438
20020616,0000,1382
20020617,0000,1372
20020618,0000,m
20020619,0000,1434
20020620,0000,1460
20020621,0000,m
20020622,0000,1263
20020623,0000,1165
20020624,0000,1171
20020625,0000,m
20020626,0000,1269
20020627,0000,m
20020628,0000,m
20020629,0000,m
20020630,0000,1260
20020701,0000,1257
20020702,0000,m
20020703,0000,m
20020704,0000,m
20020705,0000,1351
20020706,0000,1258
20020707,0000,1200
20020708,0000,m
20020709,0000,m
20020710,0000,1479
20020711,0000,1513
20020712,0000,m
20020713,0000,m
20020714,0000,m
20020715,0000,1466
20020716,0000,m
20020717,0000,1416
20020718,0000,1392
20020719,0000,1380
20020720,0000,1238
20020721,0000,1150
20020722,0000,1150
20020723,0000,m
20020724,0000,1309
20020725,0000,1360
20020726,0000,1384
20020727,0000,1390
20020728,0000,1191
20020729,0000,1093
20020730,0000,m
20020731,0000,1103
20020801,0000,1147
20020802,0000,1109
20020803,0000,1019
20020804,0000,975
20020805,0000,961
20020806,0000,m
20020807,0000,819
20020808,0000,698
20020809,0000,674
20020810,0000,m
20020811,0000,m
20020812,0000,408
20020813,0000,m
20020814,0000,m
20020815,0000,176
20020816,0000,110
20020817,0000,103
20020818,0000,103
20020819,0000,94
20020820,0000,m
20020821,0000,89
20020822,0000,76
20020823,0000,65
20020824,0000,56
20020825,0000,45
20020826,0000,m
20020827,0000,m
20020828,0000,34
20020829,0000,34
20020830,0000,m
20020831,0000,32
20020901,0000,32
20020902,0000,32
20020903,0000,m
20020904,0000,54
20020905,0000,82
20020906,0000,m
20020907,0000,81
20020908,0000,m
20020909,0000,m
20020910,0000,m
20020911,0000,37
20020912,0000,34
20020913,0000,32
20020914,0000,34
20020915,0000,35
20020916,0000,35
20020917,0000,m
20020918,0000,m
20020919,0000,34
20020920,0000,34
20020921,0000,34
20020922,0000,35
20020923,0000,34
20020924,0000,m
20020925,0000,35
20020926,0000,m
20020927,0000,36
20020928,0000,35
20020929,0000,34
20020930,0000,m
20021001,0000,m
20021002,0000,33
20021003,0000,33
20021004,0000,32
20021005,0000,32
20021006,0000,32
20021007,0000,41
20021008,0000,m
20021009,0000,55
20021010,0000,49
20021011,0000,40
20021012,0000,35
20021013,0000,34
20021014,0000,32
20021015,0000,m
20021016,0000,m
20021017,0000,32
20021018,0000,30
20021019,0000,30
20021020,0000,30
20021021,0000,29
20021022,0000,m
20021023,0000,29
20021024,0000,m
20021025,0000,31
20021026,0000,28
20021027,0000,27
20021028,0000,21
20021029,0000,m
20021030,0000,21
20021031,0000,21
20021101,0000,m
20021102,0000,20
20021103,0000,21
20021104,0000,21
20021105,0000,m
20021106,0000,21
20021107,0000,m
20021108,0000,22
20021109,0000,39
20021110,0000,1126
20021111,0000,1875
20021112,0000,m
20021113,0000,1956
20021114,0000,2032
20021115,0000,2062
20021116,0000,2047
20021117,0000,1987
20021118,0000,1937
20021119,0000,m
20021120,0000,1757
20021121,0000,1707
20021122,0000,650
20021123,0000,21
20021124,0000,20
20021125,0000,20
20021126,0000,m
20021127,0000,17
20021128,0000,m
20021129,0000,18
20021130,0000,18
20021201,0000,18
20021202,0000,16
20021203,0000,m
20021204,0000,m
20021205,0000,13
20021206,0000,14
20021207,0000,14
20021208,0000,14
20021209,0000,m
20021210,0000,m
20021211,0000,m
20021212,0000,556
20021213,0000,565
20021214,0000,551
20021215,0000,560
20021216,0000,557
20021217,0000,m
20021218,0000,866
20021219,0000,735
20021220,0000,501
20021221,0000,409
20021222,0000,171
20021223,0000,6
20021224,0000,m
20021225,0000,m
20021226,0000,m
20021227,0000,7
20021228,0000,m
20021229,0000,8
20021230,0000,m
20021231,0000,8
20030101,0000,m
20030102,0000,8
20030103,0000,9
20030104,0000,9
20030105,0000,9
20030106,0000,14
20030107,0000,21
20030108,0000,156
20030109,0000,661
20030110,0000,900
20030111,0000,903
20030112,0000,897
20030113,0000,898
20030114,0000,m
20030115,0000,897
20030116,0000,883
20030117,0000,688
20030118,0000,260
20030119,0000,8
20030120,0000,13
20030121,0000,13
20030122,0000,12
20030123,0000,m
20030124,0000,13
20030125,0000,13
20030126,0000,13
20030127,0000,13
20030128,0000,14
20030129,0000,m
20030130,0000,14
20030131,0000,14
20030201,0000,14
20030202,0000,14
20030203,0000,14
20030204,0000,14
20030205,0000,14
20030206,0000,14
20030207,0000,9
20030208,0000,2
20030209,0000,2
20030210,0000,294
20030211,0000,858
20030212,0000,984
20030213,0000,897
20030214,0000,935
20030215,0000,957
20030216,0000,957
20030217,0000,985
20030218,0000,989
20030219,0000,981
20030220,0000,957
20030221,0000,684
20030222,0000,384
20030223,0000,282
20030224,0000,252
20030225,0000,192
20030226,0000,147
20030227,0000,140
20030228,0000,71
20030301,0000,10
20030302,0000,10
20030303,0000,10
20030304,0000,10
20030305,0000,10
20030306,0000,11
20030307,0000,12
20030308,0000,13
20030309,0000,14
20030310,0000,15
20030311,0000,16
20030312,0000,15
20030313,0000,13
20030314,0000,13
20030315,0000,14
20030316,0000,14
20030317,0000,14
20030318,0000,14
20030319,0000,14
20030320,0000,13
20030321,0000,13
20030322,0000,13
20030323,0000,13
20030324,0000,13
20030325,0000,23
20030326,0000,24
20030327,0000,23
20030328,0000,28
20030329,0000,28
20030330,0000,26
20030331,0000,28
20030401,0000,28
20030402,0000,28
20030403,0000,30
20030404,0000,30
20030405,0000,32
20030406,0000,33
20030407,0000,33
20030408,0000,33
20030409,0000,33
20030410,0000,33
20030411,0000,44
20030412,0000,54
20030413,0000,55
20030414,0000,54
20030415,0000,43
20030416,0000,32
20030417,0000,32
20030418,0000,31
20030419,0000,27
20030420,0000,27
20030421,0000,32
20030422,0000,38
20030423,0000,38
20030424,0000,38
20030425,0000,38
20030426,0000,38
20030427,0000,39
20030428,0000,38
20030429,0000,38
20030430,0000,38
20030501,0000,314
20030502,0000,575
20030503,0000,586
20030504,0000,700
20030505,0000,643
20030506,0000,781
20030507,0000,877
20030508,0000,877
20030509,0000,847
20030510,0000,827
20030511,0000,827
20030512,0000,829
20030513,0000,775
20030514,0000,765
20030515,0000,812
20030516,0000,869
20030517,0000,931
20030518,0000,957
20030519,0000,1562
20030520,0000,2099
20030521,0000,2248
20030522,0000,2419
20030523,0000,2618
20030524,0000,2707
20030525,0000,2708
20030526,0000,2706
20030527,0000,2827
20030528,0000,3387
20030529,0000,3680
20030530,0000,3466
20030531,0000,3046
20030601,0000,2782
20030602,0000,2714
20030603,0000,2715
20030604,0000,2716
20030605,0000,2590
20030606,0000,2266
20030607,0000,2010
20030608,0000,1954
20030609,0000,1929
20030610,0000,1917
20030611,0000,1891
20030612,0000,1875
20030613,0000,1837
20030614,0000,1824
20030615,0000,1809
20030616,0000,1771
20030617,0000,1685
20030618,0000,1673
20030619,0000,1694
20030620,0000,1730
20030621,0000,1744
20030622,0000,1709
20030623,0000,1700
20030624,0000,1710
20030625,0000,1710
20030626,0000,1682
20030627,0000,1616
20030628,0000,1563
20030629,0000,1506
20030630,0000,1539
20030701,0000,1555
20030702,0000,1565
20030703,0000,1580
20030704,0000,1624
20030705,0000,1659
20030706,0000,1658
20030707,0000,1766
20030708,0000,1892
20030709,0000,1887
20030710,0000,1862
20030711,0000,1856
20030712,0000,1856
20030713,0000,1861
20030714,0000,1844
20030715,0000,1737
20030716,0000,1560
20030717,0000,1463
20030718,0000,1451
20030719,0000,1280
20030720,0000,1138
20030721,0000,1163
20030722,0000,1189
20030723,0000,1159
20030724,0000,1119
20030725,0000,1103
20030726,0000,1072
20030727,0000,1052
20030728,0000,1055
20030729,0000,100
20030730,0000,994
20030731,0000,m
20030801,0000,699
20030802,0000,596
20030803,0000,599
20030804,0000,622
20030805,0000,625
20030806,0000,565
20030807,0000,335
20030808,0000,132
20030809,0000,96
20030810,0000,87
20030811,0000,82
20030812,0000,79
20030813,0000,83
20030814,0000,118
20030815,0000,124
20030816,0000,120
20030817,0000,122
20030818,0000,123
20030819,0000,m
20030820,0000,100
20030821,0000,85
20030822,0000,82
20030823,0000,85
20030824,0000,86
20030825,0000,85
20030826,0000,84
20030827,0000,84
20030828,0000,77
20030829,0000,59
20030830,0000,45
20030831,0000,43
20030901,0000,43
20030902,0000,41
20030903,0000,36
20030904,0000,m
20030905,0000,36
20030906,0000,36
20030907,0000,35
20030908,0000,36
20030909,0000,36
20030910,0000,36
20030911,0000,34
20030912,0000,37
20030913,0000,37
20030914,0000,37
20030915,0000,90
20030916,0000,172
20030917,0000,180
20030918,0000,179
20030919,0000,179
20030920,0000,176
20030921,0000,173
20030922,0000,171
20030923,0000,176
20030924,0000,180
20030925,0000,182
20030926,0000,188
20030927,0000,186
20030928,0000,183
20030929,0000,125
20030930,0000,64
20031001,0000,42
20031002,0000,35
20031003,0000,34
20031004,0000,34
20031005,0000,34
20031006,0000,34
20031007,0000,34
20031008,0000,33
20031009,0000,34
20031010,0000,34
20031011,0000,34
20031012,0000,34
20031013,0000,43
20031014,0000,59
20031015,0000,65
20031016,0000,65
20031017,0000,57
20031018,0000,46
20031019,0000,41
20031020,0000,34
20031021,0000,35
20031022,0000,37
20031023,0000,50
20031024,0000,52
20031025,0000,50
20031026,0000,50
20031027,0000,46
20031028,0000,40
20031029,0000,32
20031030,0000,36
20031031,0000,36
20031101,0000,37
20031102,0000,35
20031103,0000,31
20031104,0000,26
20031105,0000,24
20031106,0000,19
20031107,0000,13
20031108,0000,13
20031109,0000,13
20031110,0000,13
20031111,0000,14
20031112,0000,14
20031113,0000,14
20031114,0000,12
20031115,0000,14
20031116,0000,14
20031117,0000,12
20031118,0000,9
20031119,0000,9
20031120,0000,9
20031121,0000,9
20031122,0000,10
20031123,0000,10
20031124,0000,10
20031125,0000,10
20031126,0000,10
20031127,0000,10
20031128,0000,10
20031129,0000,10
20031130,0000,11
20031201,0000,11
20031202,0000,12
20031203,0000,13
20031204,0000,15
20031205,0000,13
20031206,0000,14
20031207,0000,13
20031208,0000,13
20031209,0000,13
20031210,0000,13
20031211,0000,13
20031212,0000,11
20031213,0000,10
20031214,0000,10
20031215,0000,285
20031216,0000,492
20031217,0000,490
20031218,0000,475
20031219,0000,439
20031220,0000,413
20031221,0000,m
20031222,0000,216
20031223,0000,8
20031224,0000,8
20031225,0000,m
20031226,0000,11
20031227,0000,m
20031228,0000,m
20031229,0000,11
20031230,0000,10
20031231,0000,m
20040101,0000,32
20040102,0000,59
20040103,0000,92
20040104,0000,92
20040105,0000,92
20040106,0000,553
20040107,0000,941
20040108,0000,950
20040109,0000,948
20040110,0000,951
20040111,0000,939
20040112,0000,m
20040113,0000,378
20040114,0000,8
20040115,0000,9
20040116,0000,9
20040117,0000,8
20040118,0000,11
20040119,0000,11
20040120,0000,m
20040121,0000,14
20040122,0000,14
20040123,0000,12
20040124,0000,8
20040125,0000,8
20040126,0000,8
20040127,0000,9
20040128,0000,8
20040129,0000,6
20040130,0000,7
20040131,0000,7
20040201,0000,7
20040202,0000,7
20040203,0000,7
20040204,0000,7
20040205,0000,6
20040206,0000,6
20040207,0000,6
20040208,0000,6
20040209,0000,7
20040210,0000,5
20040211,0000,5
20040212,0000,5
20040213,0000,5
20040214,0000,5
20040215,0000,4
20040216,0000,4
20040217,0000,7
20040218,0000,6
20040219,0000,7
20040220,0000,6
20040221,0000,6
20040222,0000,6
20040223,0000,7
20040224,0000,6
20040225,0000,7
20040226,0000,8
20040227,0000,7
20040228,0000,7
20040229,0000,7
20040301,0000,7
20040302,0000,7
20040303,0000,7
20040304,0000,7
20040305,0000,7
20040306,0000,6
20040307,0000,7
20040308,0000,6
20040309,0000,7
20040310,0000,6
20040311,0000,6
20040312,0000,7
20040313,0000,6
20040314,0000,6
20040315,0000,10
20040316,0000,21
20040317,0000,20
20040318,0000,22
20040319,0000,21
20040320,0000,21
20040321,0000,23
20040322,0000,22
20040323,0000,278
20040324,0000,274
20040325,0000,230
20040326,0000,225
20040327,0000,237
20040328,0000,251
20040329,0000,674
20040330,0000,1013
20040331,0000,1012
20040401,0000,1013
20040402,0000,1014
20040403,0000,1012
20040404,0000,1013
20040405,0000,1014
20040406,0000,562
20040407,0000,261
20040408,0000,164
20040409,0000,80
20040410,0000,66
20040411,0000,60
20040412,0000,61
20040413,0000,62
20040414,0000,64
20040415,0000,65
20040416,0000,65
20040417,0000,65
20040418,0000,65
20040419,0000,60
20040420,0000,55
20040421,0000,55
20040422,0000,60
20040423,0000,66
20040424,0000,59
20040425,0000,55
20040426,0000,51
20040427,0000,47
20040428,0000,48
20040429,0000,48
20040430,0000,69
20040501,0000,m
20040502,0000,93
20040503,0000,101
20040504,0000,121
20040505,0000,133
20040506,0000,133
20040507,0000,125
20040508,0000,122
20040509,0000,123
20040510,0000,123
20040511,0000,122
20040512,0000,122
20040513,0000,122
20040514,0000,122
20040515,0000,122
20040516,0000,122
20040517,0000,205
20040518,0000,261
20040519,0000,266
20040520,0000,248
20040521,0000,265
20040522,0000,286
20040523,0000,283
20040524,0000,251
20040525,0000,225
20040526,0000,215
20040527,0000,213
20040528,0000,219
20040529,0000,218
20040530,0000,219
20040531,0000,220
20040601,0000,309
20040602,0000,420
20040603,0000,474
20040604,0000,616
20040605,0000,730
20040606,0000,752
20040607,0000,1305
20040608,0000,1638
20040609,0000,1692
20040610,0000,1733
20040611,0000,1521
20040612,0000,1359
20040613,0000,1360
20040614,0000,1352
20040615,0000,1343
20040616,0000,m
20040617,0000,1483
20040618,0000,1551
20040619,0000,1505
20040620,0000,1446
20040621,0000,1344
20040622,0000,1278
20040623,0000,1358
20040624,0000,1404
20040625,0000,1404
20040626,0000,1349
20040627,0000,1284
20040628,0000,1274
20040629,0000,1310
20040630,0000,1350
20040701,0000,1361
20040702,0000,1165
20040703,0000,1048
20040704,0000,1047
20040705,0000,1088
20040706,0000,1190
20040707,0000,1270
20040708,0000,1290
20040709,0000,1297
20040710,0000,1301
20040711,0000,1301
20040712,0000,1295
20040713,0000,1262
20040714,0000,1332
20040715,0000,1409
20040716,0000,1366
20040717,0000,1192
20040718,0000,1106
20040719,0000,1071
20040720,0000,1093
20040721,0000,1185
20040722,0000,1202
20040723,0000,1204
20040724,0000,1183
20040725,0000,1182
20040726,0000,1150
20040727,0000,1089
20040728,0000,1046
20040729,0000,1009
20040730,0000,971
20040731,0000,891
20040801,0000,829
20040802,0000,849
20040803,0000,859
20040804,0000,811
20040805,0000,749
20040806,0000,774
20040807,0000,792
20040808,0000,749
20040809,0000,650
20040810,0000,407
20040811,0000,253
20040812,0000,245
20040813,0000,250
20040814,0000,249
20040815,0000,247
20040816,0000,249
20040817,0000,248
20040818,0000,247
20040819,0000,247
20040820,0000,173
20040821,0000,98
20040822,0000,96
20040823,0000,95
20040824,0000,91
20040825,0000,85
20040826,0000,80
20040827,0000,78
20040828,0000,69
20040829,0000,61
20040830,0000,58
20040831,0000,57
20040901,0000,60
20040902,0000,60
20040903,0000,60
20040904,0000,60
20040905,0000,52
20040906,0000,43
20040907,0000,43
20040908,0000,43
20040909,0000,41
20040910,0000,38
20040911,0000,38
20040912,0000,47
20040913,0000,52
20040914,0000,39
20040915,0000,38
20040916,0000,36
20040917,0000,34
20040918,0000,33
20040919,0000,34
20040920,0000,33
20040921,0000,34
20040922,0000,34
20040923,0000,33
20040924,0000,32
20040925,0000,32
20040926,0000,32
20040927,0000,33
20040928,0000,32
20040929,0000,32
20040930,0000,31
20041001,0000,31
20041002,0000,31
20041003,0000,31
20041004,0000,31
20041005,0000,30
20041006,0000,31
20041007,0000,32
20041008,0000,31
20041009,0000,30
20041010,0000,28
20041011,0000,28
20041012,0000,28
20041013,0000,26
20041014,0000,22
20041015,0000,22
20041016,0000,23
20041017,0000,24
20041018,0000,23
20041019,0000,21
20041020,0000,21
20041021,0000,21
20041022,0000,22
20041023,0000,21
20041024,0000,21
20041025,0000,21
20041026,0000,22
20041027,0000,20
20041028,0000,19
20041029,0000,18
20041030,0000,16
20041031,0000,16
20041101,0000,16
20041102,0000,16
20041103,0000,16
20041104,0000,16
20041105,0000,16
20041106,0000,17
20041107,0000,12
20041108,0000,7
20041109,0000,8
20041110,0000,7
20041111,0000,8
20041112,0000,9
20041113,0000,9
20041114,0000,10
20041115,0000,9
20041116,0000,303
20041117,0000,524
20041118,0000,524
20041119,0000,524
20041120,0000,524
20041121,0000,524
20041122,0000,523
20041123,0000,217
20041124,0000,7
20041125,0000,6
20041126,0000,6
20041127,0000,8
20041128,0000,7
20041129,0000,7
20041130,0000,6
20041201,0000,7
20041202,0000,7
20041203,0000,7
20041204,0000,6
20041205,0000,6
20041206,0000,12
20041207,0000,16
20041208,0000,18
20041209,0000,23
20041210,0000,23
20041211,0000,23
20041212,0000,23
20041213,0000,24
20041214,0000,35
20041215,0000,353
20041216,0000,563
20041217,0000,562
20041218,0000,562
20041219,0000,562
20041220,0000,562
20041221,0000,241
20041222,0000,8
20041223,0000,6
20041224,0000,5
20041225,0000,5
20041226,0000,5
20041227,0000,5
20041228,0000,5
20041229,0000,5
20041230,0000,5
20041231,0000,6
20050101,0000,6
20050102,0000,6
20050103,0000,6
20050104,0000,15
20050105,0000,591
20050106,0000,1052
20050107,0000,1052
20050108,0000,1053
20050109,0000,688
20050110,0000,1002
20050111,0000,1137
20050112,0000,1543
20050113,0000,1751
20050114,0000,1487
20050115,0000,1310
20050116,0000,1307
20050117,0000,1296
20050118,0000,1275
20050119,0000,973
20050120,0000,810
20050121,0000,809
20050122,0000,806
20050123,0000,805
20050124,0000,802
20050125,0000,803
20050126,0000,804
20050127,0000,806
20050128,0000,805
20050129,0000,800
20050130,0000,801
20050131,0000,797
20050201,0000,608
20050202,0000,232
20050203,0000,19
20050204,0000,18
20050205,0000,19
20050206,0000,19
20050207,0000,14
20050208,0000,4
20050209,0000,4
20050210,0000,4
20050211,0000,5
20050212,0000,5
20050213,0000,5
20050214,0000,142
20050215,0000,320
20050216,0000,379
20050217,0000,392
20050218,0000,385
20050219,0000,386
20050220,0000,388
20050221,0000,355
20050222,0000,338
20050223,0000,338
20050224,0000,324
20050225,0000,330
20050226,0000,344
20050227,0000,344
20050228,0000,346
20050301,0000,346
20050302,0000,346
20050303,0000,346
20050304,0000,324
20050305,0000,302
20050306,0000,302
20050307,0000,289
20050308,0000,280
20050309,0000,282
20050310,0000,136
20050311,0000,28
20050312,0000,30
20050313,0000,50
20050314,0000,66
20050315,0000,66
20050316,0000,67
20050317,0000,67
20050318,0000,68
20050319,0000,69
20050320,0000,69
20050321,0000,124
20050322,0000,162
20050323,0000,81
20050324,0000,201
20050325,0000,406
20050326,0000,523
20050327,0000,546
20050328,0000,1155
20050329,0000,1578
20050330,0000,1614
20050331,0000,1612
20050401,0000,1610
20050402,0000,1607
20050403,0000,1605
20050404,0000,1400
20050405,0000,1167
20050406,0000,981
20050407,0000,907
20050408,0000,907
20050409,0000,907
20050410,0000,907
20050411,0000,906
20050412,0000,907
20050413,0000,907
20050414,0000,724
20050415,0000,605
20050416,0000,604
20050417,0000,604
20050418,0000,604
20050419,0000,604
20050420,0000,601
20050421,0000,606
20050422,0000,607
20050423,0000,606
20050424,0000,569
20050425,0000,386
20050426,0000,198
20050427,0000,159
20050428,0000,143
20050429,0000,135
20050430,0000,135
20050501,0000,115
20050502,0000,96
20050503,0000,97
20050504,0000,103
20050505,0000,111
20050506,0000,116
20050507,0000,119
20050508,0000,119
20050509,0000,186
20050510,0000,223
20050511,0000,224
20050512,0000,385
20050513,0000,500
20050514,0000,541
20050515,0000,581
20050516,0000,1182
20050517,0000,1679
20050518,0000,1882
20050519,0000,2065
20050520,0000,2368
20050521,0000,2545
20050522,0000,2550
20050523,0000,2679
20050524,0000,2781
20050525,0000,2929
20050526,0000,3029
20050527,0000,3157
20050528,0000,3252
20050529,0000,3176
20050530,0000,2994
20050531,0000,2788
20050601,0000,2638
20050602,0000,2529
20050603,0000,2310
20050604,0000,2171
20050605,0000,2151
20050606,0000,2152
20050607,0000,2159
20050608,0000,2091
20050609,0000,1978
20050610,0000,1927
20050611,0000,2138
20050612,0000,2490
20050613,0000,2760
20050614,0000,2972
20050615,0000,2938
20050616,0000,2739
20050617,0000,2483
20050618,0000,2275
20050619,0000,2195
20050620,0000,2118
20050621,0000,1952
20050622,0000,2109
20050623,0000,2263
20050624,0000,2155
20050625,0000,1970
20050626,0000,1791
20050627,0000,1653
20050628,0000,1729
20050629,0000,1995
20050630,0000,2118
20050701,0000,2195
20050702,0000,2147
20050703,0000,1979
20050704,0000,1895
20050705,0000,1906
20050706,0000,2086
20050707,0000,2253
20050708,0000,2211
20050709,0000,1931
20050710,0000,1836
20050711,0000,1996
20050712,0000,2157
20050713,0000,2402
20050714,0000,2512
20050715,0000,2462
20050716,0000,2262
20050717,0000,2104
20050718,0000,1923
20050719,0000,1871
20050720,0000,2023
20050721,0000,2191
20050722,0000,2020
20050723,0000,1582
20050724,0000,1366
20050725,0000,1327
20050726,0000,1346
20050727,0000,1485
20050728,0000,1524
20050729,0000,1477
20050730,0000,1452
20050731,0000,1921
20050801,0000,2211
20050802,0000,2215
20050803,0000,2233
20050804,0000,2168
20050805,0000,2098
20050806,0000,2034
20050807,0000,2011
20050808,0000,1914
20050809,0000,1881
20050810,0000,2043
20050811,0000,2195
20050812,0000,2104
20050813,0000,m
20050814,0000,1966
20050815,0000,1906
20050816,0000,2024
20050817,0000,2181
20050818,0000,2130
20050819,0000,1919
20050820,0000,1495
20050821,0000,1326
20050822,0000,1374
20050823,0000,1608
20050824,0000,1736
20050825,0000,1619
20050826,0000,1346
20050827,0000,1218
20050828,0000,1199
20050829,0000,1081
20050830,0000,877
20050831,0000,786
20050901,0000,666
20050902,0000,511
20050903,0000,429
20050904,0000,392
20050905,0000,353
20050906,0000,335
20050907,0000,353
20050908,0000,355
20050909,0000,345
20050910,0000,343
20050911,0000,341
20050912,0000,337
20050913,0000,335
20050914,0000,320
20050915,0000,310
20050916,0000,308
20050917,0000,306
20050918,0000,305
20050919,0000,286
20050920,0000,231
20050921,0000,119
20050922,0000,49
20050923,0000,52
20050924,0000,51
20050925,0000,41
20050926,0000,27
20050927,0000,23
20050928,0000,20
20050929,0000,17
20050930,0000,18
20051001,0000,20
20051002,0000,21
20051003,0000,48
20051004,0000,67
20051005,0000,71
20051006,0000,69
20051007,0000,70
20051008,0000,70
20051009,0000,70
20051010,0000,70
20051011,0000,56
20051012,0000,32
20051013,0000,19
20051014,0000,44
20051015,0000,73
20051016,0000,74
20051017,0000,74
20051018,0000,75
20051019,0000,74
20051020,0000,75
20051021,0000,68
20051022,0000,61
20051023,0000,61
20051024,0000,61
20051025,0000,50
20051026,0000,39
20051027,0000,29
20051028,0000,20
20051029,0000,19
20051030,0000,18
20051031,0000,14
20051101,0000,14
20051102,0000,18
20051103,0000,16
20051104,0000,10
20051105,0000,10
20051106,0000,12
20051107,0000,13
20051108,0000,12
20051109,0000,9
20051110,0000,12
20051111,0000,16
20051112,0000,7
20051113,0000,7
20051114,0000,7
20051115,0000,6
20051116,0000,10
20051117,0000,10
20051118,0000,10
20051119,0000,10
20051120,0000,10
20051121,0000,12
20051122,0000,11
20051123,0000,8
20051124,0000,9
20051125,0000,9
20051126,0000,9
20051127,0000,9
20051128,0000,9
20051129,0000,9
20051130,0000,8
20051201,0000,8
20051202,0000,9
20051203,0000,12
20051204,0000,16
20051205,0000,29
20051206,0000,56
20051207,0000,74
20051208,0000,82
20051209,0000,82
20051210,0000,82
20051211,0000,82
20051212,0000,388
20051213,0000,659
20051214,0000,653
20051215,0000,653
20051216,0000,652
20051217,0000,651
20051218,0000,651
20051219,0000,730
20051220,0000,921
20051221,0000,936
20051222,0000,348
20051223,0000,11
20051224,0000,10
20051225,0000,10
20051226,0000,11
20051227,0000,9
20051228,0000,8
20051229,0000,7
20051230,0000,7
20051231,0000,8
20060101,0000,8
20060102,0000,15
20060103,0000,237
20060104,0000,953
20060105,0000,1365
20060106,0000,1460
20060107,0000,1513
20060108,0000,1532
20060109,0000,1537
20060110,0000,1600
20060111,0000,1678
20060112,0000,1668
20060113,0000,1642
20060114,0000,1535
20060115,0000,1466
20060116,0000,1400
20060117,0000,1354
20060118,0000,1348
20060119,0000,1333
20060120,0000,1357
20060121,0000,539
20060122,0000,m
20060123,0000,9
20060124,0000,8
20060125,0000,8
20060126,0000,7
20060127,0000,5
20060128,0000,5
20060129,0000,5
20060130,0000,5
20060131,0000,6
20060201,0000,6
20060202,0000,6
20060203,0000,6
20060204,0000,6
20060205,0000,6
20060206,0000,6
20060207,0000,6
20060208,0000,6
20060209,0000,6
20060210,0000,17
20060211,0000,26
20060212,0000,23
20060213,0000,554
20060214,0000,987
20060215,0000,980
20060216,0000,933
20060217,0000,978
20060218,0000,999
20060219,0000,890
20060220,0000,825
20060221,0000,812
20060222,0000,752
20060223,0000,715
20060224,0000,683
20060225,0000,294
20060226,0000,65
20060227,0000,65
20060228,0000,68
20060301,0000,63
20060302,0000,52
20060303,0000,50
20060304,0000,36
20060305,0000,54
20060306,0000,55
20060307,0000,56
20060308,0000,75
20060309,0000,86
20060310,0000,80
20060311,0000,80
20060312,0000,80
20060313,0000,80
20060314,0000,81
20060315,0000,97
20060316,0000,145
20060317,0000,233
20060318,0000,317
20060319,0000,354
20060320,0000,354
20060321,0000,705
20060322,0000,912
20060323,0000,911
20060324,0000,911
20060325,0000,912
20060326,0000,912
20060327,0000,912
20060328,0000,915
20060329,0000,916
20060330,0000,1041
20060331,0000,1245
20060401,0000,1330
20060402,0000,1330
20060403,0000,1231
20060404,0000,79
20060405,0000,30
20060406,0000,18
20060407,0000,282
20060408,0000,671
20060409,0000,829
20060410,0000,957
20060411,0000,1009
20060412,0000,1075
20060413,0000,1111
20060414,0000,1111
20060415,0000,1112
20060416,0000,1112
20060417,0000,982
20060418,0000,1117
20060419,0000,1252
20060420,0000,1303
20060421,0000,1360
20060422,0000,1397
20060423,0000,1435
20060424,0000,1488
20060425,0000,1567
20060426,0000,1609
20060427,0000,1651
20060428,0000,1710
20060429,0000,1843
20060430,0000,1958
20060501,0000,2094
20060502,0000,2247
20060503,0000,2422
20060504,0000,2502
20060505,0000,2504
20060506,0000,2394
20060507,0000,2321
20060508,0000,2380
20060509,0000,2457
20060510,0000,2482
20060511,0000,2482
20060512,0000,2485
20060513,0000,2397
20060514,0000,2347
20060515,0000,2433
20060516,0000,2666
20060517,0000,2757
20060518,0000,2743
20060519,0000,2643
20060520,0000,2546
20060521,0000,2652
20060522,0000,3201
20060523,0000,2413
20060524,0000,1940
20060525,0000,1861
20060526,0000,2209
20060527,0000,2573
20060528,0000,2780
20060529,0000,2817
20060530,0000,2816
20060531,0000,2815
20060601,0000,2816
20060602,0000,2815
20060603,0000,2741
20060604,0000,2845
20060605,0000,3173
20060606,0000,3544
20060607,0000,3584
20060608,0000,3386
20060609,0000,3156
20060610,0000,2908
20060611,0000,2797
20060612,0000,2599
20060613,0000,2322
20060614,0000,2157
20060615,0000,2064
20060616,0000,1996
20060617,0000,1956
20060618,0000,1994
20060619,0000,2111
20060620,0000,2242
20060621,0000,2172
20060622,0000,2070
20060623,0000,2006
20060624,0000,1969
20060625,0000,1946
20060626,0000,1985
20060627,0000,1996
20060628,0000,1887
20060629,0000,1811
20060630,0000,1799
20060701,0000,1798
20060702,0000,1770
20060703,0000,1753
20060704,0000,1753
20060705,0000,1838
20060706,0000,1968
20060707,0000,1825
20060708,0000,1683
20060709,0000,1672
20060710,0000,1660
20060711,0000,1822
20060712,0000,2046
20060713,0000,2080
20060714,0000,1997
20060715,0000,1946
20060716,0000,1939
20060717,0000,1920
20060718,0000,1812
20060719,0000,1672
20060720,0000,1785
20060721,0000,1893
20060722,0000,1898
20060723,0000,1855
20060724,0000,1766
20060725,0000,1785
20060726,0000,1891
20060727,0000,1976
20060728,0000,1973
20060729,0000,1854
20060730,0000,1769
20060731,0000,1686
20060801,0000,1698
20060802,0000,1758
20060803,0000,1706
20060804,0000,1680
20060805,0000,1659
20060806,0000,1642
20060807,0000,1637
20060808,0000,1723
20060809,0000,1696
20060810,0000,1579
20060811,0000,1444
20060812,0000,1360
20060813,0000,1339
20060814,0000,1339
20060815,0000,1426
20060816,0000,1506
20060817,0000,1502
20060818,0000,1360
20060819,0000,1237
20060820,0000,1210
20060821,0000,1164
20060822,0000,1165
20060823,0000,1254
20060824,0000,1329
20060825,0000,1306
20060826,0000,1228
20060827,0000,1180
20060828,0000,1120
20060829,0000,1087
20060830,0000,868
20060831,0000,659
20060901,0000,534
20060902,0000,572
20060903,0000,655
20060904,0000,665
20060905,0000,753
20060906,0000,776
20060907,0000,818
20060908,0000,790
20060909,0000,667
20060910,0000,646
20060911,0000,626
20060912,0000,609
20060913,0000,535
20060914,0000,487
20060915,0000,424
20060916,0000,252
20060917,0000,231
20060918,0000,428
20060919,0000,417
20060920,0000,298
20060921,0000,298
20060922,0000,252
20060923,0000,50
20060924,0000,42
20060925,0000,33
20060926,0000,32
20060927,0000,32
20060928,0000,32
20060929,0000,32
20060930,0000,31
20061001,0000,31
20061002,0000,30
20061003,0000,27
20061004,0000,22
20061005,0000,17
20061006,0000,13
20061007,0000,12
20061008,0000,12
20061009,0000,12
20061010,0000,16
20061011,0000,17
20061012,0000,17
20061013,0000,17
20061014,0000,17
20061015,0000,17
20061016,0000,16
20061017,0000,16
20061018,0000,16
20061019,0000,16
20061020,0000,16
20061021,0000,16
20061022,0000,15
20061023,0000,12
20061024,0000,10
20061025,0000,12
20061026,0000,14
20061027,0000,12
20061028,0000,9
20061029,0000,9
20061030,0000,10
20061031,0000,11
20061101,0000,11
20061102,0000,12
20061103,0000,13
20061104,0000,14
20061105,0000,14
20061106,0000,17
20061107,0000,24
20061108,0000,27
20061109,0000,24
20061110,0000,14
20061111,0000,7
20061112,0000,7
20061113,0000,8
20061114,0000,7
20061115,0000,0
20061116,0000,4
20061117,0000,13
20061118,0000,9
20061119,0000,8
20061120,0000,23
20061121,0000,26
20061122,0000,26
20061123,0000,26
20061124,0000,26
20061125,0000,25
20061126,0000,26
20061127,0000,26
20061128,0000,23
20061129,0000,20
20061130,0000,19
20061201,0000,18
20061202,0000,17
20061203,0000,17
20061204,0000,18
20061205,0000,18
20061206,0000,13
20061207,0000,7
20061208,0000,6
20061209,0000,5
20061210,0000,6
20061211,0000,4
20061212,0000,4
20061213,0000,4
20061214,0000,4
20061215,0000,17
20061216,0000,23
20061217,0000,23
20061218,0000,26
20061219,0000,24
20061220,0000,22
20061221,0000,19
20061222,0000,19
20061223,0000,19
20061224,0000,19
20061225,0000,19
20061226,0000,19
20061227,0000,20
20061228,0000,19
20061229,0000,20
20061230,0000,20
20061231,0000,20
20070101,0000,20
20070102,0000,20
20070103,0000,494
20070104,0000,799
20070105,0000,799
20070106,0000,799
20070107,0000,799
20070108,0000,799
20070109,0000,799
20070110,0000,799
20070111,0000,m

