Title: "TRM.csv"

5783,PST,'RESERVOIR STORAGE (af)'
19611001,0000,205
19611101,0000,249
19611201,0000,242
19620101,0000,294
19620201,0000,379
19620301,0000,530
19620401,0000,872
19620501,0000,4492
19620601,0000,4177
19620701,0000,2896
19620801,0000,2829
19620901,0000,2878
19621001,0000,3225
19621101,0000,3236
19621201,0000,3240
19630101,0000,21673
19630201,0000,7980
19630301,0000,7584
19630401,0000,29914
19630501,0000,76900
19630601,0000,89212
19630701,0000,42841
19630801,0000,9147
19630901,0000,8465
19631001,0000,8394
19631101,0000,8304
19631201,0000,8024
19640101,0000,8106
19640201,0000,8329
19640301,0000,8259
19640401,0000,20539
19640501,0000,46873
19640601,0000,34321
19640701,0000,8021
19640801,0000,7457
19640901,0000,7501
19641001,0000,7990
19641101,0000,7888
19641201,0000,6876
19650101,0000,7080
19650201,0000,7827
19650301,0000,8024
19650401,0000,54968
19650501,0000,115362
19650601,0000,121277
19650701,0000,48668
19650801,0000,15861
19650901,0000,8715
19651001,0000,9805
19651101,0000,8722
19651201,0000,9078
19660101,0000,7970
19660201,0000,7861
19660301,0000,9271
19660401,0000,44242
19660501,0000,71730
19660601,0000,26733
19660701,0000,7635
19660801,0000,6645
19660901,0000,6451
19661001,0000,6331
19661101,0000,8692
19661201,0000,60850
19670101,0000,13756
19670201,0000,8638
19670301,0000,14911
19670401,0000,80232
19670501,0000,103309
19670601,0000,158487
19670701,0000,146155
19670801,0000,72895
19670901,0000,23799
19671001,0000,8084
19671101,0000,8432
19671201,0000,7947
19680101,0000,8105
19680201,0000,8046
19680301,0000,15307
19680401,0000,43905
19680501,0000,83492
19680601,0000,45220
19680701,0000,20017
19680801,0000,10392
19680901,0000,8330
19681001,0000,8098
19681101,0000,8053
19681201,0000,8091
19690101,0000,128035
19690201,0000,117308
19690301,0000,82427
19690401,0000,68813
19690501,0000,147370
19690601,0000,156456
19690701,0000,143548
19690801,0000,102729
19690901,0000,83056
19691001,0000,21167
19691101,0000,7978
19691201,0000,8912
19700101,0000,35744
19700201,0000,9605
19700301,0000,14703
19700401,0000,45072
19700501,0000,123602
19700601,0000,91414
19700701,0000,32120
19700801,0000,8302
19700901,0000,7648
19701001,0000,7611
19701101,0000,11775
19701201,0000,8081
19710101,0000,7975
19710201,0000,7852
19710301,0000,15792
19710401,0000,44471
19710501,0000,93881
19710601,0000,109213
19710701,0000,42909
19710801,0000,13096
19710901,0000,8167
19711001,0000,8577
19711101,0000,12881
19711201,0000,8063
19720101,0000,7961
19720201,0000,10033
19720301,0000,17227
19720401,0000,36643
19720501,0000,60726
19720601,0000,38317
19720701,0000,14304
19720801,0000,8372
19720901,0000,9077
19721001,0000,9931
19721101,0000,8163
19721201,0000,8865
19730101,0000,8250
19730201,0000,10021
19730301,0000,23043
19730401,0000,49165
19730501,0000,144025
19730601,0000,146039
19730701,0000,67358
19730801,0000,13959
19730901,0000,9310
19731001,0000,13270
19731101,0000,8916
19731201,0000,9877
19740101,0000,8081
19740201,0000,8067
19740301,0000,20256
19740401,0000,79412
19740501,0000,150105
19740601,0000,132923
19740701,0000,44776
19740801,0000,13400
19740901,0000,7954
19741001,0000,9351
19741101,0000,14285
19741201,0000,14591
19750101,0000,13368
19750201,0000,8408
19750301,0000,27204
19750401,0000,50556
19750501,0000,131832
19750601,0000,139033
19750701,0000,67239
19750801,0000,9904
19750901,0000,9035
19751001,0000,15134
19751101,0000,14709
19751201,0000,14684
19760101,0000,11638
19760201,0000,15751
19760301,0000,28407
19760401,0000,45225
19760501,0000,73477
19760601,0000,50094
19760701,0000,21039
19760801,0000,9106
19760901,0000,16843
19761001,0000,14724
19761101,0000,11962
19761201,0000,12239
19770101,0000,13700
19770201,0000,16733
19770301,0000,20720
19770401,0000,33317
19770501,0000,49712
19770601,0000,56695
19770701,0000,29469
19770801,0000,14062
19770901,0000,9948
19771001,0000,8994
19771101,0000,10201
19771201,0000,19010
19780101,0000,15216
19780201,0000,48202
19780301,0000,91626
19780401,0000,105295
19780501,0000,108438
19780601,0000,131316
19780701,0000,87404
19780801,0000,17699
19780901,0000,22185
19781001,0000,11141
19781101,0000,14825
19781201,0000,14656
19790101,0000,13413
19790201,0000,20624
19790301,0000,54789
19790401,0000,88790
19790501,0000,142658
19790601,0000,112304
19790701,0000,35197
19790801,0000,8837
19790901,0000,9237
19791001,0000,12485
19791101,0000,15138
19791201,0000,15864
19800101,0000,77001
19800201,0000,78373
19800301,0000,63368
19800401,0000,73266
19800501,0000,114411
19800601,0000,144210
19800701,0000,106997
19800801,0000,m
19800901,0000,12104
19801001,0000,12336
19801101,0000,15780
19801201,0000,14855
19810101,0000,13963
19810201,0000,19527
19810301,0000,41347
19810401,0000,81790
19810501,0000,128292
19810601,0000,91710
19810701,0000,27953
19810801,0000,11185
19810901,0000,7702
19811001,0000,9597
19811101,0000,18415
19811201,0000,15733
19820101,0000,10138
19820201,0000,26575
19820301,0000,61240
19820401,0000,133279
19820501,0000,138065
19820601,0000,143328
19820701,0000,95712
19820801,0000,25333
19820901,0000,30963
19821001,0000,25896
19821101,0000,23924
19821201,0000,66291
19830101,0000,70543
19830201,0000,75456
19830301,0000,70364
19830401,0000,m
19830501,0000,74788
19830601,0000,144806
19830701,0000,138858
19830801,0000,80109
19830901,0000,28685
19831001,0000,13151
19831101,0000,41276
19831201,0000,63746
19840101,0000,38337
19840201,0000,25363
19840301,0000,36765
19840401,0000,83997
19840501,0000,141894
19840601,0000,95904
19840701,0000,38103
19840801,0000,11592
19840901,0000,11691
19841001,0000,15975
19841101,0000,14088
19841201,0000,9075
19850101,0000,12678
19850201,0000,10824
19850301,0000,27723
19850401,0000,95090
19850501,0000,141914
19850601,0000,88281
19850701,0000,22075
19850801,0000,8012
19850901,0000,10344
19851001,0000,13987
19851101,0000,19184
19851201,0000,9697
19860101,0000,15754
19860201,0000,76470
19860301,0000,69474
19860401,0000,68861
19860501,0000,117552
19860601,0000,133520
19860701,0000,64505
19860801,0000,20115
19860901,0000,11485
19861001,0000,17390
19861101,0000,20950
19861201,0000,12090
19870101,0000,16160
19870201,0000,12250
19870301,0000,30670
19870401,0000,69410
19870501,0000,105920
19870601,0000,65111
19870701,0000,24574
19870801,0000,12723
19870901,0000,9636
19871001,0000,8727
19871101,0000,13797
19871201,0000,13959
19880101,0000,9560
19880201,0000,18315
19880301,0000,33807
19880401,0000,62680
19880501,0000,101873
19880601,0000,85262
19880701,0000,28033
19880801,0000,6508
19880901,0000,5926
19881001,0000,5660
19881101,0000,9382
19881201,0000,13325
19890101,0000,15482
19890201,0000,17261
19890301,0000,35756
19890401,0000,92432
19890501,0000,129022
19890601,0000,60285
19890701,0000,14700
19890801,0000,7334
19890901,0000,7058
19891001,0000,8281
19891101,0000,9410
19891201,0000,8870
19900101,0000,9863
19900201,0000,12367
19900301,0000,29677
19900401,0000,57458
19900501,0000,88527
19900601,0000,52388
19900701,0000,15037
19900801,0000,11113
19900901,0000,8913
19901001,0000,7424
19901101,0000,7527
19901201,0000,8655
19910101,0000,11125
19910201,0000,12332
19910301,0000,48462
19910401,0000,85111
19910501,0000,141569
19910601,0000,103640
19910701,0000,21920
19910801,0000,9361
19910901,0000,8418
19911001,0000,9633
19911101,0000,14277
19911201,0000,8563
19920101,0000,10926
19920201,0000,6490
19920301,0000,20599
19920401,0000,57545
19920501,0000,88881
19920601,0000,33528
19920701,0000,11579
19920801,0000,7705
19920901,0000,6263
19921001,0000,9435
19921101,0000,9608
19921201,0000,9372
19930101,0000,9863
19930201,0000,7297
19930301,0000,45150
19930401,0000,87575
19930501,0000,137989
19930601,0000,122476
19930701,0000,37186
19930801,0000,6741
19930901,0000,4557
19931001,0000,5031
19931101,0000,7092
19931201,0000,8090
19940101,0000,7997
19940201,0000,6503
19940301,0000,28394
19940401,0000,61765
19940501,0000,118131
19940601,0000,96432
19940701,0000,27525
19940801,0000,3153
19940901,0000,2865
19941001,0000,7112
19941101,0000,8259
19941201,0000,8256
19950101,0000,6609
19950201,0000,7899
19950301,0000,70942
19950401,0000,44154
19950501,0000,107417
19950601,0000,142638
19950701,0000,105621
19950801,0000,68547
19950901,0000,8396
19951001,0000,10176
19951101,0000,10050
19951201,0000,8215
19960101,0000,11875
19960201,0000,23098
19960301,0000,19589
19960401,0000,93614
19960501,0000,140011
19960601,0000,125008
19960701,0000,44838
19960801,0000,9812
19960901,0000,10653
19961001,0000,7084
19961101,0000,16323
19961201,0000,28523
19970101,0000,91334
19970201,0000,43613
19970301,0000,35896
19970401,0000,88712
19970501,0000,143422
19970601,0000,104537
19970701,0000,42461
19970801,0000,8655
19970901,0000,10205
19971001,0000,7497
19971101,0000,10665
19971201,0000,6749
19980101,0000,9326
19980201,0000,49706
19980301,0000,66038
19980401,0000,95696
19980501,0000,71842
19980601,0000,146889
19980701,0000,143135
19980801,0000,82964
19980901,0000,28685
19981001,0000,21994
19981101,0000,10031
19981201,0000,8655
19990101,0000,11065
19990201,0000,10002
19990301,0000,30861
19990401,0000,66812
19990501,0000,136129
19990601,0000,113666
19990701,0000,41992
19990801,0000,6161
19990901,0000,5847
19991001,0000,5582
19991101,0000,8616
19991201,0000,11509
20000101,0000,22319
20000201,0000,36443
20000301,0000,42909
20000401,0000,89856
20000501,0000,142829
20000601,0000,110027
20000701,0000,39055
20000801,0000,7627
20000901,0000,8168
20001001,0000,12224
20001101,0000,12006
20001201,0000,8583
20010101,0000,15006
20010201,0000,28057
20010301,0000,50037
20010401,0000,98656
20010501,0000,139613
20010601,0000,94914
20010701,0000,14966
20010801,0000,5730
20010901,0000,4407
20011001,0000,4066
20011101,0000,13543
20011201,0000,22183
20020101,0000,20889
20020201,0000,17785
20020301,0000,44463
20020401,0000,100038
20020501,0000,137349
20020601,0000,101314
20020701,0000,29751
20020801,0000,9859
20020901,0000,8890
20021001,0000,8853
20021101,0000,12143
20021201,0000,12956
20030101,0000,16114
20030201,0000,12384
20030301,0000,51722
20030401,0000,100610
20030501,0000,119896
20030601,0000,86156
20030701,0000,14340
20030801,0000,9611
20030901,0000,6128
20031001,0000,5658
20031101,0000,9586
20031201,0000,15586
20040101,0000,15467
20040201,0000,32585
20040301,0000,72134
20040401,0000,104121
20040501,0000,145440
20040601,0000,95090
20040701,0000,29198
20040801,0000,10157
20040901,0000,9274
20041001,0000,13436
20041101,0000,13750
20041201,0000,15991
20050101,0000,8325
20050201,0000,22346
20050301,0000,58813
20050401,0000,80741
20050501,0000,171218
20050601,0000,184017
20050701,0000,121334
20050801,0000,24075
20050901,0000,13693
20051001,0000,14156
20051101,0000,17115
20051201,0000,20039
20060101,0000,19732
20060201,0000,25000
20060301,0000,60450
20060401,0000,132703
20060501,0000,180176
20060601,0000,178397
20060701,0000,106425
20060801,0000,31117
20060901,0000,11109
20061001,0000,13806
20061101,0000,17020
20061201,0000,22931
20070101,0000,m

