Date,PST,Inflow
19900101,0000,297
19900102,0000,334
19900103,0000,274
19900104,0000,278
19900105,0000,278
19900106,0000,289
19900107,0000,417
19900108,0000,364
19900109,0000,300
19900110,0000,225
19900111,0000,248
19900112,0000,282
19900113,0000,290
19900114,0000,345
19900115,0000,268
19900116,0000,285
19900117,0000,196
19900118,0000,267
19900119,0000,349
19900120,0000,579
19900121,0000,716
19900122,0000,620
19900123,0000,598
19900124,0000,980
19900125,0000,821
19900126,0000,677
19900127,0000,684
19900128,0000,844
19900129,0000,639
19900130,0000,718
19900131,0000,244
19900201,0000,296
19900202,0000,221
19900203,0000,244
19900204,0000,244
19900205,0000,374
19900206,0000,170
19900207,0000,415
19900208,0000,268
19900209,0000,252
19900210,0000,330
19900211,0000,297
19900212,0000,313
19900213,0000,293
19900214,0000,319
19900215,0000,307
19900216,0000,278
19900217,0000,304
19900218,0000,296
19900219,0000,359
19900220,0000,403
19900221,0000,289
19900222,0000,302
19900223,0000,309
19900224,0000,316
19900225,0000,286
19900226,0000,306
19900227,0000,313
19900228,0000,310
19900301,0000,290
19900302,0000,242
19900303,0000,290
19900304,0000,297
19900305,0000,297
19900306,0000,675
19900307,0000,15
19900308,0000,418
19900309,0000,325
19900310,0000,314
19900311,0000,447
19900312,0000,59
19900313,0000,318
19900314,0000,467
19900315,0000,165
19900316,0000,253
19900317,0000,312
19900318,0000,312
19900319,0000,128
19900320,0000,441
19900321,0000,288
19900322,0000,246
19900323,0000,235
19900324,0000,318
19900325,0000,307
19900326,0000,297
19900327,0000,270
19900328,0000,286
19900329,0000,352
19900330,0000,215
19900331,0000,329
19900401,0000,314
19900402,0000,327
19900403,0000,341
19900404,0000,379
19900405,0000,295
19900406,0000,285
19900407,0000,238
19900408,0000,325
19900409,0000,359
19900410,0000,311
19900411,0000,270
19900412,0000,683
19900413,0000,964
19900414,0000,971
19900415,0000,272
19900416,0000,715
19900417,0000,259
19900418,0000,221
19900419,0000,839
19900420,0000,229
19900421,0000,828
19900422,0000,271
19900423,0000,782
19900424,0000,348
19900425,0000,754
19900426,0000,298
19900427,0000,681
19900428,0000,250
19900429,0000,181
19900430,0000,963
19900501,0000,261
19900502,0000,1016
19900503,0000,220
19900504,0000,1337
19900505,0000,204
19900506,0000,257
19900507,0000,1071
19900508,0000,220
19900509,0000,1554
19900510,0000,230
19900511,0000,1410
19900512,0000,1322
19900513,0000,238
19900514,0000,1378
19900515,0000,572
19900516,0000,557
19900517,0000,481
19900518,0000,561
19900519,0000,1583
19900520,0000,467
19900521,0000,1361
19900522,0000,526
19900523,0000,555
19900524,0000,567
19900525,0000,578
19900526,0000,581
19900527,0000,700
19900528,0000,713
19900529,0000,574
19900530,0000,2444
19900531,0000,2658
19900601,0000,406
19900602,0000,243
19900603,0000,250
19900604,0000,336
19900605,0000,265
19900606,0000,1069
19900607,0000,83
19900608,0000,779
19900609,0000,92
19900610,0000,-50
19900611,0000,989
19900929,0000,3262
19900930,0000,3291
19940101,0000,286
19940102,0000,301
19940103,0000,312
19940104,0000,274
19940105,0000,301
19940106,0000,286
19940107,0000,271
19940108,0000,330
19940109,0000,402
19940110,0000,259
19940111,0000,293
19940112,0000,304
19940113,0000,266
19940114,0000,293
19940115,0000,330
19940116,0000,278
19940117,0000,248
19940118,0000,322
19940119,0000,341
19940120,0000,320
19940121,0000,278
19940122,0000,323
19940123,0000,287
19940124,0000,293
19940125,0000,257
19940126,0000,296
19940127,0000,286
19940128,0000,379
19940129,0000,299
19940130,0000,350
19940131,0000,277
19941101,0000,332
19941102,0000,332
19941103,0000,313
19941104,0000,260
19941105,0000,308
19941106,0000,267
19941107,0000,287
19941108,0000,215
19941109,0000,290
19941110,0000,379
19941111,0000,350
19941112,0000,353
19941113,0000,226
19941114,0000,226
19941115,0000,230
19941116,0000,394
19941117,0000,364
19941118,0000,255
19941119,0000,255
19941120,0000,709
19941121,0000,370
19941122,0000,772
19941123,0000,277
19941124,0000,289
19941125,0000,321
19941126,0000,294
19941127,0000,244
19941128,0000,265
19941129,0000,268
19941130,0000,306
19941201,0000,831
19941202,0000,393
19941203,0000,341
19941204,0000,316
19941205,0000,286
19941206,0000,263
19941207,0000,722
19941208,0000,290
19941209,0000,1106
19941210,0000,354
19941211,0000,379
19941212,0000,379
19941213,0000,285
19941214,0000,285
19941215,0000,308
19941216,0000,365
19941217,0000,330
19941218,0000,168
19941219,0000,1420
19941220,0000,246
19941221,0000,551
19941222,0000,255
19941223,0000,1042
19941224,0000,1042
19941225,0000,285
19941226,0000,251
19941227,0000,316
19941228,0000,301
19941229,0000,323
19941230,0000,232
19941231,0000,1245
19950101,0000,254
19950102,0000,254
19950103,0000,364
19950104,0000,1084
19950105,0000,1084
19950106,0000,330
19950107,0000,300
19950108,0000,218
19950109,0000,414
19950110,0000,433
19950111,0000,234
19950112,0000,325
19950113,0000,274
19950114,0000,308
19950115,0000,308
19950116,0000,154
19950117,0000,361
19950118,0000,470
19950119,0000,52
19950120,0000,359
19950121,0000,363
19950122,0000,342
19950123,0000,353
19950124,0000,225
19950125,0000,500
19950126,0000,552
19950127,0000,345
19950128,0000,400
19950129,0000,400
19950130,0000,323
19950131,0000,376
19950201,0000,395
19950202,0000,432
19950203,0000,271
19950204,0000,301
19950205,0000,229
19950206,0000,229
19950207,0000,238
19950208,0000,357
19950209,0000,345
19950210,0000,301
19950211,0000,301
19950212,0000,316
19950213,0000,323
19950214,0000,309
19950215,0000,327
19950216,0000,327
19950217,0000,316
19950218,0000,316
19950219,0000,213
19950220,0000,309
19950221,0000,308
19950222,0000,309
19950223,0000,309
19950224,0000,294
19950225,0000,310
19950226,0000,271
19950227,0000,271
19950228,0000,291
19950301,0000,403
19950302,0000,403
19950303,0000,376
19950304,0000,259
19950305,0000,241
19950306,0000,228
19950307,0000,294
19950308,0000,309
19950309,0000,411
19950310,0000,402
19950311,0000,235
19950312,0000,207
19950313,0000,238
19950314,0000,317
19950315,0000,414
19950316,0000,929
19950317,0000,3200
19950318,0000,3550
19950319,0000,3995
19950320,0000,4001
19950321,0000,4091
19950322,0000,3848
19950323,0000,4046
19950324,0000,3973
19950325,0000,4000
19950326,0000,5980
19950327,0000,5972
19950328,0000,5988
19950329,0000,6306
19950330,0000,5972
19950331,0000,5525
19950401,0000,4556
19950402,0000,3593
19950403,0000,3859
19950404,0000,2989
19950405,0000,1805
19950406,0000,1523
19950407,0000,640
19950408,0000,495
19950409,0000,470
19950410,0000,461
19950411,0000,465
19950412,0000,724
19950413,0000,1394
19950414,0000,1876
19950415,0000,2209
19950416,0000,2024
19950417,0000,1911
19950418,0000,1994
19950419,0000,2044
19950420,0000,2142
19950421,0000,1688
19950422,0000,1856
19950423,0000,1933
19950424,0000,1938
19950425,0000,1282
19950426,0000,1405
19950427,0000,3930
19950428,0000,3908
19950429,0000,3937
19950430,0000,3940
19950501,0000,3968
19950502,0000,3945
19950503,0000,3934
19950504,0000,3955
19950505,0000,4240
19950506,0000,4312
19950507,0000,4444
19950508,0000,4469
19950509,0000,4507
19950510,0000,4394
19950511,0000,4704
19950512,0000,4505
19950513,0000,4610
19950514,0000,4453
19950515,0000,4419
19950516,0000,6845
19950517,0000,6841
19950518,0000,6921
19950519,0000,5454
19950520,0000,2386
19950521,0000,4916
19950522,0000,4177
19950523,0000,3622
19950524,0000,4548
19950525,0000,4040
19950526,0000,4582
19950527,0000,4609
19950528,0000,3875
19950529,0000,4712
19950530,0000,4389
19950531,0000,4318
19950601,0000,4307
19950602,0000,4315
19950603,0000,4304
19950604,0000,4182
19950605,0000,4332
19950606,0000,4587
19950607,0000,3882
19950608,0000,3776
19950609,0000,3768
19950610,0000,3739
19950611,0000,3781
19950612,0000,3790
19950613,0000,3731
19950614,0000,3737
19950615,0000,3130
19950616,0000,3664
19950617,0000,3661
19950618,0000,3376
19950619,0000,3428
19950620,0000,3452
19950621,0000,3457
19950622,0000,3473
19950623,0000,3472
19950624,0000,3458
19950625,0000,3479
19950626,0000,3407
19950627,0000,3172
19950628,0000,3308
19950629,0000,3383
19950630,0000,3456
19950701,0000,3362
19950702,0000,3718
19950703,0000,3401
19950704,0000,3460
19950705,0000,3574
19950706,0000,3610
19950707,0000,3615
19950708,0000,3615
19950709,0000,3517
19950710,0000,3576
19950711,0000,3506
19950712,0000,3600
19950713,0000,3593
19950714,0000,3519
19950715,0000,3446
19950716,0000,3563
19950717,0000,3611
19950718,0000,3638
19950719,0000,3659
19950720,0000,3568
19950721,0000,3042
19950722,0000,3570
19950723,0000,3459
19950724,0000,3426
19950725,0000,3634
19950726,0000,3659
19950727,0000,3510
19950728,0000,m
19950729,0000,3612
19950730,0000,3646
19950731,0000,3595
19950801,0000,3500
19950802,0000,3492
19950803,0000,3510
19950804,0000,3496
19950805,0000,3569
19950806,0000,3630
19950807,0000,3669
19950808,0000,3681
19950809,0000,3607
19950810,0000,360
19950811,0000,m
19950812,0000,m
19950813,0000,3106
19950814,0000,3000
19950815,0000,3390
19950816,0000,m
19950817,0000,2891
19950818,0000,3318
19950819,0000,532
19950820,0000,2928
19950821,0000,3103
19950822,0000,3137
19950823,0000,3055
19950824,0000,3367
19950825,0000,3280
19950826,0000,m
19950827,0000,3140
19950828,0000,3845
19950829,0000,1369
19950830,0000,3416
19950831,0000,3046
19950901,0000,m
19950902,0000,m
19950903,0000,m
19950904,0000,3153
19950905,0000,3281
19950906,0000,3229
19950907,0000,3115
19950908,0000,3284
19950909,0000,2645
19950910,0000,3306
19950911,0000,3246
19950912,0000,2570
19950913,0000,2764
19950914,0000,2697
19950915,0000,2625
19950916,0000,2729
19950917,0000,2647
19950918,0000,2757
19950919,0000,2734
19950920,0000,2677
19950921,0000,2723
19950922,0000,2677
19950923,0000,2574
19950924,0000,2596
19950925,0000,2809
19950926,0000,2688
19950927,0000,2590
19950928,0000,2516
19950929,0000,2724
19950930,0000,1745
19951001,0000,m
19951002,0000,1622
19951003,0000,1733
19951004,0000,3660
19951005,0000,2421
19951006,0000,1451
19951007,0000,1744
19951008,0000,1830
19951009,0000,1597
19951010,0000,1795
19951011,0000,1696
19951012,0000,1396
19951013,0000,1634
19951014,0000,1784
19951015,0000,2211
19951016,0000,1771
19951017,0000,m
19951018,0000,1259
19951019,0000,1377
19951020,0000,1560
19951021,0000,351
19951022,0000,225
19951023,0000,285
19951024,0000,265
19951025,0000,287
19951026,0000,527
19951027,0000,230
19951028,0000,227
19951029,0000,331
19951030,0000,364
19951031,0000,309
19951101,0000,250
19951102,0000,302
19951103,0000,346
19951104,0000,395
19951105,0000,407
19951106,0000,246
19951107,0000,281
19951108,0000,250
19951109,0000,m
19951110,0000,279
19951111,0000,334
19951112,0000,285
19951113,0000,355
19951114,0000,1245
19951115,0000,2193
19951116,0000,285
19951117,0000,301
19951118,0000,357
19951119,0000,797
19951120,0000,966
19951121,0000,301
19951122,0000,1045
19951123,0000,248
19951124,0000,356
19951125,0000,1298
19951126,0000,252
19951127,0000,194
19951128,0000,1413
19951129,0000,315
19951130,0000,315
19951201,0000,1374
19951202,0000,268
19951203,0000,304
19951204,0000,264
19951205,0000,319
19951206,0000,252
19951207,0000,1135
19951208,0000,282
19951209,0000,240
19951210,0000,450
19951211,0000,731
19951212,0000,248
19951213,0000,352
19951214,0000,315
19951215,0000,494
19951216,0000,241
19951217,0000,187
19951218,0000,249
19951219,0000,526
19951220,0000,297
19951221,0000,735
19951222,0000,1126
19951223,0000,223
19951224,0000,322
19951225,0000,779
19951226,0000,668
19951227,0000,761
19951228,0000,322
19951229,0000,497
19951230,0000,281
19951231,0000,157
19960101,0000,238
19960102,0000,193
19960103,0000,348
19960104,0000,922
19960105,0000,508
19960106,0000,397
19960107,0000,237
19960108,0000,1288
19960109,0000,292
19960110,0000,451
19960111,0000,248
19960112,0000,6
19960113,0000,599
19960114,0000,161
19960115,0000,279
19960116,0000,424
19960117,0000,255
19960118,0000,196
19960119,0000,389
19960120,0000,222
19960121,0000,285
19960122,0000,285
19960123,0000,319
19960124,0000,304
19960125,0000,446
19960126,0000,308
19960127,0000,2566
19960128,0000,m
19960129,0000,2396
19960130,0000,1362
19960131,0000,442
19960201,0000,458
19960202,0000,278
19960203,0000,180
19960204,0000,394
19960205,0000,975
19960206,0000,1373
19960207,0000,1809
19960208,0000,2450
19960209,0000,3551
19960210,0000,3268
19960211,0000,4015
19960212,0000,4317
19960213,0000,6612
19960214,0000,6095
19960215,0000,6076
19960216,0000,6867
19960217,0000,7162
19960218,0000,7153
19960219,0000,7181
19960220,0000,7463
19960221,0000,5980
19960222,0000,6418
19960223,0000,5532
19960224,0000,6016
19960225,0000,6406
19960226,0000,5675
19960227,0000,4515
19960228,0000,4245
19960229,0000,4072
19960301,0000,4260
19960302,0000,4784
19960303,0000,3285
19960304,0000,2791
19960305,0000,2961
19960306,0000,2810
19960307,0000,2991
19960308,0000,3010
19960309,0000,3043
19960310,0000,2822
19960311,0000,2711
19960312,0000,2876
19960313,0000,3238
19960314,0000,2878
19960315,0000,748
19960317,0000,757
19960318,0000,873
19960319,0000,803
19960320,0000,982
19960321,0000,856
19960322,0000,1249
19960323,0000,1202
19960324,0000,1213
19960325,0000,1228
19960326,0000,481
19960327,0000,303
19960328,0000,1437
19960329,0000,1560
19960330,0000,1469
19960331,0000,1498
19960401,0000,1561
19960402,0000,1599
19960403,0000,1425
19960404,0000,1301
19960405,0000,1382
19960406,0000,1469
19960407,0000,1583
19960408,0000,1315
19960409,0000,1433
19960410,0000,1489
19960411,0000,1274
19960412,0000,2002
19960413,0000,1778
19960414,0000,1733
19960415,0000,1779
19960416,0000,1792
19960417,0000,1316
19960418,0000,858
19960419,0000,1565
19960420,0000,1861
19960421,0000,2104
19960422,0000,2053
19960423,0000,2118
19960424,0000,2149
19960425,0000,2036
19960426,0000,2088
19960427,0000,1912
19960428,0000,2028
19960429,0000,1646
19960430,0000,1530
19960501,0000,1635
19960502,0000,1544
19960503,0000,1808
19960504,0000,1942
19960505,0000,1762
19960506,0000,1458
19960507,0000,1434
19960508,0000,1562
19960509,0000,1725
19960510,0000,1737
19960511,0000,1066
19960512,0000,924
19960513,0000,1748
19960514,0000,3355
19960515,0000,5274
19960516,0000,5427
19960517,0000,5521
19960518,0000,4923
19960519,0000,5022
19960520,0000,4466
19960521,0000,2341
19960522,0000,2038
19960523,0000,2205
19960524,0000,1236
19960525,0000,2193
19960526,0000,1488
19960527,0000,1545
19960528,0000,1012
19960529,0000,768
19960530,0000,1582
19960531,0000,m
19960601,0000,1574
19960602,0000,1686
19960603,0000,1615
19960604,0000,1313
19960605,0000,1806
19960606,0000,1394
19960607,0000,2348
19960608,0000,2362
19960609,0000,2590
19960610,0000,2412
19960611,0000,2589
19960612,0000,2401
19960613,0000,2361
19960614,0000,2109
19960615,0000,3273
19960616,0000,3594
19960617,0000,3385
19960618,0000,3086
19960619,0000,3122
19960620,0000,3274
19960621,0000,3511
19960622,0000,3016
19960623,0000,3171
19960624,0000,3242
19960625,0000,3418
19960626,0000,3934
19960627,0000,3590
19960628,0000,3577
19960629,0000,3641
19960630,0000,3621
19960701,0000,3591
19960702,0000,3863
19960703,0000,3682
19960704,0000,3657
19960705,0000,3626
19960706,0000,3515
19960707,0000,3488
19960708,0000,3576
19960709,0000,3620
19960710,0000,3626
19960711,0000,3592
19960712,0000,3584
19960713,0000,3640
19960714,0000,3571
19960715,0000,3616
19960716,0000,3601
19960717,0000,3495
19960718,0000,3522
19960719,0000,3336
19960720,0000,3355
19960721,0000,3483
19960722,0000,3506
19960723,0000,3543
19960724,0000,3567
19960725,0000,3609
19960726,0000,3452
19960727,0000,3389
19960728,0000,3572
19960729,0000,3529
19960730,0000,3554
19960731,0000,3336
19960801,0000,3540
19960802,0000,3554
19960803,0000,3486
19960804,0000,3667
19960805,0000,3197
19960806,0000,2194
19960807,0000,1901
19960808,0000,1822
19960809,0000,3543
19960810,0000,3692
19960811,0000,3841
19960812,0000,3448
19960813,0000,3588
19960814,0000,3557
19960815,0000,3639
19960816,0000,3673
19960817,0000,3563
19960818,0000,3576
19960819,0000,2944
19960820,0000,3678
19960821,0000,3634
19960822,0000,3666
19960823,0000,3472
19960824,0000,3566
19960825,0000,3568
19960826,0000,3678
19960827,0000,3302
19960828,0000,3584
19960829,0000,3564
19960830,0000,3668
19960831,0000,3594
19960901,0000,3500
19960902,0000,3400
19960903,0000,3460
19960904,0000,3651
19960905,0000,3624
19960906,0000,3651
19960907,0000,3652
19960908,0000,3588
19960909,0000,3516
19960910,0000,3544
19960911,0000,3624
19960912,0000,2605
19960913,0000,2855
19960914,0000,2557
19960915,0000,2148
19960916,0000,2372
19960917,0000,2859
19960918,0000,2669
19960919,0000,2680
19960920,0000,2453
19960921,0000,2295
19960922,0000,2704
19960923,0000,2783
19960924,0000,2440
19960925,0000,1606
19960926,0000,2349
19960927,0000,3046
19960928,0000,2965
19960929,0000,3017
19960930,0000,3164
19961001,0000,2726
19961002,0000,2514
19961003,0000,2906
19961004,0000,3103
19961005,0000,3095
19961006,0000,3202
19961007,0000,3008
19961008,0000,3144
19961009,0000,3239
19961010,0000,2173
19961011,0000,1589
19961012,0000,1718
19961013,0000,1767
19961014,0000,1548
19961015,0000,1353
19961016,0000,1196
19961017,0000,941
19961018,0000,1348
19961019,0000,1406
19961020,0000,1290
19961021,0000,1115
19961022,0000,347
19961023,0000,248
19961024,0000,260
19961025,0000,317
19961026,0000,271
19961027,0000,263
19961028,0000,317
19961029,0000,339
19961030,0000,335
19961031,0000,285
19961101,0000,365
19961102,0000,375
19961103,0000,241
19961104,0000,268
19961105,0000,309
19961106,0000,346
19961107,0000,383
19961108,0000,m
19961109,0000,293
19961110,0000,493
19961111,0000,343
19961112,0000,346
19961113,0000,323
19961114,0000,244
19961115,0000,241
19961116,0000,346
19961117,0000,460
19961118,0000,319
19961119,0000,173
19961120,0000,322
19961121,0000,316
19961122,0000,319
19961123,0000,308
19961124,0000,308
19961125,0000,292
19961126,0000,1388
19961127,0000,450
19961128,0000,525
19961129,0000,742
19961130,0000,605
19961201,0000,593
19961202,0000,653
19961203,0000,699
19961204,0000,390
19961205,0000,267
19961206,0000,188
19961207,0000,379
19961208,0000,448
19961209,0000,468
19961210,0000,372
19961211,0000,222
19961212,0000,651
19961213,0000,424
19961214,0000,573
19961215,0000,985
19961216,0000,952
19961217,0000,537
19961218,0000,429
19961219,0000,469
19961220,0000,698
19961221,0000,585
19961222,0000,642
19961223,0000,643
19961224,0000,594
19961225,0000,659
19961226,0000,702
19961227,0000,552
19961228,0000,701
19961229,0000,2990
19961230,0000,4272
19961231,0000,3667
19970101,0000,6036
19970102,0000,6360
19970103,0000,6446
19970104,0000,6158
19970105,0000,6445
19970106,0000,6325
19970107,0000,6301
19970108,0000,6127
19970109,0000,6292
19970110,0000,6405
19970111,0000,6390
19970112,0000,6381
19970113,0000,6182
19970114,0000,6164
19970115,0000,6456
19970116,0000,6250
19970117,0000,6138
19970118,0000,6368
19970119,0000,6351
19970120,0000,6346
19970121,0000,6331
19970122,0000,6309
19970123,0000,6316
19970124,0000,6376
19970125,0000,6452
19970126,0000,6490
19970127,0000,6134
19970128,0000,6267
19970129,0000,6311
19970130,0000,6294
19970131,0000,6292
19970201,0000,6370
19970202,0000,6415
19970203,0000,6347
19970204,0000,6352
19970205,0000,6256
19970206,0000,5375
19970207,0000,4121
19970208,0000,3128
19970209,0000,3479
19970210,0000,2718
19970211,0000,2045
19970212,0000,1982
19970213,0000,1514
19970214,0000,2030
19970215,0000,1602
19970216,0000,1571
19970217,0000,1352
19970218,0000,1466
19970219,0000,1176
19970220,0000,1144
19970221,0000,1151
19970222,0000,1290
19970223,0000,1363
19970224,0000,1369
19970225,0000,1378
19970226,0000,1873
19970227,0000,1495
19970228,0000,1085
19970301,0000,1971
19970302,0000,1285
19970303,0000,1702
19970304,0000,1778
19970305,0000,2395
19970306,0000,2259
19970307,0000,2155
19970308,0000,891
19970309,0000,664
19970310,0000,729
19970311,0000,742
19970312,0000,900
19970313,0000,921
19970314,0000,747
19970315,0000,247
19970316,0000,354
19970317,0000,465
19970318,0000,271
19970319,0000,260
19970320,0000,319
19970321,0000,302
19970322,0000,277
19970323,0000,226
19970324,0000,719
19970325,0000,370
19970326,0000,297
19970327,0000,383
19970328,0000,318
19970329,0000,237
19970330,0000,284
19970331,0000,309
19970401,0000,1279
19970402,0000,1147
19970403,0000,1236
19970404,0000,1480
19970405,0000,1485
19970406,0000,2090
19970407,0000,750
19970408,0000,598
19970409,0000,1169
19970410,0000,740
19970411,0000,1128
19970412,0000,874
19970413,0000,268
19970414,0000,1037
19970415,0000,748
19970416,0000,1063
19970417,0000,2705
19970418,0000,2409
19970419,0000,3028
19970420,0000,2332
19970421,0000,2282
19970422,0000,2069
19970423,0000,327
19970424,0000,293
19970425,0000,1864
19970426,0000,2511
19970427,0000,2794
19970428,0000,2416
19970429,0000,2692
19970430,0000,1837
19970501,0000,1935
19970502,0000,2095
19970503,0000,2126
19970504,0000,2427
19970505,0000,2475
19970506,0000,2838
19970507,0000,2388
19970508,0000,2728
19970509,0000,3708
19970510,0000,3700
19970511,0000,3715
19970512,0000,3750
19970513,0000,3711
19970514,0000,3706
19970515,0000,3795
19970516,0000,3843
19970517,0000,3949
19970518,0000,3838
19970519,0000,3896
19970520,0000,3887
19970521,0000,3801
19970522,0000,3762
19970523,0000,3627
19970524,0000,3896
19970525,0000,3840
19970526,0000,3881
19970527,0000,3944
19970528,0000,3845
19970529,0000,3319
19970530,0000,3384
19970531,0000,3838
19970601,0000,3794
19970602,0000,3913
19970603,0000,3515
19970604,0000,3444
19970605,0000,3860
19970606,0000,3902
19970607,0000,3861
19970608,0000,3902
19970609,0000,3896
19970610,0000,3823
19970611,0000,4131
19970612,0000,3917
19970613,0000,3573
19970614,0000,3532
19970615,0000,3523
19970616,0000,3548
19970617,0000,3312
19970618,0000,3512
19970619,0000,2758
19970620,0000,3554
19970621,0000,3486
19970622,0000,3347
19970623,0000,3506
19970624,0000,3782
19970625,0000,3554
19970626,0000,3636
19970627,0000,3427
19970628,0000,3319
19970629,0000,3211
19970630,0000,3607
19970701,0000,3321
19970702,0000,3381
19970703,0000,3459
19970704,0000,3230
19970705,0000,3242
19970706,0000,3348
19970707,0000,3641
19970708,0000,3617
19970709,0000,3791
19970710,0000,3673
19970711,0000,3551
19970712,0000,3276
19970713,0000,3346
19970714,0000,3229
19970715,0000,3506
19970716,0000,3508
19970717,0000,3504
19970718,0000,3430
19970719,0000,3451
19970720,0000,3514
19970721,0000,3819
19970722,0000,3752
19970723,0000,3383
19970724,0000,3527
19970725,0000,3532
19970726,0000,3634
19970727,0000,3463
19970728,0000,3389
19970729,0000,3191
19970730,0000,3361
19970731,0000,3685
19970801,0000,3196
19970802,0000,3126
19970803,0000,2584
19970804,0000,2635
19970805,0000,2487
19970806,0000,2626
19970807,0000,2798
19970808,0000,2753
19970809,0000,2596
19970810,0000,1884
19970811,0000,1791
19970812,0000,1693
19970813,0000,1541
19970814,0000,1594
19970815,0000,1538
19970816,0000,1459
19970817,0000,1554
19970818,0000,1527
19970819,0000,1378
19970820,0000,1529
19970821,0000,1389
19970822,0000,1332
19970823,0000,1477
19970824,0000,1550
19970825,0000,1600
19970826,0000,1554
19970827,0000,1450
19970828,0000,1467
19970829,0000,1543
19970830,0000,1426
19970831,0000,1346
19970901,0000,2212
19970902,0000,1840
19970903,0000,559
19970904,0000,470
19970905,0000,1182
19970906,0000,1269
19970907,0000,1384
19970908,0000,1234
19970909,0000,1225
19970910,0000,1247
19970911,0000,954
19970912,0000,883
19970913,0000,316
19970914,0000,574
19970915,0000,1001
19970916,0000,678
19970917,0000,774
19970918,0000,422
19970919,0000,757
19970920,0000,724
19970921,0000,741
19970922,0000,721
19970923,0000,826
19970924,0000,750
19970925,0000,907
19970926,0000,596
19970927,0000,778
19970928,0000,735
19970929,0000,674
19970930,0000,765
19971001,0000,629
19971002,0000,609
19971003,0000,745
19971004,0000,701
19971005,0000,681
19971006,0000,735
19971007,0000,739
19971008,0000,768
19971009,0000,897
19971010,0000,837
19971011,0000,791
19971012,0000,797
19971013,0000,991
19971014,0000,1000
19971015,0000,1201
19971016,0000,942
19971017,0000,1223
19971018,0000,989
19971019,0000,947
19971020,0000,1141
19971021,0000,1620
19971022,0000,1910
19971023,0000,1548
19971024,0000,1218
19971025,0000,1108
19971026,0000,215
19971027,0000,519
19971028,0000,572
19971029,0000,1075
19971030,0000,1016
19971031,0000,1670
19971101,0000,1853
19971102,0000,1813
19971103,0000,490
19971104,0000,222
19971105,0000,199
19971106,0000,698
19971107,0000,315
19971108,0000,381
19971109,0000,323
19971110,0000,248
19971111,0000,678
19971112,0000,708
19971113,0000,742
19971114,0000,356
19971115,0000,372
19971116,0000,353
19971117,0000,131
19971118,0000,267
19971119,0000,278
19971120,0000,601
19971121,0000,406
19971122,0000,316
19971123,0000,373
19971124,0000,513
19971125,0000,542
19971126,0000,308
19971127,0000,240
19971128,0000,317
19971129,0000,516
19971130,0000,580
19971201,0000,297
19971202,0000,364
19971203,0000,447
19971204,0000,130
19971205,0000,750
19971206,0000,287
19971207,0000,546
19971208,0000,342
19971209,0000,285
19971210,0000,274
19971211,0000,270
19971212,0000,376
19971213,0000,225
19971214,0000,252
19971215,0000,300
19971216,0000,816
19971217,0000,387
19971218,0000,294
19971219,0000,m
19971220,0000,313
19971221,0000,994
19971222,0000,394
19971223,0000,243
19971224,0000,237
19971225,0000,917
19971226,0000,241
19971227,0000,637
19971228,0000,696
19971229,0000,805
19971230,0000,356
19971231,0000,402
19980101,0000,346
19980102,0000,262
19980103,0000,690
19980104,0000,357
19980105,0000,338
19980106,0000,327
19980107,0000,221
19980108,0000,214
19980109,0000,285
19980110,0000,409
19980111,0000,387
19980112,0000,308
19980113,0000,217
19980114,0000,451
19980115,0000,240
19980116,0000,459
19980117,0000,452
19980118,0000,501
19980119,0000,1482
19980120,0000,834
19980121,0000,735
19980122,0000,329
19980123,0000,390
19980124,0000,390
19980125,0000,609
19980126,0000,627
19980127,0000,184
19980128,0000,310
19980129,0000,388
19980130,0000,282
19980131,0000,451
19980201,0000,430
19980202,0000,512
19980203,0000,462
19980204,0000,439
19980205,0000,1928
19980206,0000,3724
19980207,0000,3284
19980208,0000,4076
19980209,0000,5263
19980210,0000,4957
19980211,0000,4829
19980212,0000,5367
19980213,0000,4514
19980214,0000,4360
19980215,0000,4855
19980216,0000,5114
19980217,0000,4718
19980218,0000,3905
19980219,0000,4250
19980220,0000,4157
19980221,0000,3945
19980222,0000,3173
19980223,0000,3398
19980224,0000,3277
19980225,0000,3073
19980226,0000,3146
19980227,0000,2810
19980228,0000,2153
19980301,0000,2179
19980302,0000,1811
19980303,0000,1848
19980304,0000,1957
19980305,0000,1397
19980306,0000,1470
19980307,0000,1044
19980308,0000,1027
19980309,0000,760
19980310,0000,963
19980311,0000,930
19980312,0000,987
19980313,0000,767
19980314,0000,979
19980315,0000,917
19980316,0000,559
19980317,0000,1483
19980318,0000,2026
19980319,0000,3770
19980320,0000,4853
19980321,0000,8257
19980322,0000,7691
19980323,0000,5957
19980324,0000,5947
19980325,0000,6209
19980326,0000,6245
19980327,0000,5768
19980328,0000,6172
19980329,0000,6385
19980330,0000,6654
19980331,0000,5746
19980401,0000,6383
19980402,0000,6633
19980403,0000,7132
19980404,0000,6661
19980405,0000,m
19980406,0000,6730
19980407,0000,6379
19980408,0000,6554
19980409,0000,6813
19980410,0000,6459
19980411,0000,6405
19980412,0000,6224
19980413,0000,5633
19980414,0000,6902
19980415,0000,6801
19980416,0000,6704
19980417,0000,6482
19980418,0000,6663
19980419,0000,6289
19980420,0000,6395
19980421,0000,6136
19980422,0000,5919
19980423,0000,5915
19980424,0000,5836
19980425,0000,5610
19980426,0000,5674
19980427,0000,5976
19980428,0000,6082
19980429,0000,6155
19980430,0000,6084
19980501,0000,5984
19980502,0000,5625
19980503,0000,5728
19980504,0000,5744
19980505,0000,5647
19980506,0000,5681
19980507,0000,5735
19980508,0000,5785
19980509,0000,5920
19980510,0000,5747
19980511,0000,5938
19980512,0000,4366
19980513,0000,3956
19980514,0000,3997
19980515,0000,4250
19980516,0000,3481
19980517,0000,4090
19980518,0000,4030
19980519,0000,2073
19980520,0000,2155
19980521,0000,2000
19980522,0000,2101
19980523,0000,2058
19980524,0000,2147
19980525,0000,1652
19980526,0000,3616
19980527,0000,3799
19980528,0000,5238
19980529,0000,5354
19980530,0000,5569
19980531,0000,5415
19980601,0000,5587
19980602,0000,5478
19980603,0000,5420
19980604,0000,5660
19980605,0000,5548
19980606,0000,5468
19980607,0000,5519
19980608,0000,5522
19980609,0000,5549
19980610,0000,5375
19980611,0000,5674
19980612,0000,5580
19980613,0000,5685
19980614,0000,5254
19980615,0000,5517
19980616,0000,5537
19980617,0000,5608
19980618,0000,5667
19980619,0000,5562
19980620,0000,5573
19980621,0000,5533
19980622,0000,5435
19980623,0000,5299
19980624,0000,5799
19980625,0000,5222
19980626,0000,5497
19980627,0000,5735
19980628,0000,5843
19980629,0000,5278
19980630,0000,4211
19980701,0000,3570
19980702,0000,3795
19980703,0000,3740
19980704,0000,3759
19980705,0000,3739
19980706,0000,3846
19980707,0000,3898
19980708,0000,4237
19980709,0000,4199
19980710,0000,4250
19980711,0000,4283
19980712,0000,4319
19980713,0000,2562
19980714,0000,3997
19980715,0000,3836
19980716,0000,3486
19980717,0000,3781
19980718,0000,3665
19980719,0000,3909
19980720,0000,3659
19980721,0000,3772
19980722,0000,3265
19980723,0000,2973
19980724,0000,3577
19980725,0000,m
19980726,0000,3561
19980727,0000,3300
19980728,0000,3418
19980729,0000,3460
19980730,0000,3546
19980731,0000,3503
19980801,0000,3465
19980802,0000,3487
19980803,0000,3454
19980804,0000,3652
19980805,0000,3240
19980806,0000,3471
19980807,0000,3344
19980808,0000,3532
19980809,0000,3509
19980810,0000,3457
19980811,0000,3492
19980812,0000,3464
19980813,0000,3480
19980814,0000,3372
19980815,0000,3639
19980816,0000,3429
19980817,0000,1335
19980818,0000,3547
19980819,0000,3507
19980820,0000,3511
19980821,0000,3529
19980822,0000,3528
19980823,0000,3528
19980824,0000,3522
19980825,0000,3037
19980826,0000,2964
19980827,0000,3160
19980828,0000,3095
19980829,0000,2881
19980830,0000,3048
19980831,0000,2938
19980901,0000,3007
19980902,0000,3141
19980903,0000,3003
19980904,0000,2397
19980905,0000,2305
19980906,0000,2399
19980907,0000,2506
19980908,0000,2412
19980909,0000,2511
19980910,0000,2054
19980911,0000,1817
19980912,0000,2088
19980913,0000,2237
19980914,0000,2188
19980915,0000,2467
19980916,0000,2043
19980917,0000,2200
19980918,0000,2362
19980919,0000,1820
19980920,0000,1879
19980921,0000,1979
19980922,0000,1813
19980923,0000,1413
19980924,0000,1531
19980925,0000,1873
19980926,0000,1782
19980927,0000,1618
19980928,0000,1540
19980929,0000,1723
19980930,0000,1750
19981001,0000,1564
19981002,0000,491
19981003,0000,1155
19981004,0000,1455
19981005,0000,1623
19981006,0000,1463
19981007,0000,1504
19981008,0000,1190
19981009,0000,1713
19981010,0000,1319
19981011,0000,1531
19981012,0000,1285
19981013,0000,1714
19981014,0000,1047
19981015,0000,1055
19981016,0000,1156
19981017,0000,1032
19981018,0000,1070
19981019,0000,1073
19981020,0000,1099
19981021,0000,757
19981022,0000,561
19981023,0000,948
19981024,0000,707
19981025,0000,1122
19981026,0000,1215
19981027,0000,778
19981028,0000,700
19981029,0000,613
19981030,0000,429
19981031,0000,649
19981101,0000,647
19981102,0000,601
19981103,0000,608
19981104,0000,602
19981105,0000,664
19981106,0000,635
19981107,0000,615
19981108,0000,620
19981109,0000,560
19981110,0000,651
19981111,0000,575
19981112,0000,582
19981113,0000,688
19981114,0000,656
19981115,0000,680
19981116,0000,1399
19981117,0000,3517
19981118,0000,3590
19981119,0000,3536
19981120,0000,3446
19981121,0000,3073
19981122,0000,3450
19981123,0000,3512
19981124,0000,3535
19981125,0000,3261
19981126,0000,4179
19981127,0000,3908
19981128,0000,4659
19981129,0000,3597
19981130,0000,2316
19981201,0000,925
19981202,0000,1057
19981203,0000,955
19981204,0000,910
19981205,0000,1075
19981206,0000,974
19981207,0000,1087
19981208,0000,1845
19981209,0000,1387
19981210,0000,963
19981211,0000,996
19981212,0000,951
19981213,0000,955
19981214,0000,1054
19981215,0000,1813
19981216,0000,2263
19981217,0000,2178
19981218,0000,2145
19981219,0000,2189
19981220,0000,2042
19981221,0000,2116
19981222,0000,1951
19981223,0000,1998
19981224,0000,2055
19981225,0000,2093
19981226,0000,3194
19981227,0000,2020
19981228,0000,2008
19981229,0000,2071
19981230,0000,2080
19981231,0000,2509
19990101,0000,3676
19990102,0000,3882
19990103,0000,4125
19990104,0000,3631
19990105,0000,2207
19990106,0000,2046
19990107,0000,1587
19990108,0000,1666
19990109,0000,1574
19990110,0000,1737
19990111,0000,1752
19990112,0000,1806
19990113,0000,1627
19990114,0000,1574
19990115,0000,2585
19990116,0000,1541
19990117,0000,1777
19990118,0000,1561
19990119,0000,1747
19990120,0000,2165
19990121,0000,2244
19990122,0000,2201
19990123,0000,1335
19990124,0000,1387
19990125,0000,1544
19990126,0000,1431
19990127,0000,1679
19990128,0000,1543
19990129,0000,1437
19990130,0000,1489
19990131,0000,1455
19990201,0000,1528
19990202,0000,820
19990203,0000,542
19990204,0000,2051
19990205,0000,2176
19990206,0000,2254
19990207,0000,2221
19990208,0000,1065
19990209,0000,532
19990210,0000,749
19990211,0000,398
19990212,0000,517
19990213,0000,441
19990214,0000,504
19990215,0000,575
19990216,0000,677
19990217,0000,617
19990218,0000,531
19990219,0000,433
19990220,0000,1509
19990221,0000,1428
19990222,0000,474
19990223,0000,1532
19990224,0000,1645
19990225,0000,1471
19990226,0000,2283
19990227,0000,1990
19990228,0000,2103
19990301,0000,2166
19990302,0000,2116
19990303,0000,2144
19990304,0000,2075
19990305,0000,2073
19990306,0000,2149
19990307,0000,2215
19990308,0000,2140
19990309,0000,2061
19990310,0000,2100
19990311,0000,1997
19990312,0000,2212
19990313,0000,3092
19990314,0000,2311
19990315,0000,2215
19990316,0000,1808
19990317,0000,1933
19990318,0000,2158
19990319,0000,1071
19990320,0000,1158
19990321,0000,859
19990322,0000,913
19990323,0000,1050
19990324,0000,1061
19990325,0000,872
19990326,0000,800
19990327,0000,402
19990328,0000,728
19990329,0000,485
19990330,0000,508
19990331,0000,391
19990401,0000,371
19990402,0000,418
19990403,0000,1046
19990404,0000,1142
19990405,0000,961
19990406,0000,1408
19990407,0000,1528
19990408,0000,1406
19990409,0000,1519
19990410,0000,1711
19990411,0000,1371
19990412,0000,1361
19990413,0000,1374
19990414,0000,1391
19990415,0000,1803
19990416,0000,1502
19990417,0000,1559
19990418,0000,1422
19990419,0000,1793
19990420,0000,1942
19990421,0000,1830
19990422,0000,3222
19990423,0000,3613
19990424,0000,3693
19990425,0000,3320
19990426,0000,1691
19990427,0000,2448
19990428,0000,2272
19990429,0000,2104
19990430,0000,2583
19990501,0000,2426
19990502,0000,2939
19990503,0000,2807
19990504,0000,2118
19990505,0000,2466
19990506,0000,1702
19990507,0000,2040
19990508,0000,2126
19990509,0000,2375
19990510,0000,2519
19990511,0000,2792
19990512,0000,2692
19990513,0000,2697
19990514,0000,2605
19990515,0000,2617
19990516,0000,2606
19990517,0000,2668
19990518,0000,2589
19990519,0000,2543
19990520,0000,2577
19990521,0000,2434
19990522,0000,2471
19990523,0000,2434
19990524,0000,2544
19990525,0000,2446
19990526,0000,2618
19990527,0000,3159
19990528,0000,2932
19990529,0000,2394
19990530,0000,3094
19990531,0000,2610
19990601,0000,2809
19990602,0000,3002
19990603,0000,3246
19990604,0000,3069
19990605,0000,3144
19990606,0000,3089
19990607,0000,2979
19990608,0000,3077
19990609,0000,2967
19990610,0000,3007
19990611,0000,2993
19990612,0000,3003
19990613,0000,3036
19990614,0000,2839
19990615,0000,2892
19990616,0000,3013
19990617,0000,2941
19990618,0000,3016
19990619,0000,2940
19990620,0000,2991
19990621,0000,2793
19990622,0000,2884
19990623,0000,3037
19990624,0000,2940
19990625,0000,2913
19990626,0000,3081
19990627,0000,3060
19990628,0000,3031
19990629,0000,2899
19990630,0000,3049
19990701,0000,2909
19990702,0000,2968
19990703,0000,3082
19990704,0000,3022
19990705,0000,2841
19990706,0000,3165
19990707,0000,3043
19990708,0000,2979
19990709,0000,m
19990710,0000,3060
19990711,0000,3005
19990712,0000,2940
19990713,0000,3008
19990714,0000,3024
19990715,0000,3098
19990716,0000,3090
19990717,0000,2794
19990718,0000,3061
19990719,0000,2885
19990720,0000,2914
19990721,0000,3098
19990722,0000,2914
19990723,0000,2929
19990724,0000,2740
19990725,0000,2607
19990726,0000,2740
19990727,0000,2327
19990728,0000,2562
19990729,0000,2351
19990730,0000,2483
19990731,0000,3110
19990801,0000,2655
19990802,0000,2509
19990803,0000,2344
19990804,0000,2630
19990805,0000,2554
19990806,0000,m
19990807,0000,2813
19990808,0000,2601
19990809,0000,2309
19990810,0000,2286
19990811,0000,2415
19990812,0000,2879
19990813,0000,1973
19990814,0000,1715
19990815,0000,2114
19990816,0000,1983
19990817,0000,2466
19990818,0000,1498
19990819,0000,1830
19990820,0000,1851
19990821,0000,1561
19990822,0000,1623
19990823,0000,1860
19990824,0000,1609
19990825,0000,1466
19990826,0000,1767
19990827,0000,1736
19990828,0000,1645
19990829,0000,1658
19990830,0000,1690
19990831,0000,1303
19990901,0000,2056
19990902,0000,2643
19990903,0000,2282
19990904,0000,2380
19990905,0000,2214
19990906,0000,2298
19990907,0000,2227
19990908,0000,1991
19990909,0000,1855
19990910,0000,2084
19990911,0000,2419
19990912,0000,2563
19990913,0000,3403
19990914,0000,2755
19990915,0000,1869
19990916,0000,2156
19990917,0000,2144
19990918,0000,465
19990919,0000,2486
19990920,0000,1983
19990921,0000,1963
19990922,0000,2140
19990923,0000,2291
19990924,0000,2418
19990925,0000,2236
19990926,0000,1883
19990927,0000,2124
19990928,0000,2207
19990929,0000,614
19990930,0000,2014
19991001,0000,2295
19991002,0000,2081
19991003,0000,1500
19991004,0000,1294
19991005,0000,1390
19991006,0000,1016
19991007,0000,1136
19991008,0000,1138
19991009,0000,695
19991010,0000,775
19991011,0000,832
19991012,0000,730
19991013,0000,678
19991014,0000,1096
19991015,0000,689
19991016,0000,831
19991017,0000,916
19991018,0000,578
19991019,0000,842
19991020,0000,1177
19991021,0000,245
19991022,0000,236
19991023,0000,422
19991024,0000,689
19991025,0000,367
19991026,0000,287
19991027,0000,513
19991028,0000,452
19991029,0000,182
19991030,0000,277
19991031,0000,793
19991101,0000,371
19991102,0000,300
19991103,0000,318
19991104,0000,490
19991105,0000,426
19991106,0000,182
19991107,0000,621
19991108,0000,431
19991109,0000,399
19991110,0000,465
19991111,0000,489
19991112,0000,466
19991113,0000,304
19991114,0000,283
19991115,0000,525
19991116,0000,517
19991117,0000,357
19991118,0000,319
19991119,0000,915
19991120,0000,1170
19991121,0000,1401
19991122,0000,971
19991123,0000,1108
19991124,0000,426
19991125,0000,1449
19991126,0000,1298
19991127,0000,1782
19991128,0000,2082
19991129,0000,1720
19991130,0000,1812
19991201,0000,1871
19991202,0000,1756
19991203,0000,1627
19991204,0000,1658
19991205,0000,1946
19991206,0000,1858
19991207,0000,1936
19991208,0000,1620
19991209,0000,1865
19991210,0000,1700
19991211,0000,1371
19991212,0000,1238
19991213,0000,1190
19991214,0000,1433
19991215,0000,1145
19991216,0000,717
19991217,0000,890
19991218,0000,213
19991219,0000,210
19991220,0000,1048
19991221,0000,176
19991222,0000,263
19991223,0000,1063
19991224,0000,861
19991225,0000,191
19991226,0000,127
19991227,0000,189
19991228,0000,714
19991229,0000,438
19991230,0000,1420
19991231,0000,453
20000101,0000,548
20000102,0000,584
20000103,0000,809
20000104,0000,523
20000105,0000,491
20000106,0000,308
20000107,0000,320
20000108,0000,223
20000109,0000,290
20000110,0000,516
20000111,0000,269
20000112,0000,539
20000113,0000,315
20000114,0000,434
20000115,0000,341
20000116,0000,316
20000117,0000,140
20000118,0000,400
20000119,0000,1758
20000120,0000,1708
20000121,0000,830
20000122,0000,2198
20000123,0000,1914
20000124,0000,2362
20000125,0000,1397
20000126,0000,2864
20000127,0000,2615
20000128,0000,3022
20000129,0000,2874
20000130,0000,1544
20000131,0000,2798
20000201,0000,1741
20000202,0000,2229
20000203,0000,2181
20000204,0000,2446
20000205,0000,1269
20000206,0000,708
20000207,0000,1340
20000208,0000,1509
20000209,0000,1422
20000210,0000,1014
20000211,0000,1517
20000212,0000,3130
20000213,0000,3199
20000214,0000,149
20000215,0000,83
20000216,0000,528
20000217,0000,280
20000218,0000,233
20000219,0000,260
20000220,0000,298
20000221,0000,300
20000222,0000,478
20000223,0000,3136
20000224,0000,3483
20000225,0000,5210
20000226,0000,2958
20000227,0000,3008
20000228,0000,2982
20000229,0000,3054
20000301,0000,3721
20000302,0000,4930
20000303,0000,5139
20000304,0000,4747
20000305,0000,5394
20000306,0000,4680
20000307,0000,5282
20000308,0000,4951
20000309,0000,5166
20000310,0000,4339
20000311,0000,5365
20000312,0000,5080
20000313,0000,4054
20000314,0000,3951
20000315,0000,3998
20000316,0000,3679
20000317,0000,3846
20000318,0000,3769
20000319,0000,3859
20000320,0000,3777
20000321,0000,3738
20000322,0000,3686
20000323,0000,3624
20000324,0000,3632
20000325,0000,3505
20000326,0000,3490
20000327,0000,2973
20000328,0000,3099
20000329,0000,2891
20000330,0000,2946
20000331,0000,3271
20000401,0000,3147
20000402,0000,2941
20000403,0000,3052
20000404,0000,3250
20000405,0000,3271
20000406,0000,3243
20000407,0000,3413
20000408,0000,3157
20000409,0000,591
20000410,0000,486
20000411,0000,778
20000412,0000,803
20000413,0000,960
20000414,0000,1059
20000415,0000,419
20000416,0000,271
20000417,0000,526
20000418,0000,126
20000419,0000,192
20000420,0000,353
20000421,0000,1264
20000422,0000,1191
20000423,0000,1240
20000424,0000,1089
20000425,0000,1464
20000426,0000,1248
20000427,0000,2940
20000428,0000,3205
20000429,0000,3094
20000430,0000,3170
20000501,0000,3226
20000502,0000,3261
20000503,0000,3157
20000504,0000,3072
20000505,0000,3119
20000506,0000,3165
20000507,0000,3194
20000508,0000,3114
20000509,0000,1174
20000510,0000,2305
20000511,0000,3409
20000512,0000,3455
20000513,0000,3467
20000514,0000,3487
20000515,0000,3537
20000516,0000,3502
20000517,0000,3016
20000518,0000,2940
20000519,0000,3517
20000520,0000,3472
20000521,0000,3544
20000522,0000,3391
20000523,0000,3565
20000524,0000,3517
20000525,0000,3367
20000526,0000,3504
20000527,0000,3538
20000528,0000,3554
20000529,0000,3306
20000530,0000,3512
20000531,0000,3571
20000601,0000,3179
20000602,0000,3515
20000603,0000,3546
20000604,0000,3476
20000605,0000,3565
20000606,0000,3558
20000607,0000,3505
20000608,0000,3508
20000609,0000,3432
20000610,0000,3479
20000611,0000,3488
20000612,0000,3435
20000613,0000,3483
20000614,0000,3471
20000615,0000,2664
20000616,0000,2764
20000617,0000,3419
20000618,0000,3475
20000619,0000,3441
20000620,0000,3489
20000621,0000,3495
20000622,0000,3477
20000623,0000,3489
20000624,0000,3460
20000625,0000,3417
20000626,0000,3462
20000627,0000,3481
20000628,0000,3398
20000629,0000,3455
20000630,0000,3435
20000701,0000,3465
20000702,0000,3477
20000703,0000,3475
20000704,0000,3496
20000705,0000,3504
20000706,0000,3499
20000707,0000,3455
20000708,0000,3508
20000709,0000,3473
20000710,0000,3437
20000711,0000,3501
20000712,0000,3489
20000713,0000,3465
20000714,0000,3475
20000715,0000,3527
20000716,0000,3512
20000717,0000,3508
20000718,0000,3384
20000719,0000,3715
20000720,0000,3761
20000721,0000,3735
20000722,0000,3317
20000723,0000,3291
20000724,0000,3500
20000725,0000,3801
20000726,0000,3529
20000727,0000,3809
20000728,0000,3508
20000729,0000,3777
20000730,0000,3493
20000731,0000,3774
20000801,0000,3816
20000802,0000,3517
20000803,0000,3770
20000804,0000,3837
20000805,0000,3762
20000806,0000,3784
20000807,0000,3855
20000808,0000,3562
20000809,0000,3511
20000810,0000,3524
20000811,0000,3514
20000812,0000,3508
20000813,0000,3532
20000814,0000,3436
20000815,0000,3557
20000816,0000,3557
20000817,0000,3579
20000818,0000,3471
20000819,0000,3171
20000820,0000,2890
20000821,0000,3124
20000822,0000,3042
20000823,0000,3622
20000824,0000,3563
20000825,0000,3419
20000826,0000,3494
20000827,0000,3325
20000828,0000,3552
20000829,0000,3558
20000830,0000,3424
20000831,0000,3415
20000901,0000,3578
20000902,0000,3454
20000903,0000,3455
20000904,0000,3539
20000905,0000,3552
20000906,0000,2620
20000907,0000,1654
20000908,0000,1695
20000909,0000,1597
20000910,0000,1909
20000911,0000,2014
20000912,0000,1886
20000913,0000,1589
20000914,0000,1695
20000915,0000,1833
20000916,0000,1685
20000917,0000,1783
20000918,0000,1660
20000919,0000,1242
20000920,0000,1041
20000921,0000,2666
20000922,0000,409
20000923,0000,467
20000924,0000,445
20000925,0000,423
20000926,0000,932
20000927,0000,2569
20000928,0000,2409
20000929,0000,412
20000930,0000,480
20001001,0000,892
20001002,0000,420
20001003,0000,1226
20001004,0000,943
20001005,0000,506
20001006,0000,795
20001007,0000,394
20001008,0000,1321
20001009,0000,558
20001010,0000,383
20001011,0000,451
20001012,0000,324
20001013,0000,595
20001014,0000,318
20001015,0000,297
20001016,0000,450
20001017,0000,434
20001018,0000,m
20001019,0000,690
20001020,0000,-39
20001021,0000,507
20001022,0000,344
20001023,0000,422
20001024,0000,-24
20001025,0000,606
20001026,0000,11
20001027,0000,481
20001028,0000,384
20001029,0000,222
20001030,0000,429
20001031,0000,12
20001101,0000,500
20001102,0000,319
20001103,0000,452
20001104,0000,38
20001105,0000,257
20001106,0000,429
20001107,0000,7
20001108,0000,453
20001109,0000,456
20001110,0000,-28
20001111,0000,607
20001112,0000,433
20001113,0000,-5
20001114,0000,568
20001115,0000,18
20001116,0000,548
20001117,0000,12
20001118,0000,346
20001119,0000,526
20001120,0000,777
20001121,0000,1958
20001122,0000,1623
20001123,0000,2029
20001124,0000,2028
20001125,0000,1461
20001126,0000,180
20001127,0000,285
20001128,0000,409
20001129,0000,1528
20001130,0000,1239
20001201,0000,-21
20001202,0000,274
20001203,0000,278
20001204,0000,596
20001205,0000,364
20001206,0000,149
20001207,0000,168
20001208,0000,485
20001209,0000,296
20001210,0000,m
20001211,0000,406
20001212,0000,862
20001213,0000,1160
20001214,0000,1456
20001215,0000,1819
20001216,0000,1996
20001217,0000,1916
20001218,0000,1663
20001219,0000,1903
20001220,0000,1075
20001221,0000,577
20001222,0000,1003
20001223,0000,1397
20001224,0000,1142
20001225,0000,1016
20001226,0000,1506
20001227,0000,1425
20001228,0000,684
20001229,0000,419
20001230,0000,300
20001231,0000,324
20010101,0000,270
20010102,0000,557
20010103,0000,457
20010104,0000,642
20010105,0000,559
20010106,0000,615
20010107,0000,653
20010108,0000,646
20010109,0000,523
20010110,0000,187
20010111,0000,304
20010112,0000,579
20010113,0000,200
20010114,0000,1246
20010115,0000,1079
20010116,0000,285
20010117,0000,1044
20010118,0000,1589
20010119,0000,767
20010120,0000,1343
20010121,0000,492
20010122,0000,1450
20010123,0000,1087
20010124,0000,1127
20010125,0000,1341
20010126,0000,1511
20010127,0000,1499
20010128,0000,241
20010129,0000,1504
20010130,0000,1538
20010131,0000,1549
20010201,0000,301
20010202,0000,3
20010203,0000,267
20010204,0000,292
20010205,0000,322
20010206,0000,360
20010207,0000,446
20010208,0000,356
20010209,0000,1178
20010210,0000,1622
20010211,0000,1384
20010212,0000,1490
20010213,0000,1724
20010214,0000,1493
20010215,0000,340
20010216,0000,379
20010217,0000,605
20010218,0000,259
20010219,0000,360
20010220,0000,391
20010221,0000,277
20010222,0000,210
20010223,0000,290
20010224,0000,341
20010225,0000,226
20010226,0000,319
20010227,0000,268
20010228,0000,584
20010301,0000,298
20010302,0000,169
20010303,0000,81
20010304,0000,635
20010305,0000,262
20010306,0000,89
20010307,0000,279
20010308,0000,384
20010309,0000,187
20010310,0000,373
20010311,0000,378
20010312,0000,326
20010313,0000,-22
20010314,0000,573
20010315,0000,220
20010316,0000,205
20010317,0000,450
20010318,0000,299
20010319,0000,418
20010320,0000,446
20010321,0000,195
20010322,0000,273
20010323,0000,213
20010324,0000,286
20010325,0000,337
20010326,0000,280
20010327,0000,363
20010328,0000,190
20010329,0000,307
20010330,0000,293
20010331,0000,331
20010401,0000,260
20010402,0000,1269
20010403,0000,1145
20010404,0000,963
20010405,0000,643
20010406,0000,947
20010407,0000,932
20010408,0000,231
20010409,0000,934
20010410,0000,930
20010411,0000,1033
20010412,0000,841
20010413,0000,727
20010414,0000,964
20010415,0000,265
20010416,0000,1858
20010417,0000,1180
20010418,0000,1181
20010419,0000,953
20010420,0000,936
20010421,0000,312
20010422,0000,479
20010423,0000,850
20010424,0000,1354
20010425,0000,1298
20010426,0000,1614
20010427,0000,1445
20010428,0000,1855
20010429,0000,1757
20010430,0000,1432
20010501,0000,2009
20010502,0000,1881
20010503,0000,1884
20010504,0000,1524
20010505,0000,1490
20010506,0000,1481
20010507,0000,2303
20010508,0000,1894
20010509,0000,1796
20010510,0000,1645
20010511,0000,1610
20010512,0000,2380
20010513,0000,1552
20010514,0000,1352
20010515,0000,1407
20010516,0000,1595
20010517,0000,1500
20010518,0000,1575
20010519,0000,1531
20010520,0000,1530
20010521,0000,2424
20010522,0000,2267
20010523,0000,2325
20010524,0000,2262
20010525,0000,2244
20010526,0000,2246
20010527,0000,2123
20010528,0000,2345
20010529,0000,2142
20010530,0000,2224
20010531,0000,2608
20010601,0000,2180
20010602,0000,2068
20010603,0000,2030
20010604,0000,2214
20010605,0000,2043
20010606,0000,2094
20010607,0000,2372
20010608,0000,2056
20010609,0000,2124
20010610,0000,2130
20010611,0000,2200
20010612,0000,2040
20010613,0000,2101
20010614,0000,2745
20010615,0000,2743
20010616,0000,2449
20010617,0000,2711
20010618,0000,2681
20010619,0000,2758
20010620,0000,2637
20010621,0000,2294
20010622,0000,2608
20010623,0000,2495
20010624,0000,2700
20010625,0000,2480
20010626,0000,2173
20010627,0000,2528
20010628,0000,2551
20010629,0000,2256
20010630,0000,2271
20010701,0000,2549
20010702,0000,2530
20010703,0000,2674
20010704,0000,2980
20010705,0000,3007
20010706,0000,3086
20010707,0000,3181
20010708,0000,2880
20010709,0000,3344
20010710,0000,2994
20010711,0000,2772
20010712,0000,2762
20010713,0000,3193
20010714,0000,2748
20010715,0000,3006
20010716,0000,3247
20010717,0000,2689
20010718,0000,2707
20010719,0000,2907
20010720,0000,3605
20010721,0000,3783
20010722,0000,3428
20010723,0000,3429
20010724,0000,3468
20010725,0000,3543
20010726,0000,3637
20010727,0000,3501
20010728,0000,3369
20010729,0000,3029
20010730,0000,3076
20010731,0000,3028
20010801,0000,2960
20010802,0000,2997
20010803,0000,2683
20010804,0000,2847
20010805,0000,2991
20010806,0000,3232
20010807,0000,2897
20010808,0000,2936
20010809,0000,3007
20010810,0000,3252
20010811,0000,3037
20010812,0000,3120
20010813,0000,2880
20010814,0000,2816
20010815,0000,2875
20010816,0000,3190
20010817,0000,2951
20010818,0000,2673
20010819,0000,3004
20010820,0000,3395
20010821,0000,3858
20010822,0000,3076
20010823,0000,2701
20010824,0000,3052
20010825,0000,3029
20010826,0000,3220
20010827,0000,3897
20010828,0000,3543
20010829,0000,3044
20010830,0000,2907
20010831,0000,3032
20010901,0000,2883
20010902,0000,2429
20010903,0000,2511
20010904,0000,2539
20010905,0000,2490
20010906,0000,2486
20010907,0000,2535
20010908,0000,2843
20010909,0000,2450
20010910,0000,2439
20010911,0000,2893
20010912,0000,2570
20010913,0000,2523
20010914,0000,2263
20010915,0000,1891
20010916,0000,1649
20010917,0000,1106
20010918,0000,1861
20010919,0000,1708
20010920,0000,1082
20010921,0000,1624
20010922,0000,2065
20010923,0000,1818
20010924,0000,1659
20010925,0000,1831
20010926,0000,1471
20010927,0000,1430
20010928,0000,1506
20010929,0000,2589
20010930,0000,2020
20011001,0000,1780
20011002,0000,1754
20011003,0000,2512
20011004,0000,2329
20011005,0000,2368
20011006,0000,3229
20011007,0000,3101
20011008,0000,3062
20011009,0000,2903
20011010,0000,3185
20011011,0000,2860
20011012,0000,2719
20011013,0000,2670
20011014,0000,1278
20011015,0000,2185
20011016,0000,2202
20011017,0000,773
20011018,0000,856
20011019,0000,2086
20011020,0000,2217
20011021,0000,2443
20011022,0000,2436
20011023,0000,2499
20011024,0000,2577
20011025,0000,2552
20011026,0000,2626
20011027,0000,2493
20011028,0000,2082
20011029,0000,88
20011030,0000,452
20011031,0000,379
20011101,0000,282
20011102,0000,380
20011103,0000,510
20011104,0000,410
20011105,0000,597
20011106,0000,345
20011107,0000,230
20011108,0000,260
20011109,0000,264
20011110,0000,271
20011111,0000,316
20011112,0000,348
20011113,0000,308
20011114,0000,552
20011115,0000,146
20011116,0000,161
20011117,0000,350
20011118,0000,379
20011119,0000,270
20011120,0000,292
20011121,0000,360
20011122,0000,267
20011123,0000,247
20011124,0000,473
20011125,0000,68
20011126,0000,457
20011127,0000,312
20011128,0000,455
20011129,0000,77
20011130,0000,252
20011201,0000,379
20011202,0000,330
20011203,0000,225
20011204,0000,192
20011205,0000,439
20011206,0000,477
20011207,0000,60
20011208,0000,345
20011209,0000,369
20011210,0000,274
20011211,0000,248
20011212,0000,253
20011213,0000,300
20011214,0000,390
20011215,0000,262
20011216,0000,290
20011217,0000,300
20011218,0000,323
20011219,0000,436
20011220,0000,379
20011221,0000,326
20011222,0000,187
20011223,0000,112
20011224,0000,319
20011225,0000,308
20011226,0000,263
20011227,0000,345
20011228,0000,360
20011229,0000,352
20011230,0000,248
20011231,0000,270
20020101,0000,331
20020102,0000,185
20020103,0000,379
20020104,0000,-5
20020105,0000,726
20020106,0000,82
20020107,0000,374
20020108,0000,315
20020109,0000,300
20020110,0000,226
20020111,0000,263
20020112,0000,399
20020113,0000,305
20020114,0000,244
20020115,0000,357
20020116,0000,334
20020117,0000,319
20020118,0000,184
20020119,0000,639
20020120,0000,141
20020121,0000,277
20020122,0000,199
20020123,0000,372
20020124,0000,182
20020125,0000,245
20020126,0000,329
20020127,0000,323
20020128,0000,389
20020129,0000,285
20020130,0000,757
20020131,0000,381
20020201,0000,145
20020202,0000,774
20020203,0000,187
20020204,0000,583
20020205,0000,629
20020206,0000,-76
20020207,0000,320
20020208,0000,308
20020209,0000,236
20020210,0000,302
20020211,0000,286
20020212,0000,307
20020213,0000,42
20020214,0000,334
20020215,0000,260
20020216,0000,282
20020217,0000,367
20020218,0000,303
20020219,0000,416
20020220,0000,382
20020221,0000,239
20020222,0000,229
20020223,0000,298
20020224,0000,304
20020225,0000,285
20020226,0000,323
20020227,0000,320
20020228,0000,339
20020301,0000,401
20020302,0000,168
20020303,0000,273
20020304,0000,316
20020305,0000,350
20020306,0000,358
20020307,0000,300
20020308,0000,306
20020309,0000,298
20020310,0000,274
20020311,0000,310
20020312,0000,296
20020313,0000,286
20020314,0000,544
20020315,0000,617
20020316,0000,165
20020317,0000,541
20020318,0000,876
20020319,0000,219
20020320,0000,421
20020321,0000,253
20020322,0000,719
20020323,0000,486
20020324,0000,360
20020325,0000,197
20020326,0000,328
20020327,0000,328
20020328,0000,279
20020329,0000,304
20020330,0000,336
20020331,0000,318
20020401,0000,310
20020402,0000,278
20020403,0000,300
20020404,0000,345
20020405,0000,354
20020406,0000,389
20020407,0000,270
20020408,0000,269
20020409,0000,258
20020410,0000,386
20020411,0000,329
20020412,0000,308
20020413,0000,887
20020414,0000,1022
20020415,0000,1426
20020416,0000,1337
20020417,0000,1353
20020418,0000,967
20020419,0000,973
20020420,0000,1050
20020421,0000,1091
20020422,0000,911
20020423,0000,726
20020424,0000,1724
20020425,0000,1762
20020426,0000,1763
20020427,0000,1753
20020428,0000,1994
20020429,0000,2305
20020430,0000,2502
20020501,0000,3691
20020502,0000,4238
20020503,0000,5602
20020504,0000,5858
20020505,0000,5993
20020506,0000,5839
20020507,0000,5316
20020508,0000,5252
20020509,0000,5012
20020510,0000,4544
20020511,0000,4401
20020512,0000,4452
20020513,0000,4503
20020514,0000,4502
20020515,0000,4375
20020516,0000,4421
20020517,0000,4470
20020518,0000,4381
20020519,0000,4359
20020520,0000,2835
20020521,0000,2605
20020522,0000,2677
20020523,0000,2912
20020524,0000,2644
20020525,0000,2285
20020526,0000,2588
20020527,0000,2966
20020528,0000,2704
20020529,0000,2587
20020530,0000,2627
20020531,0000,2342
20020601,0000,2450
20020602,0000,2487
20020603,0000,2483
20020604,0000,2504
20020605,0000,2600
20020606,0000,2447
20020607,0000,2031
20020608,0000,2282
20020609,0000,2436
20020610,0000,2507
20020611,0000,2435
20020612,0000,2527
20020613,0000,2388
20020614,0000,2435
20020615,0000,2340
20020616,0000,2532
20020617,0000,2501
20020618,0000,2636
20020619,0000,2581
20020620,0000,2702
20020621,0000,2634
20020622,0000,2672
20020623,0000,2683
20020624,0000,2693
20020625,0000,2721
20020626,0000,2794
20020627,0000,2715
20020628,0000,2771
20020629,0000,2703
20020630,0000,2648
20020701,0000,2732
20020702,0000,2715
20020703,0000,2577
20020704,0000,2729
20020705,0000,2578
20020706,0000,2741
20020707,0000,2626
20020708,0000,2634
20020709,0000,2711
20020710,0000,2707
20020711,0000,2654
20020712,0000,2682
20020713,0000,2584
20020714,0000,2616
20020715,0000,2603
20020716,0000,2515
20020717,0000,2641
20020718,0000,2472
20020719,0000,3080
20020720,0000,2668
20020721,0000,2709
20020722,0000,2614
20020723,0000,2576
20020724,0000,2588
20020725,0000,2760
20020726,0000,2728
20020727,0000,2620
20020728,0000,2599
20020729,0000,2562
20020730,0000,2602
20020731,0000,2685
20020801,0000,2691
20020802,0000,2679
20020803,0000,2506
20020804,0000,2727
20020805,0000,2647
20020806,0000,2609
20020807,0000,2722
20020808,0000,2622
20020809,0000,2679
20020810,0000,2541
20020811,0000,2656
20020812,0000,2666
20020813,0000,2622
20020814,0000,2582
20020815,0000,2584
20020816,0000,2508
20020817,0000,2511
20020818,0000,2592
20020819,0000,2604
20020820,0000,2686
20020821,0000,2664
20020822,0000,2742
20020823,0000,2563
20020824,0000,2666
20020825,0000,2630
20020826,0000,2654
20020827,0000,2699
20020828,0000,2542
20020829,0000,2666
20020830,0000,2644
20020831,0000,3380
20020901,0000,2741
20020902,0000,2580
20020903,0000,2663
20020904,0000,2734
20020905,0000,1548
20020906,0000,1789
20020907,0000,1895
20020908,0000,1732
20020909,0000,1936
20020910,0000,1750
20020911,0000,1757
20020912,0000,1782
20020913,0000,1834
20020914,0000,1879
20020915,0000,1778
20020916,0000,1802
20020917,0000,2068
20020918,0000,1964
20020919,0000,1867
20020920,0000,2129
20020921,0000,682
20020922,0000,308
20020923,0000,1110
20020924,0000,496
20020925,0000,412
20020926,0000,824
20020927,0000,1367
20020928,0000,439
20020929,0000,299
20020930,0000,392
20021001,0000,3333
20021002,0000,3483
20021003,0000,3733
20021004,0000,3556
20021005,0000,1462
20021006,0000,1287
20021007,0000,1475
20021008,0000,1396
20021009,0000,1494
20021010,0000,1437
20021011,0000,1471
20021012,0000,2600
20021013,0000,2484
20021014,0000,2457
20021015,0000,2456
20021016,0000,2426
20021017,0000,2214
20021018,0000,2450
20021019,0000,2534
20021020,0000,-60
20021021,0000,450
20021022,0000,264
20021023,0000,263
20021024,0000,297
20021025,0000,364
20021026,0000,328
20021027,0000,308
20021028,0000,399
20021029,0000,229
20021030,0000,328
20021031,0000,297
20021101,0000,333
20021102,0000,270
20021103,0000,492
20021104,0000,-23
20021105,0000,413
20021106,0000,421
20021107,0000,289
20021108,0000,295
20021109,0000,440
20021110,0000,292
20021111,0000,675
20021112,0000,1133
20021113,0000,318
20021114,0000,906
20021115,0000,251
20021116,0000,1127
20021117,0000,318
20021118,0000,1040
20021119,0000,263
20021120,0000,1029
20021121,0000,322
20021122,0000,344
20021123,0000,862
20021124,0000,269
20021125,0000,239
20021126,0000,320
20021127,0000,1056
20021128,0000,680
20021129,0000,483
20021130,0000,315
20021201,0000,218
20021202,0000,362
20021203,0000,333
20021204,0000,356
20021205,0000,763
20021206,0000,355
20021207,0000,816
20021208,0000,364
20021209,0000,570
20021210,0000,418
20021211,0000,340
20021212,0000,704
20021213,0000,499
20021214,0000,531
20021215,0000,366
20021216,0000,384
20021217,0000,345
20021218,0000,508
20021219,0000,501
20021220,0000,573
20021221,0000,353
20021222,0000,214
20021223,0000,573
20021224,0000,350
20021225,0000,350
20021226,0000,321
20021227,0000,737
20021228,0000,459
20021229,0000,325
20021230,0000,384
20021231,0000,407
20030101,0000,310
20030102,0000,457
20030103,0000,547
20030104,0000,418
20030105,0000,210
20030106,0000,388
20030107,0000,464
20030108,0000,384
20030109,0000,617
20030110,0000,406
20030111,0000,282
20030112,0000,595
20030113,0000,400
20030114,0000,388
20030115,0000,265
20030116,0000,375
20030117,0000,500
20030118,0000,498
20030119,0000,408
20030120,0000,301
20030121,0000,414
20030122,0000,438
20030123,0000,478
20030124,0000,437
20030125,0000,415
20030126,0000,446
20030127,0000,453
20030128,0000,1466
20030129,0000,374
20030130,0000,358
20030131,0000,373
20030201,0000,1357
20030202,0000,1413
20030203,0000,1502
20030204,0000,1223
20030205,0000,1301
20030206,0000,1551
20030207,0000,1242
20030208,0000,1303
20030209,0000,1362
20030210,0000,1273
20030211,0000,1543
20030212,0000,1315
20030213,0000,1398
20030214,0000,1348
20030215,0000,1398
20030216,0000,1401
20030217,0000,1372
20030218,0000,1375
20030219,0000,1988
20030220,0000,1955
20030221,0000,2129
20030222,0000,2222
20030223,0000,1900
20030224,0000,2035
20030225,0000,1812
20030226,0000,1154
20030227,0000,1099
20030228,0000,1174
20030301,0000,1095
20030302,0000,1094
20030303,0000,1231
20030304,0000,1094
20030305,0000,1150
20030306,0000,1160
20030307,0000,1109
20030308,0000,1060
20030309,0000,1160
20030310,0000,1198
20030311,0000,1088
20030312,0000,1187
20030313,0000,1073
20030314,0000,400
20030315,0000,771
20030316,0000,310
20030317,0000,291
20030318,0000,1207
20030319,0000,2276
20030320,0000,1944
20030321,0000,1667
20030322,0000,1914
20030323,0000,1633
20030324,0000,2273
20030325,0000,2146
20030326,0000,2133
20030327,0000,2219
20030328,0000,1866
20030329,0000,1992
20030330,0000,1516
20030331,0000,1788
20030401,0000,1713
20030402,0000,1661
20030403,0000,1646
20030404,0000,2689
20030405,0000,2276
20030406,0000,1358
20030407,0000,2366
20030408,0000,2373
20030409,0000,1168
20030410,0000,1070
20030411,0000,764
20030412,0000,514
20030413,0000,441
20030414,0000,521
20030415,0000,145
20030416,0000,506
20030417,0000,468
20030418,0000,372
20030419,0000,391
20030420,0000,384
20030421,0000,454
20030422,0000,408
20030423,0000,500
20030424,0000,538
20030425,0000,284
20030426,0000,471
20030427,0000,541
20030428,0000,407
20030429,0000,418
20030430,0000,710
20030501,0000,2229
20030502,0000,2917
20030503,0000,2682
20030504,0000,2665
20030505,0000,2616
20030506,0000,2569
20030507,0000,2554
20030508,0000,3427
20030509,0000,3844
20030510,0000,3915
20030511,0000,4020
20030512,0000,4065
20030513,0000,4075
20030514,0000,4101
20030515,0000,4069
20030516,0000,4081
20030517,0000,4111
20030518,0000,4084
20030519,0000,4078
20030520,0000,4091
20030521,0000,4111
20030522,0000,4134
20030523,0000,4109
20030524,0000,4077
20030525,0000,4025
20030526,0000,4053
20030527,0000,4028
20030528,0000,4029
20030529,0000,3979
20030530,0000,3977
20030531,0000,3969
20030601,0000,3978
20030602,0000,3968
20030603,0000,4013
20030604,0000,3998
20030605,0000,4012
20030606,0000,4003
20030607,0000,4004
20030608,0000,3995
20030609,0000,3849
20030610,0000,3977
20030611,0000,3972
20030612,0000,3977
20030613,0000,3976
20030614,0000,3990
20030615,0000,3988
20030616,0000,3974
20030617,0000,3972
20030618,0000,3980
20030619,0000,3978
20030620,0000,3988
20030621,0000,3993
20030622,0000,3972
20030623,0000,4025
20030624,0000,4012
20030625,0000,3585
20030626,0000,3223
20030627,0000,3125
20030628,0000,3108
20030629,0000,3030
20030630,0000,3046
20030701,0000,3095
20030702,0000,3029
20030703,0000,3097
20030704,0000,3074
20030705,0000,2986
20030706,0000,3044
20030707,0000,2968
20030708,0000,3116
20030709,0000,3953
20030710,0000,4132
20030711,0000,3860
20030712,0000,3984
20030713,0000,3816
20030714,0000,3622
20030715,0000,1988
20030716,0000,2088
20030717,0000,2566
20030718,0000,2619
20030719,0000,2412
20030720,0000,1639
20030721,0000,2313
20030722,0000,2230
20030723,0000,1719
20030724,0000,2357
20030725,0000,2357
20030726,0000,2149
20030727,0000,2493
20030728,0000,1609
20030729,0000,2040
20030730,0000,2330
20030731,0000,2110
20030801,0000,3292
20030802,0000,3260
20030803,0000,2379
20030804,0000,3025
20030805,0000,3329
20030806,0000,2886
20030807,0000,2900
20030808,0000,3062
20030809,0000,3051
20030810,0000,2793
20030811,0000,3076
20030812,0000,2443
20030813,0000,2350
20030814,0000,2626
20030815,0000,2708
20030816,0000,2580
20030817,0000,1789
20030818,0000,2366
20030819,0000,2876
20030820,0000,2882
20030821,0000,3875
20030822,0000,3938
20030823,0000,3580
20030824,0000,3686
20030825,0000,3722
20030826,0000,3906
20030827,0000,3981
20030828,0000,4115
20030829,0000,4064
20030830,0000,4077
20030831,0000,4055
20030901,0000,4039
20030902,0000,3787
20030903,0000,3748
20030904,0000,3448
20030905,0000,3274
20030906,0000,3458
20030907,0000,3459
20030908,0000,3489
20030909,0000,3213
20030910,0000,3535
20030911,0000,3229
20030912,0000,3269
20030913,0000,3147
20030914,0000,3056
20030915,0000,3618
20030916,0000,3535
20030917,0000,3005
20030918,0000,2990
20030919,0000,3462
20030920,0000,3102
20030921,0000,3025
20030922,0000,2959
20030923,0000,2991
20030924,0000,3116
20030925,0000,3252
20030926,0000,3253
20030927,0000,3149
20030928,0000,2979
20030929,0000,3236
20030930,0000,3190
20031001,0000,3284
20031002,0000,3311
20031003,0000,3045
20031004,0000,2880
20031005,0000,3298
20031006,0000,3206
20031007,0000,3146
20031008,0000,2964
20031009,0000,3117
20031010,0000,3103
20031011,0000,3342
20031012,0000,2906
20031013,0000,3292
20031014,0000,3212
20031015,0000,2175
20031016,0000,1895
20031017,0000,2066
20031018,0000,1949
20031019,0000,3026
20031020,0000,3023
20031021,0000,3158
20031022,0000,2870
20031023,0000,2514
20031024,0000,3062
20031025,0000,3132
20031026,0000,2623
20031027,0000,391
20031028,0000,552
20031029,0000,386
20031030,0000,449
20031031,0000,330
20031101,0000,355
20031102,0000,527
20031103,0000,374
20031104,0000,1609
20031105,0000,1525
20031106,0000,1473
20031107,0000,1458
20031108,0000,1506
20031109,0000,1431
20031110,0000,1483
20031111,0000,1500
20031112,0000,1533
20031113,0000,1413
20031114,0000,1370
20031115,0000,1387
20031116,0000,415
20031117,0000,449
20031118,0000,434
20031119,0000,425
20031120,0000,427
20031121,0000,316
20031122,0000,1308
20031123,0000,1620
20031124,0000,1979
20031125,0000,1352
20031126,0000,1424
20031127,0000,1198
20031128,0000,1138
20031129,0000,1087
20031130,0000,841
20031201,0000,916
20031202,0000,373
20031203,0000,388
20031204,0000,919
20031205,0000,831
20031206,0000,672
20031207,0000,298
20031208,0000,497
20031209,0000,1164
20031210,0000,475
20031211,0000,560
20031212,0000,1113
20031213,0000,834
20031214,0000,452
20031215,0000,340
20031216,0000,404
20031217,0000,770
20031218,0000,833
20031219,0000,1096
20031220,0000,874
20031221,0000,249
20031222,0000,864
20031223,0000,437
20031224,0000,478
20031225,0000,403
20031226,0000,365
20031227,0000,373
20031228,0000,415
20031229,0000,484
20031230,0000,390
20031231,0000,1188
20040101,0000,466
20040102,0000,437
20040103,0000,377
20040104,0000,631
20040105,0000,933
20040106,0000,811
20040107,0000,805
20040108,0000,903
20040109,0000,463
20040110,0000,422
20040111,0000,238
20040112,0000,399
20040113,0000,410
20040114,0000,546
20040115,0000,490
20040116,0000,324
20040117,0000,389
20040118,0000,392
20040119,0000,385
20040120,0000,954
20040121,0000,1122
20040122,0000,986
20040123,0000,1133
20040124,0000,1108
20040125,0000,961
20040126,0000,1372
20040127,0000,1364
20040128,0000,422
20040129,0000,753
20040130,0000,410
20040131,0000,593
20040201,0000,475
20040202,0000,543
20040203,0000,354
20040204,0000,309
20040205,0000,453
20040206,0000,382
20040207,0000,388
20040208,0000,419
20040209,0000,547
20040210,0000,441
20040211,0000,299
20040212,0000,386
20040213,0000,453
20040214,0000,383
20040215,0000,427
20040216,0000,696
20040217,0000,681
20040218,0000,692
20040219,0000,1016
20040220,0000,1980
20040221,0000,2022
20040222,0000,2133
20040223,0000,2126
20040224,0000,2123
20040225,0000,2268
20040226,0000,2247
20040227,0000,2035
20040228,0000,2089
20040229,0000,3150
20040301,0000,2138
20040302,0000,2053
20040303,0000,2265
20040304,0000,4985
20040305,0000,5197
20040306,0000,5275
20040307,0000,4695
20040308,0000,5710
20040309,0000,5323
20040310,0000,5243
20040311,0000,5512
20040312,0000,4728
20040313,0000,4528
20040314,0000,4427
20040315,0000,2582
20040316,0000,2017
20040317,0000,2065
20040318,0000,2043
20040319,0000,2016
20040320,0000,1988
20040321,0000,2037
20040322,0000,2282
20040323,0000,3752
20040324,0000,3744
20040325,0000,3422
20040326,0000,3622
20040327,0000,3626
20040328,0000,3779
20040329,0000,3998
20040330,0000,2430
20040331,0000,2360
20040401,0000,2845
20040402,0000,1976
20040403,0000,2002
20040404,0000,2012
20040405,0000,2009
20040406,0000,2006
20040407,0000,1968
20040408,0000,2066
20040409,0000,2703
20040410,0000,2428
20040411,0000,2876
20040412,0000,3274
20040413,0000,3666
20040414,0000,3002
20040415,0000,2527
20040416,0000,2887
20040417,0000,2469
20040418,0000,3093
20040419,0000,2817
20040420,0000,2420
20040421,0000,2282
20040422,0000,2176
20040423,0000,2918
20040424,0000,2458
20040425,0000,2540
20040426,0000,2985
20040427,0000,3045
20040428,0000,3222
20040429,0000,3178
20040430,0000,2834
20040501,0000,3047
20040502,0000,2629
20040503,0000,2664
20040504,0000,2723
20040505,0000,2530
20040506,0000,3191
20040507,0000,m
20040508,0000,m
20040509,0000,2658
20040510,0000,2600
20040511,0000,2396
20040512,0000,3059
20040513,0000,3178
20040514,0000,4112
20040515,0000,4707
20040516,0000,6144
20040517,0000,6207
20040518,0000,6209
20040519,0000,6113
20040520,0000,6104
20040521,0000,6164
20040522,0000,6203
20040523,0000,6090
20040524,0000,6082
20040525,0000,6085
20040526,0000,5793
20040527,0000,5559
20040528,0000,5415
20040529,0000,4829
20040530,0000,4459
20040531,0000,4943
20040601,0000,4844
20040602,0000,4195
20040603,0000,4230
20040604,0000,4120
20040605,0000,4604
20040606,0000,4103
20040607,0000,4128
20040608,0000,4132
20040609,0000,4169
20040610,0000,4198
20040611,0000,4123
20040612,0000,4182
20040613,0000,4082
20040614,0000,4133
20040615,0000,4073
20040616,0000,4150
20040617,0000,4212
20040618,0000,4133
20040619,0000,4151
20040620,0000,4127
20040621,0000,4069
20040622,0000,4101
20040623,0000,4062
20040624,0000,4110
20040625,0000,4108
20040626,0000,4106
20040627,0000,4102
20040628,0000,4090
20040629,0000,4083
20040630,0000,4042
20040701,0000,4067
20040702,0000,4056
20040703,0000,4096
20040704,0000,4090
20040705,0000,4090
20040706,0000,4145
20040707,0000,3513
20040708,0000,4224
20040709,0000,4264
20040710,0000,4258
20040711,0000,3733
20040712,0000,3118
20040713,0000,3805
20040714,0000,3485
20040715,0000,3194
20040716,0000,3103
20040717,0000,2883
20040718,0000,2854
20040719,0000,2760
20040720,0000,2881
20040721,0000,3060
20040722,0000,2873
20040723,0000,3652
20040724,0000,2833
20040725,0000,2801
20040726,0000,2850
20040727,0000,2676
20040728,0000,2713
20040729,0000,2719
20040730,0000,3371
20040731,0000,2322
20040801,0000,2860
20040802,0000,2890
20040803,0000,2710
20040804,0000,2818
20040805,0000,2423
20040806,0000,2351
20040807,0000,2462
20040808,0000,2666
20040809,0000,2392
20040810,0000,2294
20040811,0000,2388
20040812,0000,2507
20040813,0000,2576
20040814,0000,2237
20040815,0000,1999
20040816,0000,2144
20040817,0000,708
20040818,0000,647
20040819,0000,577
20040820,0000,402
20040821,0000,1641
20040822,0000,2596
20040823,0000,3642
20040824,0000,3807
20040825,0000,2287
20040826,0000,3130
20040827,0000,2913
20040828,0000,2735
20040829,0000,2548
20040830,0000,2618
20040831,0000,3556
20040901,0000,3240
20040902,0000,3464
20040903,0000,2326
20040904,0000,2480
20040905,0000,2414
20040906,0000,2208
20040907,0000,2201
20040908,0000,2446
20040909,0000,2444
20040910,0000,2282
20040911,0000,2263
20040912,0000,2139
20040913,0000,2038
20040914,0000,1659
20040915,0000,1960
20040916,0000,1852
20040917,0000,1737
20040918,0000,1527
20040919,0000,2335
20040920,0000,2246
20040921,0000,2391
20040922,0000,2164
20040923,0000,2479
20040924,0000,2234
20040925,0000,2795
20040926,0000,2771
20040927,0000,3839
20040928,0000,3877
20040929,0000,3974
20040930,0000,3858
20041001,0000,3974
20041002,0000,3953
20041003,0000,3952
20041004,0000,3692
20041005,0000,3922
20041006,0000,3848
20041007,0000,3908
20041008,0000,3865
20041009,0000,3845
20041010,0000,3938
20041011,0000,3869
20041012,0000,3925
20041013,0000,3807
20041014,0000,3965
20041015,0000,3811
20041016,0000,3659
20041017,0000,3919
20041018,0000,3679
20041019,0000,3285
20041020,0000,1086
20041021,0000,1592
20041022,0000,1371
20041023,0000,2376
20041024,0000,2319
20041025,0000,2237
20041026,0000,2306
20041027,0000,2372
20041028,0000,2400
20041029,0000,2401
20041030,0000,2344
20041031,0000,636
20041101,0000,442
20041102,0000,423
20041103,0000,323
20041104,0000,320
20041105,0000,362
20041106,0000,383
20041107,0000,410
20041108,0000,388
20041109,0000,73
20041110,0000,524
20041111,0000,330
20041112,0000,293
20041113,0000,421
20041114,0000,372
20041115,0000,320
20041116,0000,395
20041117,0000,338
20041118,0000,437
20041119,0000,403
20041120,0000,377
20041121,0000,281
20041122,0000,374
20041123,0000,286
20041124,0000,308
20041125,0000,277
20041126,0000,296
20041127,0000,306
20041128,0000,198
20041129,0000,324
20041130,0000,334
20041201,0000,512
20041202,0000,339
20041203,0000,362
20041204,0000,400
20041205,0000,396
20041206,0000,299
20041207,0000,411
20041208,0000,476
20041209,0000,261
20041210,0000,379
20041211,0000,313
20041212,0000,356
20041213,0000,324
20041214,0000,412
20041215,0000,299
20041216,0000,295
20041217,0000,331
20041218,0000,373
20041219,0000,370
20041220,0000,319
20041221,0000,388
20041222,0000,333
20041223,0000,377
20041224,0000,277
20041225,0000,270
20041226,0000,324
20041227,0000,550
20041228,0000,273
20041229,0000,141
20041230,0000,166
20041231,0000,319
20050101,0000,466
20050102,0000,403
20050103,0000,275
20050104,0000,94
20050105,0000,446
20050106,0000,288
20050107,0000,238
20050108,0000,431
20050109,0000,524
20050110,0000,282
20050111,0000,290
20050112,0000,267
20050113,0000,84
20050114,0000,906
20050115,0000,301
20050116,0000,494
20050117,0000,384
20050118,0000,312
20050119,0000,84
20050120,0000,409
20050121,0000,409
20050122,0000,408
20050123,0000,337
20050124,0000,327
20050125,0000,356
20050126,0000,m
20050127,0000,529
20050128,0000,310
20050129,0000,265
20050130,0000,310
20050131,0000,475
20050201,0000,-29
20050202,0000,672
20050203,0000,275
20050204,0000,138
20050205,0000,374
20050206,0000,346
20050207,0000,308
20050208,0000,498
20050209,0000,399
20050210,0000,531
20050211,0000,255
20050212,0000,269
20050213,0000,268
20050214,0000,331
20050215,0000,313
20050216,0000,316
20050217,0000,257
20050218,0000,384
20050219,0000,206
20050220,0000,402
20050221,0000,736
20050222,0000,340
20050223,0000,401
20050224,0000,306
20050225,0000,362
20050226,0000,358
20050227,0000,462
20050228,0000,400
20050301,0000,551
20050302,0000,445
20050303,0000,97
20050304,0000,351
20050305,0000,443
20050306,0000,393
20050307,0000,517
20050308,0000,406
20050309,0000,441
20050310,0000,302
20050311,0000,345
20050312,0000,563
20050313,0000,396
20050314,0000,270
20050315,0000,922
20050316,0000,439
20050317,0000,281
20050318,0000,580
20050319,0000,417
20050320,0000,315
20050321,0000,496
20050322,0000,605
20050323,0000,279
20050324,0000,452
20050325,0000,350
20050326,0000,374
20050327,0000,406
20050328,0000,578
20050329,0000,381
20050330,0000,392
20050331,0000,376
20050401,0000,347
20050402,0000,354
20050403,0000,449
20050404,0000,653
20050405,0000,1536
20050406,0000,1029
20050407,0000,518
20050408,0000,1129
20050409,0000,1288
20050410,0000,346
20050411,0000,888
20050412,0000,411
20050413,0000,449
20050414,0000,380
20050415,0000,1614
20050416,0000,906
20050417,0000,406
20050418,0000,527
20050419,0000,329
20050420,0000,456
20050421,0000,467
20050422,0000,454
20050423,0000,938
20050424,0000,642
20050425,0000,674
20050426,0000,812
20050427,0000,623
20050428,0000,881
20050429,0000,4020
20050430,0000,3053
20050501,0000,2709
20050502,0000,2388
20050503,0000,2614
20050504,0000,2669
20050505,0000,2432
20050506,0000,4112
20050507,0000,4693
20050508,0000,5511
20050509,0000,6242
20050510,0000,6247
20050511,0000,6667
20050512,0000,6650
20050513,0000,6848
20050514,0000,6419
20050515,0000,6209
20050516,0000,5999
20050517,0000,5602
20050518,0000,5304
20050519,0000,4649
20050520,0000,4954
20050521,0000,4509
20050522,0000,4112
20050523,0000,3911
20050524,0000,3267
20050525,0000,3138
20050526,0000,3528
20050527,0000,3669
20050528,0000,3392
20050529,0000,3140
20050530,0000,3369
20050531,0000,3283
20050601,0000,3151
20050602,0000,3086
20050603,0000,3120
20050604,0000,2970
20050605,0000,2985
20050606,0000,2873
20050607,0000,2988
20050608,0000,2582
20050609,0000,2922
20050610,0000,2769
20050611,0000,2602
20050612,0000,2778
20050613,0000,2514
20050614,0000,2810
20050615,0000,2564
20050616,0000,2870
20050617,0000,2777
20050618,0000,2689
20050619,0000,2620
20050620,0000,2776
20050621,0000,2606
20050622,0000,2555
20050623,0000,2565
20050624,0000,2740
20050625,0000,2549
20050626,0000,2639
20050627,0000,2553
20050628,0000,2548
20050629,0000,2699
20050630,0000,2643
20050701,0000,2662
20050702,0000,2657
20050703,0000,2619
20050704,0000,2706
20050705,0000,2686
20050706,0000,2662
20050707,0000,2460
20050708,0000,2610
20050709,0000,2506
20050710,0000,2565
20050711,0000,1866
20050712,0000,1955
20050713,0000,1886
20050714,0000,1887
20050715,0000,1515
20050716,0000,1527
20050717,0000,1608
20050718,0000,1915
20050719,0000,1876
20050720,0000,2019
20050721,0000,1886
20050722,0000,1645
20050723,0000,1910
20050724,0000,1663
20050725,0000,1743
20050726,0000,1751
20050727,0000,1794
20050728,0000,1681
20050729,0000,1665
20050730,0000,1600
20050731,0000,1714
20050801,0000,1641
20050802,0000,1399
20050803,0000,1734
20050804,0000,1562
20050805,0000,1606
20050806,0000,1762
20050807,0000,1661
20050808,0000,1652
20050809,0000,1600
20050810,0000,1655
20050811,0000,1677
20050812,0000,1188
20050813,0000,m
20050814,0000,1669
20050815,0000,1606
20050816,0000,1616
20050817,0000,1669
20050818,0000,1604
20050819,0000,1604
20050820,0000,1996
20050821,0000,2095
20050822,0000,2033
20050823,0000,2051
20050824,0000,1954
20050825,0000,1922
20050826,0000,1975
20050827,0000,1987
20050828,0000,2021
20050829,0000,3384
20050830,0000,2527
20050831,0000,1998
20050901,0000,2062
20050902,0000,1965
20050903,0000,1949
20050904,0000,1920
20050905,0000,1938
20050906,0000,2042
20050907,0000,2069
20050908,0000,1896
20050909,0000,1938
20050910,0000,2007
20050911,0000,1965
20050912,0000,1994
20050913,0000,2084
20050914,0000,2080
20050915,0000,2013
20050916,0000,2021
20050917,0000,2072
20050918,0000,2016
20050919,0000,2026
20050920,0000,2010
20050921,0000,1929
20050922,0000,1472
20050923,0000,1381
20050924,0000,1429
20050925,0000,1454
20050926,0000,1422
20050927,0000,1444
20050928,0000,1404
20050929,0000,1377
20050930,0000,1441
20051001,0000,923
20051002,0000,1352
20051003,0000,1409
20051004,0000,1424
20051005,0000,1344
20051006,0000,1355
20051007,0000,1207
20051008,0000,1142
20051009,0000,1125
20051010,0000,1068
20051011,0000,1084
20051012,0000,985
20051013,0000,905
20051014,0000,893
20051015,0000,950
20051016,0000,919
20051017,0000,960
20051018,0000,830
20051019,0000,761
20051020,0000,782
20051021,0000,870
20051022,0000,859
20051023,0000,825
20051024,0000,1021
20051025,0000,1074
20051026,0000,1013
20051027,0000,998
20051028,0000,1179
20051029,0000,1209
20051030,0000,1422
20051031,0000,1548
20051101,0000,1432
20051102,0000,1464
20051103,0000,1605
20051104,0000,1311
20051105,0000,1547
20051106,0000,1427
20051107,0000,1668
20051108,0000,1371
20051109,0000,1292
20051110,0000,1931
20051111,0000,1924
20051112,0000,1784
20051113,0000,1872
20051114,0000,1936
20051115,0000,1869
20051116,0000,1685
20051117,0000,1823
20051118,0000,1832
20051119,0000,1858
20051120,0000,1755
20051121,0000,1720
20051122,0000,1965
20051123,0000,1947
20051124,0000,1900
20051125,0000,1814
20051126,0000,1751
20051127,0000,1815
20051128,0000,1870
20051129,0000,1833
20051130,0000,1739
20051201,0000,1948
20051202,0000,1797
20051203,0000,1777
20051204,0000,1757
20051205,0000,1802
20051206,0000,1813
20051207,0000,1867
20051208,0000,1788
20051209,0000,1033
20051210,0000,1037
20051211,0000,1144
20051212,0000,1030
20051213,0000,1228
20051214,0000,1158
20051215,0000,1157
20051216,0000,1149
20051217,0000,1183
20051218,0000,1264
20051219,0000,1102
20051220,0000,678
20051221,0000,1221
20051222,0000,450
20051223,0000,2031
20051224,0000,2181
20051225,0000,2068
20051226,0000,2068
20051227,0000,1775
20051228,0000,1629
20051229,0000,1499
20051230,0000,1933
20051231,0000,1486
20060101,0000,1622
20060102,0000,1870
20060103,0000,2127
20060104,0000,1540
20060105,0000,1567
20060106,0000,2095
20060107,0000,3066
20060108,0000,2583
20060109,0000,2621
20060110,0000,2755
20060111,0000,2533
20060112,0000,3880
20060113,0000,7301
20060114,0000,7932
20060115,0000,7509
20060116,0000,8168
20060117,0000,7638
20060118,0000,7733
20060119,0000,7673
20060120,0000,7685
20060121,0000,7286
20060122,0000,7705
20060123,0000,7516
20060124,0000,6366
20060125,0000,4932
20060126,0000,4366
20060127,0000,4036
20060128,0000,3720
20060129,0000,3980
20060130,0000,3375
20060131,0000,3748
20060201,0000,3647
20060202,0000,3562
20060203,0000,2122
20060204,0000,2260
20060205,0000,1864
20060206,0000,2037
20060207,0000,2118
20060208,0000,2074
20060209,0000,4818
20060210,0000,4822
20060211,0000,4229
20060212,0000,4871
20060213,0000,4758
20060214,0000,4229
20060215,0000,4529
20060216,0000,4121
20060217,0000,3840
20060218,0000,3885
20060219,0000,3990
20060220,0000,4138
20060221,0000,3824
20060222,0000,3917
20060223,0000,3825
20060224,0000,1184
20060225,0000,3521
20060226,0000,3753
20060227,0000,3702
20060228,0000,3269
20060301,0000,2158
20060302,0000,2845
20060303,0000,3356
20060304,0000,3524
20060305,0000,3880
20060306,0000,236
20060307,0000,172
20060308,0000,603
20060309,0000,328
20060310,0000,471
20060311,0000,466
20060312,0000,291
20060313,0000,860
20060314,0000,841
20060315,0000,3555
20060316,0000,3057
20060317,0000,3322
20060318,0000,2734
20060319,0000,2641
20060320,0000,2279
20060321,0000,1956
20060322,0000,277
20060323,0000,1581
20060324,0000,1535
20060325,0000,1637
20060326,0000,2185
20060327,0000,1479
20060328,0000,612
20060329,0000,476
20060330,0000,m
20060331,0000,2007
20060401,0000,527
20060402,0000,593
20060403,0000,580
20060404,0000,443
20060405,0000,529
20060406,0000,375
20060407,0000,420
20060408,0000,531
20060409,0000,671
20060410,0000,507
20060411,0000,607
20060412,0000,807
20060413,0000,1057
20060414,0000,1135
20060415,0000,1117
20060416,0000,1134
20060417,0000,1600
20060418,0000,2232
20060419,0000,2077
20060420,0000,3912
20060421,0000,3928
20060422,0000,3764
20060423,0000,3948
20060424,0000,3750
20060425,0000,4505
20060426,0000,4481
20060427,0000,4566
20060428,0000,4752
20060429,0000,4662
20060430,0000,5120
20060501,0000,4985
20060502,0000,5779
20060503,0000,6673
20060504,0000,6912
20060505,0000,6959
20060506,0000,6809
20060507,0000,6908
20060508,0000,6873
20060509,0000,6374
20060510,0000,6528
20060511,0000,7223
20060512,0000,7198
20060513,0000,7747
20060514,0000,8277
20060515,0000,7809
20060516,0000,8557
20060517,0000,8956
20060518,0000,9366
20060519,0000,8944
20060520,0000,m
20060521,0000,m
20060522,0000,m
20060523,0000,m
20060524,0000,m
20060525,0000,13543
20060526,0000,13802
20060527,0000,11950
20060528,0000,12021
20060529,0000,11756
20060530,0000,12322
20060531,0000,11564
20060601,0000,12222
20060602,0000,12269
20060603,0000,12034
20060604,0000,11134
20060605,0000,10722
20060606,0000,9794
20060607,0000,9613
20060608,0000,8608
20060609,0000,8877
20060610,0000,8671
20060611,0000,8662
20060612,0000,8619
20060613,0000,8140
20060614,0000,8755
20060615,0000,7824
20060616,0000,8422
20060617,0000,8239
20060618,0000,8185
20060619,0000,6851
20060620,0000,6558
20060621,0000,6229
20060622,0000,5563
20060623,0000,5545
20060624,0000,5275
20060625,0000,5109
20060626,0000,5084
20060627,0000,5469
20060628,0000,5158
20060629,0000,4650
20060630,0000,4584
20060701,0000,4757
20060702,0000,4405
20060703,0000,4490
20060704,0000,4388
20060705,0000,4295
20060706,0000,4252
20060707,0000,4078
20060708,0000,3711
20060709,0000,3681
20060710,0000,4075
20060711,0000,3794
20060712,0000,3256
20060713,0000,3444
20060714,0000,3298
20060715,0000,2805
20060716,0000,3390
20060717,0000,3143
20060718,0000,2307
20060719,0000,2501
20060720,0000,2477
20060721,0000,2408
20060722,0000,2736
20060723,0000,2841
20060724,0000,2470
20060725,0000,3035
20060726,0000,2789
20060727,0000,2975
20060728,0000,2603
20060729,0000,2431
20060730,0000,2308
20060731,0000,3149
20060801,0000,2875
20060802,0000,3214
20060803,0000,2925
20060804,0000,2928
20060805,0000,2862
20060806,0000,2669
20060807,0000,3028
20060808,0000,2822
20060809,0000,2472
20060810,0000,2388
20060811,0000,2870
20060812,0000,2759
20060813,0000,2840
20060814,0000,3309
20060815,0000,2605
20060816,0000,2696
20060817,0000,3130
20060818,0000,2849
20060819,0000,2656
20060820,0000,2931
20060821,0000,2714
20060822,0000,3059
20060823,0000,2934
20060824,0000,2766
20060825,0000,2818
20060826,0000,2933
20060827,0000,2964
20060828,0000,3329
20060829,0000,3240
20060830,0000,2921
20060831,0000,2448
20060901,0000,3574
20060902,0000,3085
20060903,0000,2761
20060904,0000,2895
20060905,0000,2885
20060906,0000,3749
20060907,0000,3139
20060908,0000,2941
20060909,0000,3099
20060910,0000,3096
20060911,0000,2867
20060912,0000,3149
20060913,0000,3417
20060914,0000,3575
20060915,0000,3181
20060916,0000,3152
20060917,0000,3259
20060918,0000,3069
20060919,0000,3335
20060920,0000,3410
20060921,0000,3380
20060922,0000,3435
20060923,0000,3235
20060924,0000,3013
20060925,0000,3096
20060926,0000,3468
20060927,0000,3535
20060928,0000,3114
20060929,0000,3151
20060930,0000,3308
20061001,0000,3152
20061002,0000,394
20061003,0000,745
20061004,0000,624
20061005,0000,584
20061006,0000,664
20061007,0000,479
20061008,0000,667
20061009,0000,485
20061010,0000,548
20061011,0000,552
20061012,0000,865
20061013,0000,471
20061014,0000,591
20061015,0000,473
20061016,0000,532
20061017,0000,448
20061018,0000,774
20061019,0000,788
20061020,0000,872
20061021,0000,889
20061022,0000,786
20061023,0000,782
20061024,0000,797
20061025,0000,641
20061026,0000,725
20061027,0000,714
20061028,0000,819
20061029,0000,755
20061030,0000,749
20061031,0000,675
20061101,0000,627
20061102,0000,770
20061103,0000,726
20061104,0000,720
20061105,0000,795
20061106,0000,828
20061107,0000,785
20061108,0000,795
20061109,0000,750
20061110,0000,707
20061111,0000,711
20061112,0000,915
20061113,0000,1236
20061114,0000,1762
20061115,0000,1305
20061116,0000,626
20061117,0000,1027
20061118,0000,1850
20061119,0000,1873
20061120,0000,1816
20061121,0000,723
20061122,0000,721
20061123,0000,718
20061124,0000,705
20061125,0000,713
20061126,0000,807
20061127,0000,714
20061128,0000,717
20061129,0000,700
20061130,0000,711
20061201,0000,722
20061202,0000,723
20061203,0000,695
20061204,0000,709
20061205,0000,712
20061206,0000,705
20061207,0000,690
20061208,0000,679
20061209,0000,571
20061210,0000,728
20061211,0000,633
20061212,0000,799
20061213,0000,672
20061214,0000,564
20061215,0000,1130
20061216,0000,1295
20061217,0000,1253
20061218,0000,1060
20061219,0000,1263
20061220,0000,1310
20061221,0000,1279
20061222,0000,1089
20061223,0000,1263
20061224,0000,1320
20061225,0000,1275
20061226,0000,1277
20061227,0000,1204
20061228,0000,1324
20061229,0000,1336
20061230,0000,1345
20061231,0000,1285
20070101,0000,881
20070102,0000,870
20070103,0000,922
20070104,0000,960
20070105,0000,974
20070106,0000,890
20070107,0000,806
20070108,0000,878
20070109,0000,889
20070110,0000,897
20070111,0000,m

