Date,PST,Outflow
19900101,0000,300
19900102,0000,300
19900103,0000,300
19900104,0000,300
19900105,0000,300
19900106,0000,300
19900107,0000,319
19900108,0000,300
19900109,0000,300
19900110,0000,300
19900111,0000,300
19900112,0000,300
19900113,0000,300
19900114,0000,300
19900115,0000,300
19900116,0000,300
19900117,0000,300
19900118,0000,300
19900119,0000,300
19900120,0000,571
19900121,0000,574
19900122,0000,630
19900123,0000,627
19900124,0000,912
19900125,0000,798
19900126,0000,717
19900127,0000,714
19900128,0000,681
19900129,0000,680
19900130,0000,683
19900131,0000,300
19900201,0000,300
19900202,0000,300
19900203,0000,300
19900204,0000,300
19900205,0000,300
19900206,0000,300
19900207,0000,300
19900208,0000,300
19900209,0000,300
19900210,0000,300
19900211,0000,300
19900212,0000,300
19900213,0000,300
19900214,0000,300
19900215,0000,311
19900216,0000,300
19900217,0000,300
19900218,0000,300
19900219,0000,300
19900220,0000,351
19900221,0000,300
19900222,0000,300
19900223,0000,300
19900224,0000,300
19900225,0000,300
19900226,0000,300
19900227,0000,300
19900228,0000,300
19900301,0000,300
19900302,0000,300
19900303,0000,300
19900304,0000,300
19900305,0000,300
19900306,0000,300
19900307,0000,300
19900308,0000,300
19900309,0000,300
19900310,0000,300
19900311,0000,300
19900312,0000,300
19900313,0000,300
19900314,0000,300
19900315,0000,300
19900316,0000,300
19900317,0000,300
19900318,0000,300
19900319,0000,300
19900320,0000,300
19900321,0000,300
19900322,0000,300
19900323,0000,300
19900324,0000,300
19900325,0000,300
19900326,0000,300
19900327,0000,300
19900328,0000,300
19900329,0000,300
19900330,0000,300
19900331,0000,300
19900401,0000,328
19900402,0000,300
19900403,0000,300
19900404,0000,300
19900405,0000,300
19900406,0000,300
19900407,0000,300
19900408,0000,300
19900409,0000,300
19900410,0000,300
19900411,0000,300
19900412,0000,708
19900413,0000,836
19900414,0000,707
19900415,0000,300
19900416,0000,717
19900417,0000,300
19900418,0000,300
19900419,0000,741
19900420,0000,367
19900421,0000,706
19900422,0000,300
19900423,0000,706
19900424,0000,384
19900425,0000,727
19900426,0000,300
19900427,0000,696
19900428,0000,312
19900429,0000,300
19900430,0000,719
19900501,0000,300
19900502,0000,1100
19900503,0000,300
19900504,0000,1026
19900505,0000,300
19900506,0000,300
19900507,0000,1095
19900508,0000,300
19900509,0000,1310
19900510,0000,300
19900511,0000,1310
19900512,0000,1338
19900513,0000,300
19900514,0000,1342
19900515,0000,600
19900516,0000,600
19900517,0000,600
19900518,0000,600
19900519,0000,1292
19900520,0000,600
19900521,0000,1329
19900522,0000,600
19900523,0000,600
19900524,0000,600
19900525,0000,600
19900526,0000,600
19900527,0000,600
19900528,0000,600
19900529,0000,600
19900530,0000,2708
19900531,0000,2642
19900601,0000,300
19900602,0000,300
19900603,0000,300
19900604,0000,300
19900605,0000,300
19900606,0000,729
19900607,0000,150
19900608,0000,656
19900609,0000,150
19900610,0000,150
19900611,0000,703
19900929,0000,3254
19900930,0000,3155
19931001,0000,m
19931002,0000,959
19931003,0000,300
19931004,0000,300
19931005,0000,826
19931006,0000,750
19931007,0000,300
19931008,0000,300
19931009,0000,300
19931010,0000,300
19931011,0000,824
19931012,0000,1254
19931013,0000,300
19931014,0000,300
19931015,0000,300
19931016,0000,300
19931017,0000,300
19931018,0000,300
19931019,0000,970
19931020,0000,973
19931021,0000,300
19931022,0000,300
19931023,0000,300
19931024,0000,300
19931025,0000,300
19931026,0000,300
19931027,0000,978
19931028,0000,300
19931029,0000,m
19931030,0000,300
19931031,0000,300
19931101,0000,300
19931102,0000,300
19931103,0000,300
19931104,0000,300
19931105,0000,m
19931106,0000,m
19931107,0000,300
19931108,0000,300
19931109,0000,300
19931110,0000,300
19931111,0000,1362
19931112,0000,1299
19931113,0000,1230
19931114,0000,1219
19931115,0000,1221
19931116,0000,1223
19931117,0000,1229
19931118,0000,1239
19931119,0000,1230
19931120,0000,1247
19931121,0000,1252
19931122,0000,1290
19931123,0000,2393
19931124,0000,1332
19931125,0000,300
19931126,0000,300
19931127,0000,998
19931128,0000,300
19931129,0000,300
19931130,0000,300
19931201,0000,300
19931202,0000,300
19931203,0000,994
19931204,0000,300
19931205,0000,300
19931206,0000,300
19931207,0000,1053
19931208,0000,326
19931209,0000,310
19931210,0000,1363
19931211,0000,300
19931212,0000,300
19931213,0000,302
19931214,0000,300
19931215,0000,300
19931216,0000,300
19931217,0000,300
19931218,0000,300
19931219,0000,311
19931220,0000,714
19931221,0000,1052
19931222,0000,1106
19931223,0000,747
19931224,0000,617
19931225,0000,300
19931226,0000,300
19931227,0000,310
19931228,0000,300
19931229,0000,300
19931230,0000,312
19931231,0000,300
19940101,0000,300
19940102,0000,300
19940103,0000,300
19940104,0000,300
19940105,0000,300
19940106,0000,300
19940107,0000,300
19940108,0000,300
19940109,0000,300
19940110,0000,300
19940111,0000,300
19940112,0000,300
19940113,0000,300
19940114,0000,300
19940115,0000,300
19940116,0000,300
19940117,0000,300
19940118,0000,300
19940119,0000,300
19940120,0000,300
19940121,0000,300
19940122,0000,300
19940123,0000,300
19940124,0000,300
19940125,0000,300
19940126,0000,300
19940127,0000,300
19940128,0000,300
19940129,0000,300
19940130,0000,300
19940131,0000,300
19940201,0000,300
19940202,0000,300
19940203,0000,300
19940204,0000,300
19940205,0000,300
19940206,0000,300
19940207,0000,300
19940208,0000,300
19940209,0000,302
19940210,0000,1663
19940211,0000,1205
19940212,0000,300
19940213,0000,1116
19940214,0000,577
19940215,0000,575
19940216,0000,1228
19940217,0000,300
19940218,0000,300
19940219,0000,300
19940220,0000,300
19940221,0000,m
19940222,0000,300
19940223,0000,300
19940224,0000,300
19940225,0000,300
19940226,0000,300
19940227,0000,300
19940228,0000,300
19940301,0000,300
19940302,0000,300
19940303,0000,300
19940304,0000,320
19940305,0000,300
19940306,0000,314
19940307,0000,300
19940308,0000,350
19940309,0000,366
19940310,0000,300
19940311,0000,300
19940312,0000,309
19940313,0000,353
19940314,0000,300
19940315,0000,300
19940316,0000,300
19940317,0000,300
19940318,0000,321
19940319,0000,300
19940320,0000,321
19940321,0000,302
19940322,0000,946
19940323,0000,300
19940324,0000,318
19940325,0000,m
19940326,0000,m
19940327,0000,333
19940328,0000,300
19940329,0000,725
19940330,0000,300
19940331,0000,756
19940401,0000,782
19940402,0000,300
19940403,0000,334
19940404,0000,300
19940405,0000,1046
19940406,0000,1953
19940407,0000,1552
19940408,0000,1962
19940409,0000,1963
19940410,0000,3939
19940411,0000,3617
19940412,0000,3518
19940413,0000,3934
19940414,0000,3756
19940415,0000,3658
19940416,0000,3664
19940417,0000,3729
19940418,0000,3756
19940419,0000,3562
19940420,0000,3549
19940421,0000,3324
19940422,0000,4023
19940423,0000,3678
19940424,0000,3671
19940425,0000,2431
19940426,0000,1896
19940427,0000,1781
19940428,0000,1746
19940429,0000,2334
19940430,0000,3761
19940501,0000,3866
19940502,0000,2336
19940503,0000,1872
19940504,0000,1762
19940505,0000,1813
19940506,0000,1815
19940507,0000,3637
19940508,0000,3797
19940509,0000,3816
19940510,0000,m
19940511,0000,3780
19940512,0000,2774
19940513,0000,3901
19940514,0000,3830
19940515,0000,3790
19940516,0000,3657
19940517,0000,3840
19940518,0000,3794
19940519,0000,1500
19940520,0000,4036
19940521,0000,3720
19940522,0000,3713
19940523,0000,3705
19940524,0000,3838
19940525,0000,3854
19940526,0000,m
19940527,0000,3542
19940528,0000,3560
19940529,0000,3557
19940530,0000,3546
19940531,0000,3640
19940601,0000,3791
19940602,0000,3791
19940603,0000,3703
19940604,0000,3778
19940605,0000,3683
19940606,0000,3683
19940607,0000,3640
19940608,0000,3652
19940609,0000,3633
19940610,0000,3567
19940611,0000,3621
19940612,0000,3596
19940613,0000,3736
19940614,0000,2223
19940615,0000,3680
19940616,0000,3682
19940617,0000,3694
19940618,0000,3737
19940619,0000,3728
19940620,0000,3775
19940621,0000,3784
19940622,0000,3364
19940623,0000,3759
19940624,0000,3661
19940625,0000,3752
19940626,0000,3799
19940627,0000,3800
19940628,0000,3763
19940629,0000,3758
19940630,0000,2701
19940701,0000,2800
19940702,0000,2936
19940703,0000,2957
19940704,0000,2957
19940705,0000,2957
19940706,0000,2885
19940707,0000,3297
19940708,0000,3275
19940709,0000,3320
19940710,0000,3284
19940711,0000,3305
19940712,0000,3292
19940713,0000,2885
19940714,0000,2888
19940715,0000,450
19940716,0000,2901
19940717,0000,2657
19940718,0000,3045
19940719,0000,3954
19940720,0000,3360
19940721,0000,3752
19940722,0000,3904
19940723,0000,3913
19940724,0000,3914
19940725,0000,3914
19940726,0000,3908
19940727,0000,3896
19940728,0000,3896
19940729,0000,3895
19940730,0000,3887
19940731,0000,3888
19940801,0000,3901
19940802,0000,3879
19940803,0000,2864
19940804,0000,2926
19940805,0000,2938
19940806,0000,2947
19940807,0000,2941
19940808,0000,2905
19940809,0000,2948
19940810,0000,2946
19940811,0000,2921
19940812,0000,3048
19940813,0000,2941
19940814,0000,2882
19940815,0000,2871
19940816,0000,2865
19940817,0000,2865
19940818,0000,2997
19940819,0000,3014
19940820,0000,2980
19940821,0000,2806
19940822,0000,2980
19940823,0000,2471
19940824,0000,2748
19940825,0000,3143
19940826,0000,2629
19940827,0000,3177
19940828,0000,3128
19940829,0000,2914
19940830,0000,2893
19940831,0000,3001
19940901,0000,455
19940902,0000,450
19940903,0000,450
19940904,0000,1115
19940905,0000,450
19940906,0000,451
19940907,0000,450
19940908,0000,992
19940909,0000,m
19940910,0000,m
19940911,0000,450
19940912,0000,450
19940913,0000,450
19940914,0000,1963
19940915,0000,1616
19940916,0000,m
19940917,0000,m
19940918,0000,1462
19940919,0000,1505
19940920,0000,1526
19940921,0000,1477
19940922,0000,1481
19940923,0000,942
19940924,0000,450
19940925,0000,450
19940926,0000,450
19940927,0000,1488
19940928,0000,1522
19940929,0000,1521
19940930,0000,1402
19941001,0000,m
19941002,0000,1167
19941003,0000,814
19941004,0000,450
19941005,0000,450
19941006,0000,694
19941007,0000,620
19941008,0000,711
19941009,0000,709
19941010,0000,300
19941011,0000,300
19941012,0000,300
19941013,0000,300
19941014,0000,1359
19941015,0000,1070
19941016,0000,708
19941017,0000,1489
19941018,0000,300
19941019,0000,300
19941020,0000,300
19941021,0000,300
19941022,0000,311
19941023,0000,306
19941024,0000,300
19941025,0000,310
19941026,0000,303
19941027,0000,300
19941028,0000,300
19941029,0000,300
19941030,0000,313
19941031,0000,300
19941101,0000,300
19941102,0000,300
19941103,0000,300
19941104,0000,300
19941105,0000,300
19941106,0000,300
19941107,0000,300
19941108,0000,300
19941109,0000,300
19941110,0000,300
19941111,0000,300
19941112,0000,300
19941113,0000,300
19941114,0000,300
19941115,0000,300
19941116,0000,300
19941117,0000,300
19941118,0000,300
19941119,0000,300
19941120,0000,750
19941121,0000,306
19941122,0000,757
19941123,0000,300
19941124,0000,300
19941125,0000,300
19941126,0000,300
19941127,0000,300
19941128,0000,300
19941129,0000,300
19941130,0000,302
19941201,0000,864
19941202,0000,300
19941203,0000,300
19941204,0000,300
19941205,0000,300
19941206,0000,300
19941207,0000,721
19941208,0000,300
19941209,0000,1068
19941210,0000,320
19941211,0000,300
19941212,0000,300
19941213,0000,300
19941214,0000,300
19941215,0000,300
19941216,0000,300
19941217,0000,300
19941218,0000,300
19941219,0000,1498
19941220,0000,302
19941221,0000,300
19941222,0000,300
19941223,0000,1027
19941224,0000,1027
19941225,0000,300
19941226,0000,300
19941227,0000,300
19941228,0000,300
19941229,0000,300
19941230,0000,300
19941231,0000,1312
19950101,0000,300
19950102,0000,300
19950103,0000,300
19950104,0000,1061
19950105,0000,1061
19950106,0000,300
19950107,0000,300
19950108,0000,300
19950109,0000,300
19950110,0000,435
19950111,0000,381
19950112,0000,381
19950113,0000,300
19950114,0000,300
19950115,0000,300
19950116,0000,300
19950117,0000,300
19950118,0000,304
19950119,0000,300
19950120,0000,307
19950121,0000,302
19950122,0000,300
19950123,0000,300
19950124,0000,300
19950125,0000,300
19950126,0000,913
19950127,0000,300
19950128,0000,300
19950129,0000,300
19950130,0000,300
19950131,0000,300
19950201,0000,342
19950202,0000,500
19950203,0000,394
19950204,0000,300
19950205,0000,300
19950206,0000,300
19950207,0000,300
19950208,0000,300
19950209,0000,300
19950210,0000,300
19950211,0000,300
19950212,0000,300
19950213,0000,300
19950214,0000,300
19950215,0000,300
19950216,0000,300
19950217,0000,300
19950218,0000,300
19950219,0000,300
19950220,0000,300
19950221,0000,300
19950222,0000,300
19950223,0000,300
19950224,0000,300
19950225,0000,300
19950226,0000,300
19950227,0000,300
19950228,0000,300
19950301,0000,300
19950302,0000,300
19950303,0000,300
19950304,0000,300
19950305,0000,300
19950306,0000,300
19950307,0000,300
19950308,0000,300
19950309,0000,300
19950310,0000,300
19950311,0000,300
19950312,0000,300
19950313,0000,300
19950314,0000,300
19950315,0000,300
19950316,0000,1187
19950317,0000,2767
19950318,0000,3733
19950319,0000,4000
19950320,0000,4000
19950321,0000,4000
19950322,0000,4001
19950323,0000,4000
19950324,0000,4003
19950325,0000,4000
19950326,0000,6000
19950327,0000,6000
19950328,0000,6000
19950329,0000,6000
19950330,0000,6000
19950331,0000,6023
19950401,0000,4091
19950402,0000,3707
19950403,0000,3758
19950404,0000,2880
19950405,0000,2066
19950406,0000,1564
19950407,0000,500
19950408,0000,500
19950409,0000,500
19950410,0000,500
19950411,0000,500
19950412,0000,562
19950413,0000,1313
19950414,0000,2192
19950415,0000,2000
19950416,0000,2000
19950417,0000,2000
19950418,0000,1992
19950419,0000,2066
19950420,0000,1940
19950421,0000,2008
19950422,0000,1605
19950423,0000,2182
19950424,0000,2024
19950425,0000,1213
19950426,0000,1393
19950427,0000,3585
19950428,0000,4000
19950429,0000,4000
19950430,0000,4000
19950501,0000,4000
19950502,0000,4000
19950503,0000,4000
19950504,0000,4000
19950505,0000,4066
19950506,0000,4015
19950507,0000,4516
19950508,0000,4502
19950509,0000,4643
19950510,0000,4534
19950511,0000,4538
19950512,0000,4531
19950513,0000,4500
19950514,0000,4500
19950515,0000,4513
19950516,0000,6832
19950517,0000,6856
19950518,0000,6623
19950519,0000,5581
19950520,0000,2351
19950521,0000,4801
19950522,0000,4168
19950523,0000,3948
19950524,0000,4309
19950525,0000,4469
19950526,0000,4369
19950527,0000,4392
19950528,0000,4106
19950529,0000,3430
19950530,0000,4432
19950531,0000,4430
19950601,0000,4428
19950602,0000,4433
19950603,0000,4267
19950604,0000,4244
19950605,0000,4239
19950606,0000,4240
19950607,0000,4051
19950608,0000,3777
19950609,0000,3755
19950610,0000,3770
19950611,0000,3770
19950612,0000,3770
19950613,0000,3777
19950614,0000,3778
19950615,0000,3060
19950616,0000,3611
19950617,0000,3717
19950618,0000,3457
19950619,0000,3400
19950620,0000,3541
19950621,0000,3408
19950622,0000,3402
19950623,0000,3448
19950624,0000,3430
19950625,0000,3438
19950626,0000,3357
19950627,0000,3153
19950628,0000,3405
19950629,0000,3403
19950630,0000,3404
19950701,0000,3263
19950702,0000,3581
19950703,0000,3580
19950704,0000,3555
19950705,0000,3589
19950706,0000,3507
19950707,0000,3552
19950708,0000,3565
19950709,0000,3599
19950710,0000,3564
19950711,0000,3525
19950712,0000,3572
19950713,0000,3545
19950714,0000,3552
19950715,0000,3616
19950716,0000,3562
19950717,0000,3537
19950718,0000,3534
19950719,0000,3536
19950720,0000,3617
19950721,0000,2893
19950722,0000,3504
19950723,0000,3634
19950724,0000,3613
19950725,0000,3612
19950726,0000,3549
19950727,0000,3645
19950728,0000,m
19950729,0000,3546
19950730,0000,3553
19950731,0000,3570
19950801,0000,3555
19950802,0000,3548
19950803,0000,3500
19950804,0000,3545
19950805,0000,3561
19950806,0000,3578
19950807,0000,3571
19950808,0000,3561
19950809,0000,3691
19950810,0000,450
19950811,0000,m
19950812,0000,m
19950813,0000,3220
19950814,0000,3113
19950815,0000,3068
19950816,0000,m
19950817,0000,3124
19950818,0000,3247
19950819,0000,450
19950820,0000,2908
19950821,0000,3168
19950822,0000,3223
19950823,0000,3031
19950824,0000,3189
19950825,0000,3214
19950826,0000,m
19950827,0000,3317
19950828,0000,3937
19950829,0000,1200
19950830,0000,3320
19950831,0000,3225
19950901,0000,m
19950902,0000,m
19950903,0000,m
19950904,0000,3203
19950905,0000,3196
19950906,0000,3179
19950907,0000,3171
19950908,0000,3215
19950909,0000,2761
19950910,0000,3201
19950911,0000,3213
19950912,0000,2602
19950913,0000,2691
19950914,0000,2708
19950915,0000,2714
19950916,0000,2705
19950917,0000,2704
19950918,0000,2704
19950919,0000,2674
19950920,0000,2706
19950921,0000,2669
19950922,0000,2666
19950923,0000,2694
19950924,0000,2719
19950925,0000,2554
19950926,0000,2645
19950927,0000,2719
19950928,0000,2602
19950929,0000,2585
19950930,0000,1833
19951001,0000,m
19951002,0000,1427
19951003,0000,1841
19951004,0000,3485
19951005,0000,2180
19951006,0000,1526
19951007,0000,1828
19951008,0000,1885
19951009,0000,1867
19951010,0000,1556
19951011,0000,1625
19951012,0000,1591
19951013,0000,1766
19951014,0000,1755
19951015,0000,1981
19951016,0000,1823
19951017,0000,m
19951018,0000,1403
19951019,0000,1414
19951020,0000,1457
19951021,0000,300
19951022,0000,300
19951023,0000,300
19951024,0000,300
19951025,0000,300
19951026,0000,300
19951027,0000,300
19951028,0000,309
19951029,0000,300
19951030,0000,418
19951031,0000,300
19951101,0000,300
19951102,0000,300
19951103,0000,300
19951104,0000,300
19951105,0000,300
19951106,0000,300
19951107,0000,310
19951108,0000,305
19951109,0000,m
19951110,0000,300
19951111,0000,300
19951112,0000,300
19951113,0000,300
19951114,0000,1308
19951115,0000,2136
19951116,0000,300
19951117,0000,300
19951118,0000,300
19951119,0000,1046
19951120,0000,803
19951121,0000,300
19951122,0000,1063
19951123,0000,300
19951124,0000,300
19951125,0000,1049
19951126,0000,463
19951127,0000,317
19951128,0000,1376
19951129,0000,300
19951130,0000,300
19951201,0000,1352
19951202,0000,300
19951203,0000,300
19951204,0000,300
19951205,0000,300
19951206,0000,300
19951207,0000,948
19951208,0000,300
19951209,0000,300
19951210,0000,498
19951211,0000,808
19951212,0000,300
19951213,0000,300
19951214,0000,300
19951215,0000,300
19951216,0000,300
19951217,0000,300
19951218,0000,300
19951219,0000,530
19951220,0000,301
19951221,0000,760
19951222,0000,933
19951223,0000,301
19951224,0000,300
19951225,0000,801
19951226,0000,676
19951227,0000,738
19951228,0000,300
19951229,0000,302
19951230,0000,300
19951231,0000,300
19960101,0000,300
19960102,0000,300
19960103,0000,300
19960104,0000,1092
19960105,0000,300
19960106,0000,300
19960107,0000,300
19960108,0000,1228
19960109,0000,307
19960110,0000,300
19960111,0000,300
19960112,0000,300
19960113,0000,300
19960114,0000,300
19960115,0000,300
19960116,0000,300
19960117,0000,300
19960118,0000,300
19960119,0000,300
19960120,0000,300
19960121,0000,300
19960122,0000,300
19960123,0000,300
19960124,0000,300
19960125,0000,398
19960126,0000,304
19960127,0000,2317
19960128,0000,m
19960129,0000,2351
19960130,0000,1481
19960131,0000,300
19960201,0000,300
19960202,0000,300
19960203,0000,300
19960204,0000,300
19960205,0000,974
19960206,0000,1369
19960207,0000,1873
19960208,0000,2352
19960209,0000,3588
19960210,0000,3309
19960211,0000,4100
19960212,0000,4317
19960213,0000,6257
19960214,0000,6199
19960215,0000,6184
19960216,0000,6884
19960217,0000,7176
19960218,0000,7186
19960219,0000,7202
19960220,0000,7216
19960221,0000,6280
19960222,0000,492
19960223,0000,6000
19960224,0000,6001
19960225,0000,6023
19960226,0000,5969
19960227,0000,4503
19960228,0000,4094
19960229,0000,4106
19960301,0000,4547
19960302,0000,4632
19960303,0000,3198
19960304,0000,2804
19960305,0000,2798
19960306,0000,2800
19960307,0000,2797
19960308,0000,3217
19960309,0000,3038
19960310,0000,2873
19960311,0000,2789
19960312,0000,3035
19960313,0000,2984
19960314,0000,2871
19960315,0000,900
19960317,0000,765
19960318,0000,880
19960319,0000,774
19960320,0000,807
19960321,0000,505
19960322,0000,1296
19960323,0000,1359
19960324,0000,1296
19960325,0000,1225
19960326,0000,300
19960327,0000,300
19960328,0000,1604
19960329,0000,1387
19960330,0000,1496
19960331,0000,1684
19960401,0000,1401
19960402,0000,1402
19960403,0000,1430
19960404,0000,1485
19960405,0000,1487
19960406,0000,1400
19960407,0000,1415
19960408,0000,1503
19960409,0000,1395
19960410,0000,1510
19960411,0000,1253
19960412,0000,1940
19960413,0000,1875
19960414,0000,1754
19960415,0000,1616
19960416,0000,1648
19960417,0000,1243
19960418,0000,906
19960419,0000,1579
19960420,0000,1788
19960421,0000,2212
19960422,0000,2154
19960423,0000,2037
19960424,0000,2008
19960425,0000,2187
19960426,0000,2132
19960427,0000,1997
19960428,0000,2009
19960429,0000,1634
19960430,0000,1565
19960501,0000,1591
19960502,0000,1554
19960503,0000,1735
19960504,0000,1932
19960505,0000,1690
19960506,0000,1423
19960507,0000,1534
19960508,0000,1735
19960509,0000,1705
19960510,0000,1665
19960511,0000,889
19960512,0000,870
19960513,0000,2004
19960514,0000,3056
19960515,0000,5427
19960516,0000,5267
19960517,0000,5395
19960518,0000,5149
19960519,0000,5271
19960520,0000,4176
19960521,0000,2164
19960522,0000,2184
19960523,0000,2107
19960524,0000,1317
19960525,0000,2233
19960526,0000,1611
19960527,0000,1500
19960528,0000,890
19960529,0000,800
19960530,0000,1671
19960531,0000,m
19960601,0000,1543
19960602,0000,1637
19960603,0000,1543
19960604,0000,1250
19960605,0000,1792
19960606,0000,1482
19960607,0000,2394
19960608,0000,2310
19960609,0000,2506
19960610,0000,2534
19960611,0000,2585
19960612,0000,2349
19960613,0000,2413
19960614,0000,2125
19960615,0000,3460
19960616,0000,3321
19960617,0000,3234
19960618,0000,3235
19960619,0000,3295
19960620,0000,3299
19960621,0000,3252
19960622,0000,3140
19960623,0000,3224
19960624,0000,3173
19960625,0000,3506
19960626,0000,3634
19960627,0000,3631
19960628,0000,3613
19960629,0000,3678
19960630,0000,3668
19960701,0000,3603
19960702,0000,3646
19960703,0000,3675
19960704,0000,3644
19960705,0000,3649
19960706,0000,3662
19960707,0000,3625
19960708,0000,3431
19960709,0000,3657
19960710,0000,3664
19960711,0000,3614
19960712,0000,3610
19960713,0000,3430
19960714,0000,3576
19960715,0000,3661
19960716,0000,3573
19960717,0000,3450
19960718,0000,3531
19960719,0000,3293
19960720,0000,3296
19960721,0000,3575
19960722,0000,3592
19960723,0000,3590
19960724,0000,3629
19960725,0000,3342
19960726,0000,3497
19960727,0000,3475
19960728,0000,3456
19960729,0000,3466
19960730,0000,3550
19960731,0000,3489
19960801,0000,3437
19960802,0000,3422
19960803,0000,3585
19960804,0000,3662
19960805,0000,3005
19960806,0000,2123
19960807,0000,2125
19960808,0000,2094
19960809,0000,3510
19960810,0000,3507
19960811,0000,3593
19960812,0000,3622
19960813,0000,3588
19960814,0000,3589
19960815,0000,3553
19960816,0000,3550
19960817,0000,3542
19960818,0000,3564
19960819,0000,3071
19960820,0000,3555
19960821,0000,3578
19960822,0000,3622
19960823,0000,3628
19960824,0000,3627
19960825,0000,3628
19960826,0000,3633
19960827,0000,3273
19960828,0000,3646
19960829,0000,3570
19960830,0000,3539
19960831,0000,3624
19960901,0000,3556
19960902,0000,3345
19960903,0000,3498
19960904,0000,3547
19960905,0000,3580
19960906,0000,3628
19960907,0000,3625
19960908,0000,3593
19960909,0000,3630
19960910,0000,3594
19960911,0000,3604
19960912,0000,2249
19960913,0000,3015
19960914,0000,2576
19960915,0000,2350
19960916,0000,2348
19960917,0000,2860
19960918,0000,2618
19960919,0000,2613
19960920,0000,2469
19960921,0000,2174
19960922,0000,2684
19960923,0000,2670
19960924,0000,2553
19960925,0000,1802
19960926,0000,2505
19960927,0000,2868
19960928,0000,2922
19960929,0000,2935
19960930,0000,2933
19961001,0000,3015
19961002,0000,2708
19961003,0000,2914
19961004,0000,2911
19961005,0000,3193
19961006,0000,2789
19961007,0000,3294
19961008,0000,3295
19961009,0000,3041
19961010,0000,2007
19961011,0000,1608
19961012,0000,2072
19961013,0000,1709
19961014,0000,1323
19961015,0000,1305
19961016,0000,1226
19961017,0000,1130
19961018,0000,1494
19961019,0000,1304
19961020,0000,1065
19961021,0000,1064
19961022,0000,300
19961023,0000,300
19961024,0000,300
19961025,0000,300
19961026,0000,300
19961027,0000,300
19961028,0000,300
19961029,0000,300
19961030,0000,474
19961031,0000,300
19961101,0000,300
19961102,0000,422
19961103,0000,300
19961104,0000,300
19961105,0000,300
19961106,0000,300
19961107,0000,300
19961108,0000,m
19961109,0000,300
19961110,0000,443
19961111,0000,300
19961112,0000,300
19961113,0000,300
19961114,0000,329
19961115,0000,300
19961116,0000,300
19961117,0000,444
19961118,0000,300
19961119,0000,300
19961120,0000,300
19961121,0000,300
19961122,0000,300
19961123,0000,300
19961124,0000,300
19961125,0000,314
19961126,0000,1124
19961127,0000,713
19961128,0000,551
19961129,0000,648
19961130,0000,657
19961201,0000,656
19961202,0000,551
19961203,0000,697
19961204,0000,303
19961205,0000,305
19961206,0000,308
19961207,0000,300
19961208,0000,300
19961209,0000,506
19961210,0000,500
19961211,0000,408
19961212,0000,450
19961213,0000,625
19961214,0000,654
19961215,0000,766
19961216,0000,628
19961217,0000,616
19961218,0000,614
19961219,0000,562
19961220,0000,605
19961221,0000,614
19961222,0000,616
19961223,0000,609
19961224,0000,609
19961225,0000,613
19961226,0000,615
19961227,0000,616
19961228,0000,682
19961229,0000,3166
19961230,0000,3937
19961231,0000,3870
19970101,0000,6311
19970102,0000,6333
19970103,0000,6326
19970104,0000,6194
19970105,0000,6314
19970106,0000,6238
19970107,0000,6316
19970108,0000,6274
19970109,0000,6318
19970110,0000,6319
19970111,0000,6322
19970112,0000,6317
19970113,0000,6318
19970114,0000,6320
19970115,0000,6315
19970116,0000,6313
19970117,0000,6298
19970118,0000,6322
19970119,0000,6313
19970120,0000,6316
19970121,0000,6316
19970122,0000,6331
19970123,0000,6345
19970124,0000,6324
19970125,0000,6324
19970126,0000,6336
19970127,0000,6319
19970128,0000,6318
19970129,0000,6318
19970130,0000,6319
19970131,0000,6321
19970201,0000,6265
19970202,0000,6332
19970203,0000,6320
19970204,0000,6318
19970205,0000,6301
19970206,0000,5517
19970207,0000,3907
19970208,0000,3612
19970209,0000,3245
19970210,0000,2625
19970211,0000,2141
19970212,0000,1809
19970213,0000,1516
19970214,0000,1753
19970215,0000,1721
19970216,0000,1905
19970217,0000,1314
19970218,0000,1190
19970219,0000,1182
19970220,0000,1271
19970221,0000,1258
19970222,0000,1277
19970223,0000,1295
19970224,0000,1251
19970225,0000,1406
19970226,0000,2163
19970227,0000,1247
19970228,0000,1288
19970301,0000,1733
19970302,0000,1464
19970303,0000,1645
19970304,0000,1788
19970305,0000,2307
19970306,0000,2364
19970307,0000,2128
19970308,0000,798
19970309,0000,621
19970310,0000,880
19970311,0000,777
19970312,0000,861
19970313,0000,831
19970314,0000,828
19970315,0000,300
19970316,0000,300
19970317,0000,300
19970318,0000,300
19970319,0000,300
19970320,0000,300
19970321,0000,300
19970322,0000,300
19970323,0000,314
19970324,0000,785
19970325,0000,300
19970326,0000,301
19970327,0000,300
19970328,0000,300
19970329,0000,300
19970330,0000,300
19970331,0000,300
19970401,0000,1134
19970402,0000,1245
19970403,0000,1247
19970404,0000,1573
19970405,0000,1462
19970406,0000,1972
19970407,0000,476
19970408,0000,1139
19970409,0000,1013
19970410,0000,799
19970411,0000,930
19970412,0000,877
19970413,0000,300
19970414,0000,1048
19970415,0000,727
19970416,0000,981
19970417,0000,2599
19970418,0000,2402
19970419,0000,2996
19970420,0000,2636
19970421,0000,2166
19970422,0000,2181
19970423,0000,300
19970424,0000,300
19970425,0000,1857
19970426,0000,2603
19970427,0000,2638
19970428,0000,2128
19970429,0000,2817
19970430,0000,2023
19970501,0000,2038
19970502,0000,2020
19970503,0000,1975
19970504,0000,2358
19970505,0000,2612
19970506,0000,2588
19970507,0000,2511
19970508,0000,2835
19970509,0000,3624
19970510,0000,3686
19970511,0000,3687
19970512,0000,3788
19970513,0000,3761
19970514,0000,3800
19970515,0000,3685
19970516,0000,3803
19970517,0000,3974
19970518,0000,3848
19970519,0000,3681
19970520,0000,3896
19970521,0000,3824
19970522,0000,3692
19970523,0000,3760
19970524,0000,4052
19970525,0000,3984
19970526,0000,3853
19970527,0000,3959
19970528,0000,3820
19970529,0000,3146
19970530,0000,3461
19970531,0000,3939
19970601,0000,3582
19970602,0000,3761
19970603,0000,3545
19970604,0000,3671
19970605,0000,3830
19970606,0000,3764
19970607,0000,3978
19970608,0000,3982
19970609,0000,3486
19970610,0000,3959
19970611,0000,3925
19970612,0000,3994
19970613,0000,3707
19970614,0000,3624
19970615,0000,3517
19970616,0000,3476
19970617,0000,3399
19970618,0000,3540
19970619,0000,2643
19970620,0000,3313
19970621,0000,3543
19970622,0000,3521
19970623,0000,3491
19970624,0000,3527
19970625,0000,3586
19970626,0000,3542
19970627,0000,3524
19970628,0000,3532
19970629,0000,3200
19970630,0000,3350
19970701,0000,3400
19970702,0000,3298
19970703,0000,3473
19970704,0000,3334
19970705,0000,3129
19970706,0000,3296
19970707,0000,3672
19970708,0000,3674
19970709,0000,3660
19970710,0000,3664
19970711,0000,3669
19970712,0000,3334
19970713,0000,3311
19970714,0000,3374
19970715,0000,3407
19970716,0000,3403
19970717,0000,3452
19970718,0000,3487
19970719,0000,3618
19970720,0000,3622
19970721,0000,3625
19970722,0000,3635
19970723,0000,3478
19970724,0000,3505
19970725,0000,3540
19970726,0000,3532
19970727,0000,3424
19970728,0000,3294
19970729,0000,3287
19970730,0000,3473
19970731,0000,3652
19970801,0000,3084
19970802,0000,3331
19970803,0000,2533
19970804,0000,2274
19970805,0000,2623
19970806,0000,2721
19970807,0000,2961
19970808,0000,2421
19970809,0000,2626
19970810,0000,1987
19970811,0000,2001
19970812,0000,1727
19970813,0000,1453
19970814,0000,1468
19970815,0000,1546
19970816,0000,1467
19970817,0000,1525
19970818,0000,1539
19970819,0000,1361
19970820,0000,1482
19970821,0000,1529
19970822,0000,1326
19970823,0000,1415
19970824,0000,1485
19970825,0000,1598
19970826,0000,1535
19970827,0000,1597
19970828,0000,1448
19970829,0000,1504
19970830,0000,1384
19970831,0000,1229
19970901,0000,2103
19970902,0000,1927
19970903,0000,633
19970904,0000,450
19970905,0000,1169
19970906,0000,1286
19970907,0000,1292
19970908,0000,1307
19970909,0000,1337
19970910,0000,1195
19970911,0000,943
19970912,0000,898
19970913,0000,450
19970914,0000,450
19970915,0000,946
19970916,0000,699
19970917,0000,700
19970918,0000,450
19970919,0000,746
19970920,0000,734
19970921,0000,745
19970922,0000,744
19970923,0000,822
19970924,0000,746
19970925,0000,745
19970926,0000,743
19970927,0000,751
19970928,0000,697
19970929,0000,589
19970930,0000,776
19971001,0000,697
19971002,0000,700
19971003,0000,697
19971004,0000,698
19971005,0000,700
19971006,0000,732
19971007,0000,731
19971008,0000,679
19971009,0000,877
19971010,0000,848
19971011,0000,796
19971012,0000,803
19971013,0000,943
19971014,0000,1439
19971015,0000,970
19971016,0000,767
19971017,0000,1198
19971018,0000,1095
19971019,0000,907
19971020,0000,1090
19971021,0000,1660
19971022,0000,1867
19971023,0000,1445
19971024,0000,1145
19971025,0000,1193
19971026,0000,300
19971027,0000,524
19971028,0000,525
19971029,0000,1096
19971030,0000,1078
19971031,0000,1747
19971101,0000,1847
19971102,0000,1774
19971103,0000,300
19971104,0000,300
19971105,0000,300
19971106,0000,602
19971107,0000,300
19971108,0000,300
19971109,0000,300
19971110,0000,417
19971111,0000,734
19971112,0000,786
19971113,0000,704
19971114,0000,300
19971115,0000,300
19971116,0000,300
19971117,0000,300
19971118,0000,300
19971119,0000,300
19971120,0000,454
19971121,0000,300
19971122,0000,300
19971123,0000,475
19971124,0000,520
19971125,0000,568
19971126,0000,300
19971127,0000,300
19971128,0000,300
19971129,0000,450
19971130,0000,681
19971201,0000,300
19971202,0000,300
19971203,0000,300
19971204,0000,300
19971205,0000,839
19971206,0000,435
19971207,0000,300
19971208,0000,300
19971209,0000,300
19971210,0000,300
19971211,0000,300
19971212,0000,300
19971213,0000,300
19971214,0000,300
19971215,0000,300
19971216,0000,752
19971217,0000,300
19971218,0000,300
19971219,0000,m
19971220,0000,300
19971221,0000,1102
19971222,0000,300
19971223,0000,300
19971224,0000,300
19971225,0000,895
19971226,0000,300
19971227,0000,707
19971228,0000,692
19971229,0000,772
19971230,0000,300
19971231,0000,300
19980101,0000,300
19980102,0000,300
19980103,0000,731
19980104,0000,300
19980105,0000,300
19980106,0000,300
19980107,0000,300
19980108,0000,300
19980109,0000,300
19980110,0000,300
19980111,0000,300
19980112,0000,300
19980113,0000,322
19980114,0000,300
19980115,0000,300
19980116,0000,342
19980117,0000,475
19980118,0000,437
19980119,0000,1782
19980120,0000,714
19980121,0000,719
19980122,0000,423
19980123,0000,435
19980124,0000,430
19980125,0000,429
19980126,0000,431
19980127,0000,403
19980128,0000,426
19980129,0000,381
19980130,0000,426
19980131,0000,420
19980201,0000,433
19980202,0000,412
19980203,0000,383
19980204,0000,529
19980205,0000,2021
19980206,0000,3500
19980207,0000,3500
19980208,0000,4146
19980209,0000,4904
19980210,0000,5043
19980211,0000,5034
19980212,0000,5000
19980213,0000,4604
19980214,0000,4604
19980215,0000,4855
19980216,0000,5032
19980217,0000,4473
19980218,0000,4104
19980219,0000,4220
19980220,0000,4172
19980221,0000,3798
19980222,0000,3384
19980223,0000,3262
19980224,0000,3163
19980225,0000,3216
19980226,0000,3081
19980227,0000,2696
19980228,0000,2163
19980301,0000,2141
19980302,0000,2017
19980303,0000,1893
19980304,0000,1751
19980305,0000,1531
19980306,0000,1609
19980307,0000,946
19980308,0000,996
19980309,0000,755
19980310,0000,1015
19980311,0000,861
19980312,0000,986
19980313,0000,804
19980314,0000,825
19980315,0000,803
19980316,0000,847
19980317,0000,1689
19980318,0000,2149
19980319,0000,3418
19980320,0000,5263
19980321,0000,8055
19980322,0000,7255
19980323,0000,6161
19980324,0000,6093
19980325,0000,6123
19980326,0000,6165
19980327,0000,6205
19980328,0000,6004
19980329,0000,6130
19980330,0000,6703
19980331,0000,6052
19980401,0000,6250
19980402,0000,6612
19980403,0000,7063
19980404,0000,6664
19980405,0000,m
19980406,0000,6675
19980407,0000,6430
19980408,0000,6521
19980409,0000,6725
19980410,0000,6688
19980411,0000,6453
19980412,0000,6183
19980413,0000,5777
19980414,0000,6725
19980415,0000,6780
19980416,0000,6780
19980417,0000,6508
19980418,0000,6761
19980419,0000,6241
19980420,0000,6121
19980421,0000,6230
19980422,0000,5957
19980423,0000,5833
19980424,0000,5821
19980425,0000,5580
19980426,0000,5844
19980427,0000,5957
19980428,0000,6102
19980429,0000,6100
19980430,0000,6020
19980501,0000,5903
19980502,0000,5794
19980503,0000,5698
19980504,0000,5704
19980505,0000,5699
19980506,0000,5689
19980507,0000,5675
19980508,0000,5774
19980509,0000,5814
19980510,0000,5877
19980511,0000,5851
19980512,0000,4441
19980513,0000,3892
19980514,0000,4178
19980515,0000,4113
19980516,0000,3842
19980517,0000,3816
19980518,0000,4052
19980519,0000,2032
19980520,0000,2041
19980521,0000,2091
19980522,0000,2030
19980523,0000,1950
19980524,0000,2012
19980525,0000,1705
19980526,0000,3661
19980527,0000,4157
19980528,0000,5258
19980529,0000,5265
19980530,0000,5535
19980531,0000,5500
19980601,0000,5500
19980602,0000,5506
19980603,0000,5500
19980604,0000,5500
19980605,0000,5500
19980606,0000,5500
19980607,0000,5500
19980608,0000,5500
19980609,0000,5500
19980610,0000,5537
19980611,0000,5551
19980612,0000,5521
19980613,0000,5522
19980614,0000,5671
19980615,0000,5507
19980616,0000,5501
19980617,0000,5502
19980618,0000,5636
19980619,0000,5722
19980620,0000,5500
19980621,0000,5490
19980622,0000,5491
19980623,0000,5490
19980624,0000,5422
19980625,0000,5452
19980626,0000,5468
19980627,0000,5630
19980628,0000,5586
19980629,0000,5551
19980630,0000,4156
19980701,0000,3460
19980702,0000,3834
19980703,0000,3820
19980704,0000,3569
19980705,0000,3826
19980706,0000,3858
19980707,0000,4059
19980708,0000,3996
19980709,0000,4094
19980710,0000,4345
19980711,0000,4332
19980712,0000,4314
19980713,0000,2581
19980714,0000,4021
19980715,0000,3782
19980716,0000,3643
19980717,0000,3737
19980718,0000,3613
19980719,0000,3542
19980720,0000,3766
19980721,0000,3734
19980722,0000,3572
19980723,0000,2881
19980724,0000,3608
19980725,0000,m
19980726,0000,3457
19980727,0000,3463
19980728,0000,3284
19980729,0000,3352
19980730,0000,3430
19980731,0000,3466
19980801,0000,3623
19980802,0000,3566
19980803,0000,3417
19980804,0000,3406
19980805,0000,3424
19980806,0000,3598
19980807,0000,3378
19980808,0000,3317
19980809,0000,3433
19980810,0000,3510
19980811,0000,3478
19980812,0000,3458
19980813,0000,3459
19980814,0000,3444
19980815,0000,3640
19980816,0000,3430
19980817,0000,1492
19980818,0000,3360
19980819,0000,3454
19980820,0000,3460
19980821,0000,3467
19980822,0000,3458
19980823,0000,3561
19980824,0000,3561
19980825,0000,3066
19980826,0000,3098
19980827,0000,3069
19980828,0000,3064
19980829,0000,3082
19980830,0000,3052
19980831,0000,2849
19980901,0000,3079
19980902,0000,3013
19980903,0000,2773
19980904,0000,2598
19980905,0000,2331
19980906,0000,2378
19980907,0000,2355
19980908,0000,2371
19980909,0000,2371
19980910,0000,2232
19980911,0000,1829
19980912,0000,2265
19980913,0000,2180
19980914,0000,2175
19980915,0000,2294
19980916,0000,2122
19980917,0000,2134
19980918,0000,2130
19980919,0000,1898
19980920,0000,1853
19980921,0000,1903
19980922,0000,1809
19980923,0000,1575
19980924,0000,1763
19980925,0000,1765
19980926,0000,1643
19980927,0000,1575
19980928,0000,1837
19980929,0000,1684
19980930,0000,1632
19981001,0000,1402
19981002,0000,450
19981003,0000,1396
19981004,0000,1422
19981005,0000,1382
19981006,0000,1573
19981007,0000,1384
19981008,0000,1539
19981009,0000,1505
19981010,0000,1436
19981011,0000,1457
19981012,0000,1395
19981013,0000,1487
19981014,0000,1393
19981015,0000,990
19981016,0000,1046
19981017,0000,1053
19981018,0000,1113
19981019,0000,1048
19981020,0000,1058
19981021,0000,747
19981022,0000,321
19981023,0000,1043
19981024,0000,1049
19981025,0000,1098
19981026,0000,1098
19981027,0000,665
19981028,0000,627
19981029,0000,600
19981030,0000,600
19981031,0000,600
19981101,0000,631
19981102,0000,601
19981103,0000,592
19981104,0000,628
19981105,0000,655
19981106,0000,599
19981107,0000,607
19981108,0000,634
19981109,0000,630
19981110,0000,628
19981111,0000,634
19981112,0000,600
19981113,0000,624
19981114,0000,600
19981115,0000,600
19981116,0000,1648
19981117,0000,3446
19981118,0000,3413
19981119,0000,3434
19981120,0000,3449
19981121,0000,3440
19981122,0000,3398
19981123,0000,3374
19981124,0000,3414
19981125,0000,3415
19981126,0000,4130
19981127,0000,4141
19981128,0000,4138
19981129,0000,4117
19981130,0000,1969
19981201,0000,1000
19981202,0000,1000
19981203,0000,1000
19981204,0000,1000
19981205,0000,1000
19981206,0000,1000
19981207,0000,1000
19981208,0000,1698
19981209,0000,1527
19981210,0000,1000
19981211,0000,1000
19981212,0000,1000
19981213,0000,1000
19981214,0000,1002
19981215,0000,1677
19981216,0000,2214
19981217,0000,2310
19981218,0000,2194
19981219,0000,2178
19981220,0000,2366
19981221,0000,2068
19981222,0000,2007
19981223,0000,1957
19981224,0000,1799
19981225,0000,2108
19981226,0000,3119
19981227,0000,2151
19981228,0000,2134
19981229,0000,1772
19981230,0000,2103
19981231,0000,2652
19990101,0000,3612
19990102,0000,3919
19990103,0000,4019
19990104,0000,3458
19990105,0000,2214
19990106,0000,2208
19990107,0000,1643
19990108,0000,1677
19990109,0000,1660
19990110,0000,1662
19990111,0000,1643
19990112,0000,1787
19990113,0000,1483
19990114,0000,1634
19990115,0000,2777
19990116,0000,1634
19990117,0000,1608
19990118,0000,1621
19990119,0000,1769
19990120,0000,2152
19990121,0000,2168
19990122,0000,2166
19990123,0000,1335
19990124,0000,1501
19990125,0000,1514
19990126,0000,1507
19990127,0000,1547
19990128,0000,1508
19990129,0000,1501
19990130,0000,1507
19990131,0000,1470
19990201,0000,1535
19990202,0000,796
19990203,0000,500
19990204,0000,2186
19990205,0000,2167
19990206,0000,2198
19990207,0000,2186
19990208,0000,1069
19990209,0000,558
19990210,0000,500
19990211,0000,500
19990212,0000,781
19990213,0000,500
19990214,0000,500
19990215,0000,500
19990216,0000,500
19990217,0000,500
19990218,0000,500
19990219,0000,500
19990220,0000,1512
19990221,0000,1571
19990222,0000,500
19990223,0000,1487
19990224,0000,1547
19990225,0000,1482
19990226,0000,2181
19990227,0000,2144
19990228,0000,2133
19990301,0000,2151
19990302,0000,2152
19990303,0000,2185
19990304,0000,2145
19990305,0000,2154
19990306,0000,2159
19990307,0000,2170
19990308,0000,2214
19990309,0000,2102
19990310,0000,2126
19990311,0000,1996
19990312,0000,2195
19990313,0000,2916
19990314,0000,2136
19990315,0000,2147
19990316,0000,1750
19990317,0000,2130
19990318,0000,2235
19990319,0000,1040
19990320,0000,1005
19990321,0000,1038
19990322,0000,1004
19990323,0000,1005
19990324,0000,714
19990325,0000,1000
19990326,0000,852
19990327,0000,500
19990328,0000,510
19990329,0000,500
19990330,0000,500
19990331,0000,500
19990401,0000,500
19990402,0000,500
19990403,0000,968
19990404,0000,984
19990405,0000,979
19990406,0000,1515
19990407,0000,1518
19990408,0000,1533
19990409,0000,1436
19990410,0000,1488
19990411,0000,1502
19990412,0000,1392
19990413,0000,1337
19990414,0000,1357
19990415,0000,1906
19990416,0000,1449
19990417,0000,1344
19990418,0000,1493
19990419,0000,2047
19990420,0000,1782
19990421,0000,1852
19990422,0000,3381
19990423,0000,3593
19990424,0000,3519
19990425,0000,3172
19990426,0000,2049
19990427,0000,2269
19990428,0000,2102
19990429,0000,2099
19990430,0000,2809
19990501,0000,2524
19990502,0000,2664
19990503,0000,2663
19990504,0000,2068
19990505,0000,2451
19990506,0000,1658
19990507,0000,2181
19990508,0000,2177
19990509,0000,2291
19990510,0000,2677
19990511,0000,2747
19990512,0000,2617
19990513,0000,2642
19990514,0000,2759
19990515,0000,2575
19990516,0000,2792
19990517,0000,2574
19990518,0000,2452
19990519,0000,2534
19990520,0000,2575
19990521,0000,2398
19990522,0000,2453
19990523,0000,2498
19990524,0000,2439
19990525,0000,2474
19990526,0000,2930
19990527,0000,2813
19990528,0000,2838
19990529,0000,2462
19990530,0000,3030
19990531,0000,2849
19990601,0000,2869
19990602,0000,3023
19990603,0000,3184
19990604,0000,2998
19990605,0000,3099
19990606,0000,2921
19990607,0000,3147
19990608,0000,3123
19990609,0000,2876
19990610,0000,2923
19990611,0000,3088
19990612,0000,3147
19990613,0000,2935
19990614,0000,2940
19990615,0000,2777
19990616,0000,2924
19990617,0000,2958
19990618,0000,3011
19990619,0000,3170
19990620,0000,2889
19990621,0000,2780
19990622,0000,2949
19990623,0000,2915
19990624,0000,2596
19990625,0000,3286
19990626,0000,2962
19990627,0000,2787
19990628,0000,3070
19990629,0000,3124
19990630,0000,2868
19990701,0000,3010
19990702,0000,3001
19990703,0000,2935
19990704,0000,2989
19990705,0000,3106
19990706,0000,3076
19990707,0000,2971
19990708,0000,3051
19990709,0000,m
19990710,0000,2981
19990711,0000,3001
19990712,0000,3120
19990713,0000,2980
19990714,0000,3054
19990715,0000,2893
19990716,0000,2995
19990717,0000,2942
19990718,0000,2987
19990719,0000,2930
19990720,0000,2985
19990721,0000,2809
19990722,0000,2900
19990723,0000,2945
19990724,0000,2740
19990725,0000,2747
19990726,0000,2778
19990727,0000,2424
19990728,0000,2405
19990729,0000,2423
19990730,0000,2449
19990731,0000,2949
19990801,0000,2693
19990802,0000,2615
19990803,0000,2416
19990804,0000,2606
19990805,0000,2611
19990806,0000,m
19990807,0000,2561
19990808,0000,2704
19990809,0000,2319
19990810,0000,2359
19990811,0000,2533
19990812,0000,2782
19990813,0000,1997
19990814,0000,1570
19990815,0000,2218
19990816,0000,2166
19990817,0000,2135
19990818,0000,1619
19990819,0000,1817
19990820,0000,1774
19990821,0000,1637
19990822,0000,1629
19990823,0000,1650
19990824,0000,1685
19990825,0000,1585
19990826,0000,1643
19990827,0000,1744
19990828,0000,1653
19990829,0000,1680
19990830,0000,1676
19990831,0000,1342
19990901,0000,2283
19990902,0000,2543
19990903,0000,2084
19990904,0000,2346
19990905,0000,2327
19990906,0000,2216
19990907,0000,2201
19990908,0000,1980
19990909,0000,1922
19990910,0000,2126
19990911,0000,2175
19990912,0000,2671
19990913,0000,3349
19990914,0000,2961
19990915,0000,1767
19990916,0000,2185
19990917,0000,2190
19990918,0000,450
19990919,0000,2321
19990920,0000,2049
19990921,0000,2030
19990922,0000,2150
19990923,0000,2231
19990924,0000,2380
19990925,0000,2292
19990926,0000,1725
19990927,0000,2161
19990928,0000,2229
19990929,0000,589
19990930,0000,2154
19991001,0000,2196
19991002,0000,1928
19991003,0000,1546
19991004,0000,1292
19991005,0000,1375
19991006,0000,1266
19991007,0000,1105
19991008,0000,979
19991009,0000,677
19991010,0000,889
19991011,0000,727
19991012,0000,746
19991013,0000,858
19991014,0000,925
19991015,0000,776
19991016,0000,828
19991017,0000,796
19991018,0000,676
19991019,0000,930
19991020,0000,887
19991021,0000,300
19991022,0000,403
19991023,0000,401
19991024,0000,411
19991025,0000,425
19991026,0000,409
19991027,0000,414
19991028,0000,410
19991029,0000,414
19991030,0000,409
19991031,0000,478
19991101,0000,422
19991102,0000,393
19991103,0000,410
19991104,0000,369
19991105,0000,410
19991106,0000,412
19991107,0000,411
19991108,0000,388
19991109,0000,462
19991110,0000,411
19991111,0000,417
19991112,0000,417
19991113,0000,413
19991114,0000,413
19991115,0000,401
19991116,0000,509
19991117,0000,300
19991118,0000,413
19991119,0000,888
19991120,0000,1390
19991121,0000,1293
19991122,0000,1004
19991123,0000,1289
19991124,0000,300
19991125,0000,1277
19991126,0000,1442
19991127,0000,1763
19991128,0000,1860
19991129,0000,1777
19991130,0000,1812
19991201,0000,1811
19991202,0000,1756
19991203,0000,1784
19991204,0000,1765
19991205,0000,1831
19991206,0000,1817
19991207,0000,1812
19991208,0000,1792
19991209,0000,1760
19991210,0000,1808
19991211,0000,1262
19991212,0000,1339
19991213,0000,1275
19991214,0000,1242
19991215,0000,1279
19991216,0000,888
19991217,0000,509
19991218,0000,300
19991219,0000,300
19991220,0000,905
19991221,0000,300
19991222,0000,300
19991223,0000,852
19991224,0000,748
19991225,0000,300
19991226,0000,300
19991227,0000,300
19991228,0000,732
19991229,0000,300
19991230,0000,1367
19991231,0000,535
20000101,0000,570
20000102,0000,551
20000103,0000,897
20000104,0000,514
20000105,0000,304
20000106,0000,300
20000107,0000,470
20000108,0000,300
20000109,0000,300
20000110,0000,300
20000111,0000,373
20000112,0000,669
20000113,0000,300
20000114,0000,300
20000115,0000,300
20000116,0000,300
20000117,0000,300
20000118,0000,300
20000119,0000,1736
20000120,0000,1730
20000121,0000,838
20000122,0000,2082
20000123,0000,1955
20000124,0000,2400
20000125,0000,1483
20000126,0000,2870
20000127,0000,2634
20000128,0000,2846
20000129,0000,2718
20000130,0000,1517
20000131,0000,3043
20000201,0000,1609
20000202,0000,2184
20000203,0000,2342
20000204,0000,2352
20000205,0000,1209
20000206,0000,773
20000207,0000,1563
20000208,0000,1352
20000209,0000,1173
20000210,0000,1345
20000211,0000,1621
20000212,0000,2936
20000213,0000,2992
20000214,0000,300
20000215,0000,300
20000216,0000,300
20000217,0000,314
20000218,0000,300
20000219,0000,300
20000220,0000,300
20000221,0000,300
20000222,0000,571
20000223,0000,3017
20000224,0000,3196
20000225,0000,5300
20000226,0000,3026
20000227,0000,3000
20000228,0000,3000
20000229,0000,3000
20000301,0000,3833
20000302,0000,5000
20000303,0000,5000
20000304,0000,5000
20000305,0000,5000
20000306,0000,5000
20000307,0000,5000
20000308,0000,5000
20000309,0000,5000
20000310,0000,4860
20000311,0000,5014
20000312,0000,4972
20000313,0000,4252
20000314,0000,3976
20000315,0000,4242
20000316,0000,3516
20000317,0000,3901
20000318,0000,3871
20000319,0000,3837
20000320,0000,3706
20000321,0000,3672
20000322,0000,3769
20000323,0000,3762
20000324,0000,3611
20000325,0000,3332
20000326,0000,3198
20000327,0000,3052
20000328,0000,2998
20000329,0000,3001
20000330,0000,3093
20000331,0000,3120
20000401,0000,3120
20000402,0000,2951
20000403,0000,3131
20000404,0000,3237
20000405,0000,3411
20000406,0000,3184
20000407,0000,3251
20000408,0000,3144
20000409,0000,562
20000410,0000,682
20000411,0000,833
20000412,0000,808
20000413,0000,830
20000414,0000,1140
20000415,0000,300
20000416,0000,300
20000417,0000,300
20000418,0000,314
20000419,0000,300
20000420,0000,314
20000421,0000,1166
20000422,0000,1164
20000423,0000,1206
20000424,0000,1376
20000425,0000,1158
20000426,0000,1259
20000427,0000,3127
20000428,0000,3127
20000429,0000,3063
20000430,0000,3106
20000501,0000,3324
20000502,0000,3257
20000503,0000,3099
20000504,0000,3204
20000505,0000,3031
20000506,0000,3131
20000507,0000,3126
20000508,0000,3125
20000509,0000,1219
20000510,0000,2384
20000511,0000,3650
20000512,0000,3355
20000513,0000,3372
20000514,0000,3362
20000515,0000,3499
20000516,0000,3471
20000517,0000,3400
20000518,0000,2943
20000519,0000,3155
20000520,0000,3791
20000521,0000,3471
20000522,0000,3464
20000523,0000,3235
20000524,0000,3462
20000525,0000,3685
20000526,0000,3502
20000527,0000,3302
20000528,0000,3484
20000529,0000,3566
20000530,0000,3584
20000531,0000,3281
20000601,0000,3467
20000602,0000,3264
20000603,0000,3258
20000604,0000,3876
20000605,0000,3391
20000606,0000,3461
20000607,0000,3594
20000608,0000,3516
20000609,0000,3500
20000610,0000,3493
20000611,0000,3502
20000612,0000,3472
20000613,0000,3436
20000614,0000,3450
20000615,0000,2661
20000616,0000,2775
20000617,0000,3464
20000618,0000,3368
20000619,0000,3515
20000620,0000,3508
20000621,0000,3480
20000622,0000,3418
20000623,0000,3437
20000624,0000,3390
20000625,0000,3544
20000626,0000,3488
20000627,0000,3178
20000628,0000,3642
20000629,0000,3511
20000630,0000,3275
20000701,0000,3486
20000702,0000,3481
20000703,0000,3470
20000704,0000,3435
20000705,0000,3432
20000706,0000,3443
20000707,0000,3553
20000708,0000,3381
20000709,0000,3480
20000710,0000,3559
20000711,0000,3434
20000712,0000,3459
20000713,0000,3526
20000714,0000,3567
20000715,0000,3412
20000716,0000,3429
20000717,0000,3522
20000718,0000,3496
20000719,0000,3760
20000720,0000,3704
20000721,0000,3713
20000722,0000,3420
20000723,0000,3346
20000724,0000,3397
20000725,0000,3730
20000726,0000,3476
20000727,0000,3761
20000728,0000,3478
20000729,0000,3744
20000730,0000,3754
20000731,0000,3784
20000801,0000,3724
20000802,0000,3480
20000803,0000,3755
20000804,0000,3789
20000805,0000,3736
20000806,0000,3740
20000807,0000,3705
20000808,0000,3630
20000809,0000,3534
20000810,0000,3544
20000811,0000,3518
20000812,0000,3510
20000813,0000,3511
20000814,0000,3500
20000815,0000,3463
20000816,0000,3545
20000817,0000,3543
20000818,0000,3515
20000819,0000,2994
20000820,0000,3258
20000821,0000,3019
20000822,0000,2988
20000823,0000,3561
20000824,0000,3440
20000825,0000,3537
20000826,0000,3488
20000827,0000,3382
20000828,0000,3472
20000829,0000,3484
20000830,0000,3504
20000831,0000,3474
20000901,0000,3477
20000902,0000,3487
20000903,0000,3520
20000904,0000,3501
20000905,0000,3495
20000906,0000,2368
20000907,0000,1796
20000908,0000,1645
20000909,0000,1636
20000910,0000,2029
20000911,0000,1984
20000912,0000,1768
20000913,0000,1652
20000914,0000,1715
20000915,0000,1828
20000916,0000,1735
20000917,0000,1627
20000918,0000,1812
20000919,0000,1153
20000920,0000,1326
20000921,0000,2397
20000922,0000,464
20000923,0000,464
20000924,0000,464
20000925,0000,464
20000926,0000,947
20000927,0000,2284
20000928,0000,2489
20000929,0000,488
20000930,0000,464
20001001,0000,813
20001002,0000,692
20001003,0000,1018
20001004,0000,864
20001005,0000,450
20001006,0000,896
20001007,0000,450
20001008,0000,1249
20001009,0000,450
20001010,0000,450
20001011,0000,450
20001012,0000,450
20001013,0000,450
20001014,0000,450
20001015,0000,380
20001016,0000,314
20001017,0000,300
20001018,0000,300
20001019,0000,300
20001020,0000,300
20001021,0000,300
20001022,0000,300
20001023,0000,300
20001024,0000,300
20001025,0000,300
20001026,0000,300
20001027,0000,300
20001028,0000,300
20001029,0000,300
20001030,0000,300
20001031,0000,300
20001101,0000,300
20001102,0000,300
20001103,0000,300
20001104,0000,300
20001105,0000,300
20001106,0000,300
20001107,0000,300
20001108,0000,300
20001109,0000,300
20001110,0000,300
20001111,0000,300
20001112,0000,300
20001113,0000,300
20001114,0000,300
20001115,0000,300
20001116,0000,300
20001117,0000,300
20001118,0000,300
20001119,0000,300
20001120,0000,671
20001121,0000,1938
20001122,0000,1785
20001123,0000,1960
20001124,0000,1952
20001125,0000,1552
20001126,0000,300
20001127,0000,300
20001128,0000,300
20001129,0000,1399
20001130,0000,1201
20001201,0000,300
20001202,0000,300
20001203,0000,300
20001204,0000,300
20001205,0000,300
20001206,0000,300
20001207,0000,300
20001208,0000,300
20001209,0000,300
20001210,0000,m
20001211,0000,300
20001212,0000,772
20001213,0000,1232
20001214,0000,1475
20001215,0000,1842
20001216,0000,1894
20001217,0000,1874
20001218,0000,1877
20001219,0000,1898
20001220,0000,1048
20001221,0000,388
20001222,0000,1158
20001223,0000,1186
20001224,0000,1230
20001225,0000,1265
20001226,0000,1423
20001227,0000,1420
20001228,0000,710
20001229,0000,453
20001230,0000,300
20001231,0000,300
20010101,0000,300
20010102,0000,542
20010103,0000,491
20010104,0000,650
20010105,0000,554
20010106,0000,611
20010107,0000,630
20010108,0000,631
20010109,0000,300
20010110,0000,300
20010111,0000,300
20010112,0000,874
20010113,0000,300
20010114,0000,1044
20010115,0000,858
20010116,0000,300
20010117,0000,1082
20010118,0000,1524
20010119,0000,907
20010120,0000,1189
20010121,0000,628
20010122,0000,1558
20010123,0000,1071
20010124,0000,1075
20010125,0000,1333
20010126,0000,1626
20010127,0000,1331
20010128,0000,300
20010129,0000,1503
20010130,0000,1488
20010131,0000,1352
20010201,0000,304
20010202,0000,300
20010203,0000,300
20010204,0000,300
20010205,0000,300
20010206,0000,300
20010207,0000,557
20010208,0000,300
20010209,0000,1060
20010210,0000,1490
20010211,0000,1593
20010212,0000,1624
20010213,0000,1564
20010214,0000,1507
20010215,0000,300
20010216,0000,300
20010217,0000,697
20010218,0000,300
20010219,0000,300
20010220,0000,300
20010221,0000,300
20010222,0000,300
20010223,0000,300
20010224,0000,300
20010225,0000,300
20010226,0000,300
20010227,0000,300
20010228,0000,300
20010301,0000,300
20010302,0000,300
20010303,0000,300
20010304,0000,300
20010305,0000,300
20010306,0000,300
20010307,0000,300
20010308,0000,300
20010309,0000,300
20010310,0000,300
20010311,0000,300
20010312,0000,300
20010313,0000,300
20010314,0000,300
20010315,0000,300
20010316,0000,300
20010317,0000,300
20010318,0000,300
20010319,0000,300
20010320,0000,300
20010321,0000,300
20010322,0000,300
20010323,0000,300
20010324,0000,300
20010325,0000,300
20010326,0000,300
20010327,0000,300
20010328,0000,300
20010329,0000,300
20010330,0000,300
20010331,0000,302
20010401,0000,300
20010402,0000,1264
20010403,0000,1060
20010404,0000,935
20010405,0000,613
20010406,0000,931
20010407,0000,936
20010408,0000,300
20010409,0000,917
20010410,0000,994
20010411,0000,991
20010412,0000,754
20010413,0000,807
20010414,0000,918
20010415,0000,300
20010416,0000,1858
20010417,0000,1119
20010418,0000,1104
20010419,0000,1081
20010420,0000,921
20010421,0000,300
20010422,0000,300
20010423,0000,817
20010424,0000,1282
20010425,0000,1500
20010426,0000,1500
20010427,0000,1500
20010428,0000,1811
20010429,0000,1855
20010430,0000,1500
20010501,0000,1876
20010502,0000,1891
20010503,0000,1893
20010504,0000,1500
20010505,0000,1500
20010506,0000,1618
20010507,0000,2136
20010508,0000,1983
20010509,0000,1760
20010510,0000,1530
20010511,0000,1608
20010512,0000,2339
20010513,0000,1500
20010514,0000,1500
20010515,0000,1500
20010516,0000,1500
20010517,0000,1500
20010518,0000,1596
20010519,0000,1500
20010520,0000,1500
20010521,0000,2237
20010522,0000,2297
20010523,0000,2292
20010524,0000,2290
20010525,0000,2385
20010526,0000,2256
20010527,0000,2063
20010528,0000,2219
20010529,0000,2241
20010530,0000,2230
20010531,0000,2611
20010601,0000,2071
20010602,0000,2073
20010603,0000,2005
20010604,0000,2204
20010605,0000,2070
20010606,0000,2111
20010607,0000,2234
20010608,0000,2258
20010609,0000,2152
20010610,0000,2138
20010611,0000,2149
20010612,0000,2053
20010613,0000,2049
20010614,0000,2724
20010615,0000,2672
20010616,0000,2668
20010617,0000,2640
20010618,0000,2580
20010619,0000,2615
20010620,0000,2703
20010621,0000,2528
20010622,0000,2499
20010623,0000,2547
20010624,0000,2473
20010625,0000,2442
20010626,0000,2476
20010627,0000,2415
20010628,0000,2411
20010629,0000,2397
20010630,0000,2457
20010701,0000,2370
20010702,0000,2486
20010703,0000,2721
20010704,0000,2908
20010705,0000,2892
20010706,0000,3083
20010707,0000,3102
20010708,0000,3058
20010709,0000,3134
20010710,0000,2965
20010711,0000,2935
20010712,0000,2802
20010713,0000,3048
20010714,0000,2887
20010715,0000,3024
20010716,0000,3006
20010717,0000,2893
20010718,0000,2768
20010719,0000,2942
20010720,0000,3534
20010721,0000,3848
20010722,0000,3396
20010723,0000,3393
20010724,0000,3457
20010725,0000,3446
20010726,0000,3616
20010727,0000,3619
20010728,0000,3425
20010729,0000,2825
20010730,0000,3084
20010731,0000,3011
20010801,0000,3051
20010802,0000,2817
20010803,0000,2807
20010804,0000,3006
20010805,0000,2936
20010806,0000,3034
20010807,0000,3067
20010808,0000,2793
20010809,0000,3030
20010810,0000,3162
20010811,0000,3160
20010812,0000,3244
20010813,0000,2780
20010814,0000,2752
20010815,0000,2865
20010816,0000,3295
20010817,0000,2865
20010818,0000,2658
20010819,0000,3008
20010820,0000,3393
20010821,0000,3866
20010822,0000,2992
20010823,0000,2951
20010824,0000,2886
20010825,0000,2937
20010826,0000,3204
20010827,0000,3963
20010828,0000,3571
20010829,0000,2962
20010830,0000,2580
20010831,0000,3569
20010901,0000,2851
20010902,0000,2306
20010903,0000,2429
20010904,0000,2503
20010905,0000,2431
20010906,0000,2510
20010907,0000,2594
20010908,0000,2768
20010909,0000,2379
20010910,0000,2701
20010911,0000,2802
20010912,0000,2467
20010913,0000,2468
20010914,0000,2176
20010915,0000,2151
20010916,0000,1660
20010917,0000,1217
20010918,0000,1667
20010919,0000,1609
20010920,0000,1210
20010921,0000,1660
20010922,0000,2041
20010923,0000,1641
20010924,0000,1715
20010925,0000,1646
20010926,0000,1620
20010927,0000,1480
20010928,0000,1586
20010929,0000,2586
20010930,0000,1884
20011001,0000,1803
20011002,0000,1702
20011003,0000,2489
20011004,0000,2378
20011005,0000,2401
20011006,0000,3015
20011007,0000,3162
20011008,0000,3150
20011009,0000,2937
20011010,0000,3111
20011011,0000,3008
20011012,0000,2591
20011013,0000,2616
20011014,0000,2599
20011015,0000,1725
20011016,0000,1266
20011017,0000,971
20011018,0000,925
20011019,0000,2019
20011020,0000,1993
20011021,0000,2460
20011022,0000,2419
20011023,0000,2500
20011024,0000,2476
20011025,0000,2675
20011026,0000,2583
20011027,0000,2474
20011028,0000,2331
20011029,0000,300
20011030,0000,300
20011031,0000,300
20011101,0000,300
20011102,0000,300
20011103,0000,694
20011104,0000,300
20011105,0000,605
20011106,0000,314
20011107,0000,300
20011108,0000,300
20011109,0000,300
20011110,0000,300
20011111,0000,300
20011112,0000,300
20011113,0000,300
20011114,0000,300
20011115,0000,300
20011116,0000,300
20011117,0000,300
20011118,0000,300
20011119,0000,300
20011120,0000,300
20011121,0000,300
20011122,0000,300
20011123,0000,300
20011124,0000,300
20011125,0000,300
20011126,0000,300
20011127,0000,300
20011128,0000,300
20011129,0000,300
20011130,0000,300
20011201,0000,300
20011202,0000,300
20011203,0000,300
20011204,0000,300
20011205,0000,300
20011206,0000,300
20011207,0000,300
20011208,0000,300
20011209,0000,300
20011210,0000,300
20011211,0000,300
20011212,0000,300
20011213,0000,300
20011214,0000,300
20011215,0000,300
20011216,0000,300
20011217,0000,300
20011218,0000,300
20011219,0000,300
20011220,0000,300
20011221,0000,300
20011222,0000,300
20011223,0000,300
20011224,0000,300
20011225,0000,300
20011226,0000,300
20011227,0000,300
20011228,0000,300
20011229,0000,300
20011230,0000,300
20011231,0000,300
20020101,0000,300
20020102,0000,290
20020103,0000,300
20020104,0000,300
20020105,0000,300
20020106,0000,300
20020107,0000,300
20020108,0000,300
20020109,0000,300
20020110,0000,300
20020111,0000,300
20020112,0000,313
20020113,0000,300
20020114,0000,307
20020115,0000,302
20020116,0000,300
20020117,0000,300
20020118,0000,300
20020119,0000,300
20020120,0000,300
20020121,0000,300
20020122,0000,300
20020123,0000,300
20020124,0000,300
20020125,0000,300
20020126,0000,300
20020127,0000,300
20020128,0000,300
20020129,0000,300
20020130,0000,617
20020131,0000,332
20020201,0000,300
20020202,0000,878
20020203,0000,356
20020204,0000,300
20020205,0000,300
20020206,0000,300
20020207,0000,300
20020208,0000,300
20020209,0000,300
20020210,0000,300
20020211,0000,300
20020212,0000,300
20020213,0000,m
20020214,0000,314
20020215,0000,300
20020216,0000,314
20020217,0000,314
20020218,0000,314
20020219,0000,314
20020220,0000,314
20020221,0000,314
20020222,0000,300
20020223,0000,300
20020224,0000,314
20020225,0000,314
20020226,0000,314
20020227,0000,314
20020228,0000,314
20020301,0000,300
20020302,0000,300
20020303,0000,300
20020304,0000,314
20020305,0000,300
20020306,0000,314
20020307,0000,300
20020308,0000,314
20020309,0000,300
20020310,0000,314
20020311,0000,314
20020312,0000,314
20020313,0000,314
20020314,0000,321
20020315,0000,675
20020316,0000,300
20020317,0000,472
20020318,0000,738
20020319,0000,300
20020320,0000,314
20020321,0000,314
20020322,0000,783
20020323,0000,323
20020324,0000,314
20020325,0000,314
20020326,0000,314
20020327,0000,314
20020328,0000,314
20020329,0000,300
20020330,0000,314
20020331,0000,314
20020401,0000,314
20020402,0000,314
20020403,0000,314
20020404,0000,300
20020405,0000,300
20020406,0000,300
20020407,0000,314
20020408,0000,314
20020409,0000,314
20020410,0000,314
20020411,0000,314
20020412,0000,300
20020413,0000,801
20020414,0000,1191
20020415,0000,1529
20020416,0000,1319
20020417,0000,1308
20020418,0000,814
20020419,0000,988
20020420,0000,1102
20020421,0000,1192
20020422,0000,914
20020423,0000,635
20020424,0000,1739
20020425,0000,1768
20020426,0000,1744
20020427,0000,1714
20020428,0000,1856
20020429,0000,2361
20020430,0000,2543
20020501,0000,3751
20020502,0000,4114
20020503,0000,5514
20020504,0000,6000
20020505,0000,6014
20020506,0000,5849
20020507,0000,5314
20020508,0000,5167
20020509,0000,4856
20020510,0000,4592
20020511,0000,4348
20020512,0000,4590
20020513,0000,4634
20020514,0000,4213
20020515,0000,4880
20020516,0000,4022
20020517,0000,4593
20020518,0000,4361
20020519,0000,4104
20020520,0000,2822
20020521,0000,2862
20020522,0000,2772
20020523,0000,2558
20020524,0000,2971
20020525,0000,2095
20020526,0000,2587
20020527,0000,3078
20020528,0000,2653
20020529,0000,2507
20020530,0000,2749
20020531,0000,2389
20020601,0000,2521
20020602,0000,2384
20020603,0000,2486
20020604,0000,2550
20020605,0000,2565
20020606,0000,2448
20020607,0000,2038
20020608,0000,2284
20020609,0000,2109
20020610,0000,2410
20020611,0000,2482
20020612,0000,2762
20020613,0000,2530
20020614,0000,2406
20020615,0000,2377
20020616,0000,2346
20020617,0000,2509
20020618,0000,2563
20020619,0000,2529
20020620,0000,2669
20020621,0000,2616
20020622,0000,2648
20020623,0000,2616
20020624,0000,2759
20020625,0000,2729
20020626,0000,2814
20020627,0000,2733
20020628,0000,2644
20020629,0000,2746
20020630,0000,2715
20020701,0000,2759
20020702,0000,2760
20020703,0000,2581
20020704,0000,2586
20020705,0000,2439
20020706,0000,2885
20020707,0000,2789
20020708,0000,2608
20020709,0000,2558
20020710,0000,2621
20020711,0000,2636
20020712,0000,2685
20020713,0000,2759
20020714,0000,2586
20020715,0000,2519
20020716,0000,2692
20020717,0000,2532
20020718,0000,2219
20020719,0000,3221
20020720,0000,2819
20020721,0000,2547
20020722,0000,2723
20020723,0000,2533
20020724,0000,2648
20020725,0000,2613
20020726,0000,2699
20020727,0000,2738
20020728,0000,2554
20020729,0000,2595
20020730,0000,2554
20020731,0000,2599
20020801,0000,2735
20020802,0000,2532
20020803,0000,2758
20020804,0000,2697
20020805,0000,2620
20020806,0000,2599
20020807,0000,2588
20020808,0000,2624
20020809,0000,2711
20020810,0000,2659
20020811,0000,2593
20020812,0000,2651
20020813,0000,2596
20020814,0000,2598
20020815,0000,2592
20020816,0000,2580
20020817,0000,2582
20020818,0000,2421
20020819,0000,2587
20020820,0000,2616
20020821,0000,2606
20020822,0000,2778
20020823,0000,2599
20020824,0000,2597
20020825,0000,2673
20020826,0000,2683
20020827,0000,2520
20020828,0000,2697
20020829,0000,2626
20020830,0000,2574
20020831,0000,3416
20020901,0000,2727
20020902,0000,2623
20020903,0000,2646
20020904,0000,2713
20020905,0000,1679
20020906,0000,1807
20020907,0000,1812
20020908,0000,1765
20020909,0000,1845
20020910,0000,1722
20020911,0000,1771
20020912,0000,1758
20020913,0000,1990
20020914,0000,1787
20020915,0000,1800
20020916,0000,1890
20020917,0000,1976
20020918,0000,1900
20020919,0000,1899
20020920,0000,1972
20020921,0000,733
20020922,0000,464
20020923,0000,1057
20020924,0000,464
20020925,0000,464
20020926,0000,649
20020927,0000,1336
20020928,0000,464
20020929,0000,464
20020930,0000,464
20021001,0000,3433
20021002,0000,3438
20021003,0000,3433
20021004,0000,3463
20021005,0000,1527
20021006,0000,1426
20021007,0000,1426
20021008,0000,1445
20021009,0000,1411
20021010,0000,1393
20021011,0000,1556
20021012,0000,2514
20021013,0000,2473
20021014,0000,2510
20021015,0000,2450
20021016,0000,2404
20021017,0000,2388
20021018,0000,2267
20021019,0000,2330
20021020,0000,300
20021021,0000,312
20021022,0000,300
20021023,0000,314
20021024,0000,314
20021025,0000,314
20021026,0000,314
20021027,0000,314
20021028,0000,314
20021029,0000,314
20021030,0000,314
20021031,0000,314
20021101,0000,314
20021102,0000,300
20021103,0000,314
20021104,0000,314
20021105,0000,314
20021106,0000,314
20021107,0000,314
20021108,0000,314
20021109,0000,314
20021110,0000,314
20021111,0000,783
20021112,0000,1128
20021113,0000,314
20021114,0000,864
20021115,0000,314
20021116,0000,1130
20021117,0000,314
20021118,0000,1005
20021119,0000,314
20021120,0000,1025
20021121,0000,314
20021122,0000,314
20021123,0000,774
20021124,0000,321
20021125,0000,314
20021126,0000,300
20021127,0000,1067
20021128,0000,813
20021129,0000,314
20021130,0000,300
20021201,0000,300
20021202,0000,314
20021203,0000,314
20021204,0000,356
20021205,0000,786
20021206,0000,422
20021207,0000,846
20021208,0000,418
20021209,0000,418
20021210,0000,418
20021211,0000,418
20021212,0000,689
20021213,0000,457
20021214,0000,418
20021215,0000,418
20021216,0000,418
20021217,0000,418
20021218,0000,418
20021219,0000,418
20021220,0000,418
20021221,0000,418
20021222,0000,418
20021223,0000,418
20021224,0000,418
20021225,0000,418
20021226,0000,418
20021227,0000,418
20021228,0000,418
20021229,0000,418
20021230,0000,418
20021231,0000,418
20030101,0000,388
20030102,0000,418
20030103,0000,418
20030104,0000,418
20030105,0000,418
20030106,0000,418
20030107,0000,418
20030108,0000,418
20030109,0000,474
20030110,0000,421
20030111,0000,418
20030112,0000,418
20030113,0000,419
20030114,0000,418
20030115,0000,418
20030116,0000,418
20030117,0000,418
20030118,0000,418
20030119,0000,373
20030120,0000,418
20030121,0000,418
20030122,0000,418
20030123,0000,418
20030124,0000,418
20030125,0000,418
20030126,0000,418
20030127,0000,566
20030128,0000,1296
20030129,0000,418
20030130,0000,418
20030131,0000,418
20030201,0000,1380
20030202,0000,1351
20030203,0000,1354
20030204,0000,1361
20030205,0000,1324
20030206,0000,1372
20030207,0000,1357
20030208,0000,1363
20030209,0000,1389
20030210,0000,1359
20030211,0000,1362
20030212,0000,1347
20030213,0000,1387
20030214,0000,1363
20030215,0000,1342
20030216,0000,1374
20030217,0000,1364
20030218,0000,1490
20030219,0000,2022
20030220,0000,2065
20030221,0000,2061
20030222,0000,1984
20030223,0000,1939
20030224,0000,1962
20030225,0000,1979
20030226,0000,1141
20030227,0000,1124
20030228,0000,1142
20030301,0000,1132
20030302,0000,1141
20030303,0000,1123
20030304,0000,1141
20030305,0000,1111
20030306,0000,1135
20030307,0000,1111
20030308,0000,1126
20030309,0000,1115
20030310,0000,1213
20030311,0000,1170
20030312,0000,1185
20030313,0000,1149
20030314,0000,418
20030315,0000,418
20030316,0000,418
20030317,0000,418
20030318,0000,1224
20030319,0000,2059
20030320,0000,1984
20030321,0000,1688
20030322,0000,1860
20030323,0000,1685
20030324,0000,2294
20030325,0000,2072
20030326,0000,2136
20030327,0000,2248
20030328,0000,1938
20030329,0000,2128
20030330,0000,1431
20030331,0000,1731
20030401,0000,1573
20030402,0000,1770
20030403,0000,1709
20030404,0000,2594
20030405,0000,2218
20030406,0000,1443
20030407,0000,2361
20030408,0000,2407
20030409,0000,1176
20030410,0000,1137
20030411,0000,711
20030412,0000,418
20030413,0000,418
20030414,0000,418
20030415,0000,418
20030416,0000,418
20030417,0000,418
20030418,0000,418
20030419,0000,418
20030420,0000,418
20030421,0000,418
20030422,0000,418
20030423,0000,418
20030424,0000,418
20030425,0000,418
20030426,0000,418
20030427,0000,418
20030428,0000,418
20030429,0000,418
20030430,0000,1006
20030501,0000,2326
20030502,0000,2618
20030503,0000,2618
20030504,0000,2618
20030505,0000,2618
20030506,0000,2618
20030507,0000,2618
20030508,0000,3294
20030509,0000,3883
20030510,0000,3989
20030511,0000,4201
20030512,0000,3970
20030513,0000,4063
20030514,0000,4077
20030515,0000,4165
20030516,0000,4191
20030517,0000,4017
20030518,0000,3993
20030519,0000,4077
20030520,0000,4063
20030521,0000,3992
20030522,0000,4212
20030523,0000,4386
20030524,0000,3926
20030525,0000,4031
20030526,0000,4012
20030527,0000,3985
20030528,0000,3997
20030529,0000,3986
20030530,0000,4128
20030531,0000,3870
20030601,0000,4004
20030602,0000,4126
20030603,0000,3929
20030604,0000,3918
20030605,0000,4020
20030606,0000,3925
20030607,0000,4034
20030608,0000,3981
20030609,0000,3776
20030610,0000,3967
20030611,0000,3961
20030612,0000,3986
20030613,0000,4001
20030614,0000,4015
20030615,0000,3975
20030616,0000,3916
20030617,0000,3943
20030618,0000,4005
20030619,0000,3992
20030620,0000,4029
20030621,0000,3894
20030622,0000,4129
20030623,0000,4034
20030624,0000,3881
20030625,0000,3620
20030626,0000,3098
20030627,0000,3014
20030628,0000,3082
20030629,0000,3034
20030630,0000,3020
20030701,0000,3148
20030702,0000,3038
20030703,0000,3094
20030704,0000,3082
20030705,0000,3077
20030706,0000,3052
20030707,0000,2893
20030708,0000,3104
20030709,0000,3962
20030710,0000,4151
20030711,0000,3890
20030712,0000,3988
20030713,0000,3805
20030714,0000,3678
20030715,0000,2045
20030716,0000,1857
20030717,0000,2671
20030718,0000,2537
20030719,0000,2239
20030720,0000,1529
20030721,0000,2424
20030722,0000,2287
20030723,0000,1980
20030724,0000,2009
20030725,0000,2280
20030726,0000,2239
20030727,0000,2564
20030728,0000,1963
20030729,0000,1915
20030730,0000,2371
20030731,0000,1845
20030801,0000,3200
20030802,0000,3229
20030803,0000,2544
20030804,0000,3258
20030805,0000,2956
20030806,0000,3110
20030807,0000,2899
20030808,0000,3104
20030809,0000,2762
20030810,0000,2926
20030811,0000,2939
20030812,0000,2365
20030813,0000,2465
20030814,0000,2688
20030815,0000,2517
20030816,0000,2622
20030817,0000,1791
20030818,0000,2435
20030819,0000,2843
20030820,0000,2871
20030821,0000,3876
20030822,0000,3869
20030823,0000,3648
20030824,0000,3586
20030825,0000,3535
20030826,0000,4373
20030827,0000,3909
20030828,0000,3970
20030829,0000,4222
20030830,0000,4050
20030831,0000,3979
20030901,0000,3895
20030902,0000,4051
20030903,0000,3616
20030904,0000,3330
20030905,0000,3391
20030906,0000,3388
20030907,0000,3333
20030908,0000,3561
20030909,0000,3371
20030910,0000,3263
20030911,0000,3237
20030912,0000,3275
20030913,0000,3169
20030914,0000,3167
20030915,0000,3810
20030916,0000,3426
20030917,0000,2986
20030918,0000,3023
20030919,0000,3248
20030920,0000,2954
20030921,0000,2956
20030922,0000,3180
20030923,0000,2919
20030924,0000,3071
20030925,0000,3195
20030926,0000,3374
20030927,0000,3285
20030928,0000,2933
20030929,0000,3195
20030930,0000,3276
20031001,0000,3295
20031002,0000,3116
20031003,0000,2891
20031004,0000,3161
20031005,0000,3177
20031006,0000,3262
20031007,0000,3013
20031008,0000,3133
20031009,0000,3106
20031010,0000,3069
20031011,0000,3257
20031012,0000,2960
20031013,0000,3217
20031014,0000,3218
20031015,0000,2173
20031016,0000,1998
20031017,0000,1940
20031018,0000,1981
20031019,0000,3020
20031020,0000,3096
20031021,0000,3084
20031022,0000,2917
20031023,0000,2610
20031024,0000,3000
20031025,0000,2926
20031026,0000,2906
20031027,0000,426
20031028,0000,418
20031029,0000,418
20031030,0000,408
20031031,0000,418
20031101,0000,418
20031102,0000,418
20031103,0000,418
20031104,0000,1472
20031105,0000,1431
20031106,0000,1488
20031107,0000,1469
20031108,0000,1555
20031109,0000,1465
20031110,0000,1460
20031111,0000,1465
20031112,0000,1528
20031113,0000,1374
20031114,0000,1385
20031115,0000,1443
20031116,0000,422
20031117,0000,418
20031118,0000,418
20031119,0000,418
20031120,0000,418
20031121,0000,417
20031122,0000,1330
20031123,0000,1552
20031124,0000,2209
20031125,0000,1262
20031126,0000,1288
20031127,0000,1185
20031128,0000,1142
20031129,0000,1083
20031130,0000,924
20031201,0000,829
20031202,0000,418
20031203,0000,418
20031204,0000,859
20031205,0000,789
20031206,0000,702
20031207,0000,418
20031208,0000,682
20031209,0000,850
20031210,0000,535
20031211,0000,803
20031212,0000,851
20031213,0000,777
20031214,0000,418
20031215,0000,418
20031216,0000,418
20031217,0000,819
20031218,0000,916
20031219,0000,980
20031220,0000,930
20031221,0000,300
20031222,0000,846
20031223,0000,418
20031224,0000,418
20031225,0000,418
20031226,0000,418
20031227,0000,418
20031228,0000,418
20031229,0000,416
20031230,0000,531
20031231,0000,1133
20040101,0000,418
20040102,0000,418
20040103,0000,418
20040104,0000,698
20040105,0000,1037
20040106,0000,587
20040107,0000,752
20040108,0000,756
20040109,0000,418
20040110,0000,418
20040111,0000,418
20040112,0000,418
20040113,0000,418
20040114,0000,418
20040115,0000,418
20040116,0000,418
20040117,0000,418
20040118,0000,418
20040119,0000,418
20040120,0000,923
20040121,0000,1113
20040122,0000,1022
20040123,0000,1137
20040124,0000,1111
20040125,0000,979
20040126,0000,1360
20040127,0000,1417
20040128,0000,418
20040129,0000,711
20040130,0000,418
20040131,0000,671
20040201,0000,418
20040202,0000,418
20040203,0000,418
20040204,0000,418
20040205,0000,418
20040206,0000,418
20040207,0000,418
20040208,0000,418
20040209,0000,418
20040210,0000,418
20040211,0000,418
20040212,0000,418
20040213,0000,418
20040214,0000,418
20040215,0000,418
20040216,0000,418
20040217,0000,564
20040218,0000,918
20040219,0000,1018
20040220,0000,2068
20040221,0000,2118
20040222,0000,2118
20040223,0000,2118
20040224,0000,2118
20040225,0000,2118
20040226,0000,2118
20040227,0000,2118
20040228,0000,2432
20040229,0000,2787
20040301,0000,2118
20040302,0000,2118
20040303,0000,2123
20040304,0000,5101
20040305,0000,5285
20040306,0000,5127
20040307,0000,5100
20040308,0000,5376
20040309,0000,5329
20040310,0000,5361
20040311,0000,5298
20040312,0000,4669
20040313,0000,4670
20040314,0000,4333
20040315,0000,2561
20040316,0000,2418
20040317,0000,1984
20040318,0000,2051
20040319,0000,2069
20040320,0000,2059
20040321,0000,1885
20040322,0000,2260
20040323,0000,3682
20040324,0000,3642
20040325,0000,3651
20040326,0000,3706
20040327,0000,3678
20040328,0000,3685
20040329,0000,3684
20040330,0000,2710
20040331,0000,2338
20040401,0000,2559
20040402,0000,2243
20040403,0000,2128
20040404,0000,1912
20040405,0000,1934
20040406,0000,1998
20040407,0000,2013
20040408,0000,2015
20040409,0000,2695
20040410,0000,2502
20040411,0000,2775
20040412,0000,3277
20040413,0000,3788
20040414,0000,2909
20040415,0000,2377
20040416,0000,2879
20040417,0000,2513
20040418,0000,3070
20040419,0000,2734
20040420,0000,2322
20040421,0000,2247
20040422,0000,2432
20040423,0000,3078
20040424,0000,2149
20040425,0000,2645
20040426,0000,3077
20040427,0000,3082
20040428,0000,3263
20040429,0000,2985
20040430,0000,2746
20040501,0000,2868
20040502,0000,2612
20040503,0000,2708
20040504,0000,2717
20040505,0000,2611
20040506,0000,3024
20040507,0000,m
20040508,0000,m
20040509,0000,2618
20040510,0000,2667
20040511,0000,2514
20040512,0000,2953
20040513,0000,3118
20040514,0000,4035
20040515,0000,4932
20040516,0000,6118
20040517,0000,6266
20040518,0000,6118
20040519,0000,6121
20040520,0000,6142
20040521,0000,6127
20040522,0000,6118
20040523,0000,6118
20040524,0000,6118
20040525,0000,6114
20040526,0000,5818
20040527,0000,5518
20040528,0000,5318
20040529,0000,4918
20040530,0000,4618
20040531,0000,4614
20040601,0000,4925
20040602,0000,4021
20040603,0000,4284
20040604,0000,4102
20040605,0000,4707
20040606,0000,3938
20040607,0000,4283
20040608,0000,4047
20040609,0000,4272
20040610,0000,4159
20040611,0000,4038
20040612,0000,4319
20040613,0000,4075
20040614,0000,4122
20040615,0000,4047
20040616,0000,4135
20040617,0000,4260
20040618,0000,4346
20040619,0000,3988
20040620,0000,4175
20040621,0000,4204
20040622,0000,4039
20040623,0000,4092
20040624,0000,4151
20040625,0000,3941
20040626,0000,4056
20040627,0000,4095
20040628,0000,4258
20040629,0000,3924
20040630,0000,4036
20040701,0000,4051
20040702,0000,4039
20040703,0000,4105
20040704,0000,4105
20040705,0000,4127
20040706,0000,4053
20040707,0000,3397
20040708,0000,4282
20040709,0000,4296
20040710,0000,4146
20040711,0000,3550
20040712,0000,3209
20040713,0000,3858
20040714,0000,3617
20040715,0000,3043
20040716,0000,3084
20040717,0000,2894
20040718,0000,2993
20040719,0000,2595
20040720,0000,2975
20040721,0000,3146
20040722,0000,2799
20040723,0000,3779
20040724,0000,2841
20040725,0000,2775
20040726,0000,2667
20040727,0000,2667
20040728,0000,2667
20040729,0000,2820
20040730,0000,3235
20040731,0000,2395
20040801,0000,2683
20040802,0000,2932
20040803,0000,2790
20040804,0000,2905
20040805,0000,2296
20040806,0000,2373
20040807,0000,2479
20040808,0000,2459
20040809,0000,2389
20040810,0000,2385
20040811,0000,2472
20040812,0000,2458
20040813,0000,2441
20040814,0000,2537
20040815,0000,2132
20040816,0000,1788
20040817,0000,642
20040818,0000,652
20040819,0000,542
20040820,0000,543
20040821,0000,1532
20040822,0000,2581
20040823,0000,3830
20040824,0000,3457
20040825,0000,2713
20040826,0000,2978
20040827,0000,2714
20040828,0000,2725
20040829,0000,2583
20040830,0000,2759
20040831,0000,3447
20040901,0000,3278
20040902,0000,3321
20040903,0000,2341
20040904,0000,2434
20040905,0000,2654
20040906,0000,2261
20040907,0000,2204
20040908,0000,2201
20040909,0000,2521
20040910,0000,2321
20040911,0000,2310
20040912,0000,2119
20040913,0000,1929
20040914,0000,1757
20040915,0000,1937
20040916,0000,1734
20040917,0000,1811
20040918,0000,1649
20040919,0000,2203
20040920,0000,2264
20040921,0000,2251
20040922,0000,2168
20040923,0000,2422
20040924,0000,2260
20040925,0000,2783
20040926,0000,2743
20040927,0000,3858
20040928,0000,3945
20040929,0000,3906
20040930,0000,3907
20041001,0000,3902
20041002,0000,3890
20041003,0000,3903
20041004,0000,3767
20041005,0000,3914
20041006,0000,3863
20041007,0000,3901
20041008,0000,3891
20041009,0000,3856
20041010,0000,3897
20041011,0000,3870
20041012,0000,3869
20041013,0000,3872
20041014,0000,3905
20041015,0000,3933
20041016,0000,3720
20041017,0000,3756
20041018,0000,3761
20041019,0000,3194
20041020,0000,1476
20041021,0000,1333
20041022,0000,1464
20041023,0000,2285
20041024,0000,2370
20041025,0000,2273
20041026,0000,2312
20041027,0000,2295
20041028,0000,2433
20041029,0000,2411
20041030,0000,2302
20041031,0000,589
20041101,0000,380
20041102,0000,386
20041103,0000,391
20041104,0000,374
20041105,0000,390
20041106,0000,330
20041107,0000,360
20041108,0000,361
20041109,0000,304
20041110,0000,359
20041111,0000,360
20041112,0000,360
20041113,0000,360
20041114,0000,360
20041115,0000,300
20041116,0000,391
20041117,0000,391
20041118,0000,391
20041119,0000,391
20041120,0000,391
20041121,0000,300
20041122,0000,300
20041123,0000,300
20041124,0000,300
20041125,0000,300
20041126,0000,300
20041127,0000,300
20041128,0000,300
20041129,0000,359
20041130,0000,300
20041201,0000,406
20041202,0000,331
20041203,0000,377
20041204,0000,408
20041205,0000,377
20041206,0000,300
20041207,0000,392
20041208,0000,374
20041209,0000,363
20041210,0000,356
20041211,0000,355
20041212,0000,367
20041213,0000,336
20041214,0000,336
20041215,0000,337
20041216,0000,333
20041217,0000,353
20041218,0000,385
20041219,0000,370
20041220,0000,353
20041221,0000,353
20041222,0000,356
20041223,0000,332
20041224,0000,300
20041225,0000,300
20041226,0000,300
20041227,0000,305
20041228,0000,314
20041229,0000,318
20041230,0000,338
20041231,0000,318
20050101,0000,320
20050102,0000,320
20050103,0000,320
20050104,0000,320
20050105,0000,320
20050106,0000,314
20050107,0000,305
20050108,0000,300
20050109,0000,305
20050110,0000,305
20050111,0000,305
20050112,0000,305
20050113,0000,317
20050114,0000,901
20050115,0000,300
20050116,0000,446
20050117,0000,311
20050118,0000,312
20050119,0000,319
20050120,0000,305
20050121,0000,301
20050122,0000,314
20050123,0000,314
20050124,0000,314
20050125,0000,314
20050126,0000,318
20050127,0000,324
20050128,0000,324
20050129,0000,314
20050130,0000,324
20050131,0000,324
20050201,0000,340
20050202,0000,370
20050203,0000,319
20050204,0000,319
20050205,0000,319
20050206,0000,319
20050207,0000,381
20050208,0000,416
20050209,0000,416
20050210,0000,411
20050211,0000,305
20050212,0000,305
20050213,0000,305
20050214,0000,305
20050215,0000,305
20050216,0000,305
20050217,0000,305
20050218,0000,305
20050219,0000,305
20050220,0000,305
20050221,0000,716
20050222,0000,305
20050223,0000,421
20050224,0000,300
20050225,0000,412
20050226,0000,412
20050227,0000,412
20050228,0000,404
20050301,0000,383
20050302,0000,339
20050303,0000,399
20050304,0000,394
20050305,0000,389
20050306,0000,402
20050307,0000,388
20050308,0000,416
20050309,0000,412
20050310,0000,418
20050311,0000,413
20050312,0000,420
20050313,0000,412
20050314,0000,414
20050315,0000,745
20050316,0000,421
20050317,0000,424
20050318,0000,426
20050319,0000,426
20050320,0000,403
20050321,0000,398
20050322,0000,397
20050323,0000,410
20050324,0000,411
20050325,0000,400
20050326,0000,397
20050327,0000,397
20050328,0000,397
20050329,0000,408
20050330,0000,423
20050331,0000,423
20050401,0000,397
20050402,0000,397
20050403,0000,423
20050404,0000,866
20050405,0000,1456
20050406,0000,972
20050407,0000,473
20050408,0000,1121
20050409,0000,1212
20050410,0000,449
20050411,0000,825
20050412,0000,408
20050413,0000,412
20050414,0000,461
20050415,0000,1539
20050416,0000,973
20050417,0000,425
20050418,0000,457
20050419,0000,441
20050420,0000,452
20050421,0000,453
20050422,0000,653
20050423,0000,720
20050424,0000,710
20050425,0000,702
20050426,0000,674
20050427,0000,664
20050428,0000,769
20050429,0000,4092
20050430,0000,3020
20050501,0000,2468
20050502,0000,2503
20050503,0000,2538
20050504,0000,2753
20050505,0000,2533
20050506,0000,4005
20050507,0000,4493
20050508,0000,5709
20050509,0000,5996
20050510,0000,6393
20050511,0000,6713
20050512,0000,6745
20050513,0000,6950
20050514,0000,6317
20050515,0000,6399
20050516,0000,5844
20050517,0000,5653
20050518,0000,5165
20050519,0000,4820
20050520,0000,4753
20050521,0000,4430
20050522,0000,4323
20050523,0000,3667
20050524,0000,3387
20050525,0000,3227
20050526,0000,3430
20050527,0000,3550
20050528,0000,3495
20050529,0000,3322
20050530,0000,3235
20050531,0000,3187
20050601,0000,3224
20050602,0000,3251
20050603,0000,3065
20050604,0000,3017
20050605,0000,2900
20050606,0000,2836
20050607,0000,2856
20050608,0000,2784
20050609,0000,2765
20050610,0000,2663
20050611,0000,2743
20050612,0000,2683
20050613,0000,2711
20050614,0000,2746
20050615,0000,2725
20050616,0000,2709
20050617,0000,2659
20050618,0000,2659
20050619,0000,2657
20050620,0000,2681
20050621,0000,2654
20050622,0000,2638
20050623,0000,2624
20050624,0000,2617
20050625,0000,2652
20050626,0000,2579
20050627,0000,2603
20050628,0000,2486
20050629,0000,2607
20050630,0000,2693
20050701,0000,2701
20050702,0000,2690
20050703,0000,2649
20050704,0000,2647
20050705,0000,2627
20050706,0000,2603
20050707,0000,2588
20050708,0000,2548
20050709,0000,2608
20050710,0000,2212
20050711,0000,2093
20050712,0000,2057
20050713,0000,1824
20050714,0000,1678
20050715,0000,1666
20050716,0000,1509
20050717,0000,1563
20050718,0000,1863
20050719,0000,1828
20050720,0000,1989
20050721,0000,1977
20050722,0000,1746
20050723,0000,1809
20050724,0000,1756
20050725,0000,1702
20050726,0000,1646
20050727,0000,1667
20050728,0000,1640
20050729,0000,1813
20050730,0000,1642
20050731,0000,1602
20050801,0000,1750
20050802,0000,1430
20050803,0000,1674
20050804,0000,1487
20050805,0000,1506
20050806,0000,1737
20050807,0000,1686
20050808,0000,1671
20050809,0000,1576
20050810,0000,1643
20050811,0000,1574
20050812,0000,1542
20050813,0000,m
20050814,0000,1569
20050815,0000,1600
20050816,0000,1597
20050817,0000,1637
20050818,0000,1674
20050819,0000,1589
20050820,0000,1972
20050821,0000,2009
20050822,0000,1963
20050823,0000,1966
20050824,0000,2031
20050825,0000,1958
20050826,0000,1979
20050827,0000,1943
20050828,0000,2136
20050829,0000,3231
20050830,0000,2521
20050831,0000,2033
20050901,0000,1988
20050902,0000,1989
20050903,0000,1981
20050904,0000,1975
20050905,0000,1966
20050906,0000,1999
20050907,0000,2023
20050908,0000,2000
20050909,0000,1963
20050910,0000,1998
20050911,0000,1976
20050912,0000,1986
20050913,0000,1997
20050914,0000,2050
20050915,0000,2057
20050916,0000,1986
20050917,0000,1995
20050918,0000,1989
20050919,0000,2004
20050920,0000,1961
20050921,0000,1955
20050922,0000,1544
20050923,0000,1449
20050924,0000,1388
20050925,0000,1488
20050926,0000,1418
20050927,0000,1427
20050928,0000,1495
20050929,0000,1430
20050930,0000,1447
20051001,0000,1011
20051002,0000,1370
20051003,0000,1364
20051004,0000,1313
20051005,0000,1224
20051006,0000,1246
20051007,0000,1121
20051008,0000,1178
20051009,0000,1137
20051010,0000,1179
20051011,0000,1112
20051012,0000,1091
20051013,0000,913
20051014,0000,935
20051015,0000,886
20051016,0000,854
20051017,0000,828
20051018,0000,835
20051019,0000,759
20051020,0000,735
20051021,0000,940
20051022,0000,917
20051023,0000,852
20051024,0000,936
20051025,0000,1034
20051026,0000,1015
20051027,0000,1076
20051028,0000,1155
20051029,0000,1132
20051030,0000,1470
20051031,0000,1498
20051101,0000,1544
20051102,0000,1425
20051103,0000,1520
20051104,0000,1401
20051105,0000,1482
20051106,0000,1589
20051107,0000,1460
20051108,0000,1438
20051109,0000,1423
20051110,0000,1949
20051111,0000,1786
20051112,0000,1861
20051113,0000,1886
20051114,0000,1834
20051115,0000,1849
20051116,0000,1836
20051117,0000,1826
20051118,0000,1843
20051119,0000,1872
20051120,0000,1896
20051121,0000,1861
20051122,0000,1876
20051123,0000,1806
20051124,0000,1840
20051125,0000,1877
20051126,0000,1872
20051127,0000,1832
20051128,0000,1837
20051129,0000,1552
20051130,0000,1865
20051201,0000,1860
20051202,0000,1800
20051203,0000,1882
20051204,0000,1834
20051205,0000,1813
20051206,0000,1813
20051207,0000,1858
20051208,0000,1792
20051209,0000,1037
20051210,0000,1037
20051211,0000,1100
20051212,0000,1112
20051213,0000,1102
20051214,0000,1169
20051215,0000,1138
20051216,0000,1130
20051217,0000,1157
20051218,0000,1087
20051219,0000,1195
20051220,0000,663
20051221,0000,1130
20051222,0000,724
20051223,0000,2030
20051224,0000,2009
20051225,0000,1999
20051226,0000,2007
20051227,0000,1830
20051228,0000,1625
20051229,0000,1623
20051230,0000,1777
20051231,0000,1737
20060101,0000,1648
20060102,0000,1630
20060103,0000,1947
20060104,0000,1717
20060105,0000,1665
20060106,0000,2039
20060107,0000,2998
20060108,0000,2647
20060109,0000,2745
20060110,0000,2533
20060111,0000,2585
20060112,0000,3875
20060113,0000,7357
20060114,0000,7785
20060115,0000,7873
20060116,0000,7807
20060117,0000,7732
20060118,0000,7692
20060119,0000,7673
20060120,0000,7606
20060121,0000,7621
20060122,0000,7660
20060123,0000,7559
20060124,0000,6155
20060125,0000,5164
20060126,0000,4407
20060127,0000,3968
20060128,0000,3674
20060129,0000,3672
20060130,0000,3647
20060131,0000,3634
20060201,0000,3655
20060202,0000,3649
20060203,0000,2073
20060204,0000,2037
20060205,0000,2058
20060206,0000,2138
20060207,0000,2031
20060208,0000,2129
20060209,0000,4978
20060210,0000,4589
20060211,0000,4519
20060212,0000,4507
20060213,0000,4670
20060214,0000,4625
20060215,0000,4133
20060216,0000,4352
20060217,0000,3948
20060218,0000,3877
20060219,0000,3952
20060220,0000,3858
20060221,0000,3996
20060222,0000,3904
20060223,0000,3744
20060224,0000,1212
20060225,0000,3696
20060226,0000,3687
20060227,0000,3547
20060228,0000,3495
20060301,0000,1962
20060302,0000,2943
20060303,0000,3364
20060304,0000,3518
20060305,0000,3631
20060306,0000,417
20060307,0000,399
20060308,0000,395
20060309,0000,395
20060310,0000,395
20060311,0000,385
20060312,0000,404
20060313,0000,817
20060314,0000,893
20060315,0000,3520
20060316,0000,2996
20060317,0000,3254
20060318,0000,2747
20060319,0000,2804
20060320,0000,2236
20060321,0000,1858
20060322,0000,446
20060323,0000,1522
20060324,0000,1560
20060325,0000,1715
20060326,0000,2026
20060327,0000,1624
20060328,0000,550
20060329,0000,539
20060330,0000,m
20060331,0000,1886
20060401,0000,638
20060402,0000,453
20060403,0000,482
20060404,0000,488
20060405,0000,509
20060406,0000,482
20060407,0000,520
20060408,0000,503
20060409,0000,478
20060410,0000,498
20060411,0000,564
20060412,0000,874
20060413,0000,1215
20060414,0000,1124
20060415,0000,1090
20060416,0000,1157
20060417,0000,1706
20060418,0000,2114
20060419,0000,2144
20060420,0000,3860
20060421,0000,3884
20060422,0000,3889
20060423,0000,3780
20060424,0000,4086
20060425,0000,4381
20060426,0000,4411
20060427,0000,4393
20060428,0000,4681
20060429,0000,4927
20060430,0000,4871
20060501,0000,4927
20060502,0000,6085
20060503,0000,6345
20060504,0000,6892
20060505,0000,6941
20060506,0000,6942
20060507,0000,6942
20060508,0000,6763
20060509,0000,6547
20060510,0000,6513
20060511,0000,7265
20060512,0000,7299
20060513,0000,7566
20060514,0000,8033
20060515,0000,8123
20060516,0000,8406
20060517,0000,8989
20060518,0000,9446
20060519,0000,8990
20060520,0000,9716
20060521,0000,9920
20060522,0000,11406
20060523,0000,13244
20060524,0000,m
20060525,0000,13785
20060526,0000,13593
20060527,0000,12074
20060528,0000,11932
20060529,0000,11964
20060530,0000,11927
20060531,0000,11956
20060601,0000,12144
20060602,0000,12148
20060603,0000,11843
20060604,0000,11270
20060605,0000,10584
20060606,0000,9803
20060607,0000,9738
20060608,0000,8852
20060609,0000,8621
20060610,0000,8612
20060611,0000,8531
20060612,0000,8532
20060613,0000,8526
20060614,0000,8500
20060615,0000,8055
20060616,0000,7977
20060617,0000,8458
20060618,0000,8464
20060619,0000,6632
20060620,0000,6560
20060621,0000,6103
20060622,0000,5909
20060623,0000,5387
20060624,0000,5254
20060625,0000,5200
20060626,0000,5171
20060627,0000,5471
20060628,0000,4767
20060629,0000,4738
20060630,0000,4854
20060701,0000,4417
20060702,0000,4605
20060703,0000,4432
20060704,0000,4437
20060705,0000,4221
20060706,0000,4365
20060707,0000,3809
20060708,0000,3751
20060709,0000,3926
20060710,0000,3886
20060711,0000,3543
20060712,0000,3494
20060713,0000,3218
20060714,0000,3321
20060715,0000,2900
20060716,0000,3630
20060717,0000,2882
20060718,0000,2160
20060719,0000,2800
20060720,0000,2428
20060721,0000,2513
20060722,0000,2656
20060723,0000,2945
20060724,0000,2608
20060725,0000,2845
20060726,0000,2834
20060727,0000,2963
20060728,0000,2487
20060729,0000,2475
20060730,0000,2460
20060731,0000,2960
20060801,0000,2900
20060802,0000,3198
20060803,0000,2961
20060804,0000,2788
20060805,0000,2802
20060806,0000,2959
20060807,0000,2768
20060808,0000,2769
20060809,0000,2690
20060810,0000,2226
20060811,0000,2840
20060812,0000,2785
20060813,0000,2972
20060814,0000,3063
20060815,0000,2541
20060816,0000,2860
20060817,0000,3135
20060818,0000,2741
20060819,0000,2752
20060820,0000,2692
20060821,0000,2894
20060822,0000,2936
20060823,0000,2936
20060824,0000,2829
20060825,0000,2704
20060826,0000,2931
20060827,0000,3108
20060828,0000,3446
20060829,0000,3034
20060830,0000,3099
20060831,0000,2579
20060901,0000,3150
20060902,0000,3199
20060903,0000,2736
20060904,0000,2934
20060905,0000,2891
20060906,0000,3634
20060907,0000,3138
20060908,0000,3150
20060909,0000,3028
20060910,0000,3020
20060911,0000,3023
20060912,0000,3045
20060913,0000,3417
20060914,0000,3413
20060915,0000,3152
20060916,0000,3197
20060917,0000,3090
20060918,0000,3360
20060919,0000,3223
20060920,0000,3233
20060921,0000,3493
20060922,0000,3412
20060923,0000,3324
20060924,0000,2924
20060925,0000,3228
20060926,0000,3340
20060927,0000,3512
20060928,0000,3268
20060929,0000,3015
20060930,0000,3187
20061001,0000,3231
20061002,0000,716
20061003,0000,567
20061004,0000,572
20061005,0000,572
20061006,0000,568
20061007,0000,569
20061008,0000,569
20061009,0000,569
20061010,0000,571
20061011,0000,571
20061012,0000,779
20061013,0000,578
20061014,0000,576
20061015,0000,564
20061016,0000,429
20061017,0000,419
20061018,0000,828
20061019,0000,745
20061020,0000,964
20061021,0000,783
20061022,0000,765
20061023,0000,768
20061024,0000,807
20061025,0000,722
20061026,0000,719
20061027,0000,768
20061028,0000,712
20061029,0000,708
20061030,0000,720
20061031,0000,718
20061101,0000,717
20061102,0000,743
20061103,0000,789
20061104,0000,768
20061105,0000,724
20061106,0000,783
20061107,0000,716
20061108,0000,774
20061109,0000,740
20061110,0000,706
20061111,0000,718
20061112,0000,964
20061113,0000,1255
20061114,0000,1642
20061115,0000,1289
20061116,0000,713
20061117,0000,1031
20061118,0000,1958
20061119,0000,1827
20061120,0000,1835
20061121,0000,734
20061122,0000,731
20061123,0000,726
20061124,0000,712
20061125,0000,720
20061126,0000,728
20061127,0000,721
20061128,0000,720
20061129,0000,715
20061130,0000,718
20061201,0000,714
20061202,0000,712
20061203,0000,713
20061204,0000,683
20061205,0000,678
20061206,0000,679
20061207,0000,630
20061208,0000,607
20061209,0000,661
20061210,0000,668
20061211,0000,685
20061212,0000,692
20061213,0000,765
20061214,0000,666
20061215,0000,1189
20061216,0000,1190
20061217,0000,1187
20061218,0000,1191
20061219,0000,1198
20061220,0000,1265
20061221,0000,1264
20061222,0000,1259
20061223,0000,1263
20061224,0000,1264
20061225,0000,1267
20061226,0000,1265
20061227,0000,1249
20061228,0000,1260
20061229,0000,1434
20061230,0000,1329
20061231,0000,1328
20070101,0000,931
20070102,0000,877
20070103,0000,896
20070104,0000,882
20070105,0000,880
20070106,0000,886
20070107,0000,884
20070108,0000,821
20070109,0000,874
20070110,0000,871
20070111,0000,m

