Date,PST,Inflow
19940101,0000,m
19940102,0000,10
19940103,0000,10
19940104,0000,10
19940105,0000,10
19940106,0000,10
19940107,0000,m
19940108,0000,m
19940109,0000,10
19940110,0000,10
19940111,0000,10
19940112,0000,10
19940113,0000,10
19940114,0000,m
19940115,0000,m
19940116,0000,m
19940117,0000,10
19940118,0000,10
19940119,0000,10
19940120,0000,10
19940121,0000,m
19940122,0000,m
19940123,0000,10
19940124,0000,10
19940125,0000,10
19940126,0000,10
19940127,0000,10
19940128,0000,m
19940129,0000,m
19940130,0000,10
19940131,0000,10
19941101,0000,307
19941102,0000,307
19941103,0000,10
19941104,0000,10
19941105,0000,m
19941106,0000,11
19941107,0000,11
19941108,0000,11
19941109,0000,11
19941110,0000,10
19941111,0000,m
19941112,0000,m
19941113,0000,445
19941114,0000,445
19941115,0000,165
19941116,0000,10
19941117,0000,11
19941118,0000,105
19941119,0000,m
19941120,0000,448
19941121,0000,448
19941122,0000,449
19941123,0000,450
19941124,0000,m
19941125,0000,m
19941126,0000,m
19941127,0000,455
19941128,0000,455
19941129,0000,456
19941130,0000,456
19941201,0000,458
19941202,0000,m
19941203,0000,m
19941204,0000,457
19941205,0000,457
19941206,0000,457
19941207,0000,449
19941208,0000,444
19941209,0000,444
19941210,0000,m
19941211,0000,446
19941212,0000,446
19941213,0000,446
19941214,0000,446
19941215,0000,402
19941216,0000,440
19941217,0000,m
19941218,0000,439
19941219,0000,439
19941220,0000,439
19941221,0000,440
19941222,0000,440
19941223,0000,440
19941224,0000,m
19941225,0000,m
19941226,0000,440
19941227,0000,440
19941228,0000,440
19941229,0000,440
19941230,0000,440
19941231,0000,m
19950101,0000,m
19950102,0000,440
19950103,0000,440
19950104,0000,442
19950105,0000,442
19950106,0000,442
19950107,0000,m
19950108,0000,438
19950109,0000,438
19950110,0000,426
19950111,0000,433
19950112,0000,460
19950113,0000,460
19950114,0000,m
19950115,0000,m
19950116,0000,435
19950117,0000,435
19950118,0000,473
19950119,0000,443
19950120,0000,419
19950121,0000,m
19950122,0000,1195
19950123,0000,1195
19950124,0000,1195
19950125,0000,1195
19950126,0000,1194
19950127,0000,1843
19950128,0000,m
19950129,0000,2225
19950130,0000,2225
19950131,0000,2226
19950201,0000,2228
19950202,0000,2229
19950203,0000,1695
19950204,0000,m
19950205,0000,1396
19950206,0000,1396
19950207,0000,1161
19950208,0000,929
19950209,0000,928
19950210,0000,901
19950211,0000,m
19950212,0000,m
19950213,0000,892
19950214,0000,892
19950215,0000,926
19950216,0000,927
19950217,0000,926
19950218,0000,m
19950219,0000,m
19950220,0000,675
19950221,0000,675
19950222,0000,534
19950223,0000,118
19950224,0000,426
19950225,0000,m
19950226,0000,438
19950227,0000,438
19950228,0000,437
19950301,0000,437
19950302,0000,432
19950303,0000,809
19950304,0000,m
19950305,0000,2170
19950306,0000,2170
19950307,0000,1575
19950308,0000,1560
19950309,0000,1585
19950310,0000,2143
19950311,0000,m
19950312,0000,7310
19950313,0000,7310
19950314,0000,4571
19950315,0000,4571
19950316,0000,4204
19950317,0000,4171
19950318,0000,m
19950319,0000,4184
19950320,0000,4184
19950321,0000,4084
19950322,0000,3514
19950323,0000,3584
19950324,0000,3740
19950325,0000,m
19950326,0000,3299
19950327,0000,3299
19950328,0000,1966
19950329,0000,1964
19950330,0000,1915
19950331,0000,1915
19950401,0000,m
19950402,0000,1869
19950403,0000,1865
19950404,0000,1864
19950405,0000,1864
19950406,0000,1866
19950407,0000,1866
19950408,0000,m
19950409,0000,2462
19950410,0000,2456
19950411,0000,2769
19950412,0000,2955
19950413,0000,2966
19950414,0000,2966
19950415,0000,m
19950416,0000,2948
19950417,0000,1871
19950418,0000,1872
19950419,0000,1873
19950420,0000,1835
19950421,0000,m
19950422,0000,m
19950423,0000,1865
19950424,0000,1768
19950425,0000,1674
19950426,0000,1670
19950427,0000,1673
19950428,0000,m
19950429,0000,m
19950430,0000,3836
19950501,0000,5184
19950502,0000,7123
19950503,0000,5084
19950504,0000,4419
19950505,0000,m
19950506,0000,m
19950507,0000,4170
19950508,0000,3936
19950509,0000,3755
19950510,0000,3760
19950511,0000,3765
19950512,0000,m
19950513,0000,m
19950514,0000,2676
19950515,0000,2675
19950516,0000,2673
19950517,0000,m
19950518,0000,2098
19950519,0000,m
19950520,0000,m
19950521,0000,3743
19950522,0000,4024
19950523,0000,4096
19950524,0000,4227
19950525,0000,4240
19950526,0000,m
19950527,0000,m
19950528,0000,m
19950529,0000,4204
19950530,0000,4219
19950531,0000,4250
19950601,0000,5927
19950602,0000,m
19950603,0000,m
19950604,0000,5831
19950605,0000,6545
19950606,0000,5351
19950607,0000,4389
19950608,0000,4232
19950609,0000,m
19950610,0000,m
19950611,0000,4245
19950612,0000,4240
19950613,0000,4131
19950614,0000,m
19950615,0000,4826
19950616,0000,m
19950617,0000,m
19950618,0000,4237
19950619,0000,4110
19950620,0000,4043
19950621,0000,m
19950622,0000,3463
19950623,0000,m
19950624,0000,m
19950625,0000,6417
19950626,0000,5943
19950627,0000,5890
19950628,0000,m
19950629,0000,5557
19950630,0000,m
19950701,0000,m
19950702,0000,4790
19950703,0000,m
19950704,0000,m
19950705,0000,4283
19950706,0000,4419
19950707,0000,m
19950708,0000,m
19950709,0000,4557
19950710,0000,4324
19950711,0000,4074
19950712,0000,2993
19950713,0000,2030
19950714,0000,m
19950715,0000,m
19950716,0000,2134
19950717,0000,2263
19950718,0000,2731
19950719,0000,2327
19950720,0000,1425
19950721,0000,m
19950722,0000,m
19950723,0000,m
19950724,0000,1321
19950725,0000,1235
19950726,0000,1296
19950727,0000,1273
19950728,0000,m
19950729,0000,m
19950730,0000,1290
19950731,0000,1251
19950801,0000,1129
19950802,0000,1186
19950803,0000,m
19950804,0000,m
19950805,0000,m
19950806,0000,1245
19950807,0000,1265
19950808,0000,1252
19950809,0000,1222
19950810,0000,1272
19950811,0000,m
19950812,0000,m
19950813,0000,1235
19950814,0000,1234
19950815,0000,1256
19950816,0000,1297
19950817,0000,1321
19950818,0000,m
19950819,0000,m
19950820,0000,1199
19950821,0000,1182
19950822,0000,1177
19950823,0000,1147
19950824,0000,1188
19950825,0000,m
19950826,0000,m
19950827,0000,1224
19950828,0000,1223
19950829,0000,1218
19950830,0000,1220
19950831,0000,1233
19950901,0000,m
19950902,0000,m
19950903,0000,m
19950904,0000,427
19950905,0000,546
19950906,0000,1219
19950907,0000,m
19950908,0000,m
19950909,0000,m
19950910,0000,1275
19950911,0000,939
19950912,0000,854
19950913,0000,856
19950914,0000,970
19950915,0000,m
19950916,0000,m
19950917,0000,1049
19950918,0000,252
19950919,0000,14
19950920,0000,14
19950921,0000,14
19950922,0000,m
19950923,0000,m
19950924,0000,15
19950925,0000,15
19950926,0000,15
19950927,0000,14
19950928,0000,m
19950929,0000,m
19950930,0000,m
19951001,0000,15
19951002,0000,15
19951003,0000,15
19951004,0000,13
19951005,0000,14
19951006,0000,m
19951007,0000,m
19951008,0000,m
19951009,0000,16
19951010,0000,13
19951011,0000,13
19951012,0000,13
19951013,0000,m
19951014,0000,m
19951015,0000,22
19951016,0000,26
19951017,0000,29
19951018,0000,31
19951019,0000,33
19951020,0000,m
19951021,0000,m
19951022,0000,36
19951023,0000,39
19951024,0000,39
19951025,0000,33
19951026,0000,39
19951027,0000,m
19951028,0000,m
19951029,0000,34
19951030,0000,34
19951031,0000,34
19951101,0000,14
19951102,0000,4
19951103,0000,m
19951104,0000,m
19951105,0000,5
19951106,0000,5
19951107,0000,5
19951108,0000,5
19951109,0000,m
19951110,0000,m
19951111,0000,m
19951112,0000,5
19951113,0000,5
19951114,0000,5
19951115,0000,5
19951116,0000,5
19951117,0000,m
19951118,0000,m
19951119,0000,5
19951120,0000,5
19951121,0000,5
19951122,0000,m
19951123,0000,m
19951124,0000,m
19951125,0000,m
19951126,0000,1005
19951127,0000,1005
19951128,0000,1005
19951129,0000,1005
19951130,0000,998
19951201,0000,m
19951202,0000,m
19951203,0000,1005
19951204,0000,1005
19951205,0000,580
19951206,0000,5
19951207,0000,5
19951208,0000,m
19951209,0000,m
19951210,0000,5
19951211,0000,5
19951212,0000,m
19951213,0000,5
19951214,0000,5
19951215,0000,m
19951216,0000,m
19951217,0000,m
19951218,0000,m
19951219,0000,m
19951220,0000,m
19951221,0000,m
19951222,0000,m
19951223,0000,m
19951224,0000,m
19951225,0000,m
19951226,0000,m
19951227,0000,m
19951228,0000,m
19951229,0000,m
19951230,0000,m
19951231,0000,m
19960101,0000,m
19960102,0000,m
19960103,0000,m
19960104,0000,m
19960105,0000,m
19960106,0000,m
19960107,0000,5
19960108,0000,13
19960109,0000,169
19960110,0000,269
19960111,0000,140
19960112,0000,m
19960113,0000,m
19960114,0000,m
19960115,0000,110
19960116,0000,372
19960117,0000,1081
19960118,0000,621
19960119,0000,m
19960120,0000,m
19960121,0000,320
19960122,0000,487
19960123,0000,514
19960124,0000,492
19960125,0000,1844
19960126,0000,m
19960127,0000,m
19960128,0000,1585
19960129,0000,1987
19960130,0000,2943
19960131,0000,2212
19960201,0000,943
19960204,0000,943
19960205,0000,2336
19960207,0000,2862
19960208,0000,2945
19960212,0000,1043
19960213,0000,1043
19960214,0000,1043
19960215,0000,968
19960219,0000,1127
19960221,0000,2945
19960222,0000,3148
19960225,0000,2853
19960226,0000,2938
19960227,0000,2879
19960228,0000,1445
19960229,0000,1445
19960303,0000,1446
19960304,0000,1487
19960305,0000,1874
19960306,0000,2941
19960310,0000,2644
19960311,0000,1948
19960312,0000,1947
19960313,0000,1944
19960314,0000,1942
19960317,0000,1941
19960318,0000,1636
19960320,0000,1460
19960321,0000,1441
19960324,0000,1893
19960325,0000,1895
19960326,0000,1881
19960327,0000,1497
19960328,0000,890
19960331,0000,1203
19960401,0000,1593
19960402,0000,2185
19960403,0000,m
19960404,0000,m
19960405,0000,m
19960406,0000,m
19960407,0000,1318
19960408,0000,1223
19960409,0000,m
19960410,0000,m
19960411,0000,1324
19960412,0000,m
19960413,0000,m
19960414,0000,1926
19960415,0000,m
19960416,0000,m
19960417,0000,1794
19960418,0000,1892
19960419,0000,m
19960420,0000,m
19960421,0000,1926
19960422,0000,1929
19960423,0000,1513
19960424,0000,1323
19960425,0000,m
19960426,0000,m
19960427,0000,m
19960428,0000,m
19960429,0000,1705
19960430,0000,m
19960501,0000,m
19960502,0000,2031
19960503,0000,m
19960504,0000,m
19960505,0000,1650
19960506,0000,1333
19960507,0000,m
19960508,0000,1332
19960509,0000,1331
19960510,0000,m
19960511,0000,m
19960512,0000,2028
19960513,0000,3142
19960514,0000,3819
19960515,0000,3821
19960516,0000,9381
19960517,0000,m
19960518,0000,m
19960519,0000,6051
19960520,0000,3931
19960521,0000,m
19960522,0000,3794
19960523,0000,m
19960524,0000,m
19960525,0000,m
19960526,0000,m
19960527,0000,2187
19960528,0000,1695
19960529,0000,1692
19960530,0000,1684
19960531,0000,m
19960601,0000,m
19960602,0000,2462
19960603,0000,2829
19960604,0000,m
19960605,0000,3302
19960606,0000,m
19960607,0000,m
19960608,0000,m
19960609,0000,m
19960610,0000,m
19960611,0000,m
19960612,0000,m
19960613,0000,1320
19960614,0000,m
19960615,0000,m
19960616,0000,1277
19960617,0000,1327
19960618,0000,1286
19960619,0000,1180
19960620,0000,m
19960621,0000,m
19960622,0000,m
19960623,0000,831
19960624,0000,m
19960625,0000,m
19960626,0000,835
19960627,0000,709
19960628,0000,m
19960629,0000,m
19960630,0000,594
19960701,0000,594
19960702,0000,516
19960703,0000,m
19960704,0000,429
19960705,0000,m
19960706,0000,m
19960707,0000,427
19960708,0000,425
19960709,0000,425
19960710,0000,m
19960711,0000,m
19960712,0000,m
19960713,0000,m
19960714,0000,m
19960715,0000,424
19960716,0000,m
19960717,0000,m
19960718,0000,m
19960719,0000,m
19960720,0000,m
19960721,0000,m
19960722,0000,m
19960723,0000,m
19960724,0000,m
19960725,0000,m
19960726,0000,m
19960727,0000,m
19960728,0000,m
19960729,0000,m
19960730,0000,m
19960731,0000,m
19960801,0000,m
19960802,0000,m
19960803,0000,m
19960804,0000,m
19960805,0000,m
19960806,0000,m
19960807,0000,m
19960808,0000,m
19960809,0000,m
19960810,0000,m
19960811,0000,m
19960812,0000,m
19960813,0000,m
19960814,0000,m
19960815,0000,m
19960816,0000,m
19960817,0000,m
19960818,0000,m
19960819,0000,m
19960820,0000,m
19960821,0000,m
19960822,0000,129
19960823,0000,389
19960824,0000,389
19960825,0000,389
19960826,0000,389
19960827,0000,520
19960828,0000,637
19960829,0000,638
19960830,0000,574
19960831,0000,534
19960901,0000,447
19960902,0000,393
19960903,0000,395
19960904,0000,331
19960905,0000,300
19960906,0000,300
19960907,0000,300
19960908,0000,300
19960909,0000,300
19960910,0000,265
19960911,0000,230
19960912,0000,230
19960913,0000,229
19960914,0000,229
19960915,0000,229
19960916,0000,229
19960917,0000,229
19960918,0000,229
19960919,0000,196
19960920,0000,155
19960921,0000,155
19960922,0000,155
19960923,0000,155
19960924,0000,150
19960925,0000,150
19960926,0000,151
19960927,0000,154
19960928,0000,158
19960929,0000,158
19960930,0000,155
19961001,0000,624
19961002,0000,705
19961003,0000,706
19961004,0000,708
19961005,0000,710
19961006,0000,711
19961007,0000,712
19961008,0000,689
19961009,0000,696
19961010,0000,m
19961011,0000,699
19961012,0000,700
19961013,0000,701
19961014,0000,702
19961015,0000,703
19961016,0000,704
19961017,0000,705
19961018,0000,705
19961019,0000,707
19961020,0000,708
19961021,0000,708
19961022,0000,708
19961023,0000,709
19961024,0000,709
19961025,0000,550
19961026,0000,443
19961027,0000,402
19961028,0000,401
19961029,0000,400
19961030,0000,410
19961031,0000,437
19961101,0000,439
19961102,0000,439
19961103,0000,439
19961104,0000,439
19961105,0000,440
19961106,0000,440
19961107,0000,440
19961108,0000,440
19961109,0000,440
19961110,0000,440
19961111,0000,440
19961112,0000,441
19961113,0000,441
19961114,0000,442
19961115,0000,442
19961116,0000,443
19961117,0000,442
19961118,0000,732
19961119,0000,1340
19961120,0000,1198
19961121,0000,912
19961122,0000,911
19961123,0000,906
19961124,0000,906
19961125,0000,906
19961126,0000,684
19961127,0000,467
19961128,0000,466
19961129,0000,466
19961130,0000,465
19961201,0000,464
19961202,0000,463
19961203,0000,463
19961204,0000,462
19961205,0000,706
19961206,0000,1321
19961207,0000,1319
19961208,0000,1321
19961209,0000,1326
19961210,0000,1324
19961211,0000,1312
19961212,0000,2828
19961213,0000,3787
19961214,0000,2386
19961215,0000,1281
19961216,0000,1281
19961217,0000,1280
19961218,0000,1280
19961219,0000,1281
19961220,0000,1283
19961221,0000,1280
19961222,0000,1553
19961223,0000,1535
19961224,0000,1268
19961225,0000,1266
19961226,0000,1279
19961227,0000,1279
19961228,0000,-9999
19961229,0000,-9999
19961230,0000,3515
19961231,0000,3792
19970101,0000,6427
19970102,0000,31546
19970103,0000,21313
19970104,0000,10922
19970105,0000,7269
19970106,0000,5447
19970107,0000,4379
19970108,0000,3965
19970109,0000,3816
19970110,0000,3795
19970111,0000,3760
19970112,0000,6272
19970113,0000,3752
19970114,0000,3771
19970115,0000,3559
19970116,0000,3153
19970117,0000,-9999
19970118,0000,3153
19970119,0000,2815
19970120,0000,2515
19970121,0000,2750
19970122,0000,3233
19970123,0000,3853
19970124,0000,3853
19970125,0000,3853
19970126,0000,3832
19970127,0000,3828
19970128,0000,3842
19970129,0000,3841
19970130,0000,3844
19970131,0000,3849
19970201,0000,3855
19970202,0000,3859
19970203,0000,3868
19970204,0000,3854
19970205,0000,3863
19970206,0000,2080
19970207,0000,1990
19970208,0000,1878
19970209,0000,1874
19970210,0000,1751
19970211,0000,1625
19970212,0000,1627
19970213,0000,1630
19970214,0000,1629
19970215,0000,1627
19970216,0000,1626
19970217,0000,1628
19970218,0000,1625
19970219,0000,1184
19970220,0000,1366
19970221,0000,1367
19970222,0000,1369
19970223,0000,1367
19970224,0000,1366
19970225,0000,1555
19970226,0000,1717
19970227,0000,1670
19970228,0000,1371
19970301,0000,1369
19970302,0000,1368
19970303,0000,1367
19970304,0000,1366
19970305,0000,1367
19970306,0000,1367
19970307,0000,1367
19970308,0000,1367
19970309,0000,1368
19970310,0000,1370
19970311,0000,1320
19970312,0000,1370
19970313,0000,1370
19970314,0000,m
19970315,0000,m
19970316,0000,1377
19970317,0000,1378
19970318,0000,1378
19970319,0000,1382
19970320,0000,1181
19970321,0000,1384
19970322,0000,1392
19970323,0000,1394
19970324,0000,1395
19970325,0000,1384
19970326,0000,1364
19970327,0000,1363
19970328,0000,1353
19970329,0000,1346
19970330,0000,1346
19970331,0000,1347
19970401,0000,1348
19970402,0000,1348
19970403,0000,1349
19970404,0000,1350
19970405,0000,1350
19970406,0000,1353
19970407,0000,1356
19970408,0000,1358
19970409,0000,1361
19970410,0000,1364
19970411,0000,1365
19970412,0000,1366
19970413,0000,1366
19970414,0000,1369
19970415,0000,1273
19970416,0000,1238
19970417,0000,1165
19970418,0000,1004
19970419,0000,910
19970420,0000,905
19970421,0000,910
19970422,0000,871
19970423,0000,871
19970424,0000,882
19970425,0000,880
19970426,0000,1350
19970427,0000,1348
19970428,0000,1348
19970429,0000,1349
19970430,0000,1344
19970501,0000,1337
19970502,0000,1335
19970503,0000,1342
19970504,0000,1341
19970505,0000,1346
19970506,0000,1342
19970507,0000,1343
19970508,0000,1342
19970509,0000,1341
19970510,0000,1333
19970511,0000,1324
19970512,0000,1341
19970513,0000,1308
19970514,0000,1312
19970515,0000,1307
19970516,0000,1947
19970517,0000,2967
19970518,0000,2791
19970519,0000,3010
19970520,0000,3688
19970521,0000,3310
19970522,0000,1438
19970523,0000,1438
19970524,0000,1307
19970525,0000,1307
19970526,0000,1309
19970527,0000,1309
19970528,0000,1285
19970529,0000,1261
19970530,0000,1261
19970531,0000,1309
19970601,0000,1313
19970602,0000,1275
19970603,0000,1307
19970604,0000,1312
19970605,0000,1313
19970606,0000,3512
19970607,0000,1604
19970608,0000,1283
19970609,0000,2991
19970610,0000,1213
19970611,0000,1048
19970612,0000,760
19970613,0000,732
19970614,0000,362
19970615,0000,362
19970616,0000,488
19970617,0000,383
19970618,0000,401
19970619,0000,401
19970620,0000,536
19970621,0000,700
19970622,0000,637
19970623,0000,727
19970624,0000,636
19970625,0000,635
19970626,0000,520
19970627,0000,322
19970628,0000,5
19970629,0000,5
19970630,0000,5
19970701,0000,5
19970702,0000,3
19970703,0000,5
19970704,0000,3
19970705,0000,3
19970706,0000,3
19970707,0000,3
19970708,0000,155
19970709,0000,302
19970710,0000,302
19970711,0000,302
19970712,0000,5
19970713,0000,5
19970714,0000,5
19970715,0000,5
19970716,0000,3
19970717,0000,3
19970718,0000,3
19970719,0000,3
19970720,0000,3
19970721,0000,179
19970722,0000,316
19970723,0000,316
19970724,0000,316
19970725,0000,265
19970726,0000,5
19970727,0000,5
19970728,0000,5
19970729,0000,5
19970730,0000,3
19970731,0000,5
19970801,0000,3
19970802,0000,3
19970803,0000,3
19970804,0000,235
19970805,0000,432
19970806,0000,760
19970807,0000,1142
19970808,0000,725
19970809,0000,682
19970810,0000,730
19970811,0000,49
19970812,0000,4
19970813,0000,3
19970814,0000,3
19970815,0000,3
19970816,0000,3
19970817,0000,3
19970818,0000,158
19970819,0000,300
19970820,0000,300
19970821,0000,300
19970822,0000,300
19970823,0000,300
19970824,0000,301
19970825,0000,54
19970826,0000,3
19970827,0000,3
19970828,0000,3
19970829,0000,3
19970830,0000,3
19970831,0000,3
19970901,0000,3
19970902,0000,5
19970903,0000,3
19970904,0000,150
19970905,0000,436
19970906,0000,442
19970907,0000,450
19970908,0000,445
19970909,0000,450
19970910,0000,453
19970911,0000,463
19970912,0000,455
19970913,0000,464
19970914,0000,316
19970915,0000,5
19970916,0000,5
19970917,0000,5
19970918,0000,5
19970919,0000,5
19970920,0000,5
19970921,0000,5
19970922,0000,3
19970923,0000,156
19970924,0000,400
19970925,0000,395
19970926,0000,395
19970927,0000,396
19970928,0000,396
19970929,0000,44
19970930,0000,4
19971001,0000,417
19971002,0000,706
19971003,0000,711
19971004,0000,711
19971005,0000,712
19971006,0000,713
19971007,0000,713
19971008,0000,714
19971009,0000,715
19971010,0000,703
19971011,0000,704
19971012,0000,705
19971013,0000,693
19971014,0000,708
19971015,0000,709
19971016,0000,710
19971017,0000,460
19971018,0000,707
19971019,0000,708
19971020,0000,709
19971021,0000,624
19971022,0000,713
19971023,0000,714
19971024,0000,715
19971025,0000,715
19971026,0000,717
19971027,0000,718
19971028,0000,712
19971029,0000,719
19971030,0000,713
19971031,0000,713
19971101,0000,705
19971102,0000,706
19971103,0000,707
19971104,0000,707
19971105,0000,709
19971106,0000,710
19971107,0000,711
19971108,0000,711
19971109,0000,712
19971110,0000,713
19971111,0000,713
19971112,0000,714
19971113,0000,585
19971114,0000,408
19971115,0000,408
19971116,0000,408
19971117,0000,402
19971118,0000,396
19971119,0000,396
19971120,0000,396
19971121,0000,412
19971122,0000,433
19971123,0000,433
19971124,0000,433
19971125,0000,434
19971126,0000,423
19971127,0000,422
19971128,0000,421
19971129,0000,421
19971130,0000,421
19971201,0000,423
19971202,0000,336
19971203,0000,300
19971204,0000,300
19971205,0000,302
19971206,0000,303
19971207,0000,318
19971208,0000,328
19971209,0000,328
19971210,0000,353
19971211,0000,356
19971212,0000,356
19971213,0000,356
19971214,0000,356
19971215,0000,356
19971216,0000,247
19971217,0000,247
19971218,0000,247
19971219,0000,247
19971220,0000,247
19971221,0000,247
19971222,0000,247
19971223,0000,247
19971224,0000,248
19971225,0000,247
19971226,0000,248
19971227,0000,98
19971228,0000,5
19971229,0000,3
19971230,0000,3
19971231,0000,3
19980101,0000,3
19980102,0000,3
19980103,0000,3
19980104,0000,3
19980105,0000,3
19980106,0000,3
19980107,0000,3
19980108,0000,3
19980109,0000,5
19980110,0000,5
19980111,0000,5
19980112,0000,610
19980113,0000,1343
19980114,0000,1358
19980115,0000,1361
19980116,0000,1348
19980117,0000,1339
19980118,0000,1339
19980119,0000,1348
19980120,0000,1354
19980121,0000,1356
19980122,0000,1361
19980123,0000,1368
19980124,0000,1369
19980125,0000,1363
19980126,0000,1340
19980127,0000,1340
19980128,0000,1352
19980129,0000,1344
19980130,0000,1023
19980131,0000,1004
19980201,0000,1008
19980202,0000,1008
19980203,0000,1250
19980204,0000,1349
19980205,0000,2456
19980206,0000,3817
19980207,0000,3814
19980208,0000,3852
19980209,0000,3849
19980210,0000,3669
19980211,0000,3031
19980212,0000,2629
19980213,0000,2355
19980214,0000,2281
19980215,0000,2357
19980216,0000,2101
19980217,0000,1865
19980218,0000,1497
19980219,0000,1353
19980220,0000,1345
19980221,0000,1355
19980222,0000,1349
19980223,0000,2058
19980224,0000,2878
19980225,0000,2128
19980226,0000,1606
19980227,0000,1369
19980228,0000,1366
19980301,0000,1366
19980302,0000,1366
19980303,0000,1361
19980304,0000,1351
19980305,0000,1181
19980306,0000,1109
19980307,0000,1080
19980308,0000,1011
19980309,0000,1011
19980310,0000,1010
19980311,0000,1009
19980312,0000,1009
19980313,0000,1010
19980314,0000,1010
19980315,0000,1010
19980316,0000,1009
19980317,0000,1009
19980318,0000,1009
19980319,0000,1009
19980320,0000,1041
19980321,0000,998
19980322,0000,1336
19980323,0000,1335
19980324,0000,1299
19980325,0000,1354
19980326,0000,1331
19980327,0000,1316
19980328,0000,1306
19980329,0000,1457
19980330,0000,1909
19980331,0000,2022
19980401,0000,2019
19980402,0000,1915
19980403,0000,2081
19980404,0000,2081
19980405,0000,1817
19980406,0000,1778
19980407,0000,1784
19980408,0000,1728
19980409,0000,1653
19980410,0000,1536
19980411,0000,1504
19980412,0000,1482
19980413,0000,1643
19980414,0000,1884
19980415,0000,1805
19980416,0000,1701
19980417,0000,1654
19980418,0000,1666
19980419,0000,1626
19980420,0000,1804
19980421,0000,1966
19980422,0000,3882
19980423,0000,2476
19980424,0000,2465
19980425,0000,2314
19980426,0000,2119
19980427,0000,2110
19980428,0000,2229
19980429,0000,2374
19980430,0000,2506
19980501,0000,2563
19980502,0000,2691
19980503,0000,3428
19980504,0000,2972
19980505,0000,3106
19980506,0000,2915
19980507,0000,2745
19980508,0000,2486
19980509,0000,2480
19980510,0000,2589
19980511,0000,2371
19980512,0000,2393
19980513,0000,2347
19980514,0000,2245
19980515,0000,1988
19980516,0000,2023
19980517,0000,2342
19980518,0000,2301
19980519,0000,2304
19980520,0000,2218
19980521,0000,2294
19980522,0000,2228
19980523,0000,2329
19980524,0000,2367
19980525,0000,2558
19980526,0000,2885
19980527,0000,2438
19980528,0000,2401
19980529,0000,2596
19980530,0000,2372
19980531,0000,2229
19980601,0000,2556
19980602,0000,2720
19980603,0000,2745
19980604,0000,2937
19980605,0000,3038
19980606,0000,3195
19980607,0000,4065
19980608,0000,3944
19980609,0000,4509
19980610,0000,4717
19980611,0000,5000
19980612,0000,4926
19980613,0000,5284
19980614,0000,5282
19980615,0000,5116
19980616,0000,5070
19980617,0000,4561
19980618,0000,4203
19980619,0000,6279
19980620,0000,6094
19980621,0000,5755
19980622,0000,5813
19980623,0000,5342
19980624,0000,4741
19980625,0000,4787
19980626,0000,5389
19980627,0000,5039
19980628,0000,4555
19980629,0000,4595
19980630,0000,4643
19980701,0000,4240
19980702,0000,4002
19980703,0000,3792
19980704,0000,3779
19980705,0000,3322
19980706,0000,3076
19980707,0000,3204
19980708,0000,3398
19980709,0000,3301
19980710,0000,2331
19980711,0000,2224
19980712,0000,2261
19980713,0000,1992
19980714,0000,1243
19980715,0000,1216
19980716,0000,1516
19980717,0000,1516
19980718,0000,760
19980719,0000,508
19980720,0000,414
19980721,0000,401
19980722,0000,567
19980723,0000,701
19980724,0000,727
19980725,0000,251
19980726,0000,665
19980727,0000,545
19980728,0000,645
19980729,0000,638
19980730,0000,640
19980731,0000,640
19980801,0000,430
19980802,0000,420
19980803,0000,418
19980804,0000,417
19980805,0000,504
19980806,0000,617
19980807,0000,542
19980808,0000,m
19980809,0000,527
19980810,0000,333
19980811,0000,332
19980812,0000,m
19980813,0000,335
19980814,0000,487
19980815,0000,643
19980816,0000,653
19980817,0000,657
19980818,0000,662
19980819,0000,656
19980820,0000,658
19980821,0000,641
19980822,0000,303
19980823,0000,m
19980824,0000,626
19980825,0000,607
19980826,0000,606
19980827,0000,598
19980828,0000,594
19980829,0000,298
19980830,0000,300
19980831,0000,488
19980901,0000,652
19980902,0000,652
19980903,0000,654
19980904,0000,644
19980905,0000,650
19980906,0000,655
19980907,0000,662
19980908,0000,656
19980909,0000,653
19980910,0000,641
19980911,0000,646
19980912,0000,642
19980913,0000,654
19980914,0000,648
19980915,0000,656
19980916,0000,655
19980917,0000,589
19980918,0000,584
19980919,0000,587
19980920,0000,586
19980921,0000,587
19980922,0000,585
19980923,0000,585
19980924,0000,339
19980925,0000,362
19980926,0000,315
19980927,0000,314
19980928,0000,255
19980929,0000,252
19980930,0000,251
19981001,0000,578
19981002,0000,839
19981003,0000,845
19981004,0000,845
19981005,0000,844
19981006,0000,843
19981007,0000,869
19981008,0000,915
19981009,0000,905
19981010,0000,900
19981011,0000,903
19981012,0000,908
19981013,0000,896
19981014,0000,878
19981015,0000,877
19981016,0000,867
19981017,0000,881
19981018,0000,888
19981019,0000,891
19981020,0000,891
19981021,0000,944
19981022,0000,935
19981023,0000,897
19981024,0000,898
19981025,0000,774
19981026,0000,772
19981027,0000,769
19981028,0000,518
19981029,0000,468
19981030,0000,468
19981031,0000,468
19981101,0000,468
19981102,0000,469
19981103,0000,469
19981104,0000,469
19981105,0000,450
19981106,0000,437
19981107,0000,437
19981108,0000,433
19981109,0000,447
19981110,0000,458
19981111,0000,458
19981112,0000,448
19981113,0000,431
19981114,0000,448
19981115,0000,447
19981116,0000,451
19981117,0000,452
19981118,0000,447
19981119,0000,447
19981120,0000,447
19981121,0000,446
19981122,0000,445
19981123,0000,449
19981124,0000,443
19981125,0000,450
19981126,0000,449
19981127,0000,444
19981128,0000,448
19981129,0000,442
19981130,0000,413
19981201,0000,735
19981202,0000,736
19981203,0000,837
19981204,0000,892
19981205,0000,879
19981206,0000,878
19981207,0000,877
19981208,0000,879
19981209,0000,879
19981210,0000,452
19981211,0000,447
19981212,0000,446
19981213,0000,445
19981214,0000,446
19981215,0000,445
19981216,0000,445
19981217,0000,446
19981218,0000,444
19981219,0000,444
19981220,0000,442
19981221,0000,445
19981222,0000,480
19981223,0000,441
19981224,0000,468
19981225,0000,444
19981226,0000,m
19981227,0000,439
19981228,0000,442
19981229,0000,440
19981230,0000,441
19981231,0000,572
19990101,0000,653
19990102,0000,651
19990103,0000,648
19990104,0000,622
19990105,0000,650
19990106,0000,645
19990107,0000,498
19990108,0000,411
19990109,0000,411
19990110,0000,319
19990111,0000,314
19990112,0000,315
19990113,0000,314
19990114,0000,314
19990115,0000,313
19990116,0000,313
19990117,0000,313
19990118,0000,310
19990119,0000,376
19990120,0000,1023
19990121,0000,1313
19990122,0000,1315
19990123,0000,1319
19990124,0000,1330
19990125,0000,1335
19990126,0000,1338
19990127,0000,1320
19990128,0000,1324
19990129,0000,1326
19990130,0000,1337
19990131,0000,1272
19990201,0000,1295
19990202,0000,1303
19990203,0000,1305
19990204,0000,1315
19990205,0000,1320
19990206,0000,1331
19990207,0000,1330
19990208,0000,1311
19990209,0000,2747
19990210,0000,2903
19990211,0000,1657
19990212,0000,1280
19990213,0000,1274
19990214,0000,1272
19990215,0000,1270
19990216,0000,1269
19990217,0000,1263
19990218,0000,1255
19990219,0000,1255
19990220,0000,1618
19990221,0000,2195
19990222,0000,1768
19990223,0000,1664
19990224,0000,1662
19990225,0000,1747
19990226,0000,1862
19990227,0000,1713
19990228,0000,1611
19990301,0000,1531
19990302,0000,1529
19990303,0000,1616
19990304,0000,1913
19990305,0000,1985
19990306,0000,1930
19990307,0000,1932
19990308,0000,1646
19990309,0000,1442
19990310,0000,1381
19990311,0000,1498
19990312,0000,1943
19990313,0000,1950
19990314,0000,1958
19990315,0000,1968
19990316,0000,1978
19990317,0000,1991
19990318,0000,1539
19990319,0000,1294
19990320,0000,1296
19990321,0000,1296
19990322,0000,1299
19990323,0000,1303
19990324,0000,1310
19990325,0000,1317
19990326,0000,1320
19990327,0000,1325
19990328,0000,1328
19990329,0000,1333
19990330,0000,1339
19990331,0000,1346
19990401,0000,1353
19990402,0000,1361
19990403,0000,1361
19990404,0000,1355
19990405,0000,1367
19990406,0000,1368
19990407,0000,1352
19990408,0000,1357
19990409,0000,1376
19990410,0000,1361
19990411,0000,1345
19990412,0000,680
19990413,0000,678
19990414,0000,679
19990415,0000,679
19990416,0000,837
19990417,0000,1200
19990418,0000,1336
19990419,0000,m
19990420,0000,1357
19990421,0000,1369
19990422,0000,1354
19990423,0000,1360
19990424,0000,1357
19990425,0000,1358
19990426,0000,m
19990427,0000,1363
19990428,0000,1367
19990429,0000,1339
19990430,0000,1357
19990501,0000,1362
19990502,0000,1365
19990503,0000,1361
19990504,0000,1357
19990505,0000,1360
19990506,0000,1365
19990507,0000,1355
19990508,0000,1346
19990509,0000,1347
19990510,0000,1348
19990511,0000,1360
19990512,0000,1363
19990513,0000,1353
19990514,0000,1355
19990515,0000,1356
19990516,0000,1359
19990517,0000,1362
19990518,0000,1365
19990519,0000,1111
19990520,0000,1015
19990521,0000,1310
19990522,0000,1326
19990523,0000,1342
19990524,0000,1348
19990525,0000,1338
19990526,0000,1321
19990527,0000,1334
19990528,0000,1346
19990529,0000,1341
19990530,0000,1327
19990531,0000,1317
19990601,0000,1316
19990602,0000,2039
19990603,0000,3161
19990604,0000,2293
19990605,0000,1809
19990606,0000,1508
19990607,0000,1303
19990608,0000,2187
19990609,0000,1971
19990610,0000,1519
19990611,0000,1283
19990612,0000,1744
19990613,0000,3073
19990614,0000,3363
19990615,0000,3756
19990616,0000,3435
19990617,0000,3253
19990618,0000,2671
19990619,0000,2253
19990620,0000,1741
19990621,0000,1252
19990622,0000,1233
19990623,0000,1207
19990624,0000,1816
19990625,0000,1660
19990626,0000,1248
19990627,0000,1237
19990628,0000,1223
19990629,0000,1214
19990630,0000,1168
19990701,0000,812
19990702,0000,801
19990703,0000,800
19990704,0000,738
19990705,0000,720
19990706,0000,720
19990707,0000,719
19990708,0000,719
19990709,0000,712
19990710,0000,674
19990711,0000,571
19990712,0000,540
19990713,0000,532
19990714,0000,538
19990715,0000,523
19990716,0000,511
19990717,0000,511
19990718,0000,511
19990719,0000,511
19990720,0000,510
19990721,0000,510
19990722,0000,466
19990723,0000,510
19990724,0000,510
19990725,0000,510
19990726,0000,489
19990727,0000,479
19990728,0000,438
19990729,0000,371
19990730,0000,366
19990731,0000,366
19990801,0000,366
19990802,0000,365
19990803,0000,366
19990804,0000,366
19990805,0000,365
19990806,0000,365
19990807,0000,365
19990808,0000,365
19990809,0000,365
19990810,0000,365
19990811,0000,365
19990812,0000,365
19990813,0000,365
19990814,0000,365
19990815,0000,365
19990816,0000,365
19990817,0000,366
19990818,0000,365
19990819,0000,366
19990820,0000,366
19990821,0000,223
19990822,0000,223
19990823,0000,223
19990824,0000,223
19990825,0000,223
19990826,0000,223
19990827,0000,205
19990828,0000,3
19990829,0000,3
19990830,0000,4
19990831,0000,4
19990901,0000,3
19990902,0000,2
19990903,0000,2
19990904,0000,2
19990905,0000,182
19990906,0000,255
19990907,0000,255
19990908,0000,324
19990909,0000,254
19990910,0000,255
19990911,0000,255
19990912,0000,255
19990913,0000,255
19990914,0000,255
19990915,0000,255
19990916,0000,255
19990917,0000,256
19990918,0000,257
19990919,0000,257
19990920,0000,256
19990921,0000,260
19990922,0000,256
19990923,0000,256
19990924,0000,256
19990925,0000,256
19990926,0000,256
19990927,0000,244
19990928,0000,243
19990929,0000,243
19990930,0000,246
19991001,0000,655
19991002,0000,664
19991003,0000,665
19991004,0000,645
19991005,0000,667
19991006,0000,667
19991007,0000,591
19991008,0000,669
19991009,0000,670
19991010,0000,670
19991011,0000,673
19991012,0000,672
19991013,0000,677
19991014,0000,676
19991015,0000,676
19991016,0000,677
19991017,0000,669
19991018,0000,828
19991019,0000,827
19991020,0000,829
19991021,0000,831
19991022,0000,833
19991023,0000,835
19991024,0000,837
19991025,0000,840
19991026,0000,844
19991027,0000,849
19991028,0000,344
19991029,0000,344
19991030,0000,352
19991031,0000,343
19991101,0000,349
19991102,0000,348
19991103,0000,357
19991104,0000,393
19991105,0000,361
19991106,0000,342
19991107,0000,341
19991108,0000,429
19991109,0000,429
19991110,0000,429
19991111,0000,429
19991112,0000,429
19991113,0000,430
19991114,0000,430
19991115,0000,391
19991116,0000,484
19991117,0000,484
19991118,0000,484
19991119,0000,484
19991120,0000,484
19991121,0000,484
19991122,0000,484
19991123,0000,484
19991124,0000,484
19991125,0000,484
19991126,0000,484
19991127,0000,484
19991128,0000,484
19991129,0000,683
19991130,0000,794
19991201,0000,795
19991202,0000,796
19991203,0000,798
19991204,0000,487
19991205,0000,486
19991206,0000,486
19991207,0000,486
19991208,0000,486
19991209,0000,486
19991210,0000,486
19991211,0000,487
19991212,0000,487
19991213,0000,487
19991214,0000,488
19991215,0000,489
19991216,0000,387
19991217,0000,387
19991218,0000,357
19991219,0000,2
19991220,0000,2
19991221,0000,2
19991222,0000,2
19991223,0000,2
19991224,0000,3
19991225,0000,3
19991226,0000,5
19991227,0000,5
19991228,0000,5
19991229,0000,5
19991230,0000,5
19991231,0000,5
20000101,0000,5
20000102,0000,5
20000103,0000,5
20000104,0000,5
20000105,0000,5
20000106,0000,5
20000107,0000,5
20000108,0000,5
20000109,0000,5
20000110,0000,5
20000111,0000,5
20000112,0000,5
20000113,0000,5
20000114,0000,5
20000115,0000,5
20000116,0000,5
20000117,0000,5
20000118,0000,5
20000119,0000,5
20000120,0000,5
20000121,0000,5
20000122,0000,5
20000123,0000,5
20000124,0000,5
20000125,0000,655
20000126,0000,955
20000127,0000,951
20000128,0000,1351
20000129,0000,1395
20000130,0000,1403
20000131,0000,1405
20000201,0000,1407
20000202,0000,1414
20000203,0000,1411
20000204,0000,1400
20000205,0000,1401
20000206,0000,691
20000207,0000,683
20000208,0000,684
20000209,0000,685
20000210,0000,227
20000211,0000,228
20000212,0000,232
20000213,0000,1450
20000214,0000,1334
20000215,0000,1340
20000216,0000,1333
20000217,0000,1330
20000218,0000,1335
20000219,0000,1338
20000220,0000,1336
20000221,0000,1322
20000222,0000,1337
20000223,0000,1336
20000224,0000,1332
20000225,0000,1332
20000226,0000,1335
20000227,0000,1335
20000228,0000,2056
20000229,0000,2810
20000301,0000,936
20000302,0000,1323
20000303,0000,1466
20000304,0000,1656
20000305,0000,1416
20000306,0000,1329
20000307,0000,1327
20000308,0000,1325
20000309,0000,1325
20000310,0000,1325
20000311,0000,1326
20000312,0000,1328
20000313,0000,1330
20000314,0000,1331
20000315,0000,1334
20000316,0000,1334
20000317,0000,1335
20000318,0000,1335
20000319,0000,1335
20000320,0000,1338
20000321,0000,1340
20000322,0000,1341
20000323,0000,1343
20000324,0000,1345
20000325,0000,1346
20000326,0000,1348
20000327,0000,1351
20000328,0000,1354
20000329,0000,1315
20000330,0000,1355
20000331,0000,1360
20000401,0000,1360
20000402,0000,1037
20000403,0000,1017
20000404,0000,1019
20000405,0000,1022
20000406,0000,670
20000407,0000,673
20000408,0000,687
20000409,0000,428
20000410,0000,431
20000411,0000,406
20000412,0000,420
20000413,0000,420
20000414,0000,419
20000415,0000,418
20000416,0000,423
20000417,0000,401
20000418,0000,422
20000419,0000,423
20000420,0000,881
20000421,0000,888
20000422,0000,877
20000423,0000,986
20000424,0000,1008
20000425,0000,1011
20000426,0000,1008
20000427,0000,1012
20000428,0000,1011
20000429,0000,661
20000430,0000,425
20000501,0000,425
20000502,0000,425
20000503,0000,318
20000504,0000,10
20000505,0000,4
20000506,0000,3
20000507,0000,11
20000508,0000,834
20000509,0000,1205
20000510,0000,1081
20000511,0000,914
20000512,0000,912
20000513,0000,912
20000514,0000,912
20000515,0000,915
20000516,0000,1304
20000517,0000,1319
20000518,0000,m
20000519,0000,1325
20000520,0000,1731
20000521,0000,2584
20000522,0000,3328
20000523,0000,3199
20000524,0000,2079
20000525,0000,3820
20000526,0000,3995
20000527,0000,2870
20000528,0000,2704
20000529,0000,3469
20000530,0000,2692
20000531,0000,1563
20000601,0000,1322
20000602,0000,1316
20000603,0000,1316
20000604,0000,1261
20000605,0000,1254
20000606,0000,1299
20000607,0000,1320
20000608,0000,1313
20000609,0000,1276
20000610,0000,1258
20000611,0000,1257
20000612,0000,1261
20000613,0000,1247
20000614,0000,1236
20000615,0000,1244
20000616,0000,1256
20000617,0000,1019
20000618,0000,1007
20000619,0000,1003
20000620,0000,1003
20000621,0000,1009
20000622,0000,698
20000623,0000,691
20000624,0000,654
20000625,0000,653
20000626,0000,630
20000627,0000,699
20000628,0000,356
20000629,0000,339
20000630,0000,339
20000701,0000,270
20000702,0000,267
20000703,0000,256
20000704,0000,265
20000705,0000,348
20000706,0000,365
20000707,0000,360
20000708,0000,246
20000709,0000,238
20000710,0000,493
20000711,0000,642
20000712,0000,640
20000713,0000,645
20000714,0000,641
20000715,0000,31
20000716,0000,17
20000717,0000,8
20000718,0000,8
20000719,0000,8
20000720,0000,7
20000721,0000,7
20000722,0000,8
20000723,0000,7
20000724,0000,194
20000725,0000,349
20000726,0000,362
20000727,0000,357
20000728,0000,328
20000729,0000,6
20000730,0000,7
20000731,0000,209
20000801,0000,456
20000802,0000,497
20000803,0000,442
20000804,0000,533
20000805,0000,4
20000806,0000,4
20000807,0000,197
20000808,0000,313
20000809,0000,313
20000810,0000,314
20000811,0000,410
20000812,0000,4
20000813,0000,4
20000814,0000,197
20000815,0000,308
20000816,0000,312
20000817,0000,314
20000818,0000,300
20000819,0000,4
20000820,0000,4
20000821,0000,8
20000822,0000,8
20000823,0000,210
20000824,0000,317
20000825,0000,299
20000826,0000,8
20000827,0000,8
20000828,0000,8
20000829,0000,8
20000830,0000,228
20000831,0000,317
20000901,0000,306
20000902,0000,318
20000903,0000,318
20000904,0000,316
20000905,0000,316
20000906,0000,316
20000907,0000,315
20000908,0000,315
20000909,0000,316
20000910,0000,316
20000911,0000,317
20000912,0000,316
20000913,0000,391
20000914,0000,383
20000915,0000,389
20000916,0000,10
20000917,0000,6
20000918,0000,302
20000919,0000,503
20000920,0000,451
20000921,0000,303
20000922,0000,m
20000923,0000,15
20000924,0000,7
20000925,0000,6
20000926,0000,6
20000927,0000,6
20000928,0000,6
20000929,0000,7
20000930,0000,6
20001001,0000,6
20001002,0000,416
20001003,0000,663
20001004,0000,661
20001005,0000,661
20001006,0000,660
20001007,0000,661
20001008,0000,662
20001009,0000,638
20001010,0000,679
20001011,0000,675
20001012,0000,675
20001013,0000,680
20001014,0000,675
20001015,0000,674
20001016,0000,678
20001017,0000,673
20001018,0000,677
20001019,0000,677
20001020,0000,677
20001021,0000,678
20001022,0000,680
20001023,0000,680
20001024,0000,681
20001025,0000,683
20001026,0000,685
20001027,0000,684
20001028,0000,468
20001029,0000,683
20001030,0000,684
20001031,0000,675
20001101,0000,349
20001102,0000,809
20001103,0000,909
20001104,0000,890
20001105,0000,788
20001106,0000,4
20001107,0000,253
20001108,0000,376
20001109,0000,376
20001110,0000,376
20001111,0000,377
20001112,0000,377
20001113,0000,377
20001114,0000,378
20001115,0000,381
20001116,0000,258
20001117,0000,258
20001118,0000,258
20001119,0000,258
20001120,0000,258
20001121,0000,258
20001122,0000,249
20001123,0000,5
20001124,0000,5
20001125,0000,5
20001126,0000,5
20001127,0000,251
20001128,0000,376
20001129,0000,383
20001130,0000,394
20001201,0000,394
20001202,0000,276
20001203,0000,276
20001204,0000,355
20001205,0000,395
20001206,0000,544
20001207,0000,828
20001208,0000,785
20001209,0000,277
20001210,0000,277
20001211,0000,357
20001212,0000,394
20001213,0000,388
20001214,0000,651
20001215,0000,765
20001216,0000,31
20001217,0000,5
20001218,0000,223
20001219,0000,337
20001220,0000,339
20001221,0000,339
20001222,0000,319
20001223,0000,5
20001224,0000,5
20001225,0000,5
20001226,0000,138
20001227,0000,385
20001228,0000,386
20001229,0000,357
20001230,0000,5
20001231,0000,5
20010101,0000,5
20010102,0000,5
20010103,0000,5
20010104,0000,5
20010105,0000,5
20010106,0000,5
20010107,0000,5
20010108,0000,4
20010109,0000,5
20010110,0000,5
20010111,0000,351
20010112,0000,14
20010113,0000,6
20010114,0000,4
20010115,0000,5
20010116,0000,5
20010117,0000,4
20010118,0000,5
20010119,0000,5
20010120,0000,4
20010121,0000,3
20010122,0000,5
20010123,0000,5
20010124,0000,5
20010125,0000,5
20010126,0000,5
20010127,0000,5
20010128,0000,5
20010129,0000,5
20010130,0000,5
20010131,0000,5
20010201,0000,5
20010202,0000,5
20010203,0000,5
20010204,0000,5
20010205,0000,5
20010206,0000,5
20010207,0000,5
20010208,0000,5
20010209,0000,5
20010210,0000,5
20010211,0000,5
20010212,0000,5
20010213,0000,5
20010214,0000,5
20010215,0000,5
20010216,0000,5
20010217,0000,5
20010218,0000,5
20010219,0000,5
20010220,0000,4
20010221,0000,5
20010222,0000,5
20010223,0000,5
20010224,0000,5
20010225,0000,5
20010226,0000,5
20010227,0000,5
20010228,0000,5
20010301,0000,5
20010302,0000,5
20010303,0000,5
20010304,0000,5
20010305,0000,253
20010306,0000,354
20010307,0000,353
20010308,0000,354
20010309,0000,354
20010310,0000,19
20010311,0000,4
20010312,0000,296
20010313,0000,351
20010314,0000,352
20010315,0000,352
20010316,0000,352
20010317,0000,33
20010318,0000,3
20010319,0000,5
20010320,0000,5
20010321,0000,5
20010322,0000,5
20010323,0000,5
20010324,0000,5
20010325,0000,5
20010326,0000,5
20010327,0000,5
20010328,0000,5
20010329,0000,4
20010330,0000,4
20010331,0000,4
20010401,0000,4
20010402,0000,351
20010403,0000,468
20010404,0000,475
20010405,0000,474
20010406,0000,476
20010407,0000,465
20010408,0000,246
20010409,0000,396
20010410,0000,404
20010411,0000,416
20010412,0000,361
20010413,0000,15
20010414,0000,5
20010415,0000,4
20010416,0000,4
20010417,0000,4
20010418,0000,4
20010419,0000,4
20010420,0000,4
20010421,0000,4
20010422,0000,4
20010423,0000,4
20010424,0000,4
20010425,0000,4
20010426,0000,414
20010427,0000,1142
20010428,0000,1320
20010429,0000,1323
20010430,0000,m
20010501,0000,m
20010502,0000,1308
20010503,0000,1331
20010504,0000,1346
20010505,0000,1353
20010506,0000,1351
20010507,0000,1361
20010508,0000,392
20010509,0000,11
20010510,0000,m
20010511,0000,m
20010512,0000,11
20010513,0000,11
20010514,0000,m
20010515,0000,11
20010516,0000,11
20010517,0000,5
20010518,0000,4
20010519,0000,4
20010520,0000,4
20010521,0000,4
20010522,0000,4
20010523,0000,4
20010524,0000,4
20010525,0000,m
20010526,0000,4
20010527,0000,4
20010528,0000,4
20010529,0000,4
20010530,0000,59
20010531,0000,4
20010601,0000,4
20010602,0000,4
20010603,0000,4
20010604,0000,4
20010605,0000,4
20010606,0000,4
20010607,0000,4
20010608,0000,4
20010609,0000,4
20010610,0000,4
20010611,0000,4
20010612,0000,4
20010613,0000,4
20010614,0000,4
20010615,0000,4
20010616,0000,4
20010617,0000,4
20010618,0000,4
20010619,0000,4
20010620,0000,4
20010621,0000,4
20010622,0000,4
20010623,0000,4
20010624,0000,4
20010625,0000,4
20010626,0000,4
20010627,0000,4
20010628,0000,4
20010629,0000,4
20010630,0000,m
20010701,0000,m
20010702,0000,m
20010703,0000,4
20010704,0000,4
20010705,0000,304
20010706,0000,404
20010707,0000,404
20010708,0000,404
20010709,0000,373
20010710,0000,347
20010711,0000,347
20010712,0000,348
20010713,0000,17
20010714,0000,4
20010715,0000,4
20010716,0000,4
20010717,0000,4
20010718,0000,308
20010719,0000,380
20010720,0000,14
20010721,0000,4
20010722,0000,4
20010723,0000,319
20010724,0000,387
20010725,0000,380
20010726,0000,14
20010727,0000,4
20010728,0000,4
20010729,0000,4
20010730,0000,279
20010731,0000,4
20010801,0000,4
20010802,0000,4
20010803,0000,4
20010804,0000,4
20010805,0000,4
20010806,0000,m
20010807,0000,m
20010808,0000,353
20010809,0000,15
20010810,0000,4
20010811,0000,4
20010812,0000,4
20010813,0000,4
20010814,0000,4
20010815,0000,4
20010816,0000,4
20010817,0000,4
20010818,0000,4
20010819,0000,4
20010820,0000,4
20010821,0000,282
20010822,0000,m
20010823,0000,14
20010824,0000,4
20010825,0000,m
20010826,0000,m
20010827,0000,509
20010828,0000,625
20010829,0000,m
20010830,0000,13
20010831,0000,m
20010901,0000,m
20010902,0000,m
20010903,0000,4
20010904,0000,5
20010905,0000,4
20010906,0000,4
20010907,0000,4
20010908,0000,4
20010909,0000,4
20010910,0000,4
20010911,0000,4
20010912,0000,4
20010913,0000,4
20010914,0000,4
20010915,0000,4
20010916,0000,4
20010917,0000,4
20010918,0000,m
20010919,0000,4
20010920,0000,4
20010921,0000,4
20010922,0000,4
20010923,0000,4
20010924,0000,4
20010925,0000,4
20010926,0000,11
20010927,0000,244
20010928,0000,319
20010929,0000,31
20010930,0000,5
20011001,0000,656
20011002,0000,848
20011003,0000,849
20011004,0000,856
20011005,0000,826
20011006,0000,596
20011007,0000,264
20011008,0000,895
20011009,0000,863
20011010,0000,856
20011011,0000,866
20011012,0000,861
20011013,0000,256
20011014,0000,242
20011015,0000,239
20011016,0000,239
20011017,0000,241
20011018,0000,240
20011019,0000,240
20011020,0000,240
20011021,0000,242
20011022,0000,241
20011023,0000,236
20011024,0000,240
20011025,0000,238
20011026,0000,236
20011027,0000,238
20011028,0000,241
20011029,0000,240
20011030,0000,238
20011031,0000,238
20011101,0000,m
20011102,0000,4
20011103,0000,4
20011104,0000,4
20011105,0000,4
20011106,0000,4
20011107,0000,4
20011108,0000,4
20011109,0000,4
20011110,0000,4
20011111,0000,4
20011112,0000,4
20011113,0000,4
20011114,0000,4
20011115,0000,4
20011116,0000,4
20011117,0000,m
20011118,0000,m
20011119,0000,m
20011120,0000,m
20011121,0000,m
20011122,0000,m
20011123,0000,m
20011124,0000,m
20011125,0000,m
20011126,0000,m
20011127,0000,4
20011128,0000,4
20011129,0000,m
20011130,0000,4
20011201,0000,317
20011202,0000,882
20011203,0000,897
20011204,0000,713
20011205,0000,694
20011206,0000,670
20011207,0000,668
20011208,0000,672
20011209,0000,277
20011210,0000,383
20011211,0000,385
20011212,0000,373
20011213,0000,371
20011214,0000,375
20011215,0000,361
20011216,0000,30
20011217,0000,7
20011218,0000,6
20011219,0000,5
20011220,0000,5
20011221,0000,6
20011222,0000,4
20011223,0000,4
20011224,0000,4
20011225,0000,4
20011226,0000,320
20011227,0000,422
20011228,0000,654
20011229,0000,652
20011230,0000,251
20011231,0000,878
20020101,0000,1307
20020102,0000,1312
20020103,0000,1315
20020104,0000,1313
20020105,0000,1311
20020106,0000,306
20020107,0000,955
20020108,0000,900
20020109,0000,997
20020110,0000,984
20020111,0000,1266
20020112,0000,978
20020113,0000,259
20020114,0000,971
20020115,0000,959
20020116,0000,m
20020117,0000,971
20020118,0000,1008
20020119,0000,1008
20020120,0000,219
20020121,0000,4
20020122,0000,912
20020123,0000,1030
20020124,0000,1007
20020125,0000,1019
20020126,0000,962
20020127,0000,47
20020128,0000,4
20020129,0000,595
20020130,0000,m
20020131,0000,691
20020201,0000,669
20020202,0000,29
20020203,0000,4
20020204,0000,4
20020205,0000,4
20020206,0000,4
20020207,0000,4
20020208,0000,4
20020209,0000,4
20020210,0000,4
20020211,0000,4
20020212,0000,4
20020213,0000,4
20020214,0000,4
20020215,0000,4
20020216,0000,4
20020217,0000,4
20020218,0000,4
20020219,0000,4
20020220,0000,4
20020221,0000,4
20020222,0000,4
20020223,0000,4
20020224,0000,4
20020225,0000,4
20020226,0000,623
20020227,0000,985
20020228,0000,969
20020301,0000,992
20020302,0000,1008
20020303,0000,264
20020304,0000,997
20020305,0000,994
20020306,0000,921
20020307,0000,1008
20020308,0000,984
20020309,0000,1013
20020310,0000,1306
20020311,0000,109
20020312,0000,957
20020313,0000,1305
20020314,0000,1302
20020315,0000,1299
20020316,0000,1314
20020317,0000,323
20020318,0000,1234
20020319,0000,1023
20020320,0000,972
20020321,0000,1023
20020322,0000,1016
20020323,0000,1005
20020324,0000,39
20020325,0000,13
20020326,0000,923
20020327,0000,986
20020328,0000,992
20020329,0000,981
20020330,0000,982
20020331,0000,265
20020401,0000,1017
20020402,0000,1030
20020403,0000,1034
20020404,0000,1034
20020405,0000,1044
20020406,0000,1051
20020407,0000,286
20020408,0000,1037
20020409,0000,m
20020410,0000,1043
20020411,0000,1042
20020412,0000,1032
20020413,0000,1026
20020414,0000,282
20020415,0000,1036
20020416,0000,1057
20020417,0000,1057
20020418,0000,1059
20020419,0000,1063
20020420,0000,1065
20020421,0000,16
20020422,0000,21
20020423,0000,m
20020424,0000,1039
20020425,0000,1038
20020426,0000,1048
20020427,0000,1013
20020428,0000,33
20020429,0000,5
20020430,0000,4
20020501,0000,295
20020502,0000,370
20020503,0000,387
20020504,0000,m
20020505,0000,m
20020506,0000,383
20020507,0000,384
20020508,0000,362
20020509,0000,372
20020510,0000,351
20020511,0000,376
20020512,0000,18
20020513,0000,4
20020514,0000,10
20020515,0000,17
20020516,0000,10
20020517,0000,5
20020518,0000,4
20020519,0000,4
20020520,0000,4
20020521,0000,4
20020522,0000,4
20020523,0000,m
20020524,0000,4
20020525,0000,4
20020526,0000,4
20020527,0000,4
20020528,0000,4
20020529,0000,742
20020530,0000,1279
20020531,0000,1299
20020601,0000,1304
20020602,0000,1293
20020603,0000,897
20020604,0000,973
20020605,0000,1203
20020606,0000,1234
20020607,0000,1240
20020608,0000,1244
20020609,0000,m
20020610,0000,m
20020611,0000,m
20020612,0000,m
20020613,0000,m
20020614,0000,m
20020615,0000,m
20020616,0000,m
20020617,0000,m
20020618,0000,m
20020619,0000,363
20020620,0000,350
20020621,0000,358
20020622,0000,350
20020623,0000,250
20020624,0000,344
20020625,0000,341
20020626,0000,349
20020627,0000,347
20020628,0000,358
20020629,0000,363
20020630,0000,14
20020701,0000,4
20020702,0000,4
20020703,0000,4
20020704,0000,4
20020705,0000,4
20020706,0000,4
20020707,0000,4
20020708,0000,36
20020709,0000,292
20020710,0000,600
20020711,0000,578
20020712,0000,m
20020713,0000,m
20020714,0000,m
20020715,0000,4
20020716,0000,4
20020717,0000,4
20020718,0000,m
20020719,0000,4
20020720,0000,4
20020721,0000,m
20020722,0000,4
20020723,0000,10
20020724,0000,9
20020725,0000,7
20020726,0000,8
20020727,0000,8
20020728,0000,12
20020729,0000,12
20020730,0000,m
20020731,0000,15
20020801,0000,7
20020802,0000,4
20020803,0000,11
20020804,0000,m
20020805,0000,10
20020806,0000,11
20020807,0000,8
20020808,0000,7
20020809,0000,6
20020810,0000,6
20020811,0000,5
20020812,0000,5
20020813,0000,5
20020814,0000,5
20020815,0000,5
20020816,0000,5
20020817,0000,5
20020818,0000,5
20020819,0000,12
20020820,0000,16
20020821,0000,5
20020822,0000,4
20020823,0000,14
20020824,0000,4
20020825,0000,4
20020826,0000,517
20020827,0000,593
20020828,0000,597
20020829,0000,599
20020830,0000,26
20020831,0000,24
20020901,0000,18
20020902,0000,8
20020903,0000,12
20020904,0000,6
20020905,0000,6
20020906,0000,6
20020907,0000,5
20020908,0000,5
20020909,0000,5
20020910,0000,5
20020911,0000,5
20020912,0000,5
20020913,0000,4
20020914,0000,4
20020915,0000,4
20020916,0000,4
20020917,0000,4
20020918,0000,4
20020919,0000,4
20020920,0000,4
20020921,0000,4
20020922,0000,4
20020923,0000,547
20020924,0000,605
20020925,0000,600
20020926,0000,602
20020927,0000,599
20020928,0000,606
20020929,0000,253
20020930,0000,324
20021001,0000,331
20021002,0000,255
20021003,0000,182
20021004,0000,248
20021005,0000,247
20021006,0000,4
20021007,0000,486
20021008,0000,649
20021009,0000,615
20021010,0000,624
20021011,0000,618
20021012,0000,617
20021013,0000,253
20021014,0000,616
20021015,0000,618
20021016,0000,619
20021017,0000,626
20021018,0000,611
20021019,0000,610
20021020,0000,268
20021021,0000,343
20021022,0000,785
20021023,0000,762
20021024,0000,4
20021025,0000,4
20021026,0000,4
20021027,0000,4
20021028,0000,4
20021029,0000,4
20021030,0000,4
20021031,0000,4
20021101,0000,4
20021102,0000,4
20021103,0000,4
20021104,0000,4
20021105,0000,4
20021106,0000,4
20021107,0000,4
20021108,0000,4
20021109,0000,4
20021110,0000,4
20021111,0000,4
20021112,0000,4
20021113,0000,4
20021114,0000,4
20021115,0000,4
20021116,0000,4
20021117,0000,4
20021118,0000,4
20021119,0000,4
20021120,0000,4
20021121,0000,4
20021122,0000,4
20021123,0000,4
20021124,0000,4
20021125,0000,4
20021126,0000,4
20021127,0000,4
20021128,0000,4
20021129,0000,4
20021130,0000,4
20021201,0000,4
20021202,0000,4
20021203,0000,4
20021204,0000,4
20021205,0000,4
20021206,0000,4
20021207,0000,4
20021208,0000,4
20021209,0000,4
20021210,0000,4
20021211,0000,4
20021212,0000,4
20021213,0000,4
20021214,0000,4
20021215,0000,4
20021216,0000,4
20021217,0000,4
20021218,0000,4
20021219,0000,4
20021220,0000,4
20021221,0000,4
20021222,0000,4
20021223,0000,4
20021224,0000,4
20021225,0000,4
20021226,0000,4
20021227,0000,4
20021228,0000,4
20021229,0000,4
20021230,0000,4
20021231,0000,4
20030101,0000,4
20030102,0000,4
20030103,0000,4
20030104,0000,4
20030105,0000,4
20030106,0000,4
20030107,0000,4
20030108,0000,4
20030109,0000,4
20030110,0000,4
20030111,0000,4
20030112,0000,4
20030113,0000,4
20030114,0000,505
20030115,0000,300
20030116,0000,301
20030117,0000,521
20030118,0000,548
20030119,0000,580
20030120,0000,295
20030121,0000,746
20030122,0000,705
20030123,0000,936
20030124,0000,796
20030125,0000,m
20030126,0000,m
20030127,0000,283
20030128,0000,m
20030129,0000,m
20030130,0000,m
20030131,0000,m
20030201,0000,m
20030202,0000,m
20030203,0000,m
20030204,0000,m
20030205,0000,m
20030206,0000,m
20030207,0000,m
20030208,0000,m
20030209,0000,m
20030210,0000,m
20030211,0000,m
20030212,0000,m
20030213,0000,m
20030214,0000,m
20030215,0000,m
20030216,0000,m
20030217,0000,m
20030218,0000,m
20030219,0000,m
20030220,0000,m
20030221,0000,m
20030222,0000,m
20030223,0000,m
20030224,0000,m
20030225,0000,755
20030226,0000,815
20030227,0000,802
20030228,0000,808
20030301,0000,804
20030302,0000,174
20030303,0000,107
20030304,0000,293
20030305,0000,m
20030306,0000,337
20030307,0000,336
20030308,0000,320
20030309,0000,327
20030310,0000,268
20030311,0000,299
20030312,0000,297
20030313,0000,345
20030314,0000,315
20030315,0000,296
20030316,0000,299
20030317,0000,259
20030318,0000,306
20030319,0000,302
20030320,0000,308
20030321,0000,307
20030322,0000,338
20030323,0000,324
20030324,0000,274
20030325,0000,268
20030326,0000,259
20030327,0000,26
20030328,0000,14
20030329,0000,4
20030330,0000,4
20030331,0000,4
20030401,0000,4
20030402,0000,4
20030403,0000,4
20030404,0000,11
20030405,0000,14
20030406,0000,11
20030407,0000,4
20030408,0000,4
20030409,0000,4
20030410,0000,5
20030411,0000,5
20030412,0000,5
20030413,0000,5
20030414,0000,1294
20030415,0000,1304
20030416,0000,1312
20030417,0000,1317
20030418,0000,393
20030419,0000,261
20030420,0000,259
20030421,0000,320
20030422,0000,570
20030423,0000,587
20030424,0000,587
20030425,0000,611
20030426,0000,577
20030427,0000,273
20030428,0000,595
20030429,0000,620
20030430,0000,927
20030501,0000,935
20030502,0000,1303
20030503,0000,1312
20030504,0000,1317
20030505,0000,1316
20030506,0000,1317
20030507,0000,1318
20030508,0000,1319
20030509,0000,1320
20030510,0000,1319
20030511,0000,1318
20030512,0000,1318
20030513,0000,1326
20030514,0000,1354
20030515,0000,1365
20030516,0000,1363
20030517,0000,1356
20030518,0000,1363
20030519,0000,1366
20030520,0000,1365
20030521,0000,1365
20030522,0000,1357
20030523,0000,1360
20030524,0000,1366
20030525,0000,1223
20030526,0000,990
20030527,0000,1353
20030528,0000,1345
20030529,0000,1355
20030530,0000,1361
20030531,0000,1366
20030601,0000,1347
20030602,0000,1334
20030603,0000,1333
20030604,0000,2676
20030605,0000,3253
20030606,0000,3146
20030607,0000,3067
20030608,0000,3036
20030609,0000,2855
20030610,0000,2692
20030611,0000,2213
20030612,0000,1654
20030613,0000,1331
20030614,0000,1290
20030615,0000,1306
20030616,0000,1288
20030617,0000,1288
20030618,0000,1291
20030619,0000,1207
20030620,0000,951
20030621,0000,952
20030622,0000,338
20030623,0000,699
20030624,0000,824
20030625,0000,949
20030626,0000,690
20030627,0000,291
20030628,0000,3
20030629,0000,2
20030630,0000,425
20030701,0000,485
20030702,0000,489
20030703,0000,485
20030704,0000,251
20030705,0000,462
20030706,0000,255
20030707,0000,288
20030708,0000,288
20030709,0000,5
20030710,0000,5
20030711,0000,5
20030712,0000,5
20030713,0000,5
20030714,0000,5
20030715,0000,5
20030716,0000,5
20030717,0000,5
20030718,0000,5
20030719,0000,5
20030720,0000,5
20030721,0000,5
20030722,0000,5
20030723,0000,5
20030724,0000,5
20030725,0000,5
20030726,0000,5
20030727,0000,5
20030728,0000,5
20030729,0000,5
20030730,0000,5
20030731,0000,5
20030801,0000,5
20030802,0000,5
20030803,0000,5
20030804,0000,193
20030805,0000,255
20030806,0000,255
20030807,0000,255
20030808,0000,255
20030809,0000,255
20030810,0000,4
20030811,0000,4
20030812,0000,193
20030813,0000,255
20030814,0000,5
20030815,0000,5
20030816,0000,5
20030817,0000,5
20030818,0000,5
20030819,0000,5
20030820,0000,5
20030821,0000,0
20030822,0000,5
20030823,0000,5
20030824,0000,5
20030825,0000,0
20030826,0000,254
20030827,0000,254
20030828,0000,256
20030829,0000,255
20030830,0000,5
20030831,0000,5
20030901,0000,5
20030902,0000,255
20030903,0000,255
20030904,0000,258
20030905,0000,256
20030906,0000,257
20030907,0000,5
20030908,0000,0
20030909,0000,5
20030910,0000,192
20030911,0000,253
20030912,0000,254
20030913,0000,254
20030914,0000,255
20030915,0000,355
20030916,0000,412
20030917,0000,406
20030918,0000,406
20030919,0000,406
20030920,0000,408
20030921,0000,252
20030922,0000,266
20030923,0000,261
20030924,0000,438
20030925,0000,439
20030926,0000,435
20030927,0000,440
20030928,0000,440
20030929,0000,374
20030930,0000,382
20031001,0000,382
20031002,0000,382
20031003,0000,383
20031004,0000,372
20031005,0000,263
20031006,0000,561
20031007,0000,613
20031008,0000,611
20031009,0000,612
20031010,0000,617
20031011,0000,616
20031012,0000,279
20031013,0000,688
20031014,0000,688
20031015,0000,689
20031016,0000,691
20031017,0000,692
20031018,0000,695
20031019,0000,m
20031020,0000,693
20031021,0000,696
20031022,0000,696
20031023,0000,698
20031024,0000,698
20031025,0000,699
20031026,0000,267
20031027,0000,702
20031028,0000,400
20031029,0000,704
20031030,0000,708
20031031,0000,710
20031101,0000,713
20031102,0000,26
20031103,0000,5
20031104,0000,5
20031105,0000,10
20031106,0000,5
20031107,0000,5
20031108,0000,5
20031109,0000,5
20031110,0000,269
20031111,0000,334
20031112,0000,330
20031113,0000,26
20031114,0000,22
20031115,0000,332
20031116,0000,268
20031117,0000,306
20031118,0000,308
20031119,0000,306
20031120,0000,306
20031121,0000,306
20031122,0000,307
20031123,0000,271
20031124,0000,273
20031125,0000,403
20031126,0000,334
20031127,0000,268
20031128,0000,331
20031129,0000,334
20031130,0000,267
20031201,0000,347
20031202,0000,333
20031203,0000,271
20031204,0000,333
20031205,0000,333
20031206,0000,334
20031207,0000,269
20031208,0000,318
20031209,0000,314
20031210,0000,314
20031211,0000,313
20031212,0000,312
20031213,0000,312
20031214,0000,274
20031215,0000,312
20031216,0000,312
20031217,0000,525
20031218,0000,522
20031219,0000,525
20031220,0000,525
20031221,0000,267
20031222,0000,269
20031223,0000,308
20031224,0000,304
20031225,0000,267
20031226,0000,629
20031227,0000,643
20031228,0000,280
20031229,0000,687
20031230,0000,894
20031231,0000,820
20040101,0000,784
20040102,0000,890
20040103,0000,899
20040104,0000,900
20040105,0000,900
20040106,0000,902
20040107,0000,903
20040108,0000,905
20040109,0000,907
20040110,0000,909
20040111,0000,911
20040112,0000,912
20040113,0000,914
20040114,0000,916
20040115,0000,683
20040116,0000,631
20040117,0000,612
20040118,0000,272
20040119,0000,526
20040120,0000,533
20040121,0000,523
20040122,0000,524
20040123,0000,524
20040124,0000,524
20040125,0000,267
20040126,0000,529
20040127,0000,524
20040128,0000,525
20040129,0000,524
20040130,0000,524
20040131,0000,524
20040201,0000,276
20040202,0000,316
20040203,0000,315
20040204,0000,314
20040205,0000,309
20040206,0000,523
20040207,0000,524
20040208,0000,275
20040209,0000,313
20040210,0000,m
20040211,0000,321
20040212,0000,96
20040213,0000,548
20040214,0000,525
20040215,0000,351
20040216,0000,314
20040217,0000,317
20040218,0000,315
20040219,0000,24
20040220,0000,10
20040221,0000,10
20040222,0000,10
20040223,0000,247
20040224,0000,626
20040225,0000,483
20040226,0000,670
20040227,0000,700
20040228,0000,807
20040229,0000,881
20040301,0000,888
20040302,0000,888
20040303,0000,888
20040304,0000,885
20040305,0000,889
20040306,0000,891
20040307,0000,870
20040308,0000,902
20040309,0000,905
20040310,0000,904
20040311,0000,904
20040312,0000,901
20040313,0000,901
20040314,0000,899
20040315,0000,898
20040316,0000,897
20040317,0000,922
20040318,0000,920
20040319,0000,936
20040320,0000,933
20040321,0000,931
20040322,0000,930
20040323,0000,928
20040324,0000,926
20040325,0000,924
20040326,0000,921
20040327,0000,919
20040328,0000,923
20040329,0000,923
20040330,0000,924
20040331,0000,922
20040401,0000,913
20040402,0000,888
20040403,0000,887
20040404,0000,888
20040405,0000,890
20040406,0000,891
20040407,0000,893
20040408,0000,894
20040409,0000,896
20040410,0000,897
20040411,0000,263
20040412,0000,683
20040413,0000,699
20040414,0000,694
20040415,0000,748
20040416,0000,706
20040417,0000,699
20040418,0000,266
20040419,0000,502
20040420,0000,503
20040421,0000,503
20040422,0000,511
20040423,0000,511
20040424,0000,502
20040425,0000,267
20040426,0000,305
20040427,0000,303
20040428,0000,303
20040429,0000,303
20040430,0000,20
20040501,0000,4
20040502,0000,5
20040503,0000,86
20040504,0000,5
20040505,0000,5
20040506,0000,5
20040507,0000,5
20040508,0000,5
20040509,0000,5
20040510,0000,5
20040511,0000,5
20040512,0000,5
20040513,0000,5
20040514,0000,5
20040515,0000,5
20040516,0000,0
20040517,0000,5
20040518,0000,0
20040519,0000,0
20040520,0000,0
20040521,0000,5
20040522,0000,5
20040523,0000,5
20040524,0000,5
20040525,0000,5
20040526,0000,5
20040527,0000,5
20040528,0000,5
20040529,0000,5
20040530,0000,5
20040531,0000,5
20040601,0000,5
20040602,0000,5
20040603,0000,5
20040604,0000,5
20040605,0000,5
20040606,0000,5
20040607,0000,5
20040608,0000,5
20040609,0000,5
20040610,0000,5
20040611,0000,13
20040612,0000,5
20040613,0000,5
20040614,0000,605
20040615,0000,671
20040616,0000,671
20040617,0000,672
20040618,0000,m
20040619,0000,668
20040620,0000,5
20040621,0000,5
20040622,0000,5
20040623,0000,9
20040624,0000,5
20040625,0000,5
20040626,0000,5
20040627,0000,5
20040628,0000,5
20040629,0000,230
20040630,0000,291
20040701,0000,292
20040702,0000,292
20040703,0000,292
20040704,0000,73
20040705,0000,5
20040706,0000,33
20040707,0000,5
20040708,0000,241
20040709,0000,258
20040710,0000,182
20040711,0000,5
20040712,0000,5
20040713,0000,5
20040714,0000,242
20040715,0000,303
20040716,0000,5
20040717,0000,304
20040718,0000,5
20040719,0000,5
20040720,0000,0
20040721,0000,5
20040722,0000,5
20040723,0000,7
20040724,0000,5
20040725,0000,5
20040726,0000,5
20040727,0000,5
20040728,0000,5
20040729,0000,5
20040730,0000,5
20040731,0000,5
20040801,0000,5
20040802,0000,5
20040803,0000,5
20040804,0000,229
20040805,0000,287
20040806,0000,286
20040807,0000,286
20040808,0000,4
20040809,0000,5
20040810,0000,228
20040811,0000,294
20040812,0000,292
20040813,0000,296
20040814,0000,296
20040815,0000,5
20040816,0000,5
20040817,0000,5
20040818,0000,235
20040819,0000,302
20040820,0000,304
20040821,0000,4
20040822,0000,4
20040823,0000,5
20040824,0000,5
20040825,0000,241
20040826,0000,304
20040827,0000,255
20040828,0000,256
20040829,0000,5
20040830,0000,5
20040831,0000,5
20040901,0000,5
20040902,0000,5
20040903,0000,5
20040904,0000,5
20040905,0000,5
20040906,0000,5
20040907,0000,5
20040908,0000,244
20040909,0000,306
20040910,0000,306
20040911,0000,307
20040912,0000,5
20040913,0000,5
20040914,0000,5
20040915,0000,250
20040916,0000,313
20040917,0000,268
20040918,0000,270
20040919,0000,4
20040920,0000,5
20040921,0000,5
20040922,0000,256
20040923,0000,324
20040924,0000,325
20040925,0000,335
20040926,0000,317
20040927,0000,337
20040928,0000,331
20040929,0000,365
20040930,0000,325
20041001,0000,301
20041002,0000,302
20041003,0000,287
20041004,0000,564
20041005,0000,566
20041006,0000,568
20041007,0000,568
20041008,0000,568
20041009,0000,568
20041010,0000,289
20041011,0000,376
20041012,0000,339
20041013,0000,565
20041014,0000,562
20041015,0000,573
20041016,0000,574
20041017,0000,311
20041018,0000,587
20041019,0000,564
20041020,0000,346
20041021,0000,347
20041022,0000,337
20041023,0000,339
20041024,0000,294
20041025,0000,355
20041026,0000,348
20041027,0000,348
20041028,0000,349
20041029,0000,269
20041030,0000,267
20041031,0000,268
20041101,0000,280
20041102,0000,268
20041103,0000,268
20041104,0000,19
20041105,0000,5
20041106,0000,5
20041107,0000,5
20041108,0000,5
20041109,0000,5
20041110,0000,5
20041111,0000,5
20041112,0000,5
20041113,0000,5
20041114,0000,5
20041115,0000,5
20041116,0000,5
20041117,0000,12
20041118,0000,21
20041119,0000,5
20041120,0000,5
20041121,0000,5
20041122,0000,309
20041123,0000,373
20041124,0000,385
20041125,0000,259
20041126,0000,369
20041127,0000,373
20041128,0000,259
20041129,0000,372
20041130,0000,372
20041201,0000,373
20041202,0000,373
20041203,0000,375
20041204,0000,375
20041205,0000,260
20041206,0000,307
20041207,0000,307
20041208,0000,307
20041209,0000,307
20041210,0000,307
20041211,0000,307
20041212,0000,259
20041213,0000,306
20041214,0000,307
20041215,0000,312
20041216,0000,305
20041217,0000,308
20041218,0000,306
20041219,0000,259
20041220,0000,669
20041221,0000,644
20041222,0000,803
20041223,0000,638
20041224,0000,635
20041225,0000,265
20041226,0000,279
20041227,0000,542
20041228,0000,545
20041229,0000,581
20041230,0000,543
20041231,0000,544
20050101,0000,261
20050102,0000,261
20050103,0000,539
20050104,0000,536
20050105,0000,536
20050106,0000,969
20050107,0000,980
20050108,0000,978
20050109,0000,371
20050110,0000,1024
20050111,0000,1002
20050112,0000,1281
20050113,0000,1392
20050114,0000,1394
20050115,0000,1397
20050116,0000,1400
20050117,0000,1403
20050118,0000,1376
20050119,0000,1413
20050120,0000,1354
20050121,0000,1286
20050122,0000,1288
20050123,0000,1289
20050124,0000,1292
20050125,0000,1282
20050126,0000,1295
20050127,0000,1295
20050128,0000,1282
20050129,0000,1272
20050130,0000,1271
20050131,0000,1272
20050201,0000,1273
20050202,0000,1275
20050203,0000,1282
20050204,0000,1364
20050205,0000,1369
20050206,0000,1286
20050207,0000,1291
20050208,0000,1293
20050209,0000,1295
20050210,0000,1295
20050211,0000,1299
20050212,0000,1301
20050213,0000,906
20050214,0000,1093
20050215,0000,1099
20050216,0000,1128
20050217,0000,1129
20050218,0000,1126
20050219,0000,1124
20050220,0000,884
20050221,0000,1038
20050222,0000,775
20050223,0000,765
20050224,0000,1067
20050225,0000,1326
20050226,0000,1303
20050227,0000,1324
20050228,0000,1324
20050301,0000,1324
20050302,0000,1324
20050303,0000,1324
20050304,0000,1322
20050305,0000,1322
20050306,0000,1332
20050307,0000,1326
20050308,0000,1327
20050309,0000,1328
20050310,0000,1330
20050311,0000,1329
20050312,0000,1326
20050313,0000,1318
20050314,0000,1294
20050315,0000,1292
20050316,0000,1343
20050317,0000,1394
20050318,0000,1395
20050319,0000,1396
20050320,0000,1395
20050321,0000,1395
20050322,0000,1391
20050323,0000,2216
20050324,0000,3834
20050325,0000,2728
20050326,0000,2346
20050327,0000,1832
20050328,0000,2266
20050329,0000,2683
20050330,0000,2754
20050331,0000,2671
20050401,0000,2096
20050402,0000,1718
20050403,0000,1503
20050404,0000,1581
20050405,0000,1587
20050406,0000,1587
20050407,0000,1587
20050408,0000,1584
20050409,0000,1668
20050410,0000,1727
20050411,0000,1727
20050412,0000,1731
20050413,0000,1733
20050414,0000,1733
20050415,0000,1734
20050416,0000,1736
20050417,0000,1683
20050418,0000,1599
20050419,0000,1595
20050420,0000,1774
20050421,0000,1730
20050422,0000,1602
20050423,0000,1603
20050424,0000,1603
20050425,0000,1603
20050426,0000,1549
20050427,0000,1446
20050428,0000,1517
20050429,0000,1516
20050430,0000,2003
20050501,0000,2017
20050502,0000,2000
20050503,0000,2001
20050504,0000,2000
20050505,0000,1998
20050506,0000,1995
20050507,0000,1993
20050508,0000,2279
20050509,0000,2457
20050510,0000,2764
20050511,0000,2995
20050512,0000,2631
20050513,0000,2217
20050514,0000,2166
20050515,0000,2019
20050516,0000,2772
20050517,0000,3923
20050518,0000,3522
20050519,0000,2893
20050520,0000,2539
20050521,0000,2188
20050522,0000,2184
20050523,0000,2184
20050524,0000,2271
20050525,0000,2168
20050526,0000,2177
20050527,0000,2171
20050528,0000,2168
20050529,0000,2173
20050530,0000,2170
20050531,0000,2173
20050601,0000,2176
20050602,0000,1980
20050603,0000,1877
20050604,0000,1881
20050605,0000,1882
20050606,0000,1873
20050607,0000,1531
20050608,0000,1380
20050609,0000,1585
20050610,0000,2568
20050611,0000,2500
20050612,0000,2501
20050613,0000,3146
20050614,0000,3147
20050615,0000,3390
20050616,0000,3717
20050617,0000,3717
20050618,0000,3724
20050619,0000,3393
20050620,0000,1976
20050621,0000,1372
20050622,0000,1366
20050623,0000,1836
20050624,0000,2091
20050625,0000,1958
20050626,0000,1955
20050627,0000,1664
20050628,0000,1349
20050629,0000,1338
20050630,0000,1318
20050701,0000,1304
20050702,0000,1321
20050703,0000,1297
20050704,0000,1312
20050705,0000,1278
20050706,0000,1278
20050707,0000,1284
20050708,0000,889
20050709,0000,887
20050710,0000,282
20050711,0000,759
20050712,0000,763
20050713,0000,759
20050714,0000,762
20050715,0000,754
20050716,0000,751
20050717,0000,277
20050718,0000,623
20050719,0000,624
20050720,0000,631
20050721,0000,624
20050722,0000,626
20050723,0000,619
20050724,0000,283
20050725,0000,624
20050726,0000,623
20050727,0000,634
20050728,0000,639
20050729,0000,293
20050730,0000,5
20050731,0000,5
20050801,0000,468
20050802,0000,522
20050803,0000,544
20050804,0000,519
20050805,0000,633
20050806,0000,545
20050807,0000,545
20050808,0000,281
20050809,0000,389
20050810,0000,387
20050811,0000,390
20050812,0000,387
20050813,0000,244
20050814,0000,244
20050815,0000,386
20050816,0000,389
20050817,0000,393
20050818,0000,389
20050819,0000,391
20050820,0000,243
20050821,0000,392
20050822,0000,392
20050823,0000,394
20050824,0000,402
20050825,0000,406
20050826,0000,408
20050827,0000,271
20050828,0000,1
20050829,0000,5
20050830,0000,199
20050831,0000,359
20050901,0000,378
20050902,0000,382
20050903,0000,279
20050904,0000,392
20050905,0000,372
20050906,0000,489
20050907,0000,495
20050908,0000,m
20050909,0000,472
20050910,0000,282
20050911,0000,278
20050912,0000,489
20050913,0000,526
20050914,0000,472
20050915,0000,473
20050916,0000,473
20050917,0000,283
20050918,0000,259
20050919,0000,422
20050920,0000,390
20050921,0000,433
20050922,0000,15
20050923,0000,5
20050924,0000,5
20050925,0000,5
20050926,0000,5
20050927,0000,5
20050928,0000,191
20050929,0000,321
20050930,0000,325
20051001,0000,261
20051002,0000,263
20051003,0000,717
20051004,0000,570
20051005,0000,491
20051006,0000,490
20051007,0000,499
20051008,0000,499
20051009,0000,277
20051010,0000,833
20051011,0000,835
20051012,0000,846
20051013,0000,838
20051014,0000,826
20051015,0000,849
20051016,0000,281
20051017,0000,856
20051018,0000,865
20051019,0000,720
20051020,0000,866
20051021,0000,866
20051022,0000,870
20051023,0000,283
20051024,0000,608
20051025,0000,637
20051026,0000,573
20051027,0000,659
20051028,0000,652
20051029,0000,657
20051030,0000,285
20051031,0000,287
20051101,0000,285
20051102,0000,283
20051103,0000,255
20051104,0000,284
20051105,0000,284
20051106,0000,272
20051107,0000,284
20051108,0000,282
20051109,0000,285
20051110,0000,285
20051111,0000,283
20051112,0000,283
20051113,0000,283
20051114,0000,281
20051115,0000,277
20051116,0000,283
20051117,0000,280
20051118,0000,283
20051119,0000,283
20051120,0000,282
20051121,0000,282
20051122,0000,282
20051123,0000,282
20051124,0000,282
20051125,0000,284
20051126,0000,283
20051127,0000,283
20051128,0000,283
20051129,0000,282
20051130,0000,283
20051201,0000,282
20051202,0000,281
20051203,0000,281
20051204,0000,279
20051205,0000,330
20051206,0000,330
20051207,0000,673
20051208,0000,709
20051209,0000,710
20051210,0000,666
20051211,0000,338
20051212,0000,712
20051213,0000,729
20051214,0000,716
20051215,0000,714
20051216,0000,700
20051217,0000,701
20051218,0000,274
20051219,0000,567
20051220,0000,562
20051221,0000,548
20051222,0000,552
20051223,0000,553
20051224,0000,565
20051225,0000,285
20051226,0000,856
20051227,0000,967
20051228,0000,1300
20051229,0000,1332
20051230,0000,1380
20051231,0000,4833
20060101,0000,4967
20060102,0000,3862
20060103,0000,3923
20060104,0000,3610
20060105,0000,1717
20060106,0000,1702
20060107,0000,1701
20060108,0000,1702
20060109,0000,1705
20060110,0000,1705
20060111,0000,1711
20060112,0000,1495
20060113,0000,1365
20060114,0000,1366
20060115,0000,1353
20060116,0000,1365
20060117,0000,1367
20060118,0000,1369
20060119,0000,1370
20060120,0000,1372
20060121,0000,1374
20060122,0000,1377
20060123,0000,1379
20060124,0000,1382
20060125,0000,1383
20060126,0000,1388
20060127,0000,1393
20060128,0000,1399
20060129,0000,1406
20060130,0000,1404
20060131,0000,1401
20060201,0000,1403
20060202,0000,1407
20060203,0000,1409
20060204,0000,1410
20060205,0000,1335
20060206,0000,1309
20060207,0000,1311
20060208,0000,1313
20060209,0000,1326
20060210,0000,1319
20060211,0000,1320
20060212,0000,1322
20060213,0000,1324
20060214,0000,1328
20060215,0000,1332
20060216,0000,1334
20060217,0000,1336
20060218,0000,1339
20060219,0000,1037
20060220,0000,1037
20060221,0000,1067
20060222,0000,1069
20060223,0000,1075
20060224,0000,1073
20060225,0000,1073
20060226,0000,744
20060227,0000,1081
20060228,0000,958
20060301,0000,1314
20060302,0000,1312
20060303,0000,1295
20060304,0000,1297
20060305,0000,1292
20060306,0000,1362
20060307,0000,1364
20060308,0000,1183
20060309,0000,1438
20060310,0000,2057
20060311,0000,2051
20060312,0000,2053
20060313,0000,2054
20060314,0000,2051
20060315,0000,2046
20060316,0000,2015
20060317,0000,2054
20060318,0000,2053
20060319,0000,1970
20060320,0000,1697
20060321,0000,1606
20060322,0000,1596
20060323,0000,1672
20060324,0000,1693
20060325,0000,2397
20060326,0000,3065
20060327,0000,2939
20060328,0000,2943
20060329,0000,2943
20060330,0000,2833
20060331,0000,2645
20060401,0000,2926
20060402,0000,3142
20060403,0000,3397
20060404,0000,8842
20060405,0000,9488
20060406,0000,5970
20060407,0000,4616
20060408,0000,4298
20060409,0000,4018
20060410,0000,3877
20060411,0000,3930
20060412,0000,4278
20060413,0000,4082
20060414,0000,3905
20060415,0000,4283
20060416,0000,4441
20060417,0000,4994
20060418,0000,4369
20060419,0000,3983
20060420,0000,3841
20060421,0000,3808
20060422,0000,3808
20060423,0000,3816
20060424,0000,3818
20060425,0000,3820
20060426,0000,3821
20060427,0000,3820
20060428,0000,3819
20060429,0000,3817
20060430,0000,3962
20060501,0000,4074
20060502,0000,3972
20060503,0000,3948
20060504,0000,4283
20060505,0000,4492
20060506,0000,4321
20060507,0000,4018
20060508,0000,3840
20060509,0000,3812
20060510,0000,3812
20060511,0000,3828
20060512,0000,4129
20060513,0000,4343
20060514,0000,4167
20060515,0000,4072
20060516,0000,4185
20060517,0000,4384
20060518,0000,5234
20060519,0000,6043
20060520,0000,6098
20060521,0000,5840
20060522,0000,6318
20060523,0000,5485
20060524,0000,4720
20060525,0000,4372
20060526,0000,4185
20060527,0000,4341
20060528,0000,3915
20060529,0000,3647
20060530,0000,3029
20060531,0000,2707
20060601,0000,3124
20060602,0000,3123
20060603,0000,3210
20060604,0000,3860
20060605,0000,4175
20060606,0000,4530
20060607,0000,4685
20060608,0000,4451
20060609,0000,4204
20060610,0000,3564
20060611,0000,2932
20060612,0000,2553
20060613,0000,2689
20060614,0000,2953
20060615,0000,2809
20060616,0000,2719
20060617,0000,2122
20060618,0000,2308
20060619,0000,2308
20060620,0000,2124
20060621,0000,1885
20060622,0000,1518
20060623,0000,1500
20060624,0000,1505
20060625,0000,1558
20060626,0000,1642
20060627,0000,1662
20060628,0000,1449
20060629,0000,1330
20060630,0000,1160
20060701,0000,1342
20060702,0000,1343
20060703,0000,1342
20060704,0000,1343
20060705,0000,1207
20060706,0000,1090
20060707,0000,1090
20060708,0000,1088
20060709,0000,221
20060710,0000,893
20060711,0000,907
20060712,0000,916
20060713,0000,902
20060714,0000,910
20060715,0000,900
20060716,0000,221
20060717,0000,571
20060718,0000,563
20060719,0000,560
20060720,0000,558
20060721,0000,560
20060722,0000,560
20060723,0000,218
20060724,0000,462
20060725,0000,465
20060726,0000,465
20060727,0000,476
20060728,0000,468
20060729,0000,464
20060730,0000,216
20060731,0000,277
20060801,0000,289
20060802,0000,288
20060803,0000,287
20060804,0000,285
20060805,0000,282
20060806,0000,242
20060807,0000,629
20060808,0000,652
20060809,0000,652
20060810,0000,628
20060811,0000,631
20060812,0000,631
20060813,0000,246
20060814,0000,571
20060815,0000,568
20060816,0000,566
20060817,0000,565
20060818,0000,564
20060819,0000,561
20060820,0000,247
20060821,0000,490
20060822,0000,489
20060823,0000,483
20060824,0000,485
20060825,0000,489
20060826,0000,487
20060827,0000,239
20060828,0000,406
20060829,0000,324
20060830,0000,323
20060831,0000,323
20060901,0000,322
20060902,0000,303
20060903,0000,240
20060904,0000,326
20060905,0000,326
20060906,0000,326
20060907,0000,327
20060908,0000,326
20060909,0000,326
20060910,0000,16
20060911,0000,74
20060912,0000,95
20060913,0000,97
20060914,0000,96
20060915,0000,5
20060916,0000,5
20060917,0000,5
20060918,0000,5
20060919,0000,5
20060920,0000,5
20060921,0000,5
20060922,0000,5
20060923,0000,5
20060924,0000,5
20060925,0000,m
20060926,0000,m
20060927,0000,m
20060928,0000,m
20060929,0000,388
20060930,0000,388
20061001,0000,240
20061002,0000,865
20061003,0000,867
20061004,0000,842
20061005,0000,872
20061006,0000,871
20061007,0000,868
20061008,0000,270
20061009,0000,893
20061010,0000,900
20061011,0000,896
20061012,0000,894
20061013,0000,890
20061014,0000,893
20061015,0000,292
20061016,0000,899
20061017,0000,900
20061018,0000,907
20061019,0000,907
20061020,0000,907
20061021,0000,909
20061022,0000,277
20061023,0000,281
20061024,0000,275
20061025,0000,290
20061026,0000,277
20061027,0000,276
20061028,0000,295
20061029,0000,267
20061030,0000,267
20061031,0000,268
20061101,0000,288
20061102,0000,289
20061103,0000,269
20061104,0000,269
20061105,0000,270
20061106,0000,269
20061107,0000,289
20061108,0000,270
20061109,0000,270
20061110,0000,270
20061111,0000,270
20061112,0000,261
20061113,0000,260
20061114,0000,261
20061115,0000,255
20061116,0000,261
20061117,0000,260
20061118,0000,300
20061119,0000,280
20061120,0000,620
20061121,0000,622
20061122,0000,634
20061123,0000,278
20061124,0000,630
20061125,0000,624
20061126,0000,284
20061127,0000,363
20061128,0000,362
20061129,0000,369
20061130,0000,388
20061201,0000,350
20061202,0000,349
20061203,0000,274
20061204,0000,404
20061205,0000,403
20061206,0000,402
20061207,0000,392
20061208,0000,395
20061209,0000,395
20061210,0000,277
20061211,0000,671
20061212,0000,658
20061213,0000,658
20061214,0000,660
20061215,0000,683
20061216,0000,665
20061217,0000,283
20061218,0000,665
20061219,0000,666
20061220,0000,667
20061221,0000,667
20061222,0000,661
20061223,0000,661
20061224,0000,276
20061225,0000,275
20061226,0000,658
20061227,0000,639
20061228,0000,648
20061229,0000,642
20061230,0000,646
20061231,0000,257
20070101,0000,257
20070102,0000,651
20070103,0000,654
20070104,0000,656
20070105,0000,672
20070106,0000,670
20070107,0000,281
20070108,0000,399
20070109,0000,398
20070110,0000,399
20070111,0000,m

