Date,PST,Outflow
19931001,0000,m
19931002,0000,m
19931003,0000,330
19931004,0000,324
19931005,0000,311
19931006,0000,301
19931007,0000,299
19931008,0000,m
19931009,0000,m
19931010,0000,m
19931011,0000,300
19931012,0000,302
19931013,0000,299
19931014,0000,305
19931015,0000,m
19931016,0000,m
19931017,0000,420
19931018,0000,449
19931019,0000,1285
19931020,0000,1302
19931021,0000,1302
19931022,0000,m
19931023,0000,m
19931024,0000,1301
19931025,0000,581
19931026,0000,450
19931027,0000,431
19931028,0000,418
19931029,0000,m
19931030,0000,m
19931031,0000,418
19931101,0000,407
19931102,0000,401
19931103,0000,400
19931104,0000,398
19931105,0000,m
19931106,0000,m
19931107,0000,402
19931108,0000,402
19931109,0000,402
19931110,0000,m
19931111,0000,404
19931112,0000,m
19931113,0000,m
19931114,0000,404
19931115,0000,404
19931116,0000,404
19931117,0000,402
19931118,0000,403
19931119,0000,m
19931120,0000,m
19931121,0000,400
19931122,0000,402
19931123,0000,402
19931124,0000,m
19931125,0000,m
19931126,0000,m
19931127,0000,m
19931128,0000,401
19931129,0000,398
19931130,0000,400
19931201,0000,392
19931202,0000,380
19931203,0000,m
19931204,0000,m
19931205,0000,381
19931206,0000,381
19931207,0000,381
19931208,0000,371
19931209,0000,368
19931210,0000,m
19931211,0000,m
19931212,0000,367
19931213,0000,366
19931214,0000,367
19931215,0000,329
19931216,0000,299
19931217,0000,m
19931218,0000,m
19931219,0000,304
19931220,0000,303
19931221,0000,304
19931222,0000,304
19931223,0000,m
19931224,0000,m
19931225,0000,m
19931226,0000,306
19931227,0000,306
19931228,0000,306
19931229,0000,306
19931230,0000,m
19931231,0000,m
19940101,0000,m
19940102,0000,305
19940103,0000,302
19940104,0000,305
19940105,0000,305
19940106,0000,305
19940107,0000,m
19940108,0000,m
19940109,0000,304
19940110,0000,304
19940111,0000,241
19940112,0000,303
19940113,0000,201
19940114,0000,m
19940115,0000,m
19940116,0000,m
19940117,0000,230
19940118,0000,202
19940119,0000,202
19940120,0000,202
19940121,0000,m
19940122,0000,m
19940123,0000,203
19940124,0000,204
19940125,0000,205
19940126,0000,201
19940127,0000,201
19940128,0000,m
19940129,0000,m
19940130,0000,202
19940131,0000,202
19940201,0000,200
19940202,0000,199
19940203,0000,201
19940204,0000,m
19940205,0000,m
19940206,0000,200
19940207,0000,201
19940208,0000,202
19940209,0000,206
19940210,0000,201
19940211,0000,m
19940212,0000,m
19940213,0000,204
19940214,0000,204
19940215,0000,204
19940216,0000,204
19940217,0000,202
19940218,0000,m
19940219,0000,m
19940220,0000,m
19940221,0000,202
19940222,0000,203
19940223,0000,202
19940224,0000,202
19940225,0000,m
19940226,0000,m
19940227,0000,202
19940228,0000,202
19940301,0000,202
19940302,0000,202
19940303,0000,201
19940304,0000,m
19940305,0000,m
19940306,0000,201
19940307,0000,200
19940308,0000,203
19940309,0000,204
19940310,0000,203
19940311,0000,m
19940312,0000,m
19940313,0000,201
19940314,0000,200
19940315,0000,203
19940316,0000,203
19940317,0000,203
19940318,0000,m
19940319,0000,m
19940320,0000,203
19940321,0000,207
19940322,0000,205
19940323,0000,201
19940324,0000,201
19940325,0000,m
19940326,0000,m
19940327,0000,215
19940328,0000,214
19940329,0000,215
19940330,0000,214
19940331,0000,232
19940401,0000,m
19940402,0000,m
19940403,0000,269
19940404,0000,271
19940405,0000,281
19940406,0000,287
19940407,0000,285
19940408,0000,m
19940409,0000,m
19940410,0000,287
19940411,0000,287
19940412,0000,276
19940413,0000,272
19940414,0000,272
19940415,0000,m
19940416,0000,m
19940417,0000,321
19940418,0000,343
19940419,0000,357
19940420,0000,354
19940421,0000,352
19940422,0000,m
19940423,0000,m
19940424,0000,376
19940425,0000,366
19940426,0000,m
19940427,0000,359
19940428,0000,360
19940429,0000,m
19940430,0000,m
19940501,0000,360
19940502,0000,347
19940503,0000,342
19940504,0000,340
19940505,0000,341
19940506,0000,m
19940507,0000,m
19940508,0000,341
19940509,0000,341
19940510,0000,340
19940511,0000,341
19940512,0000,339
19940513,0000,m
19940514,0000,m
19940515,0000,341
19940516,0000,340
19940517,0000,334
19940518,0000,319
19940519,0000,315
19940520,0000,m
19940521,0000,m
19940522,0000,297
19940523,0000,301
19940524,0000,321
19940525,0000,322
19940526,0000,324
19940527,0000,m
19940528,0000,m
19940529,0000,m
19940530,0000,350
19940531,0000,350
19940601,0000,353
19940602,0000,353
19940603,0000,m
19940604,0000,m
19940605,0000,354
19940606,0000,355
19940607,0000,375
19940608,0000,401
19940609,0000,424
19940610,0000,m
19940611,0000,m
19940612,0000,454
19940613,0000,450
19940614,0000,443
19940615,0000,441
19940616,0000,441
19940617,0000,m
19940618,0000,m
19940619,0000,341
19940620,0000,323
19940621,0000,300
19940622,0000,272
19940623,0000,m
19940624,0000,m
19940625,0000,m
19940626,0000,283
19940627,0000,270
19940628,0000,273
19940629,0000,288
19940630,0000,297
19940701,0000,m
19940702,0000,m
19940703,0000,m
19940704,0000,327
19940705,0000,312
19940706,0000,290
19940707,0000,m
19940708,0000,m
19940709,0000,m
19940710,0000,281
19940711,0000,294
19940712,0000,302
19940713,0000,303
19940714,0000,312
19940715,0000,m
19940716,0000,m
19940717,0000,319
19940718,0000,302
19940719,0000,290
19940720,0000,297
19940721,0000,307
19940722,0000,m
19940723,0000,m
19940724,0000,307
19940725,0000,308
19940726,0000,299
19940727,0000,301
19940728,0000,306
19940729,0000,m
19940730,0000,m
19940731,0000,308
19940801,0000,297
19940802,0000,289
19940803,0000,289
19940804,0000,298
19940805,0000,m
19940806,0000,m
19940807,0000,306
19940808,0000,306
19940809,0000,300
19940810,0000,292
19940811,0000,292
19940812,0000,m
19940813,0000,m
19940814,0000,292
19940815,0000,294
19940816,0000,302
19940817,0000,303
19940818,0000,298
19940819,0000,m
19940820,0000,m
19940821,0000,266
19940822,0000,255
19940823,0000,255
19940824,0000,259
19940825,0000,262
19940826,0000,m
19940827,0000,m
19940828,0000,260
19940829,0000,254
19940830,0000,246
19940831,0000,246
19940901,0000,248
19940902,0000,m
19940903,0000,m
19940904,0000,m
19940905,0000,245
19940906,0000,m
19940907,0000,182
19940908,0000,m
19940909,0000,m
19940910,0000,m
19940911,0000,146
19940912,0000,145
19940913,0000,135
19940914,0000,130
19940915,0000,121
19940916,0000,m
19940917,0000,m
19940918,0000,115
19940919,0000,116
19940920,0000,116
19940921,0000,116
19940922,0000,116
19940923,0000,m
19940924,0000,m
19940925,0000,120
19940926,0000,121
19940927,0000,121
19940928,0000,121
19940929,0000,121
19940930,0000,m
19941001,0000,m
19941002,0000,120
19941003,0000,120
19941004,0000,117
19941005,0000,116
19941006,0000,115
19941007,0000,m
19941008,0000,m
19941009,0000,m
19941010,0000,115
19941011,0000,115
19941012,0000,115
19941013,0000,115
19941014,0000,m
19941015,0000,m
19941016,0000,201
19941017,0000,201
19941018,0000,201
19941019,0000,m
19941020,0000,201
19941021,0000,m
19941022,0000,m
19941023,0000,203
19941024,0000,202
19941025,0000,200
19941026,0000,200
19941027,0000,200
19941028,0000,m
19941029,0000,m
19941030,0000,200
19941031,0000,201
19941101,0000,224
19941102,0000,224
19941103,0000,228
19941104,0000,228
19941105,0000,m
19941106,0000,226
19941107,0000,226
19941108,0000,227
19941109,0000,228
19941110,0000,248
19941111,0000,m
19941112,0000,m
19941113,0000,243
19941114,0000,243
19941115,0000,244
19941116,0000,244
19941117,0000,244
19941118,0000,243
19941119,0000,m
19941120,0000,241
19941121,0000,241
19941122,0000,244
19941123,0000,245
19941124,0000,m
19941125,0000,m
19941126,0000,m
19941127,0000,245
19941128,0000,245
19941129,0000,243
19941130,0000,243
19941201,0000,244
19941202,0000,m
19941203,0000,m
19941204,0000,243
19941205,0000,243
19941206,0000,242
19941207,0000,243
19941208,0000,242
19941209,0000,242
19941210,0000,m
19941211,0000,245
19941212,0000,245
19941213,0000,243
19941214,0000,243
19941215,0000,242
19941216,0000,245
19941217,0000,m
19941218,0000,244
19941219,0000,244
19941220,0000,243
19941221,0000,243
19941222,0000,243
19941223,0000,245
19941224,0000,m
19941225,0000,m
19941226,0000,245
19941227,0000,245
19941228,0000,245
19941229,0000,245
19941230,0000,245
19941231,0000,m
19950101,0000,m
19950102,0000,244
19950103,0000,244
19950104,0000,244
19950105,0000,244
19950106,0000,244
19950107,0000,m
19950108,0000,246
19950109,0000,246
19950110,0000,244
19950111,0000,246
19950112,0000,245
19950113,0000,245
19950114,0000,m
19950115,0000,m
19950116,0000,245
19950117,0000,245
19950118,0000,244
19950119,0000,244
19950120,0000,242
19950121,0000,m
19950122,0000,600
19950123,0000,600
19950124,0000,599
19950125,0000,599
19950126,0000,597
19950127,0000,598
19950128,0000,m
19950129,0000,896
19950130,0000,896
19950131,0000,899
19950201,0000,897
19950202,0000,895
19950203,0000,893
19950204,0000,m
19950205,0000,899
19950206,0000,899
19950207,0000,898
19950208,0000,901
19950209,0000,900
19950210,0000,900
19950211,0000,m
19950212,0000,m
19950213,0000,903
19950214,0000,903
19950215,0000,903
19950216,0000,903
19950217,0000,900
19950218,0000,m
19950219,0000,m
19950220,0000,900
19950221,0000,900
19950222,0000,900
19950223,0000,901
19950224,0000,903
19950225,0000,m
19950226,0000,902
19950227,0000,902
19950228,0000,897
19950301,0000,868
19950302,0000,817
19950303,0000,799
19950304,0000,m
19950305,0000,800
19950306,0000,800
19950307,0000,799
19950308,0000,797
19950309,0000,797
19950310,0000,801
19950311,0000,m
19950312,0000,3014
19950313,0000,3014
19950314,0000,2989
19950315,0000,2989
19950316,0000,3014
19950317,0000,3015
19950318,0000,m
19950319,0000,3001
19950320,0000,3001
19950321,0000,3004
19950322,0000,3001
19950323,0000,3014
19950324,0000,3011
19950325,0000,m
19950326,0000,2996
19950327,0000,2996
19950328,0000,2996
19950329,0000,2997
19950330,0000,3006
19950331,0000,3006
19950401,0000,m
19950402,0000,3019
19950403,0000,3023
19950404,0000,3025
19950405,0000,3013
19950406,0000,3016
19950407,0000,3016
19950408,0000,m
19950409,0000,3007
19950410,0000,2996
19950411,0000,3007
19950412,0000,2837
19950413,0000,3009
19950414,0000,3009
19950415,0000,m
19950416,0000,3008
19950417,0000,3000
19950418,0000,3001
19950419,0000,3000
19950420,0000,3000
19950421,0000,m
19950422,0000,m
19950423,0000,3005
19950424,0000,3005
19950425,0000,3004
19950426,0000,3005
19950427,0000,3006
19950428,0000,m
19950429,0000,m
19950430,0000,3002
19950501,0000,3009
19950502,0000,3021
19950503,0000,3031
19950504,0000,3016
19950505,0000,m
19950506,0000,m
19950507,0000,3000
19950508,0000,3009
19950509,0000,3009
19950510,0000,3006
19950511,0000,3000
19950512,0000,m
19950513,0000,m
19950514,0000,2999
19950515,0000,2999
19950516,0000,3001
19950517,0000,m
19950518,0000,3387
19950519,0000,m
19950520,0000,m
19950521,0000,3493
19950522,0000,3503
19950523,0000,3510
19950524,0000,3510
19950525,0000,3507
19950526,0000,m
19950527,0000,m
19950528,0000,m
19950529,0000,3517
19950530,0000,3501
19950531,0000,3502
19950601,0000,3504
19950602,0000,m
19950603,0000,m
19950604,0000,3497
19950605,0000,3633
19950606,0000,3889
19950607,0000,4000
19950608,0000,4000
19950609,0000,m
19950610,0000,m
19950611,0000,4006
19950612,0000,4006
19950613,0000,4001
19950614,0000,m
19950615,0000,4003
19950616,0000,m
19950617,0000,m
19950618,0000,4002
19950619,0000,4002
19950620,0000,4001
19950621,0000,m
19950622,0000,4002
19950623,0000,m
19950624,0000,m
19950625,0000,3978
19950626,0000,4014
19950627,0000,4003
19950628,0000,m
19950629,0000,3996
19950630,0000,m
19950701,0000,m
19950702,0000,3493
19950703,0000,m
19950704,0000,m
19950705,0000,2892
19950706,0000,2692
19950707,0000,m
19950708,0000,m
19950709,0000,2398
19950710,0000,2406
19950711,0000,2402
19950712,0000,2400
19950713,0000,2402
19950714,0000,m
19950715,0000,m
19950716,0000,2404
19950717,0000,2405
19950718,0000,2409
19950719,0000,2407
19950720,0000,2406
19950721,0000,m
19950722,0000,m
19950723,0000,m
19950724,0000,1695
19950725,0000,1605
19950726,0000,1539
19950727,0000,1507
19950728,0000,m
19950729,0000,m
19950730,0000,1502
19950731,0000,1503
19950801,0000,1500
19950802,0000,1498
19950803,0000,m
19950804,0000,m
19950805,0000,m
19950806,0000,1498
19950807,0000,1499
19950808,0000,1504
19950809,0000,1461
19950810,0000,1320
19950811,0000,m
19950812,0000,m
19950813,0000,1270
19950814,0000,1268
19950815,0000,1278
19950816,0000,1280
19950817,0000,1285
19950818,0000,m
19950819,0000,m
19950820,0000,1299
19950821,0000,1302
19950822,0000,1298
19950823,0000,1299
19950824,0000,1301
19950825,0000,m
19950826,0000,m
19950827,0000,1500
19950828,0000,1498
19950829,0000,1507
19950830,0000,1508
19950831,0000,1494
19950901,0000,m
19950902,0000,m
19950903,0000,m
19950904,0000,1503
19950905,0000,1503
19950906,0000,1504
19950907,0000,m
19950908,0000,m
19950909,0000,m
19950910,0000,1505
19950911,0000,1510
19950912,0000,1502
19950913,0000,1508
19950914,0000,1504
19950915,0000,m
19950916,0000,m
19950917,0000,1507
19950918,0000,1505
19950919,0000,1504
19950920,0000,1504
19950921,0000,1504
19950922,0000,m
19950923,0000,m
19950924,0000,1504
19950925,0000,1501
19950926,0000,1502
19950927,0000,1501
19950928,0000,m
19950929,0000,m
19950930,0000,m
19951001,0000,1345
19951002,0000,1287
19951003,0000,1230
19951004,0000,1165
19951005,0000,1100
19951006,0000,m
19951007,0000,m
19951008,0000,m
19951009,0000,867
19951010,0000,808
19951011,0000,749
19951012,0000,689
19951013,0000,m
19951014,0000,m
19951015,0000,509
19951016,0000,482
19951017,0000,482
19951018,0000,484
19951019,0000,470
19951020,0000,m
19951021,0000,m
19951022,0000,421
19951023,0000,409
19951024,0000,390
19951025,0000,390
19951026,0000,391
19951027,0000,m
19951028,0000,m
19951029,0000,392
19951030,0000,390
19951031,0000,359
19951101,0000,295
19951102,0000,272
19951103,0000,m
19951104,0000,m
19951105,0000,272
19951106,0000,272
19951107,0000,270
19951108,0000,270
19951109,0000,m
19951110,0000,m
19951111,0000,m
19951112,0000,270
19951113,0000,270
19951114,0000,270
19951115,0000,270
19951116,0000,270
19951117,0000,m
19951118,0000,m
19951119,0000,269
19951120,0000,270
19951121,0000,271
19951122,0000,m
19951123,0000,m
19951124,0000,m
19951125,0000,m
19951126,0000,272
19951127,0000,272
19951128,0000,271
19951129,0000,271
19951130,0000,272
19951201,0000,m
19951202,0000,m
19951203,0000,273
19951204,0000,273
19951205,0000,271
19951206,0000,272
19951207,0000,273
19951208,0000,m
19951209,0000,m
19951210,0000,269
19951211,0000,274
19951212,0000,m
19951213,0000,273
19951214,0000,274
19951215,0000,m
19951216,0000,m
19951217,0000,m
19951218,0000,m
19951219,0000,m
19951220,0000,m
19951221,0000,m
19951222,0000,m
19951223,0000,m
19951224,0000,m
19951225,0000,m
19951226,0000,m
19951227,0000,m
19951228,0000,m
19951229,0000,m
19951230,0000,m
19951231,0000,m
19960101,0000,m
19960102,0000,m
19960103,0000,m
19960104,0000,m
19960105,0000,m
19960106,0000,m
19960107,0000,269
19960108,0000,273
19960109,0000,270
19960110,0000,271
19960111,0000,270
19960112,0000,m
19960113,0000,m
19960114,0000,m
19960115,0000,276
19960116,0000,275
19960117,0000,273
19960118,0000,271
19960119,0000,m
19960120,0000,m
19960121,0000,269
19960122,0000,268
19960123,0000,271
19960124,0000,272
19960125,0000,271
19960126,0000,m
19960127,0000,m
19960128,0000,273
19960129,0000,366
19960130,0000,663
19960131,0000,990
19960201,0000,1301
19960204,0000,1299
19960205,0000,1303
19960207,0000,1793
19960208,0000,1865
19960212,0000,1808
19960213,0000,1811
19960214,0000,1812
19960215,0000,1937
19960219,0000,2200
19960221,0000,3006
19960222,0000,3006
19960225,0000,3001
19960226,0000,3003
19960227,0000,3004
19960228,0000,3001
19960229,0000,2997
19960303,0000,2993
19960304,0000,2999
19960305,0000,2997
19960306,0000,2997
19960310,0000,3005
19960311,0000,3032
19960312,0000,2998
19960313,0000,2996
19960314,0000,2977
19960317,0000,2818
19960318,0000,2766
19960320,0000,2661
19960321,0000,2611
19960324,0000,2465
19960325,0000,2416
19960326,0000,2368
19960327,0000,2321
19960328,0000,2267
19960331,0000,2125
19960401,0000,1990
19960402,0000,1797
19960403,0000,m
19960404,0000,m
19960405,0000,m
19960406,0000,m
19960407,0000,1294
19960408,0000,1306
19960409,0000,m
19960410,0000,m
19960411,0000,1305
19960412,0000,m
19960413,0000,m
19960414,0000,1298
19960415,0000,m
19960416,0000,m
19960417,0000,1303
19960418,0000,1299
19960419,0000,m
19960420,0000,m
19960421,0000,1297
19960422,0000,1303
19960423,0000,1299
19960424,0000,1297
19960425,0000,m
19960426,0000,m
19960427,0000,m
19960428,0000,m
19960429,0000,1301
19960430,0000,m
19960501,0000,m
19960502,0000,1302
19960503,0000,m
19960504,0000,m
19960505,0000,1299
19960506,0000,1298
19960507,0000,m
19960508,0000,1298
19960509,0000,1305
19960510,0000,m
19960511,0000,m
19960512,0000,1298
19960513,0000,1244
19960514,0000,1139
19960515,0000,1018
19960516,0000,962
19960517,0000,m
19960518,0000,m
19960519,0000,945
19960520,0000,950
19960521,0000,m
19960522,0000,951
19960523,0000,m
19960524,0000,m
19960525,0000,m
19960526,0000,m
19960527,0000,947
19960528,0000,954
19960529,0000,955
19960530,0000,952
19960531,0000,m
19960601,0000,m
19960602,0000,950
19960603,0000,951
19960604,0000,m
19960605,0000,948
19960606,0000,m
19960607,0000,m
19960608,0000,m
19960609,0000,m
19960610,0000,m
19960611,0000,m
19960612,0000,m
19960613,0000,1297
19960614,0000,m
19960615,0000,m
19960616,0000,1302
19960617,0000,1300
19960618,0000,1300
19960619,0000,1301
19960620,0000,m
19960621,0000,m
19960622,0000,m
19960623,0000,1302
19960624,0000,m
19960625,0000,m
19960626,0000,1300
19960627,0000,1300
19960628,0000,m
19960629,0000,m
19960630,0000,1302
19960701,0000,1363
19960702,0000,1305
19960703,0000,m
19960704,0000,1309
19960705,0000,m
19960706,0000,m
19960707,0000,1300
19960708,0000,1304
19960709,0000,1300
19960710,0000,m
19960711,0000,m
19960712,0000,m
19960713,0000,m
19960714,0000,m
19960715,0000,1301
19960716,0000,m
19960717,0000,m
19960718,0000,m
19960719,0000,m
19960720,0000,m
19960721,0000,m
19960722,0000,m
19960723,0000,m
19960724,0000,m
19960725,0000,m
19960726,0000,m
19960727,0000,m
19960728,0000,m
19960729,0000,m
19960730,0000,m
19960731,0000,m
19960801,0000,m
19960802,0000,m
19960803,0000,m
19960804,0000,m
19960805,0000,m
19960806,0000,m
19960807,0000,m
19960808,0000,m
19960809,0000,m
19960810,0000,m
19960811,0000,m
19960812,0000,m
19960813,0000,m
19960814,0000,m
19960815,0000,m
19960816,0000,m
19960817,0000,m
19960818,0000,m
19960819,0000,m
19960820,0000,m
19960821,0000,m
19960822,0000,804
19960823,0000,805
19960824,0000,806
19960825,0000,806
19960826,0000,805
19960827,0000,806
19960828,0000,808
19960829,0000,805
19960830,0000,806
19960831,0000,803
19960901,0000,802
19960902,0000,799
19960903,0000,800
19960904,0000,802
19960905,0000,799
19960906,0000,798
19960907,0000,799
19960908,0000,767
19960909,0000,708
19960910,0000,648
19960911,0000,600
19960912,0000,548
19960913,0000,499
19960914,0000,446
19960915,0000,397
19960916,0000,370
19960917,0000,370
19960918,0000,372
19960919,0000,371
19960920,0000,341
19960921,0000,326
19960922,0000,323
19960923,0000,325
19960924,0000,325
19960925,0000,327
19960926,0000,330
19960927,0000,321
19960928,0000,327
19960929,0000,325
19960930,0000,328
19961001,0000,328
19961002,0000,327
19961003,0000,326
19961004,0000,327
19961005,0000,327
19961006,0000,325
19961007,0000,324
19961008,0000,327
19961009,0000,326
19961010,0000,m
19961011,0000,335
19961012,0000,331
19961013,0000,333
19961014,0000,328
19961015,0000,323
19961016,0000,325
19961017,0000,325
19961018,0000,325
19961019,0000,327
19961020,0000,326
19961021,0000,325
19961022,0000,328
19961023,0000,325
19961024,0000,325
19961025,0000,326
19961026,0000,208
19961027,0000,325
19961028,0000,326
19961029,0000,325
19961030,0000,325
19961031,0000,322
19961101,0000,326
19961102,0000,326
19961103,0000,324
19961104,0000,328
19961105,0000,324
19961106,0000,324
19961107,0000,324
19961108,0000,326
19961109,0000,326
19961110,0000,326
19961111,0000,326
19961112,0000,327
19961113,0000,325
19961114,0000,325
19961115,0000,326
19961116,0000,326
19961117,0000,326
19961118,0000,326
19961119,0000,327
19961120,0000,325
19961121,0000,348
19961122,0000,411
19961123,0000,425
19961124,0000,423
19961125,0000,425
19961126,0000,453
19961127,0000,502
19961128,0000,500
19961129,0000,500
19961130,0000,503
19961201,0000,499
19961202,0000,498
19961203,0000,565
19961204,0000,602
19961205,0000,747
19961206,0000,1001
19961207,0000,1001
19961208,0000,1004
19961209,0000,1142
19961210,0000,1550
19961211,0000,1799
19961212,0000,1798
19961213,0000,2041
19961214,0000,2504
19961215,0000,2509
19961216,0000,2496
19961217,0000,2505
19961218,0000,2502
19961219,0000,2501
19961220,0000,2501
19961221,0000,2498
19961222,0000,2499
19961223,0000,2499
19961224,0000,2501
19961225,0000,2498
19961226,0000,2503
19961227,0000,2503
19961228,0000,-9999
19961229,0000,-9999
19961230,0000,3003
19961231,0000,2992
19970101,0000,3453
19970102,0000,4629
19970103,0000,5002
19970104,0000,4996
19970105,0000,4987
19970106,0000,4970
19970107,0000,4975
19970108,0000,4993
19970109,0000,4995
19970110,0000,5000
19970111,0000,5000
19970112,0000,4993
19970113,0000,4988
19970114,0000,4993
19970115,0000,4995
19970116,0000,4993
19970117,0000,5000
19970118,0000,5000
19970119,0000,5000
19970120,0000,4988
19970121,0000,4999
19970122,0000,4996
19970123,0000,4991
19970124,0000,4939
19970125,0000,4944
19970126,0000,4990
19970127,0000,4990
19970128,0000,4950
19970129,0000,4997
19970130,0000,4993
19970131,0000,4972
19970201,0000,4993
19970202,0000,4992
19970203,0000,4989
19970204,0000,4987
19970205,0000,4991
19970206,0000,4989
19970207,0000,4987
19970208,0000,4984
19970209,0000,4989
19970210,0000,4983
19970211,0000,5000
19970212,0000,4969
19970213,0000,4956
19970214,0000,4944
19970215,0000,4927
19970216,0000,4911
19970217,0000,4770
19970218,0000,4436
19970219,0000,4139
19970220,0000,3890
19970221,0000,3688
19970222,0000,3487
19970223,0000,3287
19970224,0000,3084
19970225,0000,2891
19970226,0000,2696
19970227,0000,2476
19970228,0000,2287
19970301,0000,2088
19970302,0000,2001
19970303,0000,1989
19970304,0000,1991
19970305,0000,2000
19970306,0000,2008
19970307,0000,2004
19970308,0000,2001
19970309,0000,2000
19970310,0000,2003
19970311,0000,2003
19970312,0000,2002
19970313,0000,2004
19970314,0000,m
19970315,0000,m
19970316,0000,1457
19970317,0000,1342
19970318,0000,1317
19970319,0000,1305
19970320,0000,1306
19970321,0000,1301
19970322,0000,1299
19970323,0000,1300
19970324,0000,1306
19970325,0000,1304
19970326,0000,1306
19970327,0000,1303
19970328,0000,1301
19970329,0000,1302
19970330,0000,1301
19970331,0000,1299
19970401,0000,1301
19970402,0000,1296
19970403,0000,1304
19970404,0000,1233
19970405,0000,1238
19970406,0000,1205
19970407,0000,1149
19970408,0000,1041
19970409,0000,1001
19970410,0000,1001
19970411,0000,948
19970412,0000,852
19970413,0000,755
19970414,0000,693
19970415,0000,666
19970416,0000,620
19970417,0000,602
19970418,0000,597
19970419,0000,597
19970420,0000,596
19970421,0000,596
19970422,0000,595
19970423,0000,595
19970424,0000,567
19970425,0000,551
19970426,0000,503
19970427,0000,500
19970428,0000,500
19970429,0000,491
19970430,0000,482
19970501,0000,493
19970502,0000,509
19970503,0000,539
19970504,0000,539
19970505,0000,525
19970506,0000,540
19970507,0000,540
19970508,0000,544
19970509,0000,551
19970510,0000,551
19970511,0000,550
19970512,0000,551
19970513,0000,551
19970514,0000,552
19970515,0000,557
19970516,0000,574
19970517,0000,573
19970518,0000,573
19970519,0000,574
19970520,0000,585
19970521,0000,602
19970522,0000,598
19970523,0000,598
19970524,0000,577
19970525,0000,559
19970526,0000,549
19970527,0000,549
19970528,0000,548
19970529,0000,546
19970530,0000,542
19970531,0000,531
19970601,0000,531
19970602,0000,534
19970603,0000,550
19970604,0000,559
19970605,0000,560
19970606,0000,561
19970607,0000,562
19970608,0000,561
19970609,0000,564
19970610,0000,575
19970611,0000,594
19970612,0000,598
19970613,0000,601
19970614,0000,573
19970615,0000,573
19970616,0000,590
19970617,0000,582
19970618,0000,596
19970619,0000,620
19970620,0000,641
19970621,0000,653
19970622,0000,655
19970623,0000,652
19970624,0000,635
19970625,0000,621
19970626,0000,620
19970627,0000,621
19970628,0000,637
19970629,0000,638
19970630,0000,613
19970701,0000,613
19970702,0000,528
19970703,0000,428
19970704,0000,384
19970705,0000,367
19970706,0000,349
19970707,0000,349
19970708,0000,337
19970709,0000,337
19970710,0000,343
19970711,0000,341
19970712,0000,330
19970713,0000,319
19970714,0000,330
19970715,0000,313
19970716,0000,310
19970717,0000,313
19970718,0000,311
19970719,0000,312
19970720,0000,312
19970721,0000,313
19970722,0000,311
19970723,0000,322
19970724,0000,322
19970725,0000,334
19970726,0000,334
19970727,0000,329
19970728,0000,310
19970729,0000,308
19970730,0000,300
19970731,0000,298
19970801,0000,301
19970802,0000,303
19970803,0000,301
19970804,0000,302
19970805,0000,302
19970806,0000,301
19970807,0000,299
19970808,0000,301
19970809,0000,293
19970810,0000,285
19970811,0000,281
19970812,0000,277
19970813,0000,280
19970814,0000,271
19970815,0000,278
19970816,0000,277
19970817,0000,277
19970818,0000,276
19970819,0000,275
19970820,0000,273
19970821,0000,269
19970822,0000,255
19970823,0000,246
19970824,0000,246
19970825,0000,246
19970826,0000,249
19970827,0000,248
19970828,0000,246
19970829,0000,247
19970830,0000,248
19970831,0000,250
19970901,0000,247
19970902,0000,248
19970903,0000,248
19970904,0000,248
19970905,0000,248
19970906,0000,247
19970907,0000,273
19970908,0000,308
19970909,0000,304
19970910,0000,305
19970911,0000,305
19970912,0000,299
19970913,0000,293
19970914,0000,293
19970915,0000,285
19970916,0000,278
19970917,0000,278
19970918,0000,277
19970919,0000,276
19970920,0000,275
19970921,0000,275
19970922,0000,275
19970923,0000,276
19970924,0000,275
19970925,0000,276
19970926,0000,273
19970927,0000,285
19970928,0000,278
19970929,0000,278
19970930,0000,297
19971001,0000,324
19971002,0000,324
19971003,0000,322
19971004,0000,326
19971005,0000,327
19971006,0000,324
19971007,0000,323
19971008,0000,326
19971009,0000,324
19971010,0000,327
19971011,0000,327
19971012,0000,329
19971013,0000,328
19971014,0000,328
19971015,0000,326
19971016,0000,324
19971017,0000,323
19971018,0000,325
19971019,0000,325
19971020,0000,325
19971021,0000,326
19971022,0000,325
19971023,0000,325
19971024,0000,325
19971025,0000,326
19971026,0000,326
19971027,0000,326
19971028,0000,325
19971029,0000,326
19971030,0000,327
19971031,0000,330
19971101,0000,326
19971102,0000,325
19971103,0000,326
19971104,0000,330
19971105,0000,325
19971106,0000,325
19971107,0000,326
19971108,0000,325
19971109,0000,326
19971110,0000,326
19971111,0000,325
19971112,0000,326
19971113,0000,326
19971114,0000,326
19971115,0000,326
19971116,0000,326
19971117,0000,327
19971118,0000,327
19971119,0000,326
19971120,0000,372
19971121,0000,450
19971122,0000,450
19971123,0000,450
19971124,0000,450
19971125,0000,450
19971126,0000,450
19971127,0000,449
19971128,0000,449
19971129,0000,449
19971130,0000,449
19971201,0000,447
19971202,0000,448
19971203,0000,449
19971204,0000,449
19971205,0000,450
19971206,0000,449
19971207,0000,449
19971208,0000,505
19971209,0000,600
19971210,0000,600
19971211,0000,600
19971212,0000,600
19971213,0000,600
19971214,0000,600
19971215,0000,600
19971216,0000,600
19971217,0000,599
19971218,0000,599
19971219,0000,599
19971220,0000,599
19971221,0000,600
19971222,0000,601
19971223,0000,600
19971224,0000,599
19971225,0000,600
19971226,0000,600
19971227,0000,601
19971228,0000,600
19971229,0000,600
19971230,0000,600
19971231,0000,611
19980101,0000,626
19980102,0000,598
19980103,0000,595
19980104,0000,603
19980105,0000,602
19980106,0000,601
19980107,0000,600
19980108,0000,601
19980109,0000,599
19980110,0000,599
19980111,0000,598
19980112,0000,596
19980113,0000,599
19980114,0000,600
19980115,0000,602
19980116,0000,602
19980117,0000,602
19980118,0000,676
19980119,0000,801
19980120,0000,799
19980121,0000,878
19980122,0000,1002
19980123,0000,1002
19980124,0000,1001
19980125,0000,1000
19980126,0000,1001
19980127,0000,999
19980128,0000,996
19980129,0000,1002
19980130,0000,999
19980131,0000,1002
19980201,0000,1001
19980202,0000,1001
19980203,0000,1561
19980204,0000,2339
19980205,0000,3006
19980206,0000,3004
19980207,0000,3001
19980208,0000,3003
19980209,0000,3319
19980210,0000,3504
19980211,0000,3500
19980212,0000,3498
19980213,0000,3501
19980214,0000,3502
19980215,0000,3503
19980216,0000,3499
19980217,0000,3500
19980218,0000,3336
19980219,0000,3091
19980220,0000,3003
19980221,0000,3009
19980222,0000,3003
19980223,0000,3002
19980224,0000,3005
19980225,0000,3006
19980226,0000,3002
19980227,0000,3001
19980228,0000,3002
19980301,0000,3001
19980302,0000,3005
19980303,0000,3000
19980304,0000,2998
19980305,0000,2995
19980306,0000,3000
19980307,0000,3002
19980308,0000,3001
19980309,0000,3001
19980310,0000,3002
19980311,0000,2890
19980312,0000,2650
19980313,0000,2491
19980314,0000,2402
19980315,0000,2404
19980316,0000,2402
19980317,0000,2400
19980318,0000,2289
19980319,0000,2089
19980320,0000,1893
19980321,0000,1690
19980322,0000,1598
19980323,0000,1602
19980324,0000,1596
19980325,0000,1599
19980326,0000,1602
19980327,0000,1602
19980328,0000,1501
19980329,0000,1335
19980330,0000,1303
19980331,0000,1305
19980401,0000,1304
19980402,0000,1304
19980403,0000,1353
19980404,0000,1353
19980405,0000,1601
19980406,0000,1597
19980407,0000,1601
19980408,0000,1591
19980409,0000,1605
19980410,0000,1604
19980411,0000,1601
19980412,0000,1601
19980413,0000,1585
19980414,0000,1600
19980415,0000,1598
19980416,0000,1592
19980417,0000,1605
19980418,0000,1601
19980419,0000,1602
19980420,0000,1601
19980421,0000,1601
19980422,0000,1601
19980423,0000,1599
19980424,0000,1601
19980425,0000,1602
19980426,0000,1602
19980427,0000,1605
19980428,0000,1604
19980429,0000,1601
19980430,0000,1603
19980501,0000,1606
19980502,0000,1602
19980503,0000,1604
19980504,0000,1605
19980505,0000,1596
19980506,0000,1685
19980507,0000,1802
19980508,0000,1802
19980509,0000,1802
19980510,0000,1800
19980511,0000,1800
19980512,0000,1802
19980513,0000,1802
19980514,0000,1801
19980515,0000,1804
19980516,0000,1801
19980517,0000,1801
19980518,0000,1801
19980519,0000,1803
19980520,0000,1802
19980521,0000,1801
19980522,0000,1803
19980523,0000,1801
19980524,0000,1801
19980525,0000,1801
19980526,0000,1885
19980527,0000,2002
19980528,0000,2000
19980529,0000,2002
19980530,0000,2005
19980531,0000,2001
19980601,0000,2008
19980602,0000,2006
19980603,0000,2003
19980604,0000,2003
19980605,0000,2004
19980606,0000,2000
19980607,0000,2000
19980608,0000,2004
19980609,0000,2000
19980610,0000,2000
19980611,0000,1999
19980612,0000,2002
19980613,0000,2001
19980614,0000,2001
19980615,0000,2002
19980616,0000,2003
19980617,0000,2002
19980618,0000,1998
19980619,0000,2102
19980620,0000,2201
19980621,0000,2203
19980622,0000,2584
19980623,0000,3002
19980624,0000,3001
19980625,0000,3001
19980626,0000,3500
19980627,0000,3503
19980628,0000,3501
19980629,0000,3499
19980630,0000,3502
19980701,0000,3505
19980702,0000,3505
19980703,0000,3506
19980704,0000,3502
19980705,0000,3503
19980706,0000,3503
19980707,0000,3502
19980708,0000,3501
19980709,0000,3500
19980710,0000,3139
19980711,0000,3106
19980712,0000,3103
19980713,0000,3100
19980714,0000,2825
19980715,0000,2528
19980716,0000,2504
19980717,0000,2504
19980718,0000,2504
19980719,0000,2503
19980720,0000,2500
19980721,0000,2502
19980722,0000,2507
19980723,0000,2507
19980724,0000,2501
19980725,0000,2502
19980726,0000,2499
19980727,0000,2501
19980728,0000,2495
19980729,0000,2500
19980730,0000,2501
19980731,0000,2074
19980801,0000,2001
19980802,0000,2001
19980803,0000,2005
19980804,0000,1998
19980805,0000,2003
19980806,0000,2000
19980807,0000,1998
19980808,0000,m
19980809,0000,1998
19980810,0000,1996
19980811,0000,1999
19980812,0000,m
19980813,0000,1999
19980814,0000,1998
19980815,0000,2003
19980816,0000,2005
19980817,0000,2007
19980818,0000,2006
19980819,0000,2007
19980820,0000,2005
19980821,0000,2001
19980822,0000,1991
19980823,0000,m
19980824,0000,1994
19980825,0000,1552
19980826,0000,1242
19980827,0000,1233
19980828,0000,801
19980829,0000,636
19980830,0000,536
19980831,0000,437
19980901,0000,352
19980902,0000,323
19980903,0000,325
19980904,0000,312
19980905,0000,329
19980906,0000,324
19980907,0000,325
19980908,0000,328
19980909,0000,324
19980910,0000,324
19980911,0000,323
19980912,0000,324
19980913,0000,326
19980914,0000,322
19980915,0000,328
19980916,0000,324
19980917,0000,326
19980918,0000,337
19980919,0000,336
19980920,0000,331
19980921,0000,334
19980922,0000,333
19980923,0000,331
19980924,0000,330
19980925,0000,337
19980926,0000,329
19980927,0000,331
19980928,0000,330
19980929,0000,329
19980930,0000,329
19981001,0000,329
19981002,0000,333
19981003,0000,337
19981004,0000,334
19981005,0000,334
19981006,0000,334
19981007,0000,330
19981008,0000,331
19981009,0000,330
19981010,0000,331
19981011,0000,335
19981012,0000,330
19981013,0000,332
19981014,0000,334
19981015,0000,331
19981016,0000,332
19981017,0000,333
19981018,0000,333
19981019,0000,333
19981020,0000,331
19981021,0000,330
19981022,0000,331
19981023,0000,333
19981024,0000,329
19981025,0000,331
19981026,0000,330
19981027,0000,330
19981028,0000,335
19981029,0000,329
19981030,0000,330
19981031,0000,332
19981101,0000,332
19981102,0000,330
19981103,0000,329
19981104,0000,332
19981105,0000,331
19981106,0000,330
19981107,0000,331
19981108,0000,330
19981109,0000,330
19981110,0000,331
19981111,0000,331
19981112,0000,331
19981113,0000,328
19981114,0000,332
19981115,0000,333
19981116,0000,331
19981117,0000,329
19981118,0000,338
19981119,0000,330
19981120,0000,327
19981121,0000,326
19981122,0000,329
19981123,0000,330
19981124,0000,333
19981125,0000,331
19981126,0000,331
19981127,0000,330
19981128,0000,331
19981129,0000,332
19981130,0000,333
19981201,0000,332
19981202,0000,332
19981203,0000,331
19981204,0000,445
19981205,0000,501
19981206,0000,499
19981207,0000,502
19981208,0000,577
19981209,0000,572
19981210,0000,602
19981211,0000,601
19981212,0000,610
19981213,0000,594
19981214,0000,602
19981215,0000,603
19981216,0000,605
19981217,0000,606
19981218,0000,601
19981219,0000,605
19981220,0000,601
19981221,0000,603
19981222,0000,602
19981223,0000,599
19981224,0000,605
19981225,0000,602
19981226,0000,m
19981227,0000,601
19981228,0000,602
19981229,0000,602
19981230,0000,602
19981231,0000,601
19990101,0000,605
19990102,0000,603
19990103,0000,605
19990104,0000,599
19990105,0000,606
19990106,0000,605
19990107,0000,599
19990108,0000,603
19990109,0000,603
19990110,0000,602
19990111,0000,608
19990112,0000,607
19990113,0000,579
19990114,0000,532
19990115,0000,503
19990116,0000,503
19990117,0000,501
19990118,0000,499
19990119,0000,501
19990120,0000,502
19990121,0000,500
19990122,0000,500
19990123,0000,500
19990124,0000,503
19990125,0000,503
19990126,0000,523
19990127,0000,556
19990128,0000,605
19990129,0000,599
19990130,0000,602
19990131,0000,603
19990201,0000,603
19990202,0000,652
19990203,0000,756
19990204,0000,806
19990205,0000,803
19990206,0000,800
19990207,0000,800
19990208,0000,1355
19990209,0000,2421
19990210,0000,3003
19990211,0000,3001
19990212,0000,3000
19990213,0000,2998
19990214,0000,3001
19990215,0000,2999
19990216,0000,3002
19990217,0000,3005
19990218,0000,3002
19990219,0000,3000
19990220,0000,3001
19990221,0000,3002
19990222,0000,3000
19990223,0000,3000
19990224,0000,3001
19990225,0000,3000
19990226,0000,3003
19990227,0000,3001
19990228,0000,3003
19990301,0000,3001
19990302,0000,3000
19990303,0000,2998
19990304,0000,2997
19990305,0000,2889
19990306,0000,2693
19990307,0000,2492
19990308,0000,2283
19990309,0000,2086
19990310,0000,1898
19990311,0000,1693
19990312,0000,1491
19990313,0000,1291
19990314,0000,1197
19990315,0000,1194
19990316,0000,1199
19990317,0000,1200
19990318,0000,1203
19990319,0000,1199
19990320,0000,1202
19990321,0000,1202
19990322,0000,1201
19990323,0000,1198
19990324,0000,1200
19990325,0000,1198
19990326,0000,1199
19990327,0000,1201
19990328,0000,1202
19990329,0000,1200
19990330,0000,1199
19990331,0000,1202
19990401,0000,1205
19990402,0000,1200
19990403,0000,1200
19990404,0000,1199
19990405,0000,1202
19990406,0000,1198
19990407,0000,1201
19990408,0000,1198
19990409,0000,1198
19990410,0000,1200
19990411,0000,1208
19990412,0000,1203
19990413,0000,1200
19990414,0000,1201
19990415,0000,1205
19990416,0000,1210
19990417,0000,1201
19990418,0000,1198
19990419,0000,m
19990420,0000,1200
19990421,0000,1204
19990422,0000,1201
19990423,0000,1202
19990424,0000,1200
19990425,0000,1214
19990426,0000,m
19990427,0000,1206
19990428,0000,1209
19990429,0000,1210
19990430,0000,1209
19990501,0000,1207
19990502,0000,1204
19990503,0000,1206
19990504,0000,1206
19990505,0000,1208
19990506,0000,1206
19990507,0000,1203
19990508,0000,1206
19990509,0000,1204
19990510,0000,1200
19990511,0000,1204
19990512,0000,1206
19990513,0000,1203
19990514,0000,1204
19990515,0000,1202
19990516,0000,1200
19990517,0000,1197
19990518,0000,1202
19990519,0000,1204
19990520,0000,1206
19990521,0000,1204
19990522,0000,1197
19990523,0000,1207
19990524,0000,1204
19990525,0000,1206
19990526,0000,1206
19990527,0000,1209
19990528,0000,1198
19990529,0000,1208
19990530,0000,1202
19990531,0000,1202
19990601,0000,1202
19990602,0000,1200
19990603,0000,1203
19990604,0000,1204
19990605,0000,1203
19990606,0000,1204
19990607,0000,1203
19990608,0000,1202
19990609,0000,1202
19990610,0000,1199
19990611,0000,1095
19990612,0000,1002
19990613,0000,1000
19990614,0000,1001
19990615,0000,1002
19990616,0000,997
19990617,0000,1002
19990618,0000,1007
19990619,0000,1007
19990620,0000,1004
19990621,0000,963
19990622,0000,951
19990623,0000,951
19990624,0000,950
19990625,0000,948
19990626,0000,949
19990627,0000,951
19990628,0000,951
19990629,0000,956
19990630,0000,954
19990701,0000,880
19990702,0000,805
19990703,0000,801
19990704,0000,797
19990705,0000,805
19990706,0000,800
19990707,0000,805
19990708,0000,805
19990709,0000,798
19990710,0000,799
19990711,0000,803
19990712,0000,806
19990713,0000,802
19990714,0000,801
19990715,0000,801
19990716,0000,801
19990717,0000,801
19990718,0000,801
19990719,0000,802
19990720,0000,802
19990721,0000,802
19990722,0000,802
19990723,0000,802
19990724,0000,801
19990725,0000,801
19990726,0000,801
19990727,0000,802
19990728,0000,801
19990729,0000,801
19990730,0000,802
19990731,0000,802
19990801,0000,802
19990802,0000,803
19990803,0000,803
19990804,0000,748
19990805,0000,652
19990806,0000,604
19990807,0000,602
19990808,0000,601
19990809,0000,600
19990810,0000,597
19990811,0000,597
19990812,0000,597
19990813,0000,604
19990814,0000,603
19990815,0000,602
19990816,0000,598
19990817,0000,599
19990818,0000,599
19990819,0000,599
19990820,0000,603
19990821,0000,603
19990822,0000,602
19990823,0000,602
19990824,0000,601
19990825,0000,603
19990826,0000,602
19990827,0000,602
19990828,0000,602
19990829,0000,545
19990830,0000,449
19990831,0000,436
19990901,0000,330
19990902,0000,333
19990903,0000,328
19990904,0000,328
19990905,0000,328
19990906,0000,329
19990907,0000,327
19990908,0000,329
19990909,0000,327
19990910,0000,326
19990911,0000,327
19990912,0000,327
19990913,0000,326
19990914,0000,326
19990915,0000,331
19990916,0000,332
19990917,0000,330
19990918,0000,331
19990919,0000,331
19990920,0000,331
19990921,0000,330
19990922,0000,330
19990923,0000,330
19990924,0000,331
19990925,0000,331
19990926,0000,331
19990927,0000,330
19990928,0000,331
19990929,0000,330
19990930,0000,330
19991001,0000,331
19991002,0000,330
19991003,0000,330
19991004,0000,330
19991005,0000,330
19991006,0000,330
19991007,0000,331
19991008,0000,331
19991009,0000,331
19991010,0000,330
19991011,0000,331
19991012,0000,331
19991013,0000,330
19991014,0000,331
19991015,0000,330
19991016,0000,331
19991017,0000,330
19991018,0000,331
19991019,0000,333
19991020,0000,331
19991021,0000,330
19991022,0000,330
19991023,0000,331
19991024,0000,331
19991025,0000,330
19991026,0000,330
19991027,0000,330
19991028,0000,330
19991029,0000,333
19991030,0000,327
19991031,0000,330
19991101,0000,330
19991102,0000,331
19991103,0000,330
19991104,0000,331
19991105,0000,329
19991106,0000,332
19991107,0000,330
19991108,0000,330
19991109,0000,331
19991110,0000,331
19991111,0000,331
19991112,0000,330
19991113,0000,330
19991114,0000,331
19991115,0000,333
19991116,0000,329
19991117,0000,333
19991118,0000,329
19991119,0000,331
19991120,0000,332
19991121,0000,330
19991122,0000,330
19991123,0000,328
19991124,0000,328
19991125,0000,331
19991126,0000,330
19991127,0000,330
19991128,0000,330
19991129,0000,332
19991130,0000,330
19991201,0000,330
19991202,0000,330
19991203,0000,330
19991204,0000,330
19991205,0000,330
19991206,0000,331
19991207,0000,330
19991208,0000,330
19991209,0000,330
19991210,0000,331
19991211,0000,331
19991212,0000,330
19991213,0000,330
19991214,0000,330
19991215,0000,331
19991216,0000,331
19991217,0000,331
19991218,0000,330
19991219,0000,330
19991220,0000,330
19991221,0000,332
19991222,0000,331
19991223,0000,331
19991224,0000,330
19991225,0000,330
19991226,0000,331
19991227,0000,330
19991228,0000,330
19991229,0000,329
19991230,0000,330
19991231,0000,330
20000101,0000,330
20000102,0000,330
20000103,0000,330
20000104,0000,330
20000105,0000,330
20000106,0000,331
20000107,0000,331
20000108,0000,330
20000109,0000,330
20000110,0000,330
20000111,0000,330
20000112,0000,330
20000113,0000,330
20000114,0000,330
20000115,0000,330
20000116,0000,331
20000117,0000,331
20000118,0000,331
20000119,0000,331
20000120,0000,332
20000121,0000,330
20000122,0000,330
20000123,0000,329
20000124,0000,331
20000125,0000,331
20000126,0000,330
20000127,0000,330
20000128,0000,476
20000129,0000,600
20000130,0000,601
20000131,0000,795
20000201,0000,998
20000202,0000,981
20000203,0000,999
20000204,0000,1002
20000205,0000,1004
20000206,0000,1003
20000207,0000,1002
20000208,0000,1003
20000209,0000,1002
20000210,0000,1002
20000211,0000,1003
20000212,0000,1004
20000213,0000,1002
20000214,0000,1004
20000215,0000,1496
20000216,0000,2000
20000217,0000,2000
20000218,0000,1994
20000219,0000,2002
20000220,0000,2000
20000221,0000,2002
20000222,0000,2000
20000223,0000,2002
20000224,0000,2001
20000225,0000,2001
20000226,0000,2000
20000227,0000,1989
20000228,0000,2004
20000229,0000,2002
20000301,0000,2217
20000302,0000,2406
20000303,0000,2404
20000304,0000,2401
20000305,0000,2402
20000306,0000,2402
20000307,0000,2401
20000308,0000,2399
20000309,0000,2399
20000310,0000,2291
20000311,0000,2094
20000312,0000,1890
20000313,0000,1695
20000314,0000,1603
20000315,0000,1603
20000316,0000,1602
20000317,0000,1601
20000318,0000,1602
20000319,0000,1601
20000320,0000,1598
20000321,0000,1491
20000322,0000,1294
20000323,0000,1204
20000324,0000,1197
20000325,0000,1200
20000326,0000,1197
20000327,0000,1196
20000328,0000,1085
20000329,0000,881
20000330,0000,808
20000331,0000,806
20000401,0000,806
20000402,0000,806
20000403,0000,756
20000404,0000,637
20000405,0000,595
20000406,0000,599
20000407,0000,602
20000408,0000,612
20000409,0000,605
20000410,0000,606
20000411,0000,604
20000412,0000,603
20000413,0000,544
20000414,0000,446
20000415,0000,403
20000416,0000,404
20000417,0000,403
20000418,0000,397
20000419,0000,411
20000420,0000,418
20000421,0000,404
20000422,0000,403
20000423,0000,403
20000424,0000,404
20000425,0000,411
20000426,0000,413
20000427,0000,397
20000428,0000,401
20000429,0000,403
20000430,0000,445
20000501,0000,590
20000502,0000,651
20000503,0000,659
20000504,0000,663
20000505,0000,650
20000506,0000,653
20000507,0000,653
20000508,0000,653
20000509,0000,654
20000510,0000,653
20000511,0000,653
20000512,0000,650
20000513,0000,651
20000514,0000,650
20000515,0000,647
20000516,0000,649
20000517,0000,651
20000518,0000,m
20000519,0000,679
20000520,0000,705
20000521,0000,698
20000522,0000,700
20000523,0000,710
20000524,0000,719
20000525,0000,725
20000526,0000,741
20000527,0000,753
20000528,0000,751
20000529,0000,748
20000530,0000,738
20000531,0000,754
20000601,0000,748
20000602,0000,747
20000603,0000,753
20000604,0000,750
20000605,0000,755
20000606,0000,754
20000607,0000,748
20000608,0000,753
20000609,0000,752
20000610,0000,752
20000611,0000,753
20000612,0000,748
20000613,0000,747
20000614,0000,751
20000615,0000,747
20000616,0000,756
20000617,0000,755
20000618,0000,756
20000619,0000,758
20000620,0000,749
20000621,0000,753
20000622,0000,759
20000623,0000,753
20000624,0000,753
20000625,0000,751
20000626,0000,753
20000627,0000,756
20000628,0000,755
20000629,0000,759
20000630,0000,754
20000701,0000,753
20000702,0000,702
20000703,0000,649
20000704,0000,644
20000705,0000,651
20000706,0000,651
20000707,0000,647
20000708,0000,652
20000709,0000,653
20000710,0000,654
20000711,0000,645
20000712,0000,649
20000713,0000,651
20000714,0000,651
20000715,0000,651
20000716,0000,650
20000717,0000,618
20000718,0000,611
20000719,0000,607
20000720,0000,601
20000721,0000,612
20000722,0000,602
20000723,0000,610
20000724,0000,603
20000725,0000,601
20000726,0000,547
20000727,0000,500
20000728,0000,505
20000729,0000,502
20000730,0000,510
20000731,0000,463
20000801,0000,401
20000802,0000,396
20000803,0000,402
20000804,0000,397
20000805,0000,397
20000806,0000,404
20000807,0000,396
20000808,0000,403
20000809,0000,403
20000810,0000,404
20000811,0000,402
20000812,0000,402
20000813,0000,398
20000814,0000,402
20000815,0000,402
20000816,0000,406
20000817,0000,404
20000818,0000,396
20000819,0000,400
20000820,0000,397
20000821,0000,409
20000822,0000,406
20000823,0000,400
20000824,0000,386
20000825,0000,370
20000826,0000,372
20000827,0000,380
20000828,0000,369
20000829,0000,370
20000830,0000,371
20000831,0000,345
20000901,0000,328
20000902,0000,347
20000903,0000,335
20000904,0000,334
20000905,0000,330
20000906,0000,329
20000907,0000,334
20000908,0000,332
20000909,0000,332
20000910,0000,334
20000911,0000,329
20000912,0000,353
20000913,0000,335
20000914,0000,376
20000915,0000,402
20000916,0000,399
20000917,0000,402
20000918,0000,407
20000919,0000,405
20000920,0000,402
20000921,0000,402
20000922,0000,m
20000923,0000,399
20000924,0000,399
20000925,0000,399
20000926,0000,400
20000927,0000,398
20000928,0000,360
20000929,0000,334
20000930,0000,328
20001001,0000,332
20001002,0000,328
20001003,0000,333
20001004,0000,337
20001005,0000,333
20001006,0000,334
20001007,0000,331
20001008,0000,326
20001009,0000,336
20001010,0000,330
20001011,0000,337
20001012,0000,338
20001013,0000,329
20001014,0000,331
20001015,0000,333
20001016,0000,340
20001017,0000,335
20001018,0000,334
20001019,0000,333
20001020,0000,329
20001021,0000,330
20001022,0000,333
20001023,0000,335
20001024,0000,335
20001025,0000,336
20001026,0000,336
20001027,0000,337
20001028,0000,328
20001029,0000,335
20001030,0000,334
20001031,0000,331
20001101,0000,331
20001102,0000,326
20001103,0000,329
20001104,0000,330
20001105,0000,330
20001106,0000,329
20001107,0000,434
20001108,0000,333
20001109,0000,332
20001110,0000,333
20001111,0000,333
20001112,0000,332
20001113,0000,333
20001114,0000,334
20001115,0000,335
20001116,0000,333
20001117,0000,330
20001118,0000,335
20001119,0000,329
20001120,0000,331
20001121,0000,332
20001122,0000,333
20001123,0000,332
20001124,0000,332
20001125,0000,331
20001126,0000,331
20001127,0000,331
20001128,0000,331
20001129,0000,333
20001130,0000,332
20001201,0000,333
20001202,0000,334
20001203,0000,333
20001204,0000,336
20001205,0000,336
20001206,0000,336
20001207,0000,337
20001208,0000,336
20001209,0000,335
20001210,0000,336
20001211,0000,335
20001212,0000,334
20001213,0000,334
20001214,0000,334
20001215,0000,332
20001216,0000,330
20001217,0000,330
20001218,0000,330
20001219,0000,330
20001220,0000,331
20001221,0000,329
20001222,0000,328
20001223,0000,330
20001224,0000,334
20001225,0000,330
20001226,0000,331
20001227,0000,330
20001228,0000,331
20001229,0000,331
20001230,0000,331
20001231,0000,332
20010101,0000,332
20010102,0000,332
20010103,0000,330
20010104,0000,331
20010105,0000,337
20010106,0000,331
20010107,0000,332
20010108,0000,330
20010109,0000,330
20010110,0000,330
20010111,0000,330
20010112,0000,328
20010113,0000,325
20010114,0000,330
20010115,0000,344
20010116,0000,331
20010117,0000,329
20010118,0000,331
20010119,0000,332
20010120,0000,332
20010121,0000,330
20010122,0000,330
20010123,0000,330
20010124,0000,332
20010125,0000,330
20010126,0000,331
20010127,0000,331
20010128,0000,331
20010129,0000,332
20010130,0000,330
20010131,0000,329
20010201,0000,330
20010202,0000,332
20010203,0000,333
20010204,0000,333
20010205,0000,329
20010206,0000,331
20010207,0000,331
20010208,0000,330
20010209,0000,331
20010210,0000,333
20010211,0000,332
20010212,0000,330
20010213,0000,331
20010214,0000,330
20010215,0000,333
20010216,0000,333
20010217,0000,334
20010218,0000,334
20010219,0000,333
20010220,0000,327
20010221,0000,331
20010222,0000,331
20010223,0000,332
20010224,0000,331
20010225,0000,332
20010226,0000,331
20010227,0000,330
20010228,0000,331
20010301,0000,330
20010302,0000,329
20010303,0000,329
20010304,0000,331
20010305,0000,329
20010306,0000,329
20010307,0000,330
20010308,0000,331
20010309,0000,333
20010310,0000,331
20010311,0000,330
20010312,0000,330
20010313,0000,332
20010314,0000,331
20010315,0000,330
20010316,0000,330
20010317,0000,332
20010318,0000,332
20010319,0000,332
20010320,0000,337
20010321,0000,330
20010322,0000,329
20010323,0000,329
20010324,0000,330
20010325,0000,331
20010326,0000,330
20010327,0000,330
20010328,0000,330
20010329,0000,332
20010330,0000,327
20010331,0000,337
20010401,0000,327
20010402,0000,278
20010403,0000,278
20010404,0000,280
20010405,0000,278
20010406,0000,281
20010407,0000,281
20010408,0000,280
20010409,0000,277
20010410,0000,275
20010411,0000,280
20010412,0000,281
20010413,0000,281
20010414,0000,281
20010415,0000,287
20010416,0000,282
20010417,0000,279
20010418,0000,288
20010419,0000,277
20010420,0000,277
20010421,0000,284
20010422,0000,281
20010423,0000,283
20010424,0000,283
20010425,0000,282
20010426,0000,283
20010427,0000,280
20010428,0000,277
20010429,0000,285
20010430,0000,m
20010501,0000,m
20010502,0000,344
20010503,0000,360
20010504,0000,378
20010505,0000,387
20010506,0000,386
20010507,0000,385
20010508,0000,386
20010509,0000,388
20010510,0000,m
20010511,0000,m
20010512,0000,419
20010513,0000,423
20010514,0000,m
20010515,0000,433
20010516,0000,440
20010517,0000,435
20010518,0000,437
20010519,0000,435
20010520,0000,431
20010521,0000,451
20010522,0000,463
20010523,0000,461
20010524,0000,457
20010525,0000,m
20010526,0000,466
20010527,0000,458
20010528,0000,465
20010529,0000,461
20010530,0000,457
20010531,0000,457
20010601,0000,370
20010602,0000,362
20010603,0000,360
20010604,0000,361
20010605,0000,362
20010606,0000,365
20010607,0000,363
20010608,0000,361
20010609,0000,365
20010610,0000,360
20010611,0000,368
20010612,0000,376
20010613,0000,374
20010614,0000,373
20010615,0000,377
20010616,0000,376
20010617,0000,373
20010618,0000,388
20010619,0000,389
20010620,0000,393
20010621,0000,392
20010622,0000,390
20010623,0000,393
20010624,0000,393
20010625,0000,392
20010626,0000,386
20010627,0000,393
20010628,0000,389
20010629,0000,389
20010630,0000,m
20010701,0000,m
20010702,0000,m
20010703,0000,341
20010704,0000,322
20010705,0000,336
20010706,0000,330
20010707,0000,329
20010708,0000,331
20010709,0000,333
20010710,0000,327
20010711,0000,323
20010712,0000,326
20010713,0000,328
20010714,0000,334
20010715,0000,330
20010716,0000,339
20010717,0000,328
20010718,0000,318
20010719,0000,312
20010720,0000,316
20010721,0000,311
20010722,0000,313
20010723,0000,308
20010724,0000,302
20010725,0000,297
20010726,0000,299
20010727,0000,297
20010728,0000,296
20010729,0000,306
20010730,0000,298
20010731,0000,294
20010801,0000,293
20010802,0000,298
20010803,0000,283
20010804,0000,282
20010805,0000,278
20010806,0000,m
20010807,0000,m
20010808,0000,272
20010809,0000,266
20010810,0000,271
20010811,0000,272
20010812,0000,273
20010813,0000,259
20010814,0000,260
20010815,0000,251
20010816,0000,244
20010817,0000,251
20010818,0000,256
20010819,0000,261
20010820,0000,255
20010821,0000,254
20010822,0000,m
20010823,0000,257
20010824,0000,257
20010825,0000,m
20010826,0000,m
20010827,0000,235
20010828,0000,235
20010829,0000,m
20010830,0000,217
20010831,0000,m
20010901,0000,m
20010902,0000,m
20010903,0000,250
20010904,0000,250
20010905,0000,364
20010906,0000,240
20010907,0000,246
20010908,0000,242
20010909,0000,240
20010910,0000,246
20010911,0000,234
20010912,0000,228
20010913,0000,218
20010914,0000,214
20010915,0000,203
20010916,0000,202
20010917,0000,200
20010918,0000,m
20010919,0000,199
20010920,0000,204
20010921,0000,231
20010922,0000,198
20010923,0000,207
20010924,0000,207
20010925,0000,205
20010926,0000,194
20010927,0000,191
20010928,0000,184
20010929,0000,209
20010930,0000,236
20011001,0000,242
20011002,0000,254
20011003,0000,269
20011004,0000,267
20011005,0000,264
20011006,0000,251
20011007,0000,256
20011008,0000,257
20011009,0000,249
20011010,0000,239
20011011,0000,234
20011012,0000,232
20011013,0000,229
20011014,0000,226
20011015,0000,233
20011016,0000,233
20011017,0000,237
20011018,0000,225
20011019,0000,224
20011020,0000,223
20011021,0000,228
20011022,0000,226
20011023,0000,227
20011024,0000,221
20011025,0000,226
20011026,0000,224
20011027,0000,225
20011028,0000,226
20011029,0000,230
20011030,0000,226
20011031,0000,223
20011101,0000,m
20011102,0000,225
20011103,0000,226
20011104,0000,227
20011105,0000,228
20011106,0000,231
20011107,0000,231
20011108,0000,226
20011109,0000,228
20011110,0000,222
20011111,0000,223
20011112,0000,220
20011113,0000,234
20011114,0000,228
20011115,0000,224
20011116,0000,233
20011117,0000,m
20011118,0000,m
20011119,0000,m
20011120,0000,m
20011121,0000,m
20011122,0000,m
20011123,0000,m
20011124,0000,m
20011125,0000,m
20011126,0000,m
20011127,0000,231
20011128,0000,223
20011129,0000,m
20011130,0000,228
20011201,0000,230
20011202,0000,227
20011203,0000,227
20011204,0000,231
20011205,0000,225
20011206,0000,225
20011207,0000,225
20011208,0000,226
20011209,0000,226
20011210,0000,225
20011211,0000,225
20011212,0000,231
20011213,0000,228
20011214,0000,229
20011215,0000,223
20011216,0000,227
20011217,0000,226
20011218,0000,227
20011219,0000,228
20011220,0000,225
20011221,0000,223
20011222,0000,225
20011223,0000,226
20011224,0000,224
20011225,0000,224
20011226,0000,226
20011227,0000,225
20011228,0000,226
20011229,0000,225
20011230,0000,226
20011231,0000,225
20020101,0000,225
20020102,0000,224
20020103,0000,226
20020104,0000,227
20020105,0000,226
20020106,0000,228
20020107,0000,231
20020108,0000,223
20020109,0000,224
20020110,0000,225
20020111,0000,225
20020112,0000,225
20020113,0000,224
20020114,0000,223
20020115,0000,227
20020116,0000,m
20020117,0000,225
20020118,0000,229
20020119,0000,227
20020120,0000,227
20020121,0000,225
20020122,0000,226
20020123,0000,223
20020124,0000,228
20020125,0000,225
20020126,0000,235
20020127,0000,222
20020128,0000,228
20020129,0000,226
20020130,0000,m
20020131,0000,226
20020201,0000,225
20020202,0000,224
20020203,0000,222
20020204,0000,224
20020205,0000,223
20020206,0000,225
20020207,0000,216
20020208,0000,228
20020209,0000,228
20020210,0000,228
20020211,0000,225
20020212,0000,227
20020213,0000,226
20020214,0000,227
20020215,0000,226
20020216,0000,223
20020217,0000,226
20020218,0000,224
20020219,0000,224
20020220,0000,227
20020221,0000,227
20020222,0000,227
20020223,0000,225
20020224,0000,224
20020225,0000,232
20020226,0000,229
20020227,0000,227
20020228,0000,230
20020301,0000,226
20020302,0000,224
20020303,0000,223
20020304,0000,224
20020305,0000,226
20020306,0000,224
20020307,0000,224
20020308,0000,227
20020309,0000,225
20020310,0000,225
20020311,0000,224
20020312,0000,226
20020313,0000,225
20020314,0000,224
20020315,0000,226
20020316,0000,228
20020317,0000,232
20020318,0000,222
20020319,0000,229
20020320,0000,327
20020321,0000,331
20020322,0000,333
20020323,0000,332
20020324,0000,280
20020325,0000,228
20020326,0000,228
20020327,0000,226
20020328,0000,227
20020329,0000,227
20020330,0000,223
20020331,0000,223
20020401,0000,254
20020402,0000,283
20020403,0000,329
20020404,0000,319
20020405,0000,304
20020406,0000,304
20020407,0000,301
20020408,0000,300
20020409,0000,m
20020410,0000,301
20020411,0000,302
20020412,0000,313
20020413,0000,320
20020414,0000,320
20020415,0000,321
20020416,0000,319
20020417,0000,323
20020418,0000,337
20020419,0000,341
20020420,0000,335
20020421,0000,342
20020422,0000,341
20020423,0000,m
20020424,0000,343
20020425,0000,359
20020426,0000,353
20020427,0000,353
20020428,0000,351
20020429,0000,355
20020430,0000,403
20020501,0000,405
20020502,0000,405
20020503,0000,403
20020504,0000,m
20020505,0000,m
20020506,0000,409
20020507,0000,405
20020508,0000,422
20020509,0000,437
20020510,0000,459
20020511,0000,473
20020512,0000,472
20020513,0000,470
20020514,0000,460
20020515,0000,450
20020516,0000,456
20020517,0000,453
20020518,0000,459
20020519,0000,453
20020520,0000,449
20020521,0000,433
20020522,0000,436
20020523,0000,m
20020524,0000,440
20020525,0000,436
20020526,0000,436
20020527,0000,436
20020528,0000,450
20020529,0000,444
20020530,0000,459
20020531,0000,468
20020601,0000,468
20020602,0000,470
20020603,0000,462
20020604,0000,470
20020605,0000,474
20020606,0000,475
20020607,0000,467
20020608,0000,469
20020609,0000,m
20020610,0000,m
20020611,0000,m
20020612,0000,m
20020613,0000,m
20020614,0000,m
20020615,0000,m
20020616,0000,m
20020617,0000,m
20020618,0000,m
20020619,0000,501
20020620,0000,509
20020621,0000,516
20020622,0000,521
20020623,0000,518
20020624,0000,508
20020625,0000,503
20020626,0000,505
20020627,0000,508
20020628,0000,504
20020629,0000,501
20020630,0000,503
20020701,0000,409
20020702,0000,356
20020703,0000,354
20020704,0000,359
20020705,0000,340
20020706,0000,340
20020707,0000,336
20020708,0000,336
20020709,0000,327
20020710,0000,318
20020711,0000,322
20020712,0000,m
20020713,0000,m
20020714,0000,m
20020715,0000,326
20020716,0000,318
20020717,0000,315
20020718,0000,m
20020719,0000,336
20020720,0000,335
20020721,0000,m
20020722,0000,325
20020723,0000,327
20020724,0000,321
20020725,0000,321
20020726,0000,319
20020727,0000,324
20020728,0000,317
20020729,0000,324
20020730,0000,m
20020731,0000,308
20020801,0000,307
20020802,0000,309
20020803,0000,312
20020804,0000,m
20020805,0000,312
20020806,0000,296
20020807,0000,300
20020808,0000,292
20020809,0000,291
20020810,0000,299
20020811,0000,291
20020812,0000,278
20020813,0000,276
20020814,0000,284
20020815,0000,293
20020816,0000,292
20020817,0000,284
20020818,0000,290
20020819,0000,281
20020820,0000,276
20020821,0000,278
20020822,0000,268
20020823,0000,271
20020824,0000,267
20020825,0000,265
20020826,0000,266
20020827,0000,269
20020828,0000,266
20020829,0000,268
20020830,0000,256
20020831,0000,255
20020901,0000,250
20020902,0000,254
20020903,0000,251
20020904,0000,249
20020905,0000,246
20020906,0000,242
20020907,0000,238
20020908,0000,237
20020909,0000,233
20020910,0000,241
20020911,0000,243
20020912,0000,240
20020913,0000,237
20020914,0000,234
20020915,0000,241
20020916,0000,231
20020917,0000,242
20020918,0000,237
20020919,0000,242
20020920,0000,239
20020921,0000,235
20020922,0000,245
20020923,0000,243
20020924,0000,246
20020925,0000,371
20020926,0000,257
20020927,0000,268
20020928,0000,251
20020929,0000,272
20020930,0000,361
20021001,0000,361
20021002,0000,348
20021003,0000,337
20021004,0000,324
20021005,0000,309
20021006,0000,316
20021007,0000,309
20021008,0000,288
20021009,0000,285
20021010,0000,277
20021011,0000,281
20021012,0000,273
20021013,0000,279
20021014,0000,287
20021015,0000,282
20021016,0000,280
20021017,0000,270
20021018,0000,261
20021019,0000,260
20021020,0000,264
20021021,0000,267
20021022,0000,257
20021023,0000,257
20021024,0000,0
20021025,0000,0
20021026,0000,0
20021027,0000,0
20021028,0000,0
20021029,0000,0
20021030,0000,0
20021031,0000,0
20021101,0000,0
20021102,0000,0
20021103,0000,0
20021104,0000,0
20021105,0000,0
20021106,0000,0
20021107,0000,0
20021108,0000,0
20021109,0000,0
20021110,0000,0
20021111,0000,0
20021112,0000,0
20021113,0000,0
20021114,0000,0
20021115,0000,0
20021116,0000,0
20021117,0000,0
20021118,0000,0
20021119,0000,0
20021120,0000,0
20021121,0000,0
20021122,0000,0
20021123,0000,0
20021124,0000,0
20021125,0000,0
20021126,0000,0
20021127,0000,0
20021128,0000,0
20021129,0000,0
20021130,0000,0
20021201,0000,0
20021202,0000,0
20021203,0000,0
20021204,0000,0
20021205,0000,0
20021206,0000,0
20021207,0000,0
20021208,0000,0
20021209,0000,0
20021210,0000,0
20021211,0000,0
20021212,0000,0
20021213,0000,0
20021214,0000,0
20021215,0000,0
20021216,0000,0
20021217,0000,0
20021218,0000,0
20021219,0000,0
20021220,0000,0
20021221,0000,0
20021222,0000,0
20021223,0000,0
20021224,0000,0
20021225,0000,0
20021226,0000,0
20021227,0000,0
20021228,0000,0
20021229,0000,0
20021230,0000,0
20021231,0000,0
20030101,0000,0
20030102,0000,0
20030103,0000,0
20030104,0000,0
20030105,0000,0
20030106,0000,0
20030107,0000,0
20030108,0000,0
20030109,0000,0
20030110,0000,0
20030111,0000,0
20030112,0000,0
20030113,0000,0
20030114,0000,253
20030115,0000,253
20030116,0000,253
20030117,0000,253
20030118,0000,252
20030119,0000,250
20030120,0000,249
20030121,0000,250
20030122,0000,251
20030123,0000,249
20030124,0000,250
20030125,0000,m
20030126,0000,m
20030127,0000,250
20030128,0000,m
20030129,0000,m
20030130,0000,m
20030131,0000,m
20030201,0000,m
20030202,0000,m
20030203,0000,m
20030204,0000,m
20030205,0000,m
20030206,0000,m
20030207,0000,m
20030208,0000,m
20030209,0000,m
20030210,0000,m
20030211,0000,m
20030212,0000,m
20030213,0000,m
20030214,0000,m
20030215,0000,m
20030216,0000,m
20030217,0000,m
20030218,0000,m
20030219,0000,m
20030220,0000,m
20030221,0000,m
20030222,0000,m
20030223,0000,m
20030224,0000,m
20030225,0000,257
20030226,0000,254
20030227,0000,256
20030228,0000,256
20030301,0000,255
20030302,0000,255
20030303,0000,256
20030304,0000,255
20030305,0000,m
20030306,0000,248
20030307,0000,250
20030308,0000,247
20030309,0000,248
20030310,0000,248
20030311,0000,248
20030312,0000,248
20030313,0000,248
20030314,0000,249
20030315,0000,248
20030316,0000,247
20030317,0000,281
20030318,0000,354
20030319,0000,352
20030320,0000,351
20030321,0000,351
20030322,0000,351
20030323,0000,314
20030324,0000,312
20030325,0000,268
20030326,0000,267
20030327,0000,266
20030328,0000,266
20030329,0000,267
20030330,0000,299
20030331,0000,301
20030401,0000,299
20030402,0000,300
20030403,0000,300
20030404,0000,299
20030405,0000,301
20030406,0000,301
20030407,0000,301
20030408,0000,300
20030409,0000,300
20030410,0000,300
20030411,0000,301
20030412,0000,300
20030413,0000,301
20030414,0000,302
20030415,0000,302
20030416,0000,300
20030417,0000,300
20030418,0000,300
20030419,0000,299
20030420,0000,299
20030421,0000,300
20030422,0000,301
20030423,0000,301
20030424,0000,303
20030425,0000,303
20030426,0000,304
20030427,0000,301
20030428,0000,301
20030429,0000,300
20030430,0000,300
20030501,0000,301
20030502,0000,302
20030503,0000,301
20030504,0000,305
20030505,0000,300
20030506,0000,302
20030507,0000,302
20030508,0000,302
20030509,0000,304
20030510,0000,301
20030511,0000,301
20030512,0000,300
20030513,0000,303
20030514,0000,329
20030515,0000,351
20030516,0000,339
20030517,0000,367
20030518,0000,367
20030519,0000,390
20030520,0000,400
20030521,0000,425
20030522,0000,441
20030523,0000,441
20030524,0000,441
20030525,0000,441
20030526,0000,440
20030527,0000,620
20030528,0000,1023
20030529,0000,1419
20030530,0000,2002
20030531,0000,1798
20030601,0000,1599
20030602,0000,1452
20030603,0000,1251
20030604,0000,1053
20030605,0000,849
20030606,0000,649
20030607,0000,599
20030608,0000,602
20030609,0000,553
20030610,0000,501
20030611,0000,502
20030612,0000,505
20030613,0000,848
20030614,0000,1314
20030615,0000,1306
20030616,0000,1307
20030617,0000,1307
20030618,0000,1308
20030619,0000,1310
20030620,0000,1305
20030621,0000,1304
20030622,0000,1308
20030623,0000,1310
20030624,0000,1307
20030625,0000,1305
20030626,0000,1305
20030627,0000,1301
20030628,0000,1299
20030629,0000,1297
20030630,0000,1297
20030701,0000,1321
20030702,0000,1324
20030703,0000,1319
20030704,0000,1316
20030705,0000,1314
20030706,0000,1315
20030707,0000,1318
20030708,0000,1232
20030709,0000,1127
20030710,0000,1022
20030711,0000,903
20030712,0000,801
20030713,0000,800
20030714,0000,800
20030715,0000,800
20030716,0000,800
20030717,0000,800
20030718,0000,800
20030719,0000,775
20030720,0000,676
20030721,0000,570
20030722,0000,475
20030723,0000,452
20030724,0000,450
20030725,0000,488
20030726,0000,689
20030727,0000,797
20030728,0000,799
20030729,0000,800
20030730,0000,801
20030731,0000,800
20030801,0000,800
20030802,0000,800
20030803,0000,802
20030804,0000,804
20030805,0000,803
20030806,0000,801
20030807,0000,798
20030808,0000,802
20030809,0000,801
20030810,0000,801
20030811,0000,801
20030812,0000,799
20030813,0000,798
20030814,0000,797
20030815,0000,798
20030816,0000,799
20030817,0000,800
20030818,0000,725
20030819,0000,627
20030820,0000,525
20030821,0000,522
20030822,0000,404
20030823,0000,405
20030824,0000,403
20030825,0000,401
20030826,0000,400
20030827,0000,401
20030828,0000,402
20030829,0000,402
20030830,0000,402
20030831,0000,401
20030901,0000,400
20030902,0000,402
20030903,0000,401
20030904,0000,399
20030905,0000,399
20030906,0000,401
20030907,0000,400
20030908,0000,398
20030909,0000,400
20030910,0000,400
20030911,0000,400
20030912,0000,404
20030913,0000,401
20030914,0000,401
20030915,0000,353
20030916,0000,352
20030917,0000,351
20030918,0000,348
20030919,0000,327
20030920,0000,331
20030921,0000,329
20030922,0000,330
20030923,0000,331
20030924,0000,332
20030925,0000,331
20030926,0000,328
20030927,0000,331
20030928,0000,332
20030929,0000,333
20030930,0000,340
20031001,0000,341
20031002,0000,341
20031003,0000,340
20031004,0000,340
20031005,0000,340
20031006,0000,339
20031007,0000,340
20031008,0000,341
20031009,0000,341
20031010,0000,340
20031011,0000,340
20031012,0000,341
20031013,0000,341
20031014,0000,342
20031015,0000,341
20031016,0000,341
20031017,0000,339
20031018,0000,342
20031019,0000,m
20031020,0000,339
20031021,0000,340
20031022,0000,340
20031023,0000,340
20031024,0000,341
20031025,0000,341
20031026,0000,341
20031027,0000,341
20031028,0000,340
20031029,0000,339
20031030,0000,339
20031031,0000,340
20031101,0000,339
20031102,0000,341
20031103,0000,341
20031104,0000,341
20031105,0000,338
20031106,0000,330
20031107,0000,329
20031108,0000,329
20031109,0000,330
20031110,0000,331
20031111,0000,331
20031112,0000,328
20031113,0000,331
20031114,0000,327
20031115,0000,326
20031116,0000,325
20031117,0000,329
20031118,0000,328
20031119,0000,329
20031120,0000,327
20031121,0000,331
20031122,0000,332
20031123,0000,331
20031124,0000,332
20031125,0000,332
20031126,0000,329
20031127,0000,330
20031128,0000,331
20031129,0000,330
20031130,0000,330
20031201,0000,330
20031202,0000,330
20031203,0000,330
20031204,0000,330
20031205,0000,330
20031206,0000,329
20031207,0000,330
20031208,0000,331
20031209,0000,330
20031210,0000,330
20031211,0000,330
20031212,0000,329
20031213,0000,332
20031214,0000,329
20031215,0000,330
20031216,0000,329
20031217,0000,330
20031218,0000,327
20031219,0000,330
20031220,0000,331
20031221,0000,330
20031222,0000,329
20031223,0000,331
20031224,0000,328
20031225,0000,331
20031226,0000,328
20031227,0000,330
20031228,0000,329
20031229,0000,330
20031230,0000,330
20031231,0000,329
20040101,0000,336
20040102,0000,331
20040103,0000,331
20040104,0000,331
20040105,0000,332
20040106,0000,331
20040107,0000,331
20040108,0000,330
20040109,0000,331
20040110,0000,332
20040111,0000,333
20040112,0000,332
20040113,0000,334
20040114,0000,332
20040115,0000,331
20040116,0000,329
20040117,0000,329
20040118,0000,330
20040119,0000,330
20040120,0000,330
20040121,0000,331
20040122,0000,330
20040123,0000,332
20040124,0000,333
20040125,0000,332
20040126,0000,331
20040127,0000,331
20040128,0000,331
20040129,0000,332
20040130,0000,331
20040131,0000,331
20040201,0000,332
20040202,0000,332
20040203,0000,329
20040204,0000,330
20040205,0000,327
20040206,0000,325
20040207,0000,325
20040208,0000,328
20040209,0000,327
20040210,0000,m
20040211,0000,331
20040212,0000,334
20040213,0000,335
20040214,0000,335
20040215,0000,334
20040216,0000,332
20040217,0000,332
20040218,0000,332
20040219,0000,332
20040220,0000,331
20040221,0000,332
20040222,0000,333
20040223,0000,330
20040224,0000,330
20040225,0000,330
20040226,0000,331
20040227,0000,331
20040228,0000,331
20040229,0000,331
20040301,0000,330
20040302,0000,330
20040303,0000,331
20040304,0000,331
20040305,0000,332
20040306,0000,332
20040307,0000,333
20040308,0000,331
20040309,0000,332
20040310,0000,333
20040311,0000,331
20040312,0000,330
20040313,0000,331
20040314,0000,332
20040315,0000,330
20040316,0000,331
20040317,0000,332
20040318,0000,331
20040319,0000,335
20040320,0000,333
20040321,0000,334
20040322,0000,331
20040323,0000,332
20040324,0000,332
20040325,0000,331
20040326,0000,331
20040327,0000,331
20040328,0000,330
20040329,0000,332
20040330,0000,332
20040331,0000,330
20040401,0000,331
20040402,0000,331
20040403,0000,330
20040404,0000,332
20040405,0000,330
20040406,0000,330
20040407,0000,331
20040408,0000,331
20040409,0000,332
20040410,0000,332
20040411,0000,331
20040412,0000,341
20040413,0000,457
20040414,0000,456
20040415,0000,505
20040416,0000,506
20040417,0000,507
20040418,0000,507
20040419,0000,481
20040420,0000,481
20040421,0000,481
20040422,0000,481
20040423,0000,483
20040424,0000,481
20040425,0000,480
20040426,0000,498
20040427,0000,518
20040428,0000,518
20040429,0000,515
20040430,0000,691
20040501,0000,697
20040502,0000,832
20040503,0000,953
20040504,0000,1051
20040505,0000,1350
20040506,0000,1250
20040507,0000,1152
20040508,0000,1051
20040509,0000,949
20040510,0000,852
20040511,0000,750
20040512,0000,681
20040513,0000,650
20040514,0000,649
20040515,0000,651
20040516,0000,625
20040517,0000,625
20040518,0000,625
20040519,0000,626
20040520,0000,616
20040521,0000,607
20040522,0000,604
20040523,0000,605
20040524,0000,611
20040525,0000,605
20040526,0000,606
20040527,0000,607
20040528,0000,631
20040529,0000,630
20040530,0000,631
20040531,0000,629
20040601,0000,555
20040602,0000,506
20040603,0000,503
20040604,0000,501
20040605,0000,507
20040606,0000,505
20040607,0000,506
20040608,0000,496
20040609,0000,489
20040610,0000,490
20040611,0000,483
20040612,0000,480
20040613,0000,481
20040614,0000,481
20040615,0000,489
20040616,0000,511
20040617,0000,519
20040618,0000,m
20040619,0000,516
20040620,0000,514
20040621,0000,509
20040622,0000,504
20040623,0000,504
20040624,0000,506
20040625,0000,504
20040626,0000,505
20040627,0000,507
20040628,0000,506
20040629,0000,506
20040630,0000,506
20040701,0000,434
20040702,0000,355
20040703,0000,353
20040704,0000,356
20040705,0000,355
20040706,0000,345
20040707,0000,337
20040708,0000,336
20040709,0000,336
20040710,0000,335
20040711,0000,335
20040712,0000,335
20040713,0000,336
20040714,0000,351
20040715,0000,334
20040716,0000,335
20040717,0000,335
20040718,0000,335
20040719,0000,335
20040720,0000,335
20040721,0000,344
20040722,0000,352
20040723,0000,351
20040724,0000,351
20040725,0000,351
20040726,0000,350
20040727,0000,350
20040728,0000,352
20040729,0000,365
20040730,0000,366
20040731,0000,364
20040801,0000,371
20040802,0000,356
20040803,0000,357
20040804,0000,353
20040805,0000,335
20040806,0000,335
20040807,0000,335
20040808,0000,335
20040809,0000,336
20040810,0000,337
20040811,0000,335
20040812,0000,335
20040813,0000,335
20040814,0000,334
20040815,0000,335
20040816,0000,335
20040817,0000,336
20040818,0000,334
20040819,0000,324
20040820,0000,327
20040821,0000,325
20040822,0000,325
20040823,0000,326
20040824,0000,325
20040825,0000,325
20040826,0000,330
20040827,0000,326
20040828,0000,324
20040829,0000,324
20040830,0000,326
20040831,0000,319
20040901,0000,312
20040902,0000,310
20040903,0000,310
20040904,0000,310
20040905,0000,299
20040906,0000,301
20040907,0000,291
20040908,0000,282
20040909,0000,281
20040910,0000,280
20040911,0000,280
20040912,0000,280
20040913,0000,280
20040914,0000,273
20040915,0000,270
20040916,0000,270
20040917,0000,256
20040918,0000,256
20040919,0000,256
20040920,0000,245
20040921,0000,244
20040922,0000,220
20040923,0000,221
20040924,0000,221
20040925,0000,222
20040926,0000,220
20040927,0000,218
20040928,0000,268
20040929,0000,221
20040930,0000,276
20041001,0000,277
20041002,0000,275
20041003,0000,275
20041004,0000,276
20041005,0000,276
20041006,0000,260
20041007,0000,274
20041008,0000,274
20041009,0000,275
20041010,0000,276
20041011,0000,276
20041012,0000,276
20041013,0000,276
20041014,0000,276
20041015,0000,265
20041016,0000,264
20041017,0000,265
20041018,0000,265
20041019,0000,264
20041020,0000,264
20041021,0000,254
20041022,0000,254
20041023,0000,255
20041024,0000,255
20041025,0000,255
20041026,0000,256
20041027,0000,256
20041028,0000,255
20041029,0000,255
20041030,0000,255
20041031,0000,255
20041101,0000,255
20041102,0000,256
20041103,0000,256
20041104,0000,255
20041105,0000,255
20041106,0000,256
20041107,0000,255
20041108,0000,255
20041109,0000,256
20041110,0000,258
20041111,0000,257
20041112,0000,257
20041113,0000,255
20041114,0000,255
20041115,0000,255
20041116,0000,256
20041117,0000,256
20041118,0000,256
20041119,0000,256
20041120,0000,255
20041121,0000,255
20041122,0000,255
20041123,0000,255
20041124,0000,256
20041125,0000,255
20041126,0000,255
20041127,0000,255
20041128,0000,256
20041129,0000,257
20041130,0000,255
20041201,0000,255
20041202,0000,256
20041203,0000,256
20041204,0000,256
20041205,0000,256
20041206,0000,256
20041207,0000,256
20041208,0000,256
20041209,0000,257
20041210,0000,258
20041211,0000,258
20041212,0000,258
20041213,0000,257
20041214,0000,257
20041215,0000,257
20041216,0000,257
20041217,0000,256
20041218,0000,255
20041219,0000,255
20041220,0000,254
20041221,0000,254
20041222,0000,255
20041223,0000,255
20041224,0000,254
20041225,0000,254
20041226,0000,255
20041227,0000,255
20041228,0000,257
20041229,0000,256
20041230,0000,255
20041231,0000,255
20050101,0000,255
20050102,0000,255
20050103,0000,257
20050104,0000,255
20050105,0000,254
20050106,0000,256
20050107,0000,255
20050108,0000,256
20050109,0000,254
20050110,0000,255
20050111,0000,255
20050112,0000,256
20050113,0000,256
20050114,0000,256
20050115,0000,255
20050116,0000,254
20050117,0000,254
20050118,0000,255
20050119,0000,255
20050120,0000,255
20050121,0000,260
20050122,0000,255
20050123,0000,255
20050124,0000,256
20050125,0000,256
20050126,0000,255
20050127,0000,256
20050128,0000,394
20050129,0000,404
20050130,0000,404
20050131,0000,403
20050201,0000,403
20050202,0000,401
20050203,0000,403
20050204,0000,402
20050205,0000,402
20050206,0000,402
20050207,0000,400
20050208,0000,399
20050209,0000,400
20050210,0000,401
20050211,0000,402
20050212,0000,402
20050213,0000,402
20050214,0000,546
20050215,0000,801
20050216,0000,801
20050217,0000,801
20050218,0000,858
20050219,0000,900
20050220,0000,903
20050221,0000,903
20050222,0000,902
20050223,0000,904
20050224,0000,899
20050225,0000,900
20050226,0000,901
20050227,0000,901
20050228,0000,902
20050301,0000,899
20050302,0000,899
20050303,0000,899
20050304,0000,935
20050305,0000,1001
20050306,0000,1002
20050307,0000,1063
20050308,0000,1145
20050309,0000,1201
20050310,0000,1203
20050311,0000,1200
20050312,0000,1202
20050313,0000,1200
20050314,0000,1200
20050315,0000,1202
20050316,0000,1204
20050317,0000,1241
20050318,0000,1330
20050319,0000,1349
20050320,0000,1350
20050321,0000,1350
20050322,0000,1341
20050323,0000,1354
20050324,0000,1356
20050325,0000,1352
20050326,0000,1351
20050327,0000,1351
20050328,0000,1350
20050329,0000,1351
20050330,0000,1351
20050331,0000,1353
20050401,0000,1350
20050402,0000,1349
20050403,0000,1352
20050404,0000,1350
20050405,0000,1351
20050406,0000,1350
20050407,0000,1351
20050408,0000,1360
20050409,0000,1349
20050410,0000,1349
20050411,0000,1348
20050412,0000,1351
20050413,0000,1642
20050414,0000,1801
20050415,0000,1801
20050416,0000,1801
20050417,0000,1800
20050418,0000,1800
20050419,0000,1801
20050420,0000,1799
20050421,0000,1801
20050422,0000,1800
20050423,0000,1801
20050424,0000,1801
20050425,0000,1802
20050426,0000,1800
20050427,0000,1799
20050428,0000,1800
20050429,0000,1800
20050430,0000,1797
20050501,0000,1798
20050502,0000,1800
20050503,0000,1801
20050504,0000,1801
20050505,0000,1802
20050506,0000,1801
20050507,0000,1801
20050508,0000,1802
20050509,0000,1853
20050510,0000,1800
20050511,0000,1802
20050512,0000,1798
20050513,0000,1801
20050514,0000,1802
20050515,0000,1799
20050516,0000,1801
20050517,0000,1884
20050518,0000,2000
20050519,0000,2143
20050520,0000,2501
20050521,0000,2501
20050522,0000,2494
20050523,0000,2497
20050524,0000,2500
20050525,0000,2502
20050526,0000,2503
20050527,0000,2502
20050528,0000,2501
20050529,0000,2362
20050530,0000,2238
20050531,0000,2501
20050601,0000,2503
20050602,0000,2502
20050603,0000,2501
20050604,0000,2500
20050605,0000,2500
20050606,0000,2501
20050607,0000,2500
20050608,0000,2499
20050609,0000,2498
20050610,0000,2500
20050611,0000,2500
20050612,0000,2501
20050613,0000,2503
20050614,0000,2441
20050615,0000,2192
20050616,0000,1951
20050617,0000,1900
20050618,0000,1900
20050619,0000,1903
20050620,0000,1902
20050621,0000,1901
20050622,0000,1798
20050623,0000,1599
20050624,0000,1502
20050625,0000,1498
20050626,0000,1501
20050627,0000,1500
20050628,0000,1396
20050629,0000,1289
20050630,0000,1266
20050701,0000,1254
20050702,0000,1251
20050703,0000,1252
20050704,0000,1252
20050705,0000,1252
20050706,0000,1251
20050707,0000,1252
20050708,0000,1252
20050709,0000,1251
20050710,0000,1251
20050711,0000,1248
20050712,0000,1251
20050713,0000,1259
20050714,0000,1257
20050715,0000,1248
20050716,0000,1252
20050717,0000,1253
20050718,0000,1252
20050719,0000,1251
20050720,0000,1249
20050721,0000,1250
20050722,0000,1247
20050723,0000,1260
20050724,0000,1259
20050725,0000,1258
20050726,0000,1258
20050727,0000,1257
20050728,0000,1254
20050729,0000,1258
20050730,0000,1260
20050731,0000,1259
20050801,0000,1256
20050802,0000,1256
20050803,0000,1255
20050804,0000,1255
20050805,0000,1257
20050806,0000,1260
20050807,0000,1258
20050808,0000,1257
20050809,0000,1256
20050810,0000,1285
20050811,0000,1302
20050812,0000,1299
20050813,0000,1298
20050814,0000,1297
20050815,0000,1299
20050816,0000,1299
20050817,0000,1298
20050818,0000,1145
20050819,0000,954
20050820,0000,753
20050821,0000,549
20050822,0000,399
20050823,0000,399
20050824,0000,400
20050825,0000,400
20050826,0000,403
20050827,0000,403
20050828,0000,402
20050829,0000,403
20050830,0000,402
20050831,0000,401
20050901,0000,400
20050902,0000,400
20050903,0000,401
20050904,0000,400
20050905,0000,400
20050906,0000,434
20050907,0000,833
20050908,0000,m
20050909,0000,1502
20050910,0000,1500
20050911,0000,1499
20050912,0000,1499
20050913,0000,1489
20050914,0000,1346
20050915,0000,1304
20050916,0000,1303
20050917,0000,1299
20050918,0000,1137
20050919,0000,938
20050920,0000,743
20050921,0000,535
20050922,0000,379
20050923,0000,352
20050924,0000,352
20050925,0000,350
20050926,0000,351
20050927,0000,351
20050928,0000,350
20050929,0000,349
20050930,0000,350
20051001,0000,351
20051002,0000,350
20051003,0000,349
20051004,0000,331
20051005,0000,330
20051006,0000,329
20051007,0000,331
20051008,0000,331
20051009,0000,331
20051010,0000,334
20051011,0000,332
20051012,0000,334
20051013,0000,334
20051014,0000,332
20051015,0000,331
20051016,0000,331
20051017,0000,331
20051018,0000,331
20051019,0000,331
20051020,0000,331
20051021,0000,331
20051022,0000,331
20051023,0000,331
20051024,0000,330
20051025,0000,332
20051026,0000,332
20051027,0000,332
20051028,0000,331
20051029,0000,331
20051030,0000,330
20051031,0000,330
20051101,0000,329
20051102,0000,330
20051103,0000,330
20051104,0000,330
20051105,0000,329
20051106,0000,329
20051107,0000,329
20051108,0000,330
20051109,0000,329
20051110,0000,330
20051111,0000,329
20051112,0000,329
20051113,0000,329
20051114,0000,330
20051115,0000,330
20051116,0000,331
20051117,0000,333
20051118,0000,329
20051119,0000,329
20051120,0000,329
20051121,0000,331
20051122,0000,330
20051123,0000,332
20051124,0000,331
20051125,0000,331
20051126,0000,330
20051127,0000,330
20051128,0000,331
20051129,0000,332
20051130,0000,333
20051201,0000,334
20051202,0000,333
20051203,0000,331
20051204,0000,329
20051205,0000,330
20051206,0000,330
20051207,0000,330
20051208,0000,331
20051209,0000,329
20051210,0000,330
20051211,0000,330
20051212,0000,332
20051213,0000,331
20051214,0000,331
20051215,0000,331
20051216,0000,331
20051217,0000,331
20051218,0000,331
20051219,0000,332
20051220,0000,410
20051221,0000,451
20051222,0000,451
20051223,0000,574
20051224,0000,652
20051225,0000,653
20051226,0000,653
20051227,0000,651
20051228,0000,651
20051229,0000,653
20051230,0000,651
20051231,0000,655
20060101,0000,654
20060102,0000,662
20060103,0000,897
20060104,0000,1422
20060105,0000,3355
20060106,0000,3501
20060107,0000,3501
20060108,0000,3499
20060109,0000,3502
20060110,0000,3498
20060111,0000,3501
20060112,0000,3499
20060113,0000,3499
20060114,0000,3496
20060115,0000,3494
20060116,0000,3498
20060117,0000,3498
20060118,0000,3451
20060119,0000,3501
20060120,0000,3499
20060121,0000,3500
20060122,0000,3499
20060123,0000,3498
20060124,0000,3497
20060125,0000,3298
20060126,0000,3032
20060127,0000,2998
20060128,0000,2999
20060129,0000,2998
20060130,0000,2788
20060131,0000,2385
20060201,0000,1982
20060202,0000,1590
20060203,0000,1407
20060204,0000,1404
20060205,0000,1406
20060206,0000,1406
20060207,0000,1404
20060208,0000,1404
20060209,0000,1410
20060210,0000,1409
20060211,0000,1409
20060212,0000,1410
20060213,0000,1409
20060214,0000,1410
20060215,0000,1410
20060216,0000,1409
20060217,0000,1403
20060218,0000,1402
20060219,0000,1392
20060220,0000,1397
20060221,0000,1289
20060222,0000,1093
20060223,0000,893
20060224,0000,741
20060225,0000,702
20060226,0000,702
20060227,0000,589
20060228,0000,487
20060301,0000,490
20060302,0000,495
20060303,0000,492
20060304,0000,491
20060305,0000,491
20060306,0000,714
20060307,0000,902
20060308,0000,900
20060309,0000,899
20060310,0000,898
20060311,0000,899
20060312,0000,901
20060313,0000,901
20060314,0000,905
20060315,0000,905
20060316,0000,901
20060317,0000,902
20060318,0000,901
20060319,0000,900
20060320,0000,901
20060321,0000,898
20060322,0000,898
20060323,0000,899
20060324,0000,899
20060325,0000,897
20060326,0000,898
20060327,0000,904
20060328,0000,905
20060329,0000,905
20060330,0000,1133
20060331,0000,1387
20060401,0000,1388
20060402,0000,1389
20060403,0000,1389
20060404,0000,2716
20060405,0000,4007
20060406,0000,4343
20060407,0000,4827
20060408,0000,4827
20060409,0000,4997
20060410,0000,4998
20060411,0000,4998
20060412,0000,4998
20060413,0000,4998
20060414,0000,4999
20060415,0000,4997
20060416,0000,4996
20060417,0000,4998
20060418,0000,4998
20060419,0000,4997
20060420,0000,4997
20060421,0000,4997
20060422,0000,4996
20060423,0000,4998
20060424,0000,4992
20060425,0000,4994
20060426,0000,4991
20060427,0000,4841
20060428,0000,4585
20060429,0000,4505
20060430,0000,4503
20060501,0000,4503
20060502,0000,4502
20060503,0000,4483
20060504,0000,4502
20060505,0000,4503
20060506,0000,4502
20060507,0000,4501
20060508,0000,4484
20060509,0000,4345
20060510,0000,4040
20060511,0000,3994
20060512,0000,3990
20060513,0000,3996
20060514,0000,3998
20060515,0000,4003
20060516,0000,3897
20060517,0000,3698
20060518,0000,3495
20060519,0000,3400
20060520,0000,3402
20060521,0000,3403
20060522,0000,3404
20060523,0000,3407
20060524,0000,3617
20060525,0000,3936
20060526,0000,3895
20060527,0000,3800
20060528,0000,3801
20060529,0000,3801
20060530,0000,3491
20060531,0000,3292
20060601,0000,3101
20060602,0000,2895
20060603,0000,2693
20060604,0000,2491
20060605,0000,2396
20060606,0000,2399
20060607,0000,2399
20060608,0000,2399
20060609,0000,2621
20060610,0000,2809
20060611,0000,2805
20060612,0000,2803
20060613,0000,2803
20060614,0000,2802
20060615,0000,2802
20060616,0000,2683
20060617,0000,2608
20060618,0000,2606
20060619,0000,2529
20060620,0000,2342
20060621,0000,2250
20060622,0000,2173
20060623,0000,1985
20060624,0000,1890
20060625,0000,1900
20060626,0000,1899
20060627,0000,1793
20060628,0000,1700
20060629,0000,1589
20060630,0000,1391
20060701,0000,1300
20060702,0000,1299
20060703,0000,1273
20060704,0000,1260
20060705,0000,1257
20060706,0000,1257
20060707,0000,1254
20060708,0000,1253
20060709,0000,1256
20060710,0000,1259
20060711,0000,1259
20060712,0000,1258
20060713,0000,1258
20060714,0000,1257
20060715,0000,1259
20060716,0000,1258
20060717,0000,1260
20060718,0000,1261
20060719,0000,1263
20060720,0000,1262
20060721,0000,1258
20060722,0000,1261
20060723,0000,1263
20060724,0000,1235
20060725,0000,1267
20060726,0000,1260
20060727,0000,1257
20060728,0000,1266
20060729,0000,1264
20060730,0000,1262
20060731,0000,1262
20060801,0000,1261
20060802,0000,1261
20060803,0000,1261
20060804,0000,1260
20060805,0000,1259
20060806,0000,1257
20060807,0000,1150
20060808,0000,956
20060809,0000,756
20060810,0000,556
20060811,0000,421
20060812,0000,406
20060813,0000,407
20060814,0000,405
20060815,0000,405
20060816,0000,406
20060817,0000,402
20060818,0000,401
20060819,0000,401
20060820,0000,401
20060821,0000,399
20060822,0000,400
20060823,0000,404
20060824,0000,407
20060825,0000,406
20060826,0000,408
20060827,0000,404
20060828,0000,323
20060829,0000,400
20060830,0000,401
20060831,0000,400
20060901,0000,402
20060902,0000,402
20060903,0000,401
20060904,0000,401
20060905,0000,401
20060906,0000,404
20060907,0000,400
20060908,0000,403
20060909,0000,403
20060910,0000,403
20060911,0000,403
20060912,0000,403
20060913,0000,403
20060914,0000,404
20060915,0000,404
20060916,0000,404
20060917,0000,404
20060918,0000,405
20060919,0000,404
20060920,0000,623
20060921,0000,1021
20060922,0000,1203
20060923,0000,1210
20060924,0000,1204
20060925,0000,1437
20060926,0000,1601
20060927,0000,1601
20060928,0000,m
20060929,0000,1207
20060930,0000,1205
20061001,0000,1203
20061002,0000,1094
20061003,0000,895
20061004,0000,694
20061005,0000,495
20061006,0000,382
20061007,0000,381
20061008,0000,381
20061009,0000,381
20061010,0000,381
20061011,0000,362
20061012,0000,368
20061013,0000,363
20061014,0000,363
20061015,0000,362
20061016,0000,363
20061017,0000,353
20061018,0000,341
20061019,0000,341
20061020,0000,340
20061021,0000,340
20061022,0000,340
20061023,0000,340
20061024,0000,340
20061025,0000,340
20061026,0000,340
20061027,0000,341
20061028,0000,341
20061029,0000,341
20061030,0000,341
20061031,0000,341
20061101,0000,341
20061102,0000,340
20061103,0000,340
20061104,0000,340
20061105,0000,340
20061106,0000,340
20061107,0000,340
20061108,0000,340
20061109,0000,341
20061110,0000,340
20061111,0000,341
20061112,0000,341
20061113,0000,340
20061114,0000,340
20061115,0000,341
20061116,0000,342
20061117,0000,342
20061118,0000,342
20061119,0000,342
20061120,0000,343
20061121,0000,342
20061122,0000,342
20061123,0000,342
20061124,0000,343
20061125,0000,342
20061126,0000,342
20061127,0000,343
20061128,0000,343
20061129,0000,343
20061130,0000,341
20061201,0000,342
20061202,0000,342
20061203,0000,342
20061204,0000,342
20061205,0000,342
20061206,0000,342
20061207,0000,342
20061208,0000,342
20061209,0000,342
20061210,0000,342
20061211,0000,342
20061212,0000,342
20061213,0000,342
20061214,0000,346
20061215,0000,339
20061216,0000,340
20061217,0000,340
20061218,0000,340
20061219,0000,341
20061220,0000,341
20061221,0000,343
20061222,0000,341
20061223,0000,341
20061224,0000,341
20061225,0000,341
20061226,0000,340
20061227,0000,341
20061228,0000,341
20061229,0000,342
20061230,0000,341
20061231,0000,341
20070101,0000,341
20070102,0000,340
20070103,0000,340
20070104,0000,340
20070105,0000,339
20070106,0000,339
20070107,0000,339
20070108,0000,340
20070109,0000,341
20070110,0000,339
20070111,0000,m

