Title: "CMN.csv"

4718,PST,'RESERVOIR STORAGE (af)'
19641001,0000,38320
19641101,0000,49700
19641201,0000,224370
19650101,0000,263120
19650201,0000,285350
19650301,0000,308040
19650401,0000,303560
19650501,0000,273390
19650601,0000,292940
19650701,0000,287080
19650801,0000,284980
19650901,0000,280680
19651001,0000,191890
19651101,0000,133350
19651201,0000,132550
19660101,0000,130570
19660201,0000,127740
19660301,0000,118940
19660401,0000,131480
19660501,0000,107450
19660601,0000,84140
19660701,0000,70710
19660801,0000,69850
19660901,0000,70600
19661001,0000,70100
19661101,0000,73280
19661201,0000,112320
19670101,0000,155890
19670201,0000,207900
19670301,0000,272120
19670401,0000,312490
19670501,0000,313920
19670601,0000,400140
19670701,0000,423070
19670801,0000,381650
19670901,0000,323220
19671001,0000,274470
19671101,0000,274540
19671201,0000,294760
19680101,0000,305220
19680201,0000,300440
19680301,0000,315160
19680401,0000,296890
19680501,0000,277630
19680601,0000,257310
19680701,0000,238430
19680801,0000,225400
19680901,0000,218980
19681001,0000,214140
19681101,0000,225460
19681201,0000,244580
19690101,0000,306690
19690201,0000,275440
19690301,0000,239610
19690401,0000,242030
19690501,0000,310360
19690601,0000,390590
19690701,0000,374380
19690801,0000,336890
19690901,0000,304390
19691001,0000,264660
19691101,0000,264540
19691201,0000,282700
19700101,0000,298980
19700201,0000,233470
19700301,0000,258770
19700401,0000,278780
19700501,0000,319010
19700601,0000,371500
19700701,0000,343250
19700801,0000,311900
19700901,0000,288500
19701001,0000,276960
19701101,0000,288630
19701201,0000,296710
19710101,0000,300820
19710201,0000,298980
19710301,0000,311780
19710401,0000,323220
19710501,0000,335140
19710601,0000,365550
19710701,0000,347340
19710801,0000,340190
19710901,0000,312820
19711001,0000,274230
19711101,0000,274230
19711201,0000,288000
19720101,0000,296830
19720201,0000,295130
19720301,0000,318560
19720401,0000,308560
19720501,0000,297270
19720601,0000,299300
19720701,0000,274660
19720801,0000,254860
19720901,0000,246170
19721001,0000,246290
19721101,0000,265730
19721201,0000,279700
19730101,0000,273810
19730201,0000,287640
19730301,0000,314310
19730401,0000,340470
19730501,0000,387690
19730601,0000,401910
19730701,0000,366890
19730801,0000,333330
19730901,0000,316790
19731001,0000,304450
19731101,0000,258070
19731201,0000,268640
19740101,0000,256380
19740201,0000,286830
19740301,0000,322100
19740401,0000,336480
19740501,0000,373520
19740601,0000,403300
19740701,0000,384380
19740801,0000,364640
19740901,0000,336480
19741001,0000,303630
19741101,0000,290800
19741201,0000,286800
19750101,0000,293440
19750201,0000,321300
19750301,0000,335700
19750401,0000,335000
19750501,0000,354400
19750601,0000,398800
19750701,0000,388000
19750801,0000,360600
19750901,0000,337500
19751001,0000,308600
19751101,0000,289900
19751201,0000,295400
19760101,0000,301100
19760201,0000,297970
19760301,0000,288690
19760401,0000,275700
19760501,0000,257100
19760601,0000,235900
19760701,0000,215200
19760801,0000,198000
19760901,0000,185800
19761001,0000,177600
19761101,0000,174010
19761201,0000,170300
19770101,0000,168000
19770201,0000,160210
19770301,0000,146280
19770401,0000,131400
19770501,0000,119360
19770601,0000,102240
19770701,0000,82620
19770801,0000,65820
19770901,0000,54740
19771001,0000,52470
19771101,0000,47560
19771201,0000,43010
19780101,0000,71700
19780201,0000,116600
19780301,0000,168190
19780401,0000,219410
19780501,0000,275800
19780601,0000,384500
19780701,0000,388340
19780801,0000,365980
19780901,0000,338370
19781001,0000,306820
19781101,0000,295010
19781201,0000,293250
19790101,0000,310300
19790201,0000,323090
19790301,0000,336010
19790401,0000,375650
19790501,0000,423070
19790601,0000,418780
19790701,0000,397140
19790801,0000,365770
19790901,0000,343180
19791001,0000,317440
19791101,0000,296010
19791201,0000,297080
19800101,0000,289810
19800201,0000,292060
19800301,0000,271640
19800401,0000,290000
19800501,0000,306820
19800601,0000,340660
19800701,0000,351380
19800801,0000,338500
19800901,0000,324210
19801001,0000,297970
19801101,0000,284980
19801201,0000,277200
19810101,0000,292500
19810201,0000,300880
19810301,0000,324540
19810401,0000,326060
19810501,0000,313920
19810601,0000,296010
19810701,0000,288690
19810801,0000,277140
19810901,0000,255970
19811001,0000,261000
19811101,0000,275630
19811201,0000,274050
19820101,0000,253120
19820201,0000,296890
19820301,0000,313340
19820401,0000,349120
19820501,0000,380220
19820601,0000,420050
19820701,0000,392690
19820801,0000,374520
19820901,0000,349670
19821001,0000,310690
19821101,0000,267090
19821201,0000,264420
19830101,0000,288010
19830201,0000,296390
19830301,0000,305220
19830401,0000,258180
19830501,0000,265960
19830601,0000,403010
19830701,0000,413360
19830801,0000,396550
19830901,0000,352560
19831001,0000,304000
19831101,0000,274290
19831201,0000,262170
19840101,0000,236580
19840201,0000,249320
19840301,0000,266680
19840401,0000,286460
19840501,0000,364430
19840601,0000,407220
19840701,0000,405590
19840801,0000,387620
19840901,0000,350080
19841001,0000,321440
19841101,0000,309590
19841201,0000,298220
19850101,0000,295820
19850201,0000,290810
19850301,0000,316010
19850401,0000,346650
19850501,0000,318880
19850601,0000,298030
19850701,0000,273030
19850801,0000,253530
19850901,0000,246120
19851001,0000,256900
19851101,0000,267630
19851201,0000,285470
19860101,0000,303810
19860201,0000,410780
19860301,0000,335470
19860401,0000,299110
19860501,0000,361500
19860601,0000,411750
19860701,0000,390010
19860801,0000,358920
19860901,0000,336420
19861001,0000,317050
19861101,0000,297270
19861201,0000,275690
19870101,0000,257890
19870201,0000,251160
19870301,0000,245150
19870401,0000,229940
19870501,0000,208320
19870601,0000,184200
19870701,0000,159280
19870801,0000,136610
19870901,0000,117930
19871001,0000,109080
19871101,0000,104200
19871201,0000,99430
19880101,0000,108520
19880201,0000,110440
19880301,0000,99400
19880401,0000,88330
19880501,0000,76260
19880601,0000,57960
19880701,0000,37670
19880801,0000,22670
19880901,0000,9630
19881001,0000,9980
19881101,0000,9860
19881201,0000,9650
19890101,0000,9640
19890201,0000,9220
19890301,0000,23000
19890401,0000,80710
19890501,0000,134270
19890601,0000,161950
19890701,0000,148480
19890801,0000,145820
19890901,0000,142890
19891001,0000,151430
19891101,0000,160300
19891201,0000,174700
19900101,0000,189900
19900201,0000,188200
19900301,0000,200300
19900401,0000,190100
19900501,0000,187200
19900601,0000,185600
19900701,0000,179000
19900801,0000,172800
19900901,0000,172800
19901001,0000,170070
19901101,0000,156680
19901201,0000,149970
19910101,0000,144140
19910201,0000,139630
19910301,0000,139750
19910401,0000,130610
19910501,0000,115460
19910601,0000,116230
19910701,0000,114280
19910801,0000,112390
19910901,0000,113730
19911001,0000,121130
19911101,0000,107100
19911201,0000,118910
19920101,0000,116010
19920201,0000,125680
19920301,0000,147460
19920401,0000,135120
19920501,0000,116160
19920601,0000,115710
19920701,0000,115530
19920801,0000,112390
19920901,0000,113220
19921001,0000,113500
19921101,0000,100900
19921201,0000,90200
19930101,0000,133900
19930201,0000,194000
19930301,0000,250900
19930401,0000,279200
19930501,0000,349300
19930601,0000,405400
19930701,0000,354200
19930801,0000,328000
19930901,0000,317500
19931001,0000,306350
19931101,0000,299590
19931201,0000,292340
19940101,0000,278840
19940201,0000,270560
19940301,0000,257950
19940401,0000,239150
19940501,0000,218240
19940601,0000,208304
19940701,0000,202410
19940801,0000,186940
19940901,0000,188880
19941001,0000,193230
19941101,0000,194440
19941201,0000,205520
19950101,0000,247060
19950201,0000,245900
19950301,0000,317901
19950401,0000,275700
19950501,0000,308680
19950601,0000,360840
19950701,0000,381230
19950801,0000,369690
19950901,0000,315730
19951001,0000,272210
19951101,0000,271840
19951201,0000,267110
19960101,0000,289690
19960201,0000,277910
19960301,0000,225750
19960401,0000,247460
19960501,0000,376860
19960601,0000,398280
19960701,0000,335770
19960801,0000,303060
19960901,0000,285050
19961001,0000,302540
19961101,0000,316840
19961201,0000,307970
19970101,0000,359720
19970201,0000,244750
19970301,0000,230280
19970401,0000,255470
19970501,0000,314810
19970601,0000,322720
19970701,0000,305120
19970801,0000,298700
19970901,0000,292840
19971001,0000,313960
19971101,0000,324510
19971201,0000,307190
19980101,0000,321330
19980201,0000,297930
19980301,0000,239210
19980401,0000,255640
19980501,0000,288050
19980601,0000,402690
19980701,0000,333070
19980801,0000,254940
19980901,0000,265180
19981001,0000,292840
19981101,0000,300490
19981201,0000,300740
19990101,0000,318420
19990201,0000,284300
19990301,0000,280820
19990401,0000,283800
19990501,0000,290320
19990601,0000,343100
19990701,0000,325580
19990801,0000,301260
19990901,0000,292590
19991001,0000,312130
19991101,0000,317900
19991201,0000,313430
20000101,0000,309520
20000201,0000,302290
20000301,0000,280820
20000401,0000,291580
20000501,0000,341190
20000601,0000,351330
20000701,0000,324510
20000801,0000,309260
20000901,0000,298700
20001001,0000,316580
20001101,0000,315790
20001201,0000,314220
20010101,0000,296400
20010201,0000,280820
20010301,0000,268330
20010401,0000,270260
20010501,0000,260870
20010601,0000,235145
20010701,0000,221450
20010801,0000,208400
20010901,0000,194790
20011001,0000,204650
20011101,0000,191780
20011201,0000,202560
20020101,0000,239450
20020201,0000,233800
20020301,0000,271730
20020401,0000,295890
20020501,0000,280830
20020601,0000,286050
20020701,0000,263970
20020801,0000,247470
20020901,0000,237620
20021001,0000,250020
20021101,0000,248862
20021201,0000,262305
20030101,0000,282800
20030201,0000,305630
20030301,0000,303830
20030401,0000,312130
20030501,0000,356870
20030601,0000,376860
20030701,0000,324250
20030801,0000,287050
20030901,0000,278840
20031001,0000,289312
20031101,0000,282310
20031201,0000,289877
20040101,0000,310040
20040201,0000,316840
20040301,0000,350780
20040401,0000,357420
20040501,0000,307970
20040601,0000,283740
20040701,0000,264700
20040801,0000,250720
20040901,0000,242630
20041001,0000,250720
20041101,0000,243550
20041201,0000,254230
20050101,0000,307452
20050201,0000,336580
20050301,0000,371740
20050401,0000,372590
20050501,0000,397400
20050601,0000,406540
20050701,0000,367792
20050801,0000,327180
20050901,0000,294870
20051001,0000,310040
20051101,0000,305380
20051201,0000,331480
20060101,0000,264940
20060201,0000,265180
20060301,0000,340100
20060401,0000,355480
20060501,0000,380580
20060601,0000,394760
20060701,0000,356040
20060801,0000,340100
20060901,0000,304340
20061001,0000,313430
20061101,0000,311870
20061201,0000,322390
20070101,0000,m

