Date,PST,Inflow
19940101,0000,m
19940102,0000,118
19940103,0000,102
19940104,0000,157
19940105,0000,122
19940106,0000,124
19940107,0000,129
19940108,0000,147
19940109,0000,146
19940110,0000,138
19940111,0000,121
19940112,0000,115
19940113,0000,124
19940114,0000,116
19940115,0000,126
19940116,0000,39
19940117,0000,57
19940118,0000,51
19940119,0000,54
19940120,0000,46
19940121,0000,106
19940122,0000,221
19940123,0000,752
19940124,0000,970
19940125,0000,710
19940126,0000,427
19940127,0000,348
19940128,0000,305
19940129,0000,296
19940130,0000,233
19940131,0000,269
19941030,0000,-9999
19941031,0000,4929
19941101,0000,m
19941102,0000,m
19941103,0000,-9999
19941104,0000,149
19941105,0000,149
19941106,0000,-9999
19941107,0000,-9999
19941108,0000,95
19941109,0000,95
19941110,0000,m
19941111,0000,-9999
19941112,0000,m
19941113,0000,m
19941114,0000,116
19941115,0000,116
19941116,0000,161
19941117,0000,120
19941118,0000,110
19941119,0000,105
19941120,0000,109
19941121,0000,121
19941122,0000,110
19941123,0000,102
19941124,0000,102
19941125,0000,141
19941126,0000,284
19941127,0000,236
19941128,0000,216
19941129,0000,126
19941130,0000,42
19941201,0000,56
19941202,0000,17
19941203,0000,82
19941204,0000,715
19941205,0000,290
19941206,0000,164
19941207,0000,151
19941208,0000,77
19941209,0000,77
19941210,0000,86
19941211,0000,78
19941212,0000,85
19941213,0000,204
19941214,0000,450
19941215,0000,450
19941216,0000,255
19941217,0000,285
19941218,0000,223
19941219,0000,212
19941220,0000,155
19941221,0000,130
19941222,0000,138
19941223,0000,107
19941224,0000,122
19941225,0000,273
19941226,0000,161
19941227,0000,112
19941228,0000,114
19941229,0000,176
19941230,0000,81
19941231,0000,66
19950101,0000,m
19950102,0000,107
19950103,0000,107
19950104,0000,473
19950105,0000,m
19950106,0000,740
19950107,0000,740
19950108,0000,2772
19950109,0000,7530
19950110,0000,1824
19950111,0000,1824
19950112,0000,1641
19950113,0000,1781
19950114,0000,4178
19950115,0000,2198
19950116,0000,1132
19950117,0000,618
19950118,0000,618
19950119,0000,637
19950120,0000,983
19950121,0000,983
19950122,0000,385
19950123,0000,580
19950124,0000,1201
19950125,0000,1282
19950126,0000,396
19950127,0000,1218
19950128,0000,683
19950129,0000,668
19950130,0000,2664
19950131,0000,2664
19950201,0000,585
19950202,0000,289
19950203,0000,289
19950204,0000,319
19950205,0000,291
19950206,0000,338
19950207,0000,270
19950208,0000,270
19950209,0000,274
19950210,0000,165
19950211,0000,165
19950212,0000,166
19950213,0000,194
19950214,0000,174
19950215,0000,174
19950216,0000,83
19950217,0000,83
19950218,0000,89
19950219,0000,128
19950220,0000,190
19950221,0000,224
19950222,0000,189
19950223,0000,180
19950224,0000,203
19950225,0000,189
19950226,0000,194
19950227,0000,174
19950228,0000,174
19950301,0000,175
19950302,0000,186
19950303,0000,258
19950304,0000,236
19950305,0000,236
19950306,0000,192
19950307,0000,108
19950308,0000,119
19950309,0000,812
19950310,0000,5466
19950311,0000,3245
19950312,0000,2650
19950313,0000,1021
19950314,0000,2389
19950315,0000,3602
19950316,0000,1369
19950317,0000,-147
19950318,0000,-147
19950319,0000,303
19950320,0000,-182
19950321,0000,2215
19950322,0000,m
19950323,0000,1576
19950324,0000,1576
19950325,0000,266
19950326,0000,-112
19950327,0000,207
19950328,0000,458
19950329,0000,377
19950330,0000,299
19950331,0000,310
19950401,0000,m
19950402,0000,255
19950403,0000,255
19950404,0000,235
19950405,0000,235
19950406,0000,272
19950407,0000,456
19950408,0000,612
19950409,0000,380
19950410,0000,267
19950411,0000,274
19950412,0000,390
19950413,0000,578
19950414,0000,317
19950415,0000,392
19950416,0000,403
19950417,0000,315
19950418,0000,271
19950419,0000,315
19950420,0000,313
19950421,0000,259
19950422,0000,281
19950423,0000,284
19950424,0000,263
19950425,0000,262
19950426,0000,254
19950427,0000,270
19950428,0000,288
19950429,0000,448
19950430,0000,382
19950501,0000,1191
19950502,0000,492
19950503,0000,334
19950504,0000,297
19950505,0000,262
19950506,0000,325
19950507,0000,262
19950508,0000,283
19950509,0000,271
19950510,0000,235
19950511,0000,m
19950512,0000,m
19950513,0000,334
19950514,0000,295
19950515,0000,470
19950516,0000,317
19950517,0000,299
19950518,0000,283
19950519,0000,249
19950520,0000,212
19950521,0000,170
19950522,0000,171
19950523,0000,m
19950524,0000,235
19950525,0000,221
19950526,0000,171
19950527,0000,155
19950528,0000,171
19950529,0000,165
19950530,0000,134
19950531,0000,153
19950601,0000,m
19950602,0000,134
19950603,0000,118
19950604,0000,137
19950605,0000,123
19950606,0000,132
19950607,0000,139
19950608,0000,149
19950609,0000,126
19950610,0000,143
19950611,0000,109
19950612,0000,135
19950613,0000,105
19950614,0000,135
19950615,0000,137
19950616,0000,154
19950617,0000,119
19950618,0000,145
19950619,0000,119
19950620,0000,m
19950621,0000,m
19950622,0000,m
19950623,0000,m
19950624,0000,74
19950625,0000,97
19950626,0000,82
19950627,0000,89
19950628,0000,77
19950629,0000,73
19950630,0000,97
19950701,0000,91
19950702,0000,87
19950703,0000,m
19950704,0000,98
19950705,0000,55
19950706,0000,m
19950707,0000,84
19950708,0000,43
19950709,0000,39
19950710,0000,m
19950711,0000,m
19950712,0000,m
19950713,0000,115
19950714,0000,95
19950715,0000,74
19950716,0000,101
19950717,0000,57
19950718,0000,88
19950719,0000,m
19950720,0000,m
19950721,0000,m
19950722,0000,m
19950723,0000,m
19950724,0000,93
19950725,0000,m
19950726,0000,108
19950727,0000,95
19950728,0000,81
19950729,0000,97
19950730,0000,82
19950731,0000,m
19950801,0000,100
19950802,0000,97
19950803,0000,m
19950804,0000,72
19950805,0000,99
19950806,0000,77
19950807,0000,101
19950808,0000,82
19950809,0000,84
19950810,0000,89
19950811,0000,m
19950812,0000,92
19950813,0000,103
19950814,0000,91
19950815,0000,91
19950816,0000,87
19950817,0000,94
19950818,0000,99
19950819,0000,80
19950820,0000,85
19950821,0000,92
19950822,0000,m
19950823,0000,101
19950824,0000,m
19950825,0000,m
19950826,0000,70
19950827,0000,93
19950828,0000,99
19950829,0000,71
19950830,0000,60
19950831,0000,42
19950901,0000,52
19950902,0000,75
19950903,0000,69
19950904,0000,86
19950905,0000,128
19950906,0000,93
19950907,0000,110
19950908,0000,m
19950909,0000,m
19950910,0000,m
19950911,0000,94
19950912,0000,89
19950913,0000,96
19950914,0000,m
19950915,0000,m
19950916,0000,50
19950917,0000,93
19950918,0000,91
19950919,0000,81
19950920,0000,m
19950921,0000,78
19950922,0000,m
19950923,0000,m
19950924,0000,86
19950925,0000,m
19950926,0000,134
19950927,0000,103
19950928,0000,m
19950929,0000,116
19950930,0000,m
19951001,0000,m
19951002,0000,m
19951003,0000,129
19951004,0000,96
19951005,0000,113
19951006,0000,120
19951007,0000,101
19951008,0000,93
19951009,0000,108
19951010,0000,99
19951011,0000,107
19951012,0000,113
19951013,0000,90
19951014,0000,131
19951015,0000,97
19951016,0000,129
19951017,0000,114
19951018,0000,101
19951019,0000,157
19951020,0000,99
19951021,0000,m
19951022,0000,m
19951023,0000,m
19951024,0000,108
19951025,0000,115
19951026,0000,m
19951027,0000,78
19951028,0000,51
19951029,0000,74
19951030,0000,74
19951031,0000,64
19951101,0000,36
19951102,0000,9
19951103,0000,23
19951104,0000,18
19951105,0000,12
19951106,0000,53
19951107,0000,75
19951108,0000,83
19951109,0000,105
19951110,0000,150
19951111,0000,172
19951112,0000,191
19951113,0000,m
19951114,0000,196
19951115,0000,188
19951116,0000,203
19951117,0000,283
19951118,0000,294
19951119,0000,267
19951120,0000,284
19951121,0000,265
19951122,0000,197
19951123,0000,198
19951124,0000,189
19951125,0000,175
19951126,0000,184
19951127,0000,184
19951128,0000,121
19951129,0000,-6
19951130,0000,-19
19951201,0000,10
19951202,0000,68
19951203,0000,95
19951204,0000,120
19951205,0000,71
19951206,0000,m
19951207,0000,135
19951208,0000,201
19951209,0000,222
19951210,0000,293
19951211,0000,479
19951212,0000,2254
19951213,0000,549
19951214,0000,504
19951215,0000,1775
19951216,0000,333
19951217,0000,254
19951218,0000,m
19951219,0000,m
19951220,0000,m
19951221,0000,253
19951222,0000,442
19951223,0000,386
19951224,0000,364
19951225,0000,334
19951226,0000,337
19951227,0000,312
19951228,0000,338
19951229,0000,1966
19951230,0000,1252
19951231,0000,534
19960101,0000,419
19960102,0000,m
19960103,0000,356
19960104,0000,348
19960105,0000,325
19960106,0000,349
19960107,0000,341
19960108,0000,311
19960109,0000,320
19960110,0000,365
19960111,0000,350
19960112,0000,349
19960113,0000,348
19960114,0000,m
19960115,0000,559
19960116,0000,m
19960117,0000,m
19960118,0000,3191
19960119,0000,1585
19960120,0000,m
19960121,0000,1457
19960122,0000,m
19960123,0000,1255
19960124,0000,3603
19960125,0000,1202
19960126,0000,443
19960127,0000,2622
19960128,0000,626
19960129,0000,41
19960130,0000,329
19960131,0000,375
19960201,0000,-16
19960202,0000,329
19960203,0000,579
19960204,0000,2584
19960207,0000,62
19960208,0000,360
19960209,0000,549
19960212,0000,453
19960214,0000,425
19960216,0000,571
19960219,0000,2035
19960220,0000,1796
19960221,0000,2250
19960222,0000,919
19960223,0000,266
19960224,0000,373
19960225,0000,528
19960226,0000,689
19960227,0000,655
19960228,0000,946
19960229,0000,1909
19960301,0000,916
19960302,0000,775
19960303,0000,682
19960304,0000,1628
19960305,0000,1189
19960306,0000,268
19960307,0000,480
19960308,0000,650
19960310,0000,618
19960311,0000,859
19960312,0000,1001
19960313,0000,655
19960314,0000,548
19960318,0000,448
19960319,0000,385
19960320,0000,405
19960321,0000,383
19960324,0000,374
19960325,0000,381
19960326,0000,329
19960327,0000,448
19960328,0000,406
19960329,0000,364
19960331,0000,408
19960401,0000,788
19960402,0000,m
19960403,0000,440
19960404,0000,m
19960405,0000,443
19960406,0000,m
19960407,0000,m
19960408,0000,401
19960409,0000,407
19960410,0000,375
19960411,0000,391
19960412,0000,385
19960413,0000,m
19960414,0000,367
19960415,0000,420
19960416,0000,455
19960417,0000,m
19960418,0000,m
19960419,0000,525
19960420,0000,465
19960421,0000,459
19960422,0000,432
19960423,0000,423
19960424,0000,m
19960425,0000,m
19960426,0000,387
19960427,0000,386
19960428,0000,381
19960429,0000,389
19960430,0000,378
19960501,0000,m
19960502,0000,m
19960503,0000,m
19960504,0000,m
19960505,0000,350
19960506,0000,m
19960507,0000,341
19960508,0000,360
19960509,0000,m
19960510,0000,m
19960511,0000,348
19960512,0000,344
19960513,0000,217
19960514,0000,319
19960515,0000,m
19960516,0000,370
19960517,0000,m
19960518,0000,349
19960519,0000,392
19960520,0000,372
19960521,0000,520
19960522,0000,414
19960523,0000,m
19960524,0000,363
19960525,0000,368
19960526,0000,348
19960527,0000,360
19960528,0000,352
19960529,0000,337
19960530,0000,344
19960531,0000,342
19960601,0000,364
19960602,0000,331
19960603,0000,m
19960604,0000,m
19960605,0000,326
19960606,0000,302
19960607,0000,303
19960608,0000,294
19960609,0000,253
19960610,0000,254
19960611,0000,238
19960612,0000,280
19960613,0000,249
19960614,0000,201
19960615,0000,138
19960616,0000,131
19960617,0000,86
19960618,0000,130
19960619,0000,147
19960620,0000,141
19960621,0000,130
19960622,0000,m
19960623,0000,149
19960624,0000,178
19960625,0000,160
19960626,0000,161
19960627,0000,147
19960628,0000,158
19960629,0000,156
19960630,0000,m
19960701,0000,192
19960702,0000,162
19960703,0000,152
19960704,0000,141
19960705,0000,153
19960706,0000,158
19960707,0000,133
19960708,0000,172
19960709,0000,141
19960710,0000,m
19960711,0000,159
19960712,0000,m
19960713,0000,148
19960714,0000,m
19960715,0000,162
19960716,0000,142
19960717,0000,189
19960718,0000,m
19960719,0000,159
19960720,0000,195
19960721,0000,160
19960722,0000,184
19960723,0000,m
19960724,0000,m
19960725,0000,m
19960726,0000,m
19960727,0000,m
19960728,0000,m
19960729,0000,m
19960730,0000,185
19960731,0000,m
19960801,0000,177
19960802,0000,131
19960803,0000,m
19960804,0000,m
19960805,0000,179
19960806,0000,179
19960807,0000,192
19960808,0000,170
19960809,0000,m
19960810,0000,m
19960811,0000,m
19960812,0000,m
19960813,0000,m
19960814,0000,m
19960815,0000,m
19960816,0000,m
19960817,0000,m
19960818,0000,m
19960819,0000,m
19960820,0000,m
19960821,0000,m
19960822,0000,123
19960823,0000,129
19960824,0000,115
19960825,0000,85
19960826,0000,92
19960827,0000,147
19960828,0000,138
19960829,0000,120
19960830,0000,143
19960831,0000,120
19960901,0000,135
19960902,0000,137
19960903,0000,128
19960904,0000,174
19960905,0000,313
19960906,0000,329
19960907,0000,272
19960908,0000,278
19960909,0000,309
19960910,0000,302
19960911,0000,290
19960912,0000,304
19960913,0000,293
19960914,0000,301
19960915,0000,322
19960916,0000,332
19960917,0000,312
19960918,0000,325
19960919,0000,352
19960920,0000,300
19960921,0000,318
19960922,0000,301
19960923,0000,344
19960924,0000,287
19960925,0000,318
19960926,0000,291
19960927,0000,289
19960928,0000,329
19960929,0000,281
19960930,0000,279
19961001,0000,286
19961002,0000,326
19961003,0000,296
19961004,0000,273
19961005,0000,286
19961006,0000,277
19961007,0000,227
19961008,0000,280
19961009,0000,233
19961010,0000,m
19961011,0000,264
19961012,0000,257
19961013,0000,244
19961014,0000,269
19961015,0000,256
19961016,0000,229
19961017,0000,228
19961018,0000,322
19961019,0000,284
19961020,0000,288
19961021,0000,200
19961022,0000,151
19961023,0000,176
19961024,0000,184
19961025,0000,247
19961026,0000,341
19961027,0000,349
19961028,0000,351
19961029,0000,347
19961030,0000,332
19961031,0000,226
19961101,0000,146
19961102,0000,148
19961103,0000,118
19961104,0000,128
19961105,0000,128
19961106,0000,167
19961107,0000,m
19961108,0000,179
19961109,0000,166
19961110,0000,183
19961111,0000,177
19961112,0000,187
19961113,0000,170
19961114,0000,172
19961115,0000,175
19961116,0000,179
19961117,0000,240
19961118,0000,m
19961119,0000,335
19961120,0000,205
19961121,0000,212
19961122,0000,384
19961123,0000,310
19961124,0000,313
19961125,0000,313
19961126,0000,m
19961127,0000,299
19961128,0000,258
19961129,0000,223
19961130,0000,297
19961201,0000,346
19961202,0000,300
19961203,0000,304
19961204,0000,941
19961205,0000,1336
19961206,0000,143
19961207,0000,453
19961208,0000,478
19961209,0000,821
19961210,0000,1796
19961211,0000,506
19961212,0000,119
19961213,0000,482
19961214,0000,416
19961215,0000,346
19961216,0000,364
19961217,0000,366
19961218,0000,352
19961219,0000,330
19961220,0000,397
19961221,0000,1022
19961222,0000,1337
19961223,0000,264
19961224,0000,166
19961225,0000,414
19961226,0000,1304
19961227,0000,652
19961228,0000,488
19961229,0000,1955
19961230,0000,2040
19961231,0000,4703
19970101,0000,6785
19970102,0000,2009
19970103,0000,704
19970104,0000,189
19970105,0000,-74
19970106,0000,-226
19970107,0000,288
19970108,0000,281
19970109,0000,262
19970110,0000,256
19970111,0000,364
19970112,0000,338
19970113,0000,417
19970114,0000,356
19970115,0000,380
19970116,0000,344
19970117,0000,372
19970118,0000,351
19970119,0000,378
19970120,0000,430
19970121,0000,1063
19970122,0000,3043
19970123,0000,678
19970124,0000,950
19970125,0000,5256
19970126,0000,2432
19970127,0000,525
19970128,0000,414
19970129,0000,149
19970130,0000,372
19970131,0000,691
19970201,0000,650
19970202,0000,582
19970203,0000,590
19970204,0000,658
19970205,0000,515
19970206,0000,455
19970207,0000,305
19970208,0000,331
19970209,0000,336
19970210,0000,326
19970211,0000,317
19970212,0000,295
19970213,0000,269
19970214,0000,267
19970215,0000,268
19970216,0000,268
19970217,0000,296
19970218,0000,271
19970219,0000,271
19970220,0000,244
19970221,0000,283
19970222,0000,240
19970223,0000,239
19970224,0000,205
19970225,0000,264
19970226,0000,193
19970227,0000,240
19970228,0000,216
19970301,0000,237
19970302,0000,341
19970303,0000,249
19970304,0000,228
19970305,0000,253
19970306,0000,217
19970307,0000,249
19970308,0000,233
19970309,0000,242
19970310,0000,233
19970311,0000,232
19970312,0000,206
19970313,0000,225
19970314,0000,191
19970315,0000,200
19970316,0000,919
19970317,0000,666
19970318,0000,333
19970319,0000,306
19970320,0000,370
19970321,0000,274
19970322,0000,252
19970323,0000,255
19970324,0000,249
19970325,0000,231
19970326,0000,214
19970327,0000,220
19970328,0000,193
19970329,0000,179
19970330,0000,196
19970331,0000,183
19970401,0000,175
19970402,0000,152
19970403,0000,162
19970404,0000,145
19970405,0000,133
19970406,0000,151
19970407,0000,153
19970408,0000,112
19970409,0000,133
19970410,0000,118
19970411,0000,130
19970412,0000,138
19970413,0000,138
19970414,0000,98
19970415,0000,160
19970416,0000,119
19970417,0000,117
19970418,0000,139
19970419,0000,136
19970420,0000,119
19970421,0000,130
19970422,0000,131
19970423,0000,131
19970424,0000,176
19970425,0000,174
19970426,0000,183
19970427,0000,139
19970428,0000,111
19970429,0000,97
19970430,0000,107
19970501,0000,107
19970502,0000,89
19970503,0000,122
19970504,0000,122
19970505,0000,126
19970506,0000,119
19970507,0000,109
19970508,0000,93
19970509,0000,92
19970510,0000,91
19970511,0000,108
19970512,0000,92
19970513,0000,78
19970514,0000,78
19970515,0000,67
19970516,0000,99
19970517,0000,95
19970518,0000,113
19970519,0000,112
19970520,0000,121
19970521,0000,110
19970522,0000,101
19970523,0000,123
19970524,0000,129
19970525,0000,129
19970526,0000,147
19970527,0000,157
19970528,0000,180
19970529,0000,146
19970530,0000,164
19970531,0000,159
19970601,0000,125
19970602,0000,125
19970603,0000,120
19970604,0000,179
19970605,0000,184
19970606,0000,165
19970607,0000,156
19970608,0000,145
19970609,0000,118
19970610,0000,134
19970611,0000,125
19970612,0000,117
19970613,0000,110
19970614,0000,103
19970615,0000,88
19970616,0000,87
19970617,0000,111
19970618,0000,69
19970619,0000,89
19970620,0000,90
19970621,0000,57
19970622,0000,42
19970623,0000,84
19970624,0000,61
19970625,0000,89
19970626,0000,82
19970627,0000,74
19970628,0000,52
19970629,0000,52
19970630,0000,52
19970701,0000,101
19970702,0000,78
19970703,0000,85
19970704,0000,77
19970705,0000,87
19970706,0000,85
19970707,0000,89
19970708,0000,93
19970709,0000,85
19970710,0000,93
19970711,0000,85
19970712,0000,87
19970713,0000,91
19970714,0000,69
19970715,0000,63
19970716,0000,76
19970717,0000,79
19970718,0000,94
19970719,0000,60
19970720,0000,80
19970721,0000,74
19970722,0000,72
19970723,0000,48
19970724,0000,72
19970725,0000,74
19970726,0000,75
19970727,0000,75
19970728,0000,91
19970729,0000,90
19970730,0000,97
19970731,0000,106
19970801,0000,123
19970802,0000,128
19970803,0000,142
19970804,0000,141
19970805,0000,140
19970806,0000,120
19970807,0000,106
19970808,0000,97
19970809,0000,96
19970810,0000,106
19970811,0000,109
19970812,0000,133
19970813,0000,122
19970814,0000,123
19970815,0000,120
19970816,0000,102
19970817,0000,122
19970818,0000,125
19970819,0000,134
19970820,0000,197
19970821,0000,145
19970822,0000,149
19970823,0000,157
19970824,0000,170
19970825,0000,158
19970826,0000,140
19970827,0000,147
19970828,0000,159
19970829,0000,113
19970830,0000,132
19970831,0000,129
19970901,0000,134
19970902,0000,144
19970903,0000,133
19970904,0000,156
19970905,0000,148
19970906,0000,149
19970907,0000,150
19970908,0000,140
19970909,0000,149
19970910,0000,136
19970911,0000,147
19970912,0000,163
19970913,0000,134
19970914,0000,192
19970915,0000,191
19970916,0000,183
19970917,0000,184
19970918,0000,175
19970919,0000,168
19970920,0000,178
19970921,0000,180
19970922,0000,147
19970923,0000,131
19970924,0000,154
19970925,0000,135
19970926,0000,139
19970927,0000,205
19970928,0000,200
19970929,0000,208
19970930,0000,200
19971001,0000,192
19971002,0000,227
19971003,0000,208
19971004,0000,203
19971005,0000,231
19971006,0000,224
19971007,0000,209
19971008,0000,272
19971009,0000,273
19971010,0000,256
19971011,0000,214
19971012,0000,254
19971013,0000,243
19971014,0000,349
19971015,0000,247
19971016,0000,198
19971017,0000,205
19971018,0000,237
19971019,0000,78
19971020,0000,-26
19971021,0000,20
19971022,0000,29
19971023,0000,23
19971024,0000,36
19971025,0000,36
19971026,0000,12
19971027,0000,25
19971028,0000,17
19971029,0000,34
19971030,0000,47
19971031,0000,68
19971101,0000,304
19971102,0000,306
19971103,0000,326
19971104,0000,288
19971105,0000,285
19971106,0000,314
19971107,0000,290
19971108,0000,300
19971109,0000,291
19971110,0000,320
19971111,0000,301
19971112,0000,294
19971113,0000,337
19971114,0000,312
19971115,0000,277
19971116,0000,380
19971117,0000,251
19971118,0000,217
19971119,0000,383
19971120,0000,322
19971121,0000,327
19971122,0000,340
19971123,0000,355
19971124,0000,524
19971125,0000,406
19971126,0000,888
19971127,0000,520
19971128,0000,358
19971129,0000,538
19971130,0000,681
19971201,0000,420
19971202,0000,321
19971203,0000,325
19971204,0000,317
19971205,0000,414
19971206,0000,345
19971207,0000,1152
19971208,0000,1301
19971209,0000,553
19971210,0000,441
19971211,0000,366
19971212,0000,311
19971213,0000,292
19971214,0000,882
19971215,0000,604
19971216,0000,497
19971217,0000,514
19971218,0000,527
19971219,0000,436
19971220,0000,359
19971221,0000,377
19971222,0000,302
19971223,0000,298
19971224,0000,295
19971225,0000,237
19971226,0000,263
19971227,0000,237
19971228,0000,260
19971229,0000,231
19971230,0000,237
19971231,0000,246
19980101,0000,305
19980102,0000,1145
19980103,0000,888
19980104,0000,1587
19980105,0000,480
19980106,0000,358
19980107,0000,767
19980108,0000,563
19980109,0000,515
19980110,0000,502
19980111,0000,2200
19980112,0000,2862
19980113,0000,922
19980114,0000,2463
19980115,0000,3338
19980116,0000,990
19980117,0000,2802
19980118,0000,3126
19980119,0000,1708
19980120,0000,683
19980121,0000,476
19980122,0000,514
19980123,0000,685
19980124,0000,531
19980125,0000,258
19980126,0000,2861
19980127,0000,1544
19980128,0000,780
19980129,0000,2078
19980130,0000,953
19980131,0000,920
19980201,0000,1767
19980202,0000,2551
19980203,0000,3838
19980204,0000,1293
19980205,0000,2916
19980206,0000,4963
19980207,0000,4336
19980208,0000,2702
19980209,0000,1226
19980210,0000,1053
19980211,0000,1053
19980212,0000,1568
19980213,0000,1176
19980214,0000,1732
19980215,0000,1100
19980216,0000,1670
19980217,0000,1980
19980218,0000,1073
19980219,0000,4147
19980220,0000,1910
19980221,0000,3887
19980222,0000,1913
19980223,0000,2216
19980224,0000,1234
19980225,0000,841
19980226,0000,733
19980227,0000,735
19980228,0000,704
19980301,0000,653
19980302,0000,616
19980303,0000,566
19980304,0000,542
19980305,0000,543
19980306,0000,562
19980307,0000,534
19980308,0000,550
19980309,0000,499
19980310,0000,480
19980311,0000,498
19980312,0000,782
19980313,0000,1332
19980314,0000,694
19980315,0000,607
19980316,0000,581
19980317,0000,545
19980318,0000,472
19980319,0000,518
19980320,0000,419
19980321,0000,492
19980322,0000,1093
19980323,0000,1213
19980324,0000,1072
19980325,0000,1110
19980326,0000,847
19980327,0000,695
19980328,0000,666
19980329,0000,584
19980330,0000,557
19980331,0000,1556
19980401,0000,960
19980402,0000,714
19980403,0000,866
19980404,0000,827
19980405,0000,778
19980406,0000,747
19980407,0000,712
19980408,0000,643
19980409,0000,674
19980410,0000,620
19980411,0000,558
19980412,0000,654
19980413,0000,879
19980414,0000,704
19980415,0000,665
19980416,0000,577
19980417,0000,534
19980418,0000,524
19980419,0000,512
19980420,0000,511
19980421,0000,484
19980422,0000,478
19980423,0000,m
19980424,0000,454
19980425,0000,447
19980426,0000,447
19980427,0000,424
19980428,0000,425
19980429,0000,422
19980430,0000,438
19980501,0000,445
19980502,0000,439
19980503,0000,427
19980504,0000,440
19980505,0000,435
19980506,0000,455
19980507,0000,428
19980508,0000,418
19980509,0000,421
19980510,0000,423
19980511,0000,419
19980512,0000,483
19980513,0000,429
19980514,0000,432
19980515,0000,428
19980516,0000,417
19980517,0000,424
19980518,0000,418
19980519,0000,409
19980520,0000,414
19980521,0000,418
19980522,0000,392
19980523,0000,276
19980524,0000,244
19980525,0000,233
19980526,0000,204
19980527,0000,262
19980528,0000,611
19980529,0000,1270
19980530,0000,756
19980531,0000,536
19980601,0000,457
19980602,0000,454
19980603,0000,445
19980604,0000,448
19980605,0000,460
19980606,0000,438
19980607,0000,410
19980608,0000,445
19980609,0000,425
19980610,0000,404
19980611,0000,399
19980612,0000,414
19980613,0000,415
19980614,0000,409
19980615,0000,422
19980616,0000,388
19980617,0000,396
19980618,0000,395
19980619,0000,389
19980620,0000,358
19980621,0000,373
19980622,0000,388
19980623,0000,347
19980624,0000,356
19980625,0000,341
19980626,0000,340
19980627,0000,372
19980628,0000,345
19980629,0000,339
19980630,0000,326
19980701,0000,322
19980702,0000,268
19980703,0000,271
19980704,0000,263
19980705,0000,198
19980706,0000,196
19980707,0000,196
19980708,0000,179
19980709,0000,175
19980710,0000,152
19980711,0000,195
19980712,0000,208
19980713,0000,206
19980714,0000,217
19980715,0000,216
19980716,0000,216
19980717,0000,222
19980718,0000,222
19980719,0000,188
19980720,0000,216
19980721,0000,157
19980722,0000,155
19980723,0000,157
19980724,0000,180
19980725,0000,181
19980726,0000,179
19980727,0000,191
19980728,0000,181
19980729,0000,154
19980730,0000,148
19980731,0000,160
19980801,0000,209
19980802,0000,198
19980803,0000,207
19980804,0000,207
19980805,0000,230
19980806,0000,208
19980807,0000,181
19980808,0000,172
19980809,0000,177
19980810,0000,164
19980811,0000,m
19980812,0000,m
19980813,0000,m
19980814,0000,230
19980815,0000,m
19980816,0000,m
19980817,0000,211
19980818,0000,175
19980819,0000,193
19980820,0000,201
19980821,0000,180
19980822,0000,m
19980823,0000,m
19980824,0000,233
19980825,0000,226
19980826,0000,216
19980827,0000,216
19980828,0000,194
19980829,0000,235
19980830,0000,214
19980831,0000,223
19980901,0000,187
19980902,0000,178
19980903,0000,142
19980904,0000,181
19980905,0000,212
19980906,0000,114
19980907,0000,113
19980908,0000,113
19980909,0000,m
19980910,0000,285
19980911,0000,270
19980912,0000,278
19980913,0000,158
19980914,0000,149
19980915,0000,168
19980916,0000,279
19980917,0000,m
19980918,0000,283
19980919,0000,284
19980920,0000,161
19980921,0000,163
19980922,0000,194
19980923,0000,257
19980924,0000,293
19980925,0000,285
19980926,0000,284
19980927,0000,157
19980928,0000,152
19980929,0000,236
19980930,0000,m
19981001,0000,314
19981002,0000,303
19981003,0000,305
19981004,0000,287
19981005,0000,299
19981006,0000,281
19981007,0000,287
19981008,0000,324
19981009,0000,282
19981010,0000,286
19981011,0000,275
19981012,0000,282
19981013,0000,269
19981014,0000,304
19981015,0000,239
19981016,0000,1660
19981017,0000,288
19981018,0000,m
19981019,0000,303
19981020,0000,312
19981021,0000,291
19981022,0000,m
19981023,0000,263
19981024,0000,254
19981025,0000,m
19981026,0000,295
19981027,0000,297
19981028,0000,272
19981029,0000,278
19981030,0000,282
19981031,0000,290
19981101,0000,279
19981102,0000,297
19981103,0000,264
19981104,0000,264
19981105,0000,277
19981106,0000,248
19981107,0000,281
19981108,0000,313
19981109,0000,300
19981110,0000,266
19981111,0000,286
19981112,0000,277
19981113,0000,264
19981114,0000,256
19981115,0000,245
19981116,0000,267
19981117,0000,248
19981118,0000,281
19981119,0000,261
19981120,0000,252
19981121,0000,m
19981122,0000,259
19981123,0000,251
19981124,0000,569
19981125,0000,246
19981126,0000,256
19981127,0000,334
19981128,0000,298
19981129,0000,277
19981130,0000,646
19981201,0000,791
19981202,0000,331
19981203,0000,522
19981204,0000,785
19981205,0000,308
19981206,0000,439
19981207,0000,415
19981208,0000,351
19981209,0000,369
19981210,0000,259
19981211,0000,333
19981212,0000,365
19981213,0000,365
19981214,0000,425
19981215,0000,505
19981216,0000,389
19981217,0000,379
19981218,0000,342
19981219,0000,324
19981220,0000,m
19981221,0000,m
19981222,0000,m
19981223,0000,325
19981224,0000,334
19981225,0000,316
19981226,0000,308
19981227,0000,307
19981228,0000,317
19981229,0000,309
19981230,0000,307
19981231,0000,294
19990101,0000,m
19990102,0000,m
19990103,0000,m
19990104,0000,309
19990105,0000,237
19990106,0000,163
19990107,0000,165
19990108,0000,157
19990109,0000,m
19990110,0000,m
19990111,0000,175
19990112,0000,175
19990113,0000,m
19990114,0000,165
19990115,0000,174
19990116,0000,226
19990117,0000,m
19990118,0000,m
19990119,0000,454
19990120,0000,467
19990121,0000,661
19990122,0000,624
19990123,0000,834
19990124,0000,m
19990125,0000,1117
19990126,0000,339
19990127,0000,222
19990128,0000,223
19990129,0000,238
19990130,0000,239
19990131,0000,415
19990201,0000,411
19990202,0000,375
19990203,0000,357
19990204,0000,378
19990205,0000,349
19990206,0000,1182
19990207,0000,2461
19990208,0000,1250
19990209,0000,3114
19990210,0000,576
19990211,0000,-26
19990212,0000,263
19990213,0000,611
19990214,0000,576
19990215,0000,497
19990216,0000,2996
19990217,0000,2056
19990218,0000,1719
19990219,0000,837
19990220,0000,992
19990221,0000,1936
19990222,0000,1111
19990223,0000,741
19990224,0000,825
19990225,0000,1646
19990226,0000,723
19990227,0000,559
19990228,0000,1256
19990301,0000,763
19990302,0000,541
19990303,0000,710
19990304,0000,700
19990305,0000,651
19990306,0000,585
19990307,0000,551
19990308,0000,971
19990309,0000,1402
19990310,0000,865
19990311,0000,700
19990312,0000,635
19990313,0000,600
19990314,0000,1036
19990315,0000,802
19990316,0000,642
19990317,0000,597
19990318,0000,549
19990319,0000,562
19990320,0000,539
19990321,0000,531
19990322,0000,502
19990323,0000,556
19990324,0000,2177
19990325,0000,1857
19990326,0000,837
19990327,0000,675
19990328,0000,610
19990329,0000,555
19990330,0000,620
19990331,0000,627
19990401,0000,547
19990402,0000,502
19990403,0000,464
19990404,0000,450
19990405,0000,563
19990406,0000,490
19990407,0000,305
19990408,0000,555
19990409,0000,m
19990410,0000,m
19990411,0000,m
19990412,0000,m
19990413,0000,m
19990414,0000,m
19990415,0000,m
19990416,0000,m
19990417,0000,m
19990418,0000,m
19990419,0000,m
19990420,0000,m
19990421,0000,m
19990422,0000,m
19990423,0000,m
19990424,0000,m
19990425,0000,m
19990426,0000,m
19990427,0000,m
19990428,0000,m
19990429,0000,m
19990430,0000,m
19990501,0000,m
19990502,0000,m
19990503,0000,m
19990504,0000,168
19990505,0000,218
19990506,0000,356
19990507,0000,359
19990508,0000,206
19990509,0000,134
19990510,0000,204
19990511,0000,210
19990512,0000,203
19990513,0000,202
19990514,0000,219
19990515,0000,200
19990516,0000,221
19990517,0000,241
19990518,0000,250
19990519,0000,261
19990520,0000,230
19990521,0000,240
19990522,0000,234
19990523,0000,230
19990524,0000,219
19990525,0000,253
19990526,0000,238
19990527,0000,237
19990528,0000,158
19990529,0000,149
19990530,0000,167
19990531,0000,146
19990601,0000,130
19990602,0000,82
19990603,0000,177
19990604,0000,161
19990605,0000,174
19990606,0000,109
19990607,0000,125
19990608,0000,137
19990609,0000,131
19990610,0000,156
19990611,0000,144
19990612,0000,140
19990613,0000,149
19990614,0000,138
19990615,0000,137
19990616,0000,158
19990617,0000,149
19990618,0000,138
19990619,0000,113
19990620,0000,112
19990621,0000,135
19990622,0000,144
19990623,0000,133
19990624,0000,95
19990625,0000,106
19990626,0000,106
19990627,0000,98
19990628,0000,132
19990629,0000,119
19990630,0000,105
19990701,0000,112
19990702,0000,91
19990703,0000,80
19990704,0000,100
19990705,0000,123
19990706,0000,111
19990707,0000,129
19990708,0000,117
19990709,0000,138
19990710,0000,122
19990711,0000,134
19990712,0000,136
19990713,0000,109
19990714,0000,125
19990715,0000,97
19990716,0000,117
19990717,0000,105
19990718,0000,114
19990719,0000,117
19990720,0000,108
19990721,0000,129
19990722,0000,116
19990723,0000,95
19990724,0000,122
19990725,0000,170
19990726,0000,154
19990727,0000,151
19990728,0000,m
19990729,0000,141
19990730,0000,127
19990731,0000,147
19990801,0000,117
19990802,0000,153
19990803,0000,95
19990804,0000,138
19990805,0000,110
19990806,0000,164
19990807,0000,104
19990808,0000,m
19990809,0000,143
19990810,0000,148
19990811,0000,149
19990812,0000,161
19990813,0000,152
19990814,0000,156
19990815,0000,155
19990816,0000,150
19990817,0000,141
19990818,0000,134
19990819,0000,145
19990820,0000,149
19990821,0000,147
19990822,0000,146
19990823,0000,126
19990824,0000,145
19990825,0000,147
19990826,0000,139
19990827,0000,157
19990828,0000,126
19990829,0000,139
19990830,0000,123
19990831,0000,139
19990901,0000,165
19990902,0000,166
19990903,0000,170
19990904,0000,176
19990905,0000,185
19990906,0000,169
19990907,0000,158
19990908,0000,147
19990909,0000,158
19990910,0000,146
19990911,0000,158
19990912,0000,156
19990913,0000,153
19990914,0000,178
19990915,0000,165
19990916,0000,176
19990917,0000,256
19990918,0000,199
19990919,0000,202
19990920,0000,205
19990921,0000,m
19990922,0000,198
19990923,0000,216
19990924,0000,217
19990925,0000,204
19990926,0000,219
19990927,0000,208
19990928,0000,218
19990929,0000,218
19990930,0000,m
19991001,0000,226
19991002,0000,192
19991003,0000,220
19991004,0000,193
19991005,0000,210
19991006,0000,233
19991007,0000,236
19991008,0000,225
19991009,0000,240
19991010,0000,215
19991011,0000,220
19991012,0000,212
19991013,0000,248
19991014,0000,212
19991015,0000,244
19991016,0000,242
19991017,0000,242
19991018,0000,270
19991019,0000,250
19991020,0000,256
19991021,0000,292
19991022,0000,275
19991023,0000,298
19991024,0000,306
19991025,0000,175
19991026,0000,63
19991027,0000,101
19991028,0000,61
19991029,0000,142
19991030,0000,175
19991031,0000,232
19991101,0000,237
19991102,0000,227
19991103,0000,218
19991104,0000,224
19991105,0000,231
19991106,0000,204
19991107,0000,263
19991108,0000,236
19991109,0000,219
19991110,0000,236
19991111,0000,229
19991112,0000,177
19991113,0000,188
19991114,0000,173
19991115,0000,207
19991116,0000,300
19991117,0000,235
19991118,0000,188
19991119,0000,273
19991120,0000,292
19991121,0000,222
19991122,0000,238
19991123,0000,242
19991124,0000,238
19991125,0000,240
19991126,0000,226
19991127,0000,224
19991128,0000,222
19991129,0000,340
19991130,0000,345
19991201,0000,382
19991202,0000,321
19991203,0000,283
19991204,0000,277
19991205,0000,230
19991206,0000,247
19991207,0000,234
19991208,0000,264
19991209,0000,347
19991210,0000,308
19991211,0000,254
19991212,0000,254
19991213,0000,161
19991214,0000,130
19991215,0000,117
19991216,0000,119
19991217,0000,102
19991218,0000,108
19991219,0000,88
19991220,0000,110
19991221,0000,72
19991222,0000,96
19991223,0000,75
19991224,0000,78
19991225,0000,92
19991226,0000,71
19991227,0000,79
19991228,0000,87
19991229,0000,94
19991230,0000,72
19991231,0000,90
20000101,0000,35
20000102,0000,74
20000103,0000,-8
20000104,0000,21
20000105,0000,24
20000106,0000,21
20000107,0000,-1
20000108,0000,0
20000109,0000,1
20000110,0000,56
20000111,0000,315
20000112,0000,255
20000113,0000,164
20000114,0000,344
20000115,0000,460
20000116,0000,960
20000117,0000,433
20000118,0000,910
20000119,0000,983
20000120,0000,712
20000121,0000,735
20000122,0000,592
20000123,0000,505
20000124,0000,582
20000125,0000,668
20000126,0000,504
20000127,0000,438
20000128,0000,408
20000129,0000,398
20000130,0000,778
20000131,0000,1140
20000201,0000,752
20000202,0000,550
20000203,0000,539
20000204,0000,514
20000205,0000,1074
20000206,0000,690
20000207,0000,467
20000208,0000,450
20000209,0000,422
20000210,0000,595
20000211,0000,1043
20000212,0000,1169
20000213,0000,2951
20000214,0000,2579
20000215,0000,1022
20000216,0000,797
20000217,0000,491
20000218,0000,347
20000219,0000,478
20000220,0000,761
20000221,0000,963
20000222,0000,1473
20000223,0000,1537
20000224,0000,821
20000225,0000,671
20000226,0000,1446
20000227,0000,1852
20000228,0000,1056
20000229,0000,1407
20000301,0000,m
20000302,0000,789
20000303,0000,674
20000304,0000,797
20000305,0000,1107
20000306,0000,737
20000307,0000,721
20000308,0000,815
20000309,0000,891
20000310,0000,710
20000311,0000,686
20000312,0000,627
20000313,0000,576
20000314,0000,531
20000315,0000,488
20000316,0000,479
20000317,0000,445
20000318,0000,454
20000319,0000,430
20000320,0000,302
20000321,0000,118
20000322,0000,384
20000323,0000,393
20000324,0000,399
20000325,0000,407
20000326,0000,353
20000327,0000,335
20000328,0000,289
20000329,0000,286
20000330,0000,296
20000331,0000,312
20000401,0000,312
20000402,0000,296
20000403,0000,247
20000404,0000,233
20000405,0000,236
20000406,0000,227
20000407,0000,255
20000408,0000,213
20000409,0000,187
20000410,0000,210
20000411,0000,183
20000412,0000,190
20000413,0000,185
20000414,0000,173
20000415,0000,170
20000416,0000,297
20000417,0000,471
20000418,0000,252
20000419,0000,193
20000420,0000,259
20000421,0000,174
20000422,0000,224
20000423,0000,252
20000424,0000,163
20000425,0000,171
20000426,0000,184
20000427,0000,173
20000428,0000,175
20000429,0000,205
20000430,0000,197
20000501,0000,211
20000502,0000,201
20000503,0000,193
20000504,0000,195
20000505,0000,200
20000506,0000,174
20000507,0000,238
20000508,0000,239
20000509,0000,174
20000510,0000,208
20000511,0000,152
20000512,0000,191
20000513,0000,220
20000514,0000,283
20000515,0000,m
20000516,0000,246
20000517,0000,135
20000518,0000,m
20000519,0000,214
20000520,0000,232
20000521,0000,240
20000522,0000,m
20000523,0000,209
20000524,0000,m
20000525,0000,m
20000526,0000,171
20000527,0000,152
20000528,0000,180
20000529,0000,159
20000530,0000,160
20000531,0000,176
20000601,0000,171
20000602,0000,174
20000603,0000,140
20000604,0000,131
20000605,0000,122
20000606,0000,m
20000607,0000,129
20000608,0000,141
20000609,0000,140
20000610,0000,134
20000611,0000,157
20000612,0000,97
20000613,0000,m
20000614,0000,m
20000615,0000,135
20000616,0000,131
20000617,0000,117
20000618,0000,117
20000619,0000,151
20000620,0000,132
20000621,0000,110
20000622,0000,m
20000623,0000,123
20000624,0000,115
20000625,0000,145
20000626,0000,m
20000627,0000,150
20000628,0000,m
20000629,0000,120
20000630,0000,119
20000701,0000,92
20000702,0000,402
20000703,0000,146
20000704,0000,113
20000705,0000,136
20000706,0000,113
20000707,0000,135
20000708,0000,126
20000709,0000,112
20000710,0000,138
20000711,0000,120
20000712,0000,113
20000713,0000,108
20000714,0000,115
20000715,0000,88
20000716,0000,107
20000717,0000,100
20000718,0000,111
20000719,0000,128
20000720,0000,116
20000721,0000,m
20000722,0000,m
20000723,0000,144
20000724,0000,m
20000725,0000,92
20000726,0000,109
20000727,0000,105
20000728,0000,132
20000729,0000,116
20000730,0000,m
20000731,0000,118
20000801,0000,122
20000802,0000,108
20000803,0000,120
20000804,0000,m
20000805,0000,123
20000806,0000,98
20000807,0000,m
20000808,0000,128
20000809,0000,128
20000810,0000,142
20000811,0000,m
20000812,0000,m
20000813,0000,m
20000814,0000,m
20000815,0000,m
20000816,0000,m
20000817,0000,129
20000818,0000,121
20000819,0000,122
20000820,0000,148
20000821,0000,m
20000822,0000,m
20000823,0000,156
20000824,0000,143
20000825,0000,m
20000826,0000,m
20000827,0000,m
20000828,0000,167
20000829,0000,152
20000830,0000,95
20000831,0000,108
20000901,0000,m
20000902,0000,128
20000903,0000,111
20000904,0000,135
20000905,0000,146
20000906,0000,122
20000907,0000,140
20000908,0000,116
20000909,0000,m
20000910,0000,153
20000911,0000,150
20000912,0000,130
20000913,0000,m
20000914,0000,156
20000915,0000,143
20000916,0000,113
20000917,0000,96
20000918,0000,104
20000919,0000,70
20000920,0000,65
20000921,0000,90
20000922,0000,82
20000923,0000,78
20000924,0000,94
20000925,0000,104
20000926,0000,88
20000927,0000,72
20000928,0000,94
20000929,0000,m
20000930,0000,96
20001001,0000,96
20001002,0000,m
20001003,0000,116
20001004,0000,97
20001005,0000,78
20001006,0000,86
20001007,0000,m
20001008,0000,92
20001009,0000,107
20001010,0000,127
20001011,0000,103
20001012,0000,131
20001013,0000,151
20001014,0000,184
20001015,0000,m
20001016,0000,194
20001017,0000,185
20001018,0000,192
20001019,0000,203
20001020,0000,154
20001021,0000,165
20001022,0000,182
20001023,0000,148
20001024,0000,156
20001025,0000,271
20001026,0000,284
20001027,0000,210
20001028,0000,260
20001029,0000,200
20001030,0000,177
20001031,0000,171
20001101,0000,m
20001102,0000,170
20001103,0000,181
20001104,0000,222
20001105,0000,247
20001106,0000,189
20001107,0000,267
20001108,0000,237
20001109,0000,257
20001110,0000,258
20001111,0000,250
20001112,0000,265
20001113,0000,308
20001114,0000,286
20001115,0000,309
20001116,0000,288
20001117,0000,289
20001118,0000,305
20001119,0000,290
20001120,0000,304
20001121,0000,296
20001122,0000,289
20001123,0000,172
20001124,0000,174
20001125,0000,150
20001126,0000,148
20001127,0000,160
20001128,0000,158
20001129,0000,245
20001130,0000,224
20001201,0000,169
20001202,0000,121
20001203,0000,122
20001204,0000,48
20001205,0000,67
20001206,0000,64
20001207,0000,80
20001208,0000,65
20001209,0000,55
20001210,0000,77
20001211,0000,94
20001212,0000,73
20001213,0000,94
20001214,0000,170
20001215,0000,119
20001216,0000,73
20001217,0000,83
20001218,0000,65
20001219,0000,59
20001220,0000,54
20001221,0000,65
20001222,0000,73
20001223,0000,64
20001224,0000,81
20001225,0000,65
20001226,0000,65
20001227,0000,73
20001228,0000,50
20001229,0000,66
20001230,0000,59
20001231,0000,73
20010101,0000,51
20010102,0000,59
20010103,0000,67
20010104,0000,52
20010105,0000,62
20010106,0000,52
20010107,0000,52
20010108,0000,102
20010109,0000,96
20010110,0000,439
20010111,0000,332
20010112,0000,142
20010113,0000,124
20010114,0000,104
20010115,0000,75
20010116,0000,64
20010117,0000,54
20010118,0000,53
20010119,0000,62
20010120,0000,47
20010121,0000,54
20010122,0000,54
20010123,0000,154
20010124,0000,479
20010125,0000,533
20010126,0000,486
20010127,0000,243
20010128,0000,180
20010129,0000,142
20010130,0000,119
20010131,0000,111
20010201,0000,95
20010202,0000,54
20010203,0000,62
20010204,0000,80
20010205,0000,111
20010206,0000,57
20010207,0000,49
20010208,0000,52
20010209,0000,113
20010210,0000,151
20010211,0000,424
20010212,0000,392
20010213,0000,244
20010214,0000,139
20010215,0000,129
20010216,0000,106
20010217,0000,322
20010218,0000,418
20010219,0000,776
20010220,0000,1812
20010221,0000,937
20010222,0000,1341
20010223,0000,490
20010224,0000,738
20010225,0000,881
20010226,0000,374
20010227,0000,242
20010228,0000,169
20010301,0000,m
20010302,0000,132
20010303,0000,141
20010304,0000,2636
20010305,0000,m
20010306,0000,398
20010307,0000,248
20010308,0000,196
20010309,0000,171
20010310,0000,114
20010311,0000,141
20010312,0000,96
20010313,0000,90
20010314,0000,76
20010315,0000,72
20010316,0000,77
20010317,0000,164
20010318,0000,200
20010319,0000,134
20010320,0000,182
20010321,0000,188
20010322,0000,209
20010323,0000,280
20010324,0000,316
20010325,0000,340
20010326,0000,337
20010327,0000,331
20010328,0000,346
20010329,0000,346
20010330,0000,347
20010331,0000,355
20010401,0000,347
20010402,0000,306
20010403,0000,262
20010404,0000,219
20010405,0000,232
20010406,0000,288
20010407,0000,287
20010408,0000,246
20010409,0000,252
20010410,0000,m
20010411,0000,297
20010412,0000,246
20010413,0000,272
20010414,0000,189
20010415,0000,208
20010416,0000,178
20010417,0000,153
20010418,0000,199
20010419,0000,137
20010420,0000,223
20010421,0000,187
20010422,0000,141
20010423,0000,m
20010424,0000,m
20010425,0000,167
20010426,0000,176
20010427,0000,144
20010428,0000,143
20010429,0000,125
20010430,0000,142
20010501,0000,131
20010502,0000,104
20010503,0000,107
20010504,0000,105
20010505,0000,96
20010506,0000,105
20010507,0000,116
20010508,0000,121
20010509,0000,115
20010510,0000,125
20010511,0000,m
20010512,0000,108
20010513,0000,118
20010514,0000,93
20010515,0000,106
20010516,0000,93
20010517,0000,112
20010518,0000,158
20010519,0000,m
20010520,0000,139
20010521,0000,m
20010522,0000,112
20010523,0000,120
20010524,0000,122
20010525,0000,129
20010526,0000,118
20010527,0000,m
20010528,0000,127
20010529,0000,135
20010530,0000,126
20010531,0000,120
20010601,0000,105
20010602,0000,130
20010603,0000,112
20010604,0000,m
20010605,0000,132
20010606,0000,m
20010607,0000,113
20010608,0000,85
20010609,0000,94
20010610,0000,131
20010611,0000,114
20010612,0000,117
20010613,0000,137
20010614,0000,m
20010615,0000,78
20010616,0000,72
20010617,0000,63
20010618,0000,m
20010619,0000,74
20010620,0000,52
20010621,0000,64
20010622,0000,66
20010623,0000,39
20010624,0000,37
20010625,0000,m
20010626,0000,32
20010627,0000,121
20010628,0000,m
20010629,0000,m
20010630,0000,m
20010701,0000,m
20010702,0000,114
20010703,0000,123
20010704,0000,65
20010705,0000,m
20010706,0000,m
20010707,0000,m
20010708,0000,9
20010709,0000,68
20010710,0000,48
20010711,0000,52
20010712,0000,59
20010713,0000,61
20010714,0000,45
20010715,0000,m
20010716,0000,m
20010717,0000,73
20010718,0000,73
20010719,0000,65
20010720,0000,m
20010721,0000,74
20010722,0000,83
20010723,0000,m
20010724,0000,69
20010725,0000,61
20010726,0000,66
20010727,0000,58
20010728,0000,45
20010729,0000,27
20010730,0000,62
20010731,0000,62
20010801,0000,46
20010802,0000,m
20010803,0000,67
20010804,0000,48
20010805,0000,76
20010806,0000,64
20010807,0000,80
20010808,0000,73
20010809,0000,m
20010810,0000,63
20010811,0000,54
20010812,0000,62
20010813,0000,75
20010814,0000,65
20010815,0000,76
20010816,0000,52
20010817,0000,m
20010818,0000,42
20010819,0000,68
20010820,0000,46
20010821,0000,40
20010822,0000,46
20010823,0000,71
20010824,0000,52
20010825,0000,m
20010826,0000,60
20010827,0000,68
20010828,0000,46
20010829,0000,78
20010830,0000,64
20010831,0000,61
20010901,0000,63
20010902,0000,m
20010903,0000,69
20010904,0000,54
20010905,0000,37
20010906,0000,59
20010907,0000,m
20010908,0000,44
20010909,0000,62
20010910,0000,m
20010911,0000,65
20010912,0000,63
20010913,0000,88
20010914,0000,76
20010915,0000,84
20010916,0000,73
20010917,0000,102
20010918,0000,m
20010919,0000,63
20010920,0000,76
20010921,0000,63
20010922,0000,56
20010923,0000,72
20010924,0000,131
20010925,0000,m
20010926,0000,81
20010927,0000,70
20010928,0000,73
20010929,0000,m
20010930,0000,81
20011001,0000,86
20011002,0000,74
20011003,0000,43
20011004,0000,m
20011005,0000,m
20011006,0000,26
20011007,0000,33
20011008,0000,28
20011009,0000,67
20011010,0000,58
20011011,0000,m
20011012,0000,91
20011013,0000,m
20011014,0000,114
20011015,0000,107
20011016,0000,69
20011017,0000,82
20011018,0000,81
20011019,0000,74
20011020,0000,m
20011021,0000,89
20011022,0000,113
20011023,0000,88
20011024,0000,89
20011025,0000,114
20011026,0000,79
20011027,0000,m
20011028,0000,162
20011029,0000,150
20011030,0000,163
20011031,0000,m
20011101,0000,m
20011102,0000,145
20011103,0000,145
20011104,0000,m
20011105,0000,159
20011106,0000,164
20011107,0000,184
20011108,0000,176
20011109,0000,145
20011110,0000,213
20011111,0000,187
20011112,0000,268
20011113,0000,m
20011114,0000,211
20011115,0000,187
20011116,0000,275
20011117,0000,260
20011118,0000,246
20011119,0000,261
20011120,0000,262
20011121,0000,814
20011122,0000,600
20011123,0000,304
20011124,0000,1240
20011125,0000,460
20011126,0000,278
20011127,0000,275
20011128,0000,m
20011129,0000,1130
20011130,0000,481
20011201,0000,1847
20011202,0000,1022
20011203,0000,977
20011204,0000,645
20011205,0000,1610
20011206,0000,1343
20011207,0000,717
20011208,0000,517
20011209,0000,451
20011210,0000,406
20011211,0000,m
20011212,0000,366
20011213,0000,654
20011214,0000,1464
20011215,0000,556
20011216,0000,541
20011217,0000,m
20011218,0000,m
20011219,0000,m
20011220,0000,m
20011221,0000,m
20011222,0000,1342
20011223,0000,1004
20011224,0000,744
20011225,0000,659
20011226,0000,857
20011227,0000,490
20011228,0000,633
20011229,0000,924
20011230,0000,1319
20011231,0000,1251
20020101,0000,m
20020102,0000,m
20020103,0000,940
20020104,0000,854
20020105,0000,973
20020106,0000,1690
20020107,0000,987
20020108,0000,809
20020109,0000,707
20020110,0000,671
20020111,0000,616
20020112,0000,m
20020113,0000,m
20020114,0000,503
20020115,0000,476
20020116,0000,457
20020117,0000,419
20020118,0000,m
20020119,0000,m
20020120,0000,m
20020121,0000,422
20020122,0000,m
20020123,0000,447
20020124,0000,397
20020125,0000,407
20020126,0000,487
20020127,0000,410
20020128,0000,284
20020129,0000,252
20020130,0000,185
20020131,0000,310
20020201,0000,411
20020202,0000,368
20020203,0000,369
20020204,0000,m
20020205,0000,247
20020206,0000,387
20020207,0000,444
20020208,0000,444
20020209,0000,395
20020210,0000,412
20020211,0000,385
20020212,0000,418
20020213,0000,387
20020214,0000,384
20020215,0000,393
20020216,0000,393
20020217,0000,384
20020218,0000,401
20020219,0000,1251
20020220,0000,1394
20020221,0000,899
20020222,0000,646
20020223,0000,545
20020224,0000,487
20020225,0000,470
20020226,0000,458
20020227,0000,464
20020228,0000,437
20020301,0000,412
20020302,0000,407
20020303,0000,425
20020304,0000,383
20020305,0000,436
20020306,0000,446
20020307,0000,495
20020308,0000,428
20020309,0000,445
20020310,0000,558
20020311,0000,460
20020312,0000,420
20020313,0000,m
20020314,0000,376
20020315,0000,387
20020316,0000,387
20020317,0000,397
20020318,0000,371
20020319,0000,354
20020320,0000,381
20020321,0000,384
20020322,0000,420
20020323,0000,m
20020324,0000,m
20020325,0000,367
20020326,0000,338
20020327,0000,m
20020328,0000,311
20020329,0000,304
20020330,0000,319
20020331,0000,302
20020401,0000,296
20020402,0000,199
20020403,0000,146
20020404,0000,154
20020405,0000,140
20020406,0000,m
20020407,0000,141
20020408,0000,139
20020409,0000,150
20020410,0000,155
20020411,0000,160
20020412,0000,160
20020413,0000,151
20020414,0000,133
20020415,0000,136
20020416,0000,132
20020417,0000,145
20020418,0000,103
20020419,0000,89
20020420,0000,115
20020421,0000,141
20020422,0000,152
20020423,0000,153
20020424,0000,111
20020425,0000,114
20020426,0000,102
20020427,0000,101
20020428,0000,99
20020429,0000,149
20020430,0000,101
20020501,0000,119
20020502,0000,109
20020503,0000,110
20020504,0000,100
20020505,0000,99
20020506,0000,78
20020507,0000,83
20020508,0000,57
20020509,0000,51
20020510,0000,42
20020511,0000,77
20020512,0000,60
20020513,0000,66
20020514,0000,100
20020515,0000,91
20020516,0000,139
20020517,0000,149
20020518,0000,106
20020519,0000,149
20020520,0000,188
20020521,0000,187
20020522,0000,107
20020523,0000,117
20020524,0000,139
20020525,0000,130
20020526,0000,124
20020527,0000,112
20020528,0000,132
20020529,0000,93
20020530,0000,113
20020531,0000,101
20020601,0000,111
20020602,0000,131
20020603,0000,103
20020604,0000,112
20020605,0000,97
20020606,0000,86
20020607,0000,101
20020608,0000,68
20020609,0000,m
20020610,0000,99
20020611,0000,111
20020612,0000,64
20020613,0000,80
20020614,0000,80
20020615,0000,90
20020616,0000,108
20020617,0000,91
20020618,0000,105
20020619,0000,114
20020620,0000,119
20020621,0000,72
20020622,0000,90
20020623,0000,105
20020624,0000,104
20020625,0000,m
20020626,0000,62
20020627,0000,m
20020628,0000,m
20020629,0000,m
20020630,0000,93
20020701,0000,86
20020702,0000,64
20020703,0000,69
20020704,0000,m
20020705,0000,62
20020706,0000,71
20020707,0000,80
20020708,0000,m
20020709,0000,103
20020710,0000,91
20020711,0000,68
20020712,0000,m
20020713,0000,m
20020714,0000,m
20020715,0000,65
20020716,0000,79
20020717,0000,76
20020718,0000,56
20020719,0000,133
20020720,0000,68
20020721,0000,61
20020722,0000,81
20020723,0000,69
20020724,0000,101
20020725,0000,100
20020726,0000,m
20020727,0000,78
20020728,0000,62
20020729,0000,92
20020730,0000,m
20020731,0000,63
20020801,0000,79
20020802,0000,m
20020803,0000,70
20020804,0000,85
20020805,0000,68
20020806,0000,m
20020807,0000,107
20020808,0000,90
20020809,0000,98
20020810,0000,m
20020811,0000,m
20020812,0000,98
20020813,0000,96
20020814,0000,m
20020815,0000,104
20020816,0000,90
20020817,0000,83
20020818,0000,107
20020819,0000,84
20020820,0000,m
20020821,0000,m
20020822,0000,93
20020823,0000,73
20020824,0000,92
20020825,0000,83
20020826,0000,m
20020827,0000,99
20020828,0000,69
20020829,0000,98
20020830,0000,91
20020831,0000,101
20020901,0000,88
20020902,0000,76
20020903,0000,72
20020904,0000,65
20020905,0000,84
20020906,0000,78
20020907,0000,89
20020908,0000,92
20020909,0000,m
20020910,0000,95
20020911,0000,75
20020912,0000,89
20020913,0000,88
20020914,0000,78
20020915,0000,73
20020916,0000,79
20020917,0000,94
20020918,0000,m
20020919,0000,85
20020920,0000,79
20020921,0000,77
20020922,0000,77
20020923,0000,86
20020924,0000,m
20020925,0000,66
20020926,0000,90
20020927,0000,118
20020928,0000,118
20020929,0000,113
20020930,0000,m
20021001,0000,124
20021002,0000,143
20021003,0000,125
20021004,0000,m
20021005,0000,144
20021006,0000,161
20021007,0000,139
20021008,0000,84
20021009,0000,75
20021010,0000,82
20021011,0000,72
20021012,0000,74
20021013,0000,71
20021014,0000,101
20021015,0000,71
20021016,0000,72
20021017,0000,m
20021018,0000,87
20021019,0000,76
20021020,0000,81
20021021,0000,92
20021022,0000,m
20021023,0000,79
20021024,0000,m
20021025,0000,89
20021026,0000,m
20021027,0000,73
20021028,0000,95
20021029,0000,m
20021030,0000,84
20021031,0000,82
20021101,0000,83
20021102,0000,83
20021103,0000,84
20021104,0000,86
20021105,0000,85
20021106,0000,73
20021107,0000,153
20021108,0000,161
20021109,0000,m
20021110,0000,m
20021111,0000,m
20021112,0000,m
20021113,0000,104
20021114,0000,91
20021115,0000,80
20021116,0000,90
20021117,0000,85
20021118,0000,83
20021119,0000,64
20021120,0000,98
20021121,0000,93
20021122,0000,m
20021123,0000,84
20021124,0000,89
20021125,0000,91
20021126,0000,m
20021127,0000,m
20021128,0000,m
20021129,0000,82
20021130,0000,87
20021201,0000,77
20021202,0000,80
20021203,0000,m
20021204,0000,34
20021205,0000,30
20021206,0000,32
20021207,0000,17
20021208,0000,18
20021209,0000,m
20021210,0000,47
20021211,0000,m
20021212,0000,28
20021213,0000,670
20021214,0000,2763
20021215,0000,1176
20021216,0000,2606
20021217,0000,618
20021218,0000,463
20021219,0000,1237
20021220,0000,2702
20021221,0000,2185
20021222,0000,671
20021223,0000,467
20021224,0000,375
20021225,0000,m
20021226,0000,383
20021227,0000,1356
20021228,0000,1572
20021229,0000,1168
20021230,0000,m
20021231,0000,2807
20030101,0000,m
20030102,0000,800
20030103,0000,648
20030104,0000,571
20030105,0000,520
20030106,0000,m
20030107,0000,330
20030108,0000,313
20030109,0000,381
20030110,0000,429
20030111,0000,421
20030112,0000,1197
20030113,0000,2153
20030114,0000,1341
20030115,0000,m
20030116,0000,579
20030117,0000,516
20030118,0000,308
20030119,0000,141
20030120,0000,163
20030121,0000,160
20030122,0000,386
20030123,0000,421
20030124,0000,259
20030125,0000,275
20030126,0000,241
20030127,0000,247
20030128,0000,273
20030129,0000,167
20030130,0000,127
20030131,0000,134
20030201,0000,100
20030202,0000,152
20030203,0000,182
20030204,0000,374
20030205,0000,330
20030206,0000,357
20030207,0000,334
20030208,0000,341
20030209,0000,339
20030210,0000,344
20030211,0000,332
20030212,0000,374
20030213,0000,433
20030214,0000,444
20030215,0000,538
20030216,0000,1278
20030217,0000,554
20030218,0000,593
20030219,0000,621
20030220,0000,629
20030221,0000,512
20030222,0000,400
20030223,0000,449
20030224,0000,441
20030225,0000,420
20030226,0000,384
20030227,0000,387
20030228,0000,403
20030301,0000,385
20030302,0000,378
20030303,0000,350
20030304,0000,341
20030305,0000,351
20030306,0000,319
20030307,0000,262
20030308,0000,248
20030309,0000,263
20030310,0000,287
20030311,0000,330
20030312,0000,355
20030313,0000,429
20030314,0000,565
20030315,0000,2043
20030316,0000,716
20030317,0000,468
20030318,0000,442
20030319,0000,454
20030320,0000,441
20030321,0000,435
20030322,0000,414
20030323,0000,462
20030324,0000,401
20030325,0000,382
20030326,0000,502
20030327,0000,363
20030328,0000,450
20030329,0000,390
20030330,0000,383
20030331,0000,374
20030401,0000,339
20030402,0000,393
20030403,0000,342
20030404,0000,542
20030405,0000,383
20030406,0000,388
20030407,0000,385
20030408,0000,386
20030409,0000,386
20030410,0000,368
20030411,0000,427
20030412,0000,1201
20030413,0000,1279
20030414,0000,893
20030415,0000,666
20030416,0000,675
20030417,0000,710
20030418,0000,602
20030419,0000,576
20030420,0000,528
20030421,0000,522
20030422,0000,546
20030423,0000,534
20030424,0000,1238
20030425,0000,825
20030426,0000,761
20030427,0000,701
20030428,0000,1357
20030429,0000,2532
20030430,0000,1573
20030501,0000,1051
20030502,0000,836
20030503,0000,760
20030504,0000,709
20030505,0000,574
20030506,0000,512
20030507,0000,529
20030508,0000,509
20030509,0000,486
20030510,0000,491
20030511,0000,478
20030512,0000,451
20030513,0000,441
20030514,0000,444
20030515,0000,373
20030516,0000,415
20030517,0000,414
20030518,0000,404
20030519,0000,404
20030520,0000,378
20030521,0000,386
20030522,0000,387
20030523,0000,370
20030524,0000,349
20030525,0000,369
20030526,0000,366
20030527,0000,373
20030528,0000,346
20030529,0000,308
20030530,0000,307
20030531,0000,347
20030601,0000,335
20030602,0000,284
20030603,0000,251
20030604,0000,199
20030605,0000,223
20030606,0000,256
20030607,0000,244
20030608,0000,193
20030609,0000,223
20030610,0000,178
20030611,0000,127
20030612,0000,146
20030613,0000,136
20030614,0000,145
20030615,0000,176
20030616,0000,169
20030617,0000,172
20030618,0000,171
20030619,0000,146
20030620,0000,164
20030621,0000,127
20030622,0000,127
20030623,0000,138
20030624,0000,150
20030625,0000,172
20030626,0000,154
20030627,0000,157
20030628,0000,135
20030629,0000,135
20030630,0000,158
20030701,0000,138
20030702,0000,149
20030703,0000,143
20030704,0000,166
20030705,0000,121
20030706,0000,166
20030707,0000,138
20030708,0000,148
20030709,0000,161
20030710,0000,175
20030711,0000,137
20030712,0000,153
20030713,0000,154
20030714,0000,183
20030715,0000,175
20030716,0000,174
20030717,0000,176
20030718,0000,175
20030719,0000,152
20030720,0000,181
20030721,0000,163
20030722,0000,182
20030723,0000,155
20030724,0000,170
20030725,0000,127
20030726,0000,121
20030727,0000,159
20030728,0000,144
20030729,0000,145
20030730,0000,96
20030731,0000,m
20030801,0000,148
20030802,0000,96
20030803,0000,130
20030804,0000,137
20030805,0000,134
20030806,0000,136
20030807,0000,138
20030808,0000,132
20030809,0000,138
20030810,0000,149
20030811,0000,153
20030812,0000,135
20030813,0000,162
20030814,0000,144
20030815,0000,153
20030816,0000,145
20030817,0000,148
20030818,0000,157
20030819,0000,m
20030820,0000,149
20030821,0000,113
20030822,0000,144
20030823,0000,145
20030824,0000,139
20030825,0000,159
20030826,0000,144
20030827,0000,160
20030828,0000,130
20030829,0000,157
20030830,0000,177
20030831,0000,163
20030901,0000,175
20030902,0000,157
20030903,0000,136
20030904,0000,m
20030905,0000,124
20030906,0000,138
20030907,0000,153
20030908,0000,157
20030909,0000,169
20030910,0000,261
20030911,0000,273
20030912,0000,292
20030913,0000,296
20030914,0000,287
20030915,0000,289
20030916,0000,265
20030917,0000,273
20030918,0000,309
20030919,0000,1771
20030920,0000,306
20030921,0000,301
20030922,0000,308
20030923,0000,305
20030924,0000,284
20030925,0000,226
20030926,0000,228
20030927,0000,263
20030928,0000,270
20030929,0000,279
20030930,0000,278
20031001,0000,223
20031002,0000,228
20031003,0000,239
20031004,0000,233
20031005,0000,233
20031006,0000,270
20031007,0000,239
20031008,0000,209
20031009,0000,182
20031010,0000,187
20031011,0000,203
20031012,0000,222
20031013,0000,216
20031014,0000,206
20031015,0000,185
20031016,0000,204
20031017,0000,212
20031018,0000,194
20031019,0000,151
20031020,0000,163
20031021,0000,101
20031022,0000,79
20031023,0000,97
20031024,0000,83
20031025,0000,100
20031026,0000,81
20031027,0000,76
20031028,0000,86
20031029,0000,70
20031030,0000,89
20031031,0000,81
20031101,0000,103
20031102,0000,106
20031103,0000,99
20031104,0000,120
20031105,0000,86
20031106,0000,100
20031107,0000,94
20031108,0000,182
20031109,0000,187
20031110,0000,137
20031111,0000,130
20031112,0000,100
20031113,0000,114
20031114,0000,149
20031115,0000,169
20031116,0000,183
20031117,0000,194
20031118,0000,246
20031119,0000,214
20031120,0000,248
20031121,0000,193
20031122,0000,151
20031123,0000,161
20031124,0000,160
20031125,0000,158
20031126,0000,161
20031127,0000,159
20031128,0000,142
20031129,0000,211
20031130,0000,220
20031201,0000,297
20031202,0000,256
20031203,0000,202
20031204,0000,308
20031205,0000,374
20031206,0000,686
20031207,0000,448
20031208,0000,354
20031209,0000,427
20031210,0000,1011
20031211,0000,616
20031212,0000,786
20031213,0000,1096
20031214,0000,1305
20031215,0000,483
20031216,0000,391
20031217,0000,357
20031218,0000,326
20031219,0000,503
20031220,0000,613
20031221,0000,m
20031222,0000,579
20031223,0000,510
20031224,0000,2107
20031225,0000,m
20031226,0000,941
20031227,0000,m
20031228,0000,m
20031229,0000,3863
20031230,0000,1129
20031231,0000,m
20040101,0000,2288
20040102,0000,1494
20040103,0000,1237
20040104,0000,812
20040105,0000,534
20040106,0000,506
20040107,0000,513
20040108,0000,495
20040109,0000,863
20040110,0000,662
20040111,0000,543
20040112,0000,m
20040113,0000,459
20040114,0000,594
20040115,0000,722
20040116,0000,502
20040117,0000,395
20040118,0000,387
20040119,0000,369
20040120,0000,m
20040121,0000,420
20040122,0000,362
20040123,0000,359
20040124,0000,384
20040125,0000,369
20040126,0000,455
20040127,0000,669
20040128,0000,599
20040129,0000,423
20040130,0000,487
20040131,0000,386
20040201,0000,428
20040202,0000,1449
20040203,0000,1405
20040204,0000,903
20040205,0000,709
20040206,0000,564
20040207,0000,522
20040208,0000,480
20040209,0000,421
20040210,0000,508
20040211,0000,509
20040212,0000,421
20040213,0000,356
20040214,0000,458
20040215,0000,879
20040216,0000,3340
20040217,0000,3999
20040218,0000,1668
20040219,0000,876
20040220,0000,782
20040221,0000,594
20040222,0000,715
20040223,0000,662
20040224,0000,736
20040225,0000,2904
20040226,0000,2423
20040227,0000,1221
20040228,0000,1094
20040229,0000,811
20040301,0000,839
20040302,0000,648
20040303,0000,585
20040304,0000,539
20040305,0000,483
20040306,0000,473
20040307,0000,449
20040308,0000,450
20040309,0000,436
20040310,0000,412
20040311,0000,407
20040312,0000,386
20040313,0000,406
20040314,0000,385
20040315,0000,383
20040316,0000,391
20040317,0000,374
20040318,0000,365
20040319,0000,343
20040320,0000,360
20040321,0000,345
20040322,0000,325
20040323,0000,328
20040324,0000,308
20040325,0000,341
20040326,0000,353
20040327,0000,296
20040328,0000,252
20040329,0000,262
20040330,0000,245
20040331,0000,231
20040401,0000,229
20040402,0000,198
20040403,0000,207
20040404,0000,222
20040405,0000,209
20040406,0000,247
20040407,0000,241
20040408,0000,m
20040409,0000,228
20040410,0000,247
20040411,0000,208
20040412,0000,218
20040413,0000,217
20040414,0000,236
20040415,0000,227
20040416,0000,221
20040417,0000,218
20040418,0000,192
20040419,0000,227
20040420,0000,236
20040421,0000,224
20040422,0000,219
20040423,0000,208
20040424,0000,206
20040425,0000,198
20040426,0000,188
20040427,0000,184
20040428,0000,159
20040429,0000,157
20040430,0000,139
20040501,0000,129
20040502,0000,147
20040503,0000,156
20040504,0000,146
20040505,0000,118
20040506,0000,126
20040507,0000,m
20040508,0000,108
20040509,0000,130
20040510,0000,106
20040511,0000,132
20040512,0000,138
20040513,0000,117
20040514,0000,155
20040515,0000,150
20040516,0000,134
20040517,0000,151
20040518,0000,152
20040519,0000,144
20040520,0000,127
20040521,0000,144
20040522,0000,141
20040523,0000,167
20040524,0000,141
20040525,0000,168
20040526,0000,156
20040527,0000,143
20040528,0000,145
20040529,0000,155
20040530,0000,123
20040531,0000,173
20040601,0000,111
20040602,0000,137
20040603,0000,126
20040604,0000,115
20040605,0000,140
20040606,0000,115
20040607,0000,125
20040608,0000,116
20040609,0000,132
20040610,0000,145
20040611,0000,126
20040612,0000,120
20040613,0000,153
20040614,0000,145
20040615,0000,152
20040616,0000,134
20040617,0000,110
20040618,0000,126
20040619,0000,147
20040620,0000,156
20040621,0000,159
20040622,0000,141
20040623,0000,114
20040624,0000,140
20040625,0000,152
20040626,0000,135
20040627,0000,135
20040628,0000,143
20040629,0000,152
20040630,0000,129
20040701,0000,130
20040702,0000,133
20040703,0000,146
20040704,0000,140
20040705,0000,153
20040706,0000,148
20040707,0000,111
20040708,0000,106
20040709,0000,124
20040710,0000,124
20040711,0000,135
20040712,0000,121
20040713,0000,147
20040714,0000,132
20040715,0000,142
20040716,0000,140
20040717,0000,109
20040718,0000,125
20040719,0000,202
20040720,0000,126
20040721,0000,87
20040722,0000,26
20040723,0000,127
20040724,0000,112
20040725,0000,111
20040726,0000,99
20040727,0000,219
20040728,0000,108
20040729,0000,110
20040730,0000,100
20040731,0000,110
20040801,0000,87
20040802,0000,1
20040803,0000,111
20040804,0000,88
20040805,0000,112
20040806,0000,119
20040807,0000,90
20040808,0000,117
20040809,0000,109
20040810,0000,113
20040811,0000,99
20040812,0000,85
20040813,0000,106
20040814,0000,87
20040815,0000,86
20040816,0000,171
20040817,0000,101
20040818,0000,95
20040819,0000,104
20040820,0000,95
20040821,0000,85
20040822,0000,97
20040823,0000,114
20040824,0000,110
20040825,0000,105
20040826,0000,110
20040827,0000,117
20040828,0000,107
20040829,0000,86
20040830,0000,103
20040831,0000,113
20040901,0000,93
20040902,0000,87
20040903,0000,88
20040904,0000,115
20040905,0000,107
20040906,0000,102
20040907,0000,75
20040908,0000,69
20040909,0000,94
20040910,0000,74
20040911,0000,65
20040912,0000,72
20040913,0000,49
20040914,0000,80
20040915,0000,69
20040916,0000,81
20040917,0000,61
20040918,0000,79
20040919,0000,103
20040920,0000,42
20040921,0000,101
20040922,0000,105
20040923,0000,82
20040924,0000,86
20040925,0000,75
20040926,0000,91
20040927,0000,83
20040928,0000,28
20040929,0000,101
20040930,0000,90
20041001,0000,91
20041002,0000,92
20041003,0000,106
20041004,0000,110
20041005,0000,107
20041006,0000,101
20041007,0000,118
20041008,0000,104
20041009,0000,104
20041010,0000,91
20041011,0000,132
20041012,0000,91
20041013,0000,100
20041014,0000,100
20041015,0000,153
20041016,0000,136
20041017,0000,152
20041018,0000,143
20041019,0000,421
20041020,0000,195
20041021,0000,165
20041022,0000,145
20041023,0000,167
20041024,0000,166
20041025,0000,185
20041026,0000,235
20041027,0000,161
20041028,0000,153
20041029,0000,139
20041030,0000,152
20041031,0000,154
20041101,0000,147
20041102,0000,146
20041103,0000,146
20041104,0000,129
20041105,0000,135
20041106,0000,136
20041107,0000,142
20041108,0000,153
20041109,0000,145
20041110,0000,145
20041111,0000,96
20041112,0000,82
20041113,0000,78
20041114,0000,82
20041115,0000,80
20041116,0000,65
20041117,0000,60
20041118,0000,79
20041119,0000,57
20041120,0000,63
20041121,0000,81
20041122,0000,73
20041123,0000,126
20041124,0000,132
20041125,0000,116
20041126,0000,112
20041127,0000,164
20041128,0000,117
20041129,0000,97
20041130,0000,110
20041201,0000,117
20041202,0000,97
20041203,0000,130
20041204,0000,91
20041205,0000,93
20041206,0000,156
20041207,0000,334
20041208,0000,2611
20041209,0000,379
20041210,0000,286
20041211,0000,245
20041212,0000,246
20041213,0000,253
20041214,0000,251
20041215,0000,276
20041216,0000,253
20041217,0000,266
20041218,0000,263
20041219,0000,264
20041220,0000,255
20041221,0000,299
20041222,0000,234
20041223,0000,260
20041224,0000,246
20041225,0000,257
20041226,0000,402
20041227,0000,1752
20041228,0000,1056
20041229,0000,842
20041230,0000,2187
20041231,0000,1065
20050101,0000,972
20050102,0000,830
20050103,0000,549
20050104,0000,445
20050105,0000,389
20050106,0000,363
20050107,0000,994
20050108,0000,1117
20050109,0000,916
20050110,0000,817
20050111,0000,1516
20050112,0000,816
20050113,0000,847
20050114,0000,476
20050115,0000,427
20050116,0000,399
20050117,0000,383
20050118,0000,364
20050119,0000,355
20050120,0000,345
20050121,0000,306
20050122,0000,307
20050123,0000,308
20050124,0000,326
20050125,0000,356
20050126,0000,764
20050127,0000,382
20050128,0000,1276
20050129,0000,m
20050130,0000,m
20050131,0000,597
20050201,0000,529
20050202,0000,429
20050203,0000,397
20050204,0000,340
20050205,0000,368
20050206,0000,331
20050207,0000,345
20050208,0000,349
20050209,0000,341
20050210,0000,338
20050211,0000,338
20050212,0000,356
20050213,0000,488
20050214,0000,396
20050215,0000,370
20050216,0000,362
20050217,0000,352
20050218,0000,425
20050219,0000,436
20050220,0000,621
20050221,0000,556
20050222,0000,425
20050223,0000,447
20050224,0000,448
20050225,0000,432
20050226,0000,m
20050227,0000,726
20050228,0000,702
20050301,0000,760
20050302,0000,876
20050303,0000,501
20050304,0000,472
20050305,0000,441
20050306,0000,413
20050307,0000,361
20050308,0000,364
20050309,0000,307
20050310,0000,180
20050311,0000,338
20050312,0000,278
20050313,0000,308
20050314,0000,254
20050315,0000,187
20050316,0000,185
20050317,0000,218
20050318,0000,313
20050319,0000,447
20050320,0000,973
20050321,0000,829
20050322,0000,1128
20050323,0000,1023
20050324,0000,677
20050325,0000,523
20050326,0000,470
20050327,0000,1117
20050328,0000,1137
20050329,0000,704
20050330,0000,581
20050331,0000,538
20050401,0000,461
20050402,0000,450
20050403,0000,693
20050404,0000,689
20050405,0000,594
20050406,0000,468
20050407,0000,548
20050408,0000,1083
20050409,0000,711
20050410,0000,483
20050411,0000,442
20050412,0000,360
20050413,0000,288
20050414,0000,342
20050415,0000,345
20050416,0000,383
20050417,0000,339
20050418,0000,349
20050419,0000,317
20050420,0000,341
20050421,0000,334
20050422,0000,376
20050423,0000,322
20050424,0000,339
20050425,0000,336
20050426,0000,310
20050427,0000,328
20050428,0000,310
20050429,0000,312
20050430,0000,317
20050501,0000,291
20050502,0000,232
20050503,0000,230
20050504,0000,270
20050505,0000,273
20050506,0000,244
20050507,0000,236
20050508,0000,375
20050509,0000,659
20050510,0000,456
20050511,0000,289
20050512,0000,288
20050513,0000,266
20050514,0000,252
20050515,0000,248
20050516,0000,233
20050517,0000,271
20050518,0000,2132
20050519,0000,812
20050520,0000,408
20050521,0000,440
20050522,0000,369
20050523,0000,349
20050524,0000,292
20050525,0000,270
20050526,0000,260
20050527,0000,240
20050528,0000,210
20050529,0000,226
20050530,0000,235
20050531,0000,212
20050601,0000,202
20050602,0000,211
20050603,0000,203
20050604,0000,203
20050605,0000,194
20050606,0000,186
20050607,0000,185
20050608,0000,326
20050609,0000,263
20050610,0000,219
20050611,0000,211
20050612,0000,213
20050613,0000,200
20050614,0000,204
20050615,0000,204
20050616,0000,198
20050617,0000,211
20050618,0000,213
20050619,0000,210
20050620,0000,212
20050621,0000,192
20050622,0000,203
20050623,0000,207
20050624,0000,169
20050625,0000,177
20050626,0000,183
20050627,0000,179
20050628,0000,182
20050629,0000,193
20050630,0000,188
20050701,0000,180
20050702,0000,178
20050703,0000,181
20050704,0000,211
20050705,0000,190
20050706,0000,185
20050707,0000,175
20050708,0000,172
20050709,0000,198
20050710,0000,183
20050711,0000,172
20050712,0000,226
20050713,0000,229
20050714,0000,205
20050715,0000,131
20050716,0000,138
20050717,0000,130
20050718,0000,102
20050719,0000,112
20050720,0000,125
20050721,0000,99
20050722,0000,111
20050723,0000,137
20050724,0000,113
20050725,0000,156
20050726,0000,139
20050727,0000,97
20050728,0000,96
20050729,0000,80
20050730,0000,91
20050731,0000,101
20050801,0000,111
20050802,0000,119
20050803,0000,120
20050804,0000,94
20050805,0000,93
20050806,0000,110
20050807,0000,94
20050808,0000,116
20050809,0000,107
20050810,0000,96
20050811,0000,127
20050812,0000,93
20050813,0000,m
20050814,0000,98
20050815,0000,101
20050816,0000,98
20050817,0000,109
20050818,0000,99
20050819,0000,108
20050820,0000,125
20050821,0000,134
20050822,0000,126
20050823,0000,122
20050824,0000,124
20050825,0000,109
20050826,0000,114
20050827,0000,117
20050828,0000,125
20050829,0000,105
20050830,0000,114
20050831,0000,116
20050901,0000,107
20050902,0000,99
20050903,0000,115
20050904,0000,93
20050905,0000,109
20050906,0000,104
20050907,0000,111
20050908,0000,105
20050909,0000,m
20050910,0000,100
20050911,0000,139
20050912,0000,130
20050913,0000,123
20050914,0000,110
20050915,0000,130
20050916,0000,123
20050917,0000,121
20050918,0000,121
20050919,0000,141
20050920,0000,135
20050921,0000,114
20050922,0000,123
20050923,0000,106
20050924,0000,102
20050925,0000,133
20050926,0000,112
20050927,0000,151
20050928,0000,126
20050929,0000,131
20050930,0000,116
20051001,0000,133
20051002,0000,108
20051003,0000,124
20051004,0000,148
20051005,0000,121
20051006,0000,141
20051007,0000,131
20051008,0000,122
20051009,0000,139
20051010,0000,133
20051011,0000,122
20051012,0000,125
20051013,0000,124
20051014,0000,114
20051015,0000,126
20051016,0000,146
20051017,0000,107
20051018,0000,74
20051019,0000,110
20051020,0000,101
20051021,0000,110
20051022,0000,117
20051023,0000,112
20051024,0000,135
20051025,0000,111
20051026,0000,125
20051027,0000,140
20051028,0000,183
20051029,0000,148
20051030,0000,133
20051031,0000,131
20051101,0000,137
20051102,0000,122
20051103,0000,145
20051104,0000,172
20051105,0000,139
20051106,0000,156
20051107,0000,352
20051108,0000,277
20051109,0000,162
20051110,0000,111
20051111,0000,81
20051112,0000,94
20051113,0000,87
20051114,0000,97
20051115,0000,99
20051116,0000,82
20051117,0000,68
20051118,0000,98
20051119,0000,80
20051120,0000,97
20051121,0000,88
20051122,0000,102
20051123,0000,104
20051124,0000,96
20051125,0000,178
20051126,0000,133
20051127,0000,105
20051128,0000,352
20051129,0000,368
20051130,0000,187
20051201,0000,1611
20051202,0000,388
20051203,0000,200
20051204,0000,143
20051205,0000,143
20051206,0000,143
20051207,0000,143
20051208,0000,126
20051209,0000,125
20051210,0000,124
20051211,0000,108
20051212,0000,92
20051213,0000,77
20051214,0000,68
20051215,0000,70
20051216,0000,54
20051217,0000,71
20051218,0000,594
20051219,0000,2668
20051220,0000,1156
20051221,0000,1391
20051222,0000,2993
20051223,0000,741
20051224,0000,346
20051225,0000,398
20051226,0000,1104
20051227,0000,2623
20051228,0000,4471
20051229,0000,1413
20051230,0000,6368
20051231,0000,8423
20060101,0000,2353
20060102,0000,1355
20060103,0000,1081
20060104,0000,1361
20060105,0000,998
20060106,0000,694
20060107,0000,532
20060108,0000,337
20060109,0000,261
20060110,0000,245
20060111,0000,470
20060112,0000,315
20060113,0000,475
20060114,0000,1392
20060115,0000,789
20060116,0000,719
20060117,0000,1015
20060118,0000,1869
20060119,0000,1565
20060120,0000,765
20060121,0000,1174
20060122,0000,m
20060123,0000,848
20060124,0000,784
20060125,0000,3734
20060126,0000,740
20060127,0000,798
20060128,0000,1071
20060129,0000,952
20060130,0000,1286
20060131,0000,995
20060201,0000,1940
20060202,0000,1697
20060203,0000,878
20060204,0000,997
20060205,0000,829
20060206,0000,864
20060207,0000,588
20060208,0000,550
20060209,0000,477
20060210,0000,447
20060211,0000,451
20060212,0000,421
20060213,0000,418
20060214,0000,405
20060215,0000,376
20060216,0000,311
20060217,0000,199
20060218,0000,192
20060219,0000,193
20060220,0000,201
20060221,0000,194
20060222,0000,195
20060223,0000,358
20060224,0000,360
20060225,0000,372
20060226,0000,392
20060227,0000,1138
20060228,0000,1964
20060301,0000,1075
20060302,0000,1294
20060303,0000,1350
20060304,0000,1051
20060305,0000,2506
20060306,0000,2329
20060307,0000,1624
20060308,0000,1051
20060309,0000,856
20060310,0000,836
20060311,0000,751
20060312,0000,605
20060313,0000,562
20060314,0000,1451
20060315,0000,782
20060316,0000,1118
20060317,0000,976
20060318,0000,619
20060319,0000,632
20060320,0000,689
20060321,0000,589
20060322,0000,530
20060323,0000,458
20060324,0000,644
20060325,0000,864
20060326,0000,633
20060327,0000,545
20060328,0000,714
20060329,0000,875
20060330,0000,687
20060331,0000,1473
20060401,0000,1413
20060402,0000,1032
20060403,0000,1653
20060404,0000,1043
20060405,0000,988
20060406,0000,744
20060407,0000,696
20060408,0000,602
20060409,0000,787
20060410,0000,813
20060411,0000,1239
20060412,0000,2728
20060413,0000,1119
20060414,0000,851
20060415,0000,940
20060416,0000,1349
20060417,0000,1026
20060418,0000,886
20060419,0000,726
20060420,0000,697
20060421,0000,652
20060422,0000,732
20060423,0000,677
20060424,0000,575
20060425,0000,589
20060426,0000,544
20060427,0000,555
20060428,0000,527
20060429,0000,497
20060430,0000,488
20060501,0000,464
20060502,0000,474
20060503,0000,464
20060504,0000,443
20060505,0000,400
20060506,0000,385
20060507,0000,405
20060508,0000,368
20060509,0000,373
20060510,0000,372
20060511,0000,339
20060512,0000,302
20060513,0000,270
20060514,0000,280
20060515,0000,269
20060516,0000,271
20060517,0000,283
20060518,0000,285
20060519,0000,291
20060520,0000,350
20060521,0000,370
20060522,0000,379
20060523,0000,343
20060524,0000,372
20060525,0000,263
20060526,0000,245
20060527,0000,244
20060528,0000,260
20060529,0000,228
20060530,0000,261
20060531,0000,249
20060601,0000,252
20060602,0000,243
20060603,0000,268
20060604,0000,225
20060605,0000,178
20060606,0000,171
20060607,0000,165
20060608,0000,179
20060609,0000,171
20060610,0000,165
20060611,0000,170
20060612,0000,185
20060613,0000,181
20060614,0000,183
20060615,0000,181
20060616,0000,160
20060617,0000,158
20060618,0000,157
20060619,0000,178
20060620,0000,189
20060621,0000,164
20060622,0000,179
20060623,0000,158
20060624,0000,160
20060625,0000,162
20060626,0000,160
20060627,0000,115
20060628,0000,96
20060629,0000,127
20060630,0000,93
20060701,0000,114
20060702,0000,119
20060703,0000,113
20060704,0000,114
20060705,0000,119
20060706,0000,120
20060707,0000,135
20060708,0000,143
20060709,0000,154
20060710,0000,94
20060711,0000,126
20060712,0000,97
20060713,0000,125
20060714,0000,116
20060715,0000,117
20060716,0000,125
20060717,0000,108
20060718,0000,122
20060719,0000,100
20060720,0000,113
20060721,0000,101
20060722,0000,110
20060723,0000,115
20060724,0000,140
20060725,0000,105
20060726,0000,87
20060727,0000,102
20060728,0000,93
20060729,0000,89
20060730,0000,86
20060731,0000,96
20060801,0000,143
20060802,0000,106
20060803,0000,105
20060804,0000,110
20060805,0000,98
20060806,0000,107
20060807,0000,98
20060808,0000,119
20060809,0000,116
20060810,0000,109
20060811,0000,84
20060812,0000,86
20060813,0000,101
20060814,0000,79
20060815,0000,96
20060816,0000,88
20060817,0000,107
20060818,0000,115
20060819,0000,88
20060820,0000,105
20060821,0000,103
20060822,0000,116
20060823,0000,117
20060824,0000,84
20060825,0000,108
20060826,0000,111
20060827,0000,100
20060828,0000,81
20060829,0000,116
20060830,0000,91
20060831,0000,111
20060901,0000,115
20060902,0000,90
20060903,0000,108
20060904,0000,125
20060905,0000,107
20060906,0000,92
20060907,0000,101
20060908,0000,91
20060909,0000,95
20060910,0000,91
20060911,0000,128
20060912,0000,125
20060913,0000,102
20060914,0000,100
20060915,0000,110
20060916,0000,85
20060917,0000,93
20060918,0000,91
20060919,0000,64
20060920,0000,72
20060921,0000,91
20060922,0000,106
20060923,0000,125
20060924,0000,166
20060925,0000,151
20060926,0000,167
20060927,0000,158
20060928,0000,179
20060929,0000,156
20060930,0000,134
20061001,0000,147
20061002,0000,143
20061003,0000,155
20061004,0000,180
20061005,0000,167
20061006,0000,168
20061007,0000,160
20061008,0000,151
20061009,0000,178
20061010,0000,125
20061011,0000,186
20061012,0000,196
20061013,0000,201
20061014,0000,201
20061015,0000,189
20061016,0000,189
20061017,0000,189
20061018,0000,166
20061019,0000,183
20061020,0000,199
20061021,0000,183
20061022,0000,189
20061023,0000,188
20061024,0000,214
20061025,0000,199
20061026,0000,199
20061027,0000,185
20061028,0000,163
20061029,0000,138
20061030,0000,161
20061031,0000,127
20061101,0000,85
20061102,0000,124
20061103,0000,68
20061104,0000,58
20061105,0000,69
20061106,0000,85
20061107,0000,85
20061108,0000,83
20061109,0000,79
20061110,0000,74
20061111,0000,130
20061112,0000,84
20061113,0000,204
20061114,0000,118
20061115,0000,75
20061116,0000,120
20061117,0000,99
20061118,0000,82
20061119,0000,59
20061120,0000,87
20061121,0000,58
20061122,0000,63
20061123,0000,42
20061124,0000,43
20061125,0000,55
20061126,0000,84
20061127,0000,76
20061128,0000,55
20061129,0000,40
20061130,0000,41
20061201,0000,43
20061202,0000,35
20061203,0000,0
20061204,0000,1
20061205,0000,-4
20061206,0000,-4
20061207,0000,-5
20061208,0000,-6
20061209,0000,91
20061210,0000,160
20061211,0000,254
20061212,0000,638
20061213,0000,486
20061214,0000,466
20061215,0000,421
20061216,0000,290
20061217,0000,180
20061218,0000,73
20061219,0000,104
20061220,0000,141
20061221,0000,767
20061222,0000,444
20061223,0000,282
20061224,0000,261
20061225,0000,254
20061226,0000,1474
20061227,0000,1039
20061228,0000,357
20061229,0000,227
20061230,0000,180
20061231,0000,179
20070101,0000,187
20070102,0000,173
20070103,0000,232
20070104,0000,345
20070105,0000,228
20070106,0000,193
20070107,0000,211
20070108,0000,185
20070109,0000,170
20070110,0000,179
20070111,0000,m

