Date,PST,Outflow
19931001,0000,222
19931002,0000,221
19931003,0000,218
19931004,0000,221
19931005,0000,222
19931006,0000,m
19931007,0000,222
19931008,0000,222
19931009,0000,222
19931010,0000,222
19931011,0000,222
19931012,0000,222
19931013,0000,222
19931014,0000,222
19931015,0000,222
19931016,0000,m
19931017,0000,222
19931018,0000,533
19931019,0000,725
19931020,0000,712
19931021,0000,690
19931022,0000,683
19931023,0000,679
19931024,0000,677
19931025,0000,673
19931026,0000,651
19931027,0000,652
19931028,0000,681
19931029,0000,m
19931030,0000,374
19931031,0000,375
19931101,0000,323
19931102,0000,m
19931103,0000,254
19931104,0000,254
19931105,0000,m
19931106,0000,m
19931107,0000,254
19931108,0000,207
19931109,0000,172
19931110,0000,172
19931111,0000,m
19931112,0000,172
19931113,0000,172
19931114,0000,m
19931115,0000,m
19931116,0000,m
19931117,0000,152
19931118,0000,152
19931119,0000,m
19931120,0000,152
19931121,0000,152
19931122,0000,153
19931123,0000,152
19931124,0000,m
19931125,0000,152
19931126,0000,m
19931127,0000,m
19931128,0000,152
19931129,0000,152
19931130,0000,152
19931201,0000,152
19931202,0000,152
19931203,0000,152
19931204,0000,152
19931205,0000,152
19931206,0000,152
19931207,0000,18
19931208,0000,152
19931209,0000,121
19931210,0000,152
19931211,0000,152
19931212,0000,152
19931213,0000,152
19931214,0000,156
19931215,0000,152
19931216,0000,152
19931217,0000,152
19931218,0000,152
19931219,0000,152
19931220,0000,152
19931221,0000,156
19931222,0000,152
19931223,0000,152
19931224,0000,m
19931225,0000,162
19931226,0000,162
19931227,0000,153
19931228,0000,152
19931229,0000,152
19931230,0000,152
19931231,0000,152
19940101,0000,m
19940102,0000,152
19940103,0000,152
19940104,0000,152
19940105,0000,157
19940106,0000,159
19940107,0000,155
19940108,0000,155
19940109,0000,155
19940110,0000,155
19940111,0000,155
19940112,0000,150
19940113,0000,150
19940114,0000,159
19940115,0000,161
19940116,0000,161
19940117,0000,161
19940118,0000,158
19940119,0000,158
19940120,0000,158
19940121,0000,158
19940122,0000,158
19940123,0000,158
19940124,0000,158
19940125,0000,218
19940126,0000,293
19940127,0000,295
19940128,0000,295
19940129,0000,295
19940130,0000,295
19940131,0000,295
19940201,0000,294
19940202,0000,294
19940203,0000,250
19940204,0000,m
19940205,0000,m
19940206,0000,208
19940207,0000,278
19940208,0000,m
19940209,0000,318
19940210,0000,232
19940211,0000,148
19940212,0000,147
19940213,0000,147
19940214,0000,147
19940215,0000,m
19940216,0000,147
19940217,0000,232
19940218,0000,626
19940219,0000,986
19940220,0000,m
19940221,0000,m
19940222,0000,986
19940223,0000,986
19940224,0000,986
19940225,0000,m
19940226,0000,m
19940227,0000,251
19940228,0000,251
19940301,0000,251
19940302,0000,257
19940303,0000,196
19940304,0000,150
19940305,0000,m
19940306,0000,150
19940307,0000,150
19940308,0000,150
19940309,0000,150
19940310,0000,150
19940311,0000,151
19940312,0000,150
19940313,0000,150
19940314,0000,150
19940315,0000,150
19940316,0000,150
19940317,0000,152
19940318,0000,156
19940319,0000,153
19940320,0000,153
19940321,0000,153
19940322,0000,148
19940323,0000,165
19940324,0000,152
19940325,0000,152
19940326,0000,149
19940327,0000,149
19940328,0000,158
19940329,0000,182
19940330,0000,155
19940331,0000,155
19940401,0000,126
19940402,0000,95
19940403,0000,95
19940404,0000,109
19940405,0000,97
19940406,0000,97
19940407,0000,97
19940408,0000,93
19940409,0000,88
19940410,0000,m
19940411,0000,95
19940412,0000,79
19940413,0000,73
19940414,0000,73
19940415,0000,m
19940416,0000,78
19940417,0000,78
19940418,0000,81
19940419,0000,73
19940420,0000,73
19940421,0000,77
19940422,0000,73
19940423,0000,73
19940424,0000,73
19940425,0000,74
19940426,0000,56
19940427,0000,49
19940428,0000,61
19940429,0000,65
19940430,0000,59
19940501,0000,59
19940502,0000,61
19940503,0000,57
19940504,0000,68
19940505,0000,84
19940506,0000,77
19940507,0000,70
19940508,0000,70
19940509,0000,74
19940510,0000,75
19940511,0000,87
19940512,0000,81
19940513,0000,70
19940514,0000,70
19940515,0000,70
19940516,0000,72
19940517,0000,78
19940518,0000,80
19940519,0000,m
19940520,0000,73
19940521,0000,73
19940522,0000,73
19940523,0000,73
19940524,0000,81
19940525,0000,97
19940526,0000,93
19940527,0000,94
19940528,0000,102
19940529,0000,102
19940530,0000,102
19940531,0000,102
19940601,0000,102
19940602,0000,112
19940603,0000,118
19940604,0000,116
19940605,0000,116
19940606,0000,116
19940607,0000,116
19940608,0000,125
19940609,0000,131
19940610,0000,148
19940611,0000,178
19940612,0000,184
19940613,0000,189
19940614,0000,188
19940615,0000,184
19940616,0000,169
19940617,0000,154
19940618,0000,150
19940619,0000,150
19940620,0000,186
19940621,0000,195
19940622,0000,194
19940623,0000,m
19940624,0000,m
19940625,0000,m
19940626,0000,m
19940627,0000,m
19940628,0000,199
19940629,0000,200
19940630,0000,199
19940701,0000,m
19940702,0000,m
19940703,0000,m
19940704,0000,m
19940705,0000,m
19940706,0000,214
19940707,0000,m
19940708,0000,m
19940709,0000,m
19940710,0000,210
19940711,0000,216
19940712,0000,214
19940713,0000,218
19940714,0000,210
19940715,0000,218
19940716,0000,210
19940717,0000,210
19940718,0000,222
19940719,0000,m
19940720,0000,214
19940721,0000,211
19940722,0000,208
19940723,0000,210
19940724,0000,210
19940725,0000,216
19940726,0000,227
19940727,0000,m
19940728,0000,m
19940729,0000,236
19940730,0000,250
19940731,0000,250
19940801,0000,244
19940802,0000,222
19940803,0000,234
19940804,0000,222
19940805,0000,m
19940806,0000,m
19940807,0000,222
19940808,0000,230
19940809,0000,247
19940810,0000,237
19940811,0000,209
19940812,0000,198
19940813,0000,184
19940814,0000,184
19940815,0000,190
19940816,0000,195
19940817,0000,199
19940818,0000,199
19940819,0000,193
19940820,0000,188
19940821,0000,188
19940822,0000,194
19940823,0000,196
19940824,0000,191
19940825,0000,191
19940826,0000,191
19940827,0000,m
19940828,0000,188
19940829,0000,187
19940830,0000,187
19940831,0000,201
19940901,0000,206
19940902,0000,247
19940903,0000,m
19940904,0000,307
19940905,0000,307
19940906,0000,289
19940907,0000,m
19940908,0000,m
19940909,0000,m
19940910,0000,m
19940911,0000,166
19940912,0000,170
19940913,0000,166
19940914,0000,160
19940915,0000,m
19940916,0000,m
19940917,0000,m
19940918,0000,m
19940919,0000,282
19940920,0000,303
19940921,0000,m
19940922,0000,305
19940923,0000,m
19940924,0000,m
19940925,0000,m
19940926,0000,286
19940927,0000,m
19940928,0000,m
19940929,0000,m
19940930,0000,m
19941001,0000,m
19941002,0000,152
19941003,0000,152
19941004,0000,m
19941005,0000,126
19941006,0000,m
19941007,0000,m
19941008,0000,m
19941009,0000,m
19941010,0000,136
19941011,0000,m
19941012,0000,m
19941013,0000,109
19941014,0000,m
19941015,0000,m
19941016,0000,109
19941017,0000,97
19941018,0000,m
19941019,0000,m
19941020,0000,118
19941021,0000,m
19941022,0000,m
19941023,0000,m
19941024,0000,130
19941025,0000,m
19941026,0000,m
19941027,0000,129
19941028,0000,m
19941029,0000,129
19941030,0000,m
19941031,0000,7818
19941101,0000,m
19941102,0000,m
19941103,0000,m
19941104,0000,109
19941105,0000,m
19941106,0000,m
19941107,0000,m
19941108,0000,84
19941109,0000,m
19941110,0000,m
19941111,0000,m
19941112,0000,m
19941113,0000,m
19941114,0000,83
19941115,0000,83
19941116,0000,83
19941117,0000,83
19941118,0000,83
19941119,0000,m
19941120,0000,83
19941121,0000,87
19941122,0000,m
19941123,0000,87
19941124,0000,83
19941125,0000,83
19941126,0000,83
19941127,0000,83
19941128,0000,81
19941129,0000,39
19941130,0000,75
19941201,0000,73
19941202,0000,80
19941203,0000,80
19941204,0000,80
19941205,0000,72
19941206,0000,70
19941207,0000,m
19941208,0000,77
19941209,0000,77
19941210,0000,77
19941211,0000,77
19941212,0000,77
19941213,0000,m
19941214,0000,75
19941215,0000,75
19941216,0000,75
19941217,0000,75
19941218,0000,75
19941219,0000,59
19941220,0000,74
19941221,0000,73
19941222,0000,73
19941223,0000,68
19941224,0000,60
19941225,0000,61
19941226,0000,62
19941227,0000,62
19941228,0000,65
19941229,0000,62
19941230,0000,62
19941231,0000,62
19950101,0000,m
19950102,0000,98
19950103,0000,98
19950104,0000,83
19950105,0000,m
19950106,0000,32
19950107,0000,32
19950108,0000,34
19950109,0000,37
19950110,0000,33
19950111,0000,33
19950112,0000,33
19950113,0000,33
19950114,0000,38
19950115,0000,34
19950116,0000,34
19950117,0000,3404
19950118,0000,3404
19950119,0000,3446
19950120,0000,6015
19950121,0000,6015
19950122,0000,2898
19950123,0000,701
19950124,0000,491
19950125,0000,475
19950126,0000,817
19950127,0000,843
19950128,0000,1101
19950129,0000,996
19950130,0000,291
19950131,0000,291
19950201,0000,1410
19950202,0000,865
19950203,0000,865
19950204,0000,506
19950205,0000,381
19950206,0000,262
19950207,0000,268
19950208,0000,268
19950209,0000,264
19950210,0000,263
19950211,0000,263
19950212,0000,261
19950213,0000,251
19950214,0000,248
19950215,0000,248
19950216,0000,156
19950217,0000,156
19950218,0000,158
19950219,0000,153
19950220,0000,150
19950221,0000,150
19950222,0000,150
19950223,0000,150
19950224,0000,150
19950225,0000,167
19950226,0000,191
19950227,0000,172
19950228,0000,172
19950301,0000,148
19950302,0000,148
19950303,0000,148
19950304,0000,148
19950305,0000,148
19950306,0000,148
19950307,0000,149
19950308,0000,151
19950309,0000,151
19950310,0000,159
19950311,0000,159
19950312,0000,161
19950313,0000,908
19950314,0000,599
19950315,0000,68
19950316,0000,50
19950317,0000,2883
19950318,0000,2883
19950319,0000,2887
19950320,0000,2243
19950321,0000,588
19950322,0000,m
19950323,0000,1158
19950324,0000,1158
19950325,0000,1975
19950326,0000,1958
19950327,0000,920
19950328,0000,422
19950329,0000,517
19950330,0000,340
19950331,0000,256
19950401,0000,m
19950402,0000,250
19950403,0000,250
19950404,0000,254
19950405,0000,254
19950406,0000,156
19950407,0000,188
19950408,0000,252
19950409,0000,573
19950410,0000,649
19950411,0000,341
19950412,0000,254
19950413,0000,705
19950414,0000,514
19950415,0000,244
19950416,0000,246
19950417,0000,249
19950418,0000,250
19950419,0000,255
19950420,0000,253
19950421,0000,242
19950422,0000,243
19950423,0000,246
19950424,0000,250
19950425,0000,251
19950426,0000,251
19950427,0000,250
19950428,0000,250
19950429,0000,250
19950430,0000,250
19950501,0000,250
19950502,0000,704
19950503,0000,970
19950504,0000,963
19950505,0000,520
19950506,0000,244
19950507,0000,242
19950508,0000,242
19950509,0000,242
19950510,0000,245
19950511,0000,m
19950512,0000,m
19950513,0000,246
19950514,0000,248
19950515,0000,250
19950516,0000,254
19950517,0000,250
19950518,0000,251
19950519,0000,254
19950520,0000,254
19950521,0000,254
19950522,0000,263
19950523,0000,m
19950524,0000,288
19950525,0000,252
19950526,0000,238
19950527,0000,250
19950528,0000,250
19950529,0000,250
19950530,0000,202
19950531,0000,165
19950601,0000,m
19950602,0000,161
19950603,0000,177
19950604,0000,185
19950605,0000,182
19950606,0000,172
19950607,0000,179
19950608,0000,162
19950609,0000,170
19950610,0000,166
19950611,0000,166
19950612,0000,166
19950613,0000,176
19950614,0000,185
19950615,0000,156
19950616,0000,146
19950617,0000,156
19950618,0000,159
19950619,0000,151
19950620,0000,m
19950621,0000,m
19950622,0000,m
19950623,0000,m
19950624,0000,191
19950625,0000,191
19950626,0000,189
19950627,0000,188
19950628,0000,188
19950629,0000,192
19950630,0000,192
19950701,0000,188
19950702,0000,188
19950703,0000,m
19950704,0000,188
19950705,0000,196
19950706,0000,m
19950707,0000,202
19950708,0000,202
19950709,0000,202
19950710,0000,m
19950711,0000,m
19950712,0000,m
19950713,0000,208
19950714,0000,214
19950715,0000,216
19950716,0000,218
19950717,0000,218
19950718,0000,218
19950719,0000,m
19950720,0000,m
19950721,0000,m
19950722,0000,m
19950723,0000,m
19950724,0000,221
19950725,0000,m
19950726,0000,225
19950727,0000,235
19950728,0000,249
19950729,0000,250
19950730,0000,250
19950731,0000,m
19950801,0000,253
19950802,0000,254
19950803,0000,m
19950804,0000,239
19950805,0000,242
19950806,0000,242
19950807,0000,251
19950808,0000,248
19950809,0000,248
19950810,0000,257
19950811,0000,m
19950812,0000,250
19950813,0000,250
19950814,0000,255
19950815,0000,254
19950816,0000,254
19950817,0000,252
19950818,0000,250
19950819,0000,246
19950820,0000,246
19950821,0000,254
19950822,0000,m
19950823,0000,255
19950824,0000,m
19950825,0000,m
19950826,0000,285
19950827,0000,285
19950828,0000,290
19950829,0000,286
19950830,0000,284
19950831,0000,282
19950901,0000,280
19950902,0000,276
19950903,0000,276
19950904,0000,276
19950905,0000,237
19950906,0000,209
19950907,0000,210
19950908,0000,m
19950909,0000,m
19950910,0000,m
19950911,0000,222
19950912,0000,221
19950913,0000,216
19950914,0000,m
19950915,0000,m
19950916,0000,207
19950917,0000,210
19950918,0000,216
19950919,0000,206
19950920,0000,m
19950921,0000,203
19950922,0000,m
19950923,0000,m
19950924,0000,224
19950925,0000,m
19950926,0000,210
19950927,0000,212
19950928,0000,m
19950929,0000,223
19950930,0000,m
19951001,0000,m
19951002,0000,m
19951003,0000,226
19951004,0000,226
19951005,0000,226
19951006,0000,222
19951007,0000,219
19951008,0000,218
19951009,0000,220
19951010,0000,222
19951011,0000,216
19951012,0000,222
19951013,0000,222
19951014,0000,222
19951015,0000,222
19951016,0000,222
19951017,0000,222
19951018,0000,222
19951019,0000,223
19951020,0000,222
19951021,0000,m
19951022,0000,m
19951023,0000,m
19951024,0000,232
19951025,0000,230
19951026,0000,m
19951027,0000,230
19951028,0000,228
19951029,0000,226
19951030,0000,235
19951031,0000,234
19951101,0000,234
19951102,0000,234
19951103,0000,234
19951104,0000,234
19951105,0000,234
19951106,0000,214
19951107,0000,188
19951108,0000,188
19951109,0000,188
19951110,0000,188
19951111,0000,184
19951112,0000,184
19951113,0000,m
19951114,0000,191
19951115,0000,191
19951116,0000,191
19951117,0000,191
19951118,0000,191
19951119,0000,191
19951120,0000,193
19951121,0000,199
19951122,0000,195
19951123,0000,195
19951124,0000,195
19951125,0000,195
19951126,0000,195
19951127,0000,179
19951128,0000,167
19951129,0000,188
19951130,0000,188
19951201,0000,188
19951202,0000,188
19951203,0000,188
19951204,0000,177
19951205,0000,156
19951206,0000,m
19951207,0000,156
19951208,0000,156
19951209,0000,156
19951210,0000,156
19951211,0000,155
19951212,0000,152
19951213,0000,91
19951214,0000,59
19951215,0000,59
19951216,0000,53
19951217,0000,53
19951218,0000,m
19951219,0000,m
19951220,0000,m
19951221,0000,53
19951222,0000,157
19951223,0000,181
19951224,0000,174
19951225,0000,177
19951226,0000,137
19951227,0000,137
19951228,0000,137
19951229,0000,138
19951230,0000,140
19951231,0000,140
19960101,0000,140
19960102,0000,m
19960103,0000,140
19960104,0000,140
19960105,0000,140
19960106,0000,140
19960107,0000,140
19960108,0000,144
19960109,0000,137
19960110,0000,137
19960111,0000,137
19960112,0000,137
19960113,0000,137
19960114,0000,m
19960115,0000,137
19960116,0000,m
19960117,0000,m
19960118,0000,1414
19960119,0000,1432
19960120,0000,m
19960121,0000,30
19960122,0000,m
19960123,0000,1272
19960124,0000,1266
19960125,0000,2026
19960126,0000,1140
19960127,0000,31
19960128,0000,1782
19960129,0000,2556
19960130,0000,1092
19960131,0000,1151
19960201,0000,1953
19960202,0000,872
19960203,0000,157
19960204,0000,159
19960207,0000,2511
19960208,0000,868
19960209,0000,250
19960212,0000,413
19960214,0000,498
19960216,0000,394
19960219,0000,536
19960220,0000,610
19960221,0000,296
19960222,0000,1978
19960223,0000,2963
19960224,0000,2384
19960225,0000,905
19960226,0000,255
19960227,0000,256
19960228,0000,255
19960229,0000,258
19960301,0000,258
19960302,0000,257
19960304,0000,259
19960305,0000,1133
19960306,0000,2006
19960307,0000,1179
19960308,0000,401
19960310,0000,261
19960311,0000,262
19960312,0000,265
19960313,0000,374
19960314,0000,449
19960318,0000,446
19960319,0000,450
19960320,0000,487
19960321,0000,393
19960324,0000,257
19960325,0000,263
19960326,0000,265
19960327,0000,265
19960328,0000,261
19960329,0000,266
19960331,0000,266
19960401,0000,266
19960402,0000,m
19960403,0000,266
19960404,0000,m
19960405,0000,269
19960406,0000,m
19960407,0000,m
19960408,0000,274
19960409,0000,325
19960410,0000,357
19960411,0000,357
19960412,0000,357
19960413,0000,m
19960414,0000,357
19960415,0000,363
19960416,0000,356
19960417,0000,m
19960418,0000,m
19960419,0000,743
19960420,0000,347
19960421,0000,347
19960422,0000,354
19960423,0000,352
19960424,0000,m
19960425,0000,m
19960426,0000,m
19960427,0000,347
19960428,0000,347
19960429,0000,348
19960430,0000,362
19960501,0000,m
19960502,0000,m
19960503,0000,m
19960504,0000,m
19960505,0000,299
19960506,0000,m
19960507,0000,298
19960508,0000,302
19960509,0000,m
19960510,0000,m
19960511,0000,298
19960512,0000,298
19960513,0000,298
19960514,0000,298
19960515,0000,m
19960516,0000,302
19960517,0000,m
19960518,0000,298
19960519,0000,298
19960520,0000,298
19960521,0000,570
19960522,0000,734
19960523,0000,m
19960524,0000,718
19960525,0000,298
19960526,0000,298
19960527,0000,298
19960528,0000,302
19960529,0000,298
19960530,0000,302
19960531,0000,301
19960601,0000,303
19960602,0000,303
19960603,0000,m
19960604,0000,m
19960605,0000,307
19960606,0000,257
19960607,0000,229
19960608,0000,226
19960609,0000,226
19960610,0000,210
19960611,0000,193
19960612,0000,188
19960613,0000,194
19960614,0000,195
19960615,0000,195
19960616,0000,195
19960617,0000,198
19960618,0000,195
19960619,0000,213
19960620,0000,214
19960621,0000,216
19960622,0000,m
19960623,0000,218
19960624,0000,226
19960625,0000,225
19960626,0000,230
19960627,0000,229
19960628,0000,226
19960629,0000,222
19960630,0000,m
19960701,0000,222
19960702,0000,244
19960703,0000,271
19960704,0000,271
19960705,0000,271
19960706,0000,273
19960707,0000,274
19960708,0000,264
19960709,0000,245
19960710,0000,m
19960711,0000,291
19960712,0000,m
19960713,0000,298
19960714,0000,m
19960715,0000,308
19960716,0000,314
19960717,0000,308
19960718,0000,m
19960719,0000,296
19960720,0000,293
19960721,0000,293
19960722,0000,297
19960723,0000,m
19960724,0000,m
19960725,0000,m
19960726,0000,m
19960727,0000,m
19960728,0000,m
19960729,0000,m
19960730,0000,324
19960731,0000,323
19960801,0000,327
19960802,0000,319
19960803,0000,m
19960804,0000,m
19960805,0000,321
19960806,0000,322
19960807,0000,290
19960808,0000,324
19960809,0000,m
19960810,0000,m
19960811,0000,m
19960812,0000,m
19960813,0000,m
19960814,0000,m
19960815,0000,m
19960816,0000,m
19960817,0000,m
19960818,0000,m
19960819,0000,m
19960820,0000,m
19960821,0000,m
19960822,0000,289
19960823,0000,287
19960824,0000,280
19960825,0000,280
19960826,0000,280
19960827,0000,263
19960828,0000,262
19960829,0000,254
19960830,0000,258
19960831,0000,259
19960901,0000,259
19960902,0000,259
19960903,0000,259
19960904,0000,262
19960905,0000,254
19960906,0000,243
19960907,0000,228
19960908,0000,226
19960909,0000,220
19960910,0000,222
19960911,0000,222
19960912,0000,222
19960913,0000,222
19960914,0000,230
19960915,0000,230
19960916,0000,230
19960917,0000,230
19960918,0000,231
19960919,0000,232
19960920,0000,228
19960921,0000,226
19960922,0000,223
19960923,0000,222
19960924,0000,222
19960925,0000,222
19960926,0000,220
19960927,0000,218
19960928,0000,218
19960929,0000,215
19960930,0000,214
19961001,0000,214
19961002,0000,214
19961003,0000,230
19961004,0000,263
19961005,0000,267
19961006,0000,264
19961007,0000,272
19961008,0000,271
19961009,0000,271
19961010,0000,m
19961011,0000,271
19961012,0000,268
19961013,0000,263
19961014,0000,260
19961015,0000,263
19961016,0000,272
19961017,0000,271
19961018,0000,316
19961019,0000,335
19961020,0000,332
19961021,0000,296
19961022,0000,218
19961023,0000,200
19961024,0000,173
19961025,0000,173
19961026,0000,173
19961027,0000,173
19961028,0000,171
19961029,0000,263
19961030,0000,330
19961031,0000,327
19961101,0000,326
19961102,0000,326
19961103,0000,326
19961104,0000,331
19961105,0000,245
19961106,0000,170
19961107,0000,m
19961108,0000,174
19961109,0000,170
19961110,0000,170
19961111,0000,170
19961112,0000,166
19961113,0000,163
19961114,0000,166
19961115,0000,170
19961116,0000,170
19961117,0000,170
19961118,0000,m
19961119,0000,177
19961120,0000,177
19961121,0000,177
19961122,0000,181
19961123,0000,177
19961124,0000,177
19961125,0000,177
19961126,0000,m
19961127,0000,378
19961128,0000,507
19961129,0000,351
19961130,0000,244
19961201,0000,244
19961202,0000,244
19961203,0000,301
19961204,0000,351
19961205,0000,1043
19961206,0000,1313
19961207,0000,346
19961208,0000,346
19961209,0000,346
19961210,0000,146
19961211,0000,1242
19961212,0000,1424
19961213,0000,610
19961214,0000,412
19961215,0000,415
19961216,0000,292
19961217,0000,302
19961218,0000,375
19961219,0000,390
19961220,0000,343
19961221,0000,300
19961222,0000,300
19961223,0000,1310
19961224,0000,1035
19961225,0000,405
19961226,0000,406
19961227,0000,1321
19961228,0000,829
19961229,0000,38
19961230,0000,39
19961231,0000,40
19970101,0000,41
19970102,0000,41
19970103,0000,1837
19970104,0000,3627
19970105,0000,3483
19970106,0000,3337
19970107,0000,3830
19970108,0000,2002
19970109,0000,391
19970110,0000,280
19970111,0000,256
19970112,0000,256
19970113,0000,256
19970114,0000,406
19970115,0000,501
19970116,0000,501
19970117,0000,406
19970118,0000,350
19970119,0000,350
19970120,0000,350
19970121,0000,350
19970122,0000,238
19970123,0000,2148
19970124,0000,2068
19970125,0000,27
19970126,0000,26
19970127,0000,1531
19970128,0000,2904
19970129,0000,3474
19970130,0000,2354
19970131,0000,751
19970201,0000,376
19970202,0000,376
19970203,0000,376
19970204,0000,778
19970205,0000,810
19970206,0000,496
19970207,0000,514
19970208,0000,257
19970209,0000,257
19970210,0000,262
19970211,0000,269
19970212,0000,265
19970213,0000,265
19970214,0000,264
19970215,0000,265
19970216,0000,264
19970217,0000,264
19970218,0000,264
19970219,0000,268
19970220,0000,267
19970221,0000,270
19970222,0000,270
19970223,0000,270
19970224,0000,261
19970225,0000,257
19970226,0000,229
19970227,0000,209
19970228,0000,210
19970301,0000,210
19970302,0000,210
19970303,0000,210
19970304,0000,197
19970305,0000,178
19970306,0000,178
19970307,0000,174
19970308,0000,174
19970309,0000,173
19970310,0000,173
19970311,0000,173
19970312,0000,173
19970313,0000,174
19970314,0000,174
19970315,0000,174
19970316,0000,176
19970317,0000,181
19970318,0000,177
19970319,0000,177
19970320,0000,177
19970321,0000,178
19970322,0000,181
19970323,0000,181
19970324,0000,179
19970325,0000,177
19970326,0000,177
19970327,0000,177
19970328,0000,175
19970329,0000,161
19970330,0000,161
19970331,0000,161
19970401,0000,165
19970402,0000,161
19970403,0000,161
19970404,0000,171
19970405,0000,161
19970406,0000,164
19970407,0000,173
19970408,0000,164
19970409,0000,178
19970410,0000,190
19970411,0000,191
19970412,0000,183
19970413,0000,182
19970414,0000,186
19970415,0000,184
19970416,0000,183
19970417,0000,181
19970418,0000,183
19970419,0000,180
19970420,0000,179
19970421,0000,183
19970422,0000,175
19970423,0000,175
19970424,0000,173
19970425,0000,166
19970426,0000,172
19970427,0000,166
19970428,0000,162
19970429,0000,169
19970430,0000,166
19970501,0000,178
19970502,0000,187
19970503,0000,183
19970504,0000,183
19970505,0000,187
19970506,0000,187
19970507,0000,183
19970508,0000,187
19970509,0000,185
19970510,0000,184
19970511,0000,184
19970512,0000,185
19970513,0000,221
19970514,0000,229
19970515,0000,219
19970516,0000,218
19970517,0000,213
19970518,0000,211
19970519,0000,212
19970520,0000,214
19970521,0000,217
19970522,0000,218
19970523,0000,218
19970524,0000,212
19970525,0000,212
19970526,0000,212
19970527,0000,214
19970528,0000,213
19970529,0000,215
19970530,0000,210
19970531,0000,213
19970601,0000,199
19970602,0000,199
19970603,0000,185
19970604,0000,169
19970605,0000,179
19970606,0000,187
19970607,0000,166
19970608,0000,166
19970609,0000,165
19970610,0000,161
19970611,0000,157
19970612,0000,165
19970613,0000,173
19970614,0000,185
19970615,0000,184
19970616,0000,184
19970617,0000,189
19970618,0000,191
19970619,0000,195
19970620,0000,198
19970621,0000,195
19970622,0000,198
19970623,0000,195
19970624,0000,225
19970625,0000,234
19970626,0000,232
19970627,0000,230
19970628,0000,227
19970629,0000,227
19970630,0000,227
19970701,0000,234
19970702,0000,230
19970703,0000,230
19970704,0000,230
19970705,0000,230
19970706,0000,225
19970707,0000,237
19970708,0000,232
19970709,0000,237
19970710,0000,232
19970711,0000,257
19970712,0000,252
19970713,0000,250
19970714,0000,250
19970715,0000,250
19970716,0000,253
19970717,0000,250
19970718,0000,255
19970719,0000,248
19970720,0000,250
19970721,0000,248
19970722,0000,245
19970723,0000,248
19970724,0000,245
19970725,0000,245
19970726,0000,254
19970727,0000,254
19970728,0000,254
19970729,0000,261
19970730,0000,253
19970731,0000,246
19970801,0000,246
19970802,0000,244
19970803,0000,246
19970804,0000,253
19970805,0000,243
19970806,0000,254
19970807,0000,267
19970808,0000,273
19970809,0000,267
19970810,0000,276
19970811,0000,276
19970812,0000,283
19970813,0000,255
19970814,0000,247
19970815,0000,259
19970816,0000,253
19970817,0000,259
19970818,0000,245
19970819,0000,226
19970820,0000,231
19970821,0000,228
19970822,0000,222
19970823,0000,222
19970824,0000,222
19970825,0000,225
19970826,0000,212
19970827,0000,205
19970828,0000,210
19970829,0000,216
19970830,0000,230
19970831,0000,230
19970901,0000,230
19970902,0000,229
19970903,0000,226
19970904,0000,226
19970905,0000,226
19970906,0000,214
19970907,0000,206
19970908,0000,206
19970909,0000,206
19970910,0000,216
19970911,0000,227
19970912,0000,235
19970913,0000,246
19970914,0000,246
19970915,0000,244
19970916,0000,242
19970917,0000,242
19970918,0000,244
19970919,0000,245
19970920,0000,242
19970921,0000,241
19970922,0000,238
19970923,0000,235
19970924,0000,216
19970925,0000,202
19970926,0000,202
19970927,0000,202
19970928,0000,202
19970929,0000,202
19970930,0000,202
19971001,0000,212
19971002,0000,222
19971003,0000,222
19971004,0000,222
19971005,0000,222
19971006,0000,222
19971007,0000,221
19971008,0000,218
19971009,0000,171
19971010,0000,144
19971011,0000,152
19971012,0000,153
19971013,0000,153
19971014,0000,153
19971015,0000,153
19971016,0000,153
19971017,0000,153
19971018,0000,153
19971019,0000,153
19971020,0000,159
19971021,0000,177
19971022,0000,184
19971023,0000,184
19971024,0000,184
19971025,0000,184
19971026,0000,184
19971027,0000,190
19971028,0000,202
19971029,0000,202
19971030,0000,202
19971031,0000,202
19971101,0000,202
19971102,0000,202
19971103,0000,202
19971104,0000,198
19971105,0000,182
19971106,0000,182
19971107,0000,186
19971108,0000,185
19971109,0000,184
19971110,0000,184
19971111,0000,184
19971112,0000,172
19971113,0000,154
19971114,0000,154
19971115,0000,154
19971116,0000,154
19971117,0000,154
19971118,0000,154
19971119,0000,154
19971120,0000,155
19971121,0000,157
19971122,0000,157
19971123,0000,157
19971124,0000,153
19971125,0000,141
19971126,0000,120
19971127,0000,99
19971128,0000,97
19971129,0000,97
19971130,0000,97
19971201,0000,96
19971202,0000,96
19971203,0000,94
19971204,0000,87
19971205,0000,77
19971206,0000,77
19971207,0000,78
19971208,0000,79
19971209,0000,79
19971210,0000,80
19971211,0000,77
19971212,0000,71
19971213,0000,74
19971214,0000,74
19971215,0000,74
19971216,0000,74
19971217,0000,73
19971218,0000,78
19971219,0000,74
19971220,0000,74
19971221,0000,74
19971222,0000,74
19971223,0000,74
19971224,0000,119
19971225,0000,148
19971226,0000,148
19971227,0000,148
19971228,0000,148
19971229,0000,148
19971230,0000,148
19971231,0000,148
19980101,0000,148
19980102,0000,148
19980103,0000,149
19980104,0000,151
19980105,0000,958
19980106,0000,1030
19980107,0000,154
19980108,0000,154
19980109,0000,154
19980110,0000,154
19980111,0000,163
19980112,0000,104
19980113,0000,903
19980114,0000,1073
19980115,0000,241
19980116,0000,1441
19980117,0000,35
19980118,0000,403
19980119,0000,1275
19980120,0000,2939
19980121,0000,3840
19980122,0000,2679
19980123,0000,3863
19980124,0000,3894
19980125,0000,2734
19980126,0000,1115
19980127,0000,2191
19980128,0000,1946
19980129,0000,1493
19980130,0000,1731
19980131,0000,250
19980201,0000,158
19980202,0000,46
19980203,0000,1212
19980204,0000,3420
19980205,0000,578
19980206,0000,45
19980207,0000,79
19980208,0000,656
19980209,0000,4076
19980210,0000,3349
19980211,0000,3349
19980212,0000,2656
19980213,0000,2335
19980214,0000,2015
19980215,0000,4548
19980216,0000,2962
19980217,0000,2186
19980218,0000,3911
19980219,0000,1457
19980220,0000,1702
19980221,0000,1006
19980222,0000,1446
19980223,0000,1667
19980224,0000,3235
19980225,0000,3968
19980226,0000,3164
19980227,0000,1056
19980228,0000,507
19980301,0000,507
19980302,0000,507
19980303,0000,507
19980304,0000,333
19980305,0000,223
19980306,0000,212
19980307,0000,213
19980308,0000,215
19980309,0000,216
19980310,0000,216
19980311,0000,216
19980312,0000,217
19980313,0000,220
19980314,0000,220
19980315,0000,220
19980316,0000,220
19980317,0000,220
19980318,0000,220
19980319,0000,673
19980320,0000,901
19980321,0000,619
19980322,0000,219
19980323,0000,220
19980324,0000,222
19980325,0000,1368
19980326,0000,2002
19980327,0000,1220
19980328,0000,219
19980329,0000,220
19980330,0000,220
19980331,0000,220
19980401,0000,220
19980402,0000,221
19980403,0000,548
19980404,0000,1007
19980405,0000,1007
19980406,0000,1001
19980407,0000,1000
19980408,0000,878
19980409,0000,708
19980410,0000,626
19980411,0000,507
19980412,0000,507
19980413,0000,507
19980414,0000,507
19980415,0000,788
19980416,0000,992
19980417,0000,671
19980418,0000,509
19980419,0000,508
19980420,0000,509
19980421,0000,510
19980422,0000,512
19980423,0000,m
19980424,0000,511
19980425,0000,513
19980426,0000,513
19980427,0000,454
19980428,0000,367
19980429,0000,306
19980430,0000,264
19980501,0000,331
19980502,0000,399
19980503,0000,399
19980504,0000,399
19980505,0000,402
19980506,0000,404
19980507,0000,404
19980508,0000,411
19980509,0000,413
19980510,0000,413
19980511,0000,418
19980512,0000,415
19980513,0000,415
19980514,0000,415
19980515,0000,415
19980516,0000,415
19980517,0000,415
19980518,0000,415
19980519,0000,415
19980520,0000,415
19980521,0000,415
19980522,0000,415
19980523,0000,415
19980524,0000,415
19980525,0000,415
19980526,0000,302
19980527,0000,188
19980528,0000,188
19980529,0000,460
19980530,0000,978
19980531,0000,986
19980601,0000,593
19980602,0000,420
19980603,0000,405
19980604,0000,409
19980605,0000,406
19980606,0000,410
19980607,0000,405
19980608,0000,408
19980609,0000,410
19980610,0000,410
19980611,0000,410
19980612,0000,410
19980613,0000,413
19980614,0000,415
19980615,0000,415
19980616,0000,415
19980617,0000,415
19980618,0000,415
19980619,0000,408
19980620,0000,400
19980621,0000,402
19980622,0000,405
19980623,0000,354
19980624,0000,313
19980625,0000,298
19980626,0000,269
19980627,0000,246
19980628,0000,246
19980629,0000,279
19980630,0000,312
19980701,0000,252
19980702,0000,200
19980703,0000,199
19980704,0000,199
19980705,0000,199
19980706,0000,204
19980707,0000,213
19980708,0000,226
19980709,0000,222
19980710,0000,222
19980711,0000,223
19980712,0000,226
19980713,0000,231
19980714,0000,242
19980715,0000,250
19980716,0000,250
19980717,0000,272
19980718,0000,272
19980719,0000,283
19980720,0000,285
19980721,0000,285
19980722,0000,285
19980723,0000,285
19980724,0000,289
19980725,0000,289
19980726,0000,289
19980727,0000,290
19980728,0000,279
19980729,0000,271
19980730,0000,271
19980731,0000,273
19980801,0000,276
19980802,0000,276
19980803,0000,276
19980804,0000,284
19980805,0000,293
19980806,0000,293
19980807,0000,302
19980808,0000,311
19980809,0000,316
19980810,0000,311
19980811,0000,m
19980812,0000,321
19980813,0000,m
19980814,0000,323
19980815,0000,m
19980816,0000,m
19980817,0000,326
19980818,0000,321
19980819,0000,322
19980820,0000,322
19980821,0000,316
19980822,0000,m
19980823,0000,m
19980824,0000,316
19980825,0000,316
19980826,0000,316
19980827,0000,316
19980828,0000,316
19980829,0000,316
19980830,0000,321
19980831,0000,321
19980901,0000,288
19980902,0000,254
19980903,0000,239
19980904,0000,222
19980905,0000,290
19980906,0000,345
19980907,0000,345
19980908,0000,345
19980909,0000,m
19980910,0000,301
19980911,0000,336
19980912,0000,335
19980913,0000,335
19980914,0000,335
19980915,0000,335
19980916,0000,335
19980917,0000,m
19980918,0000,335
19980919,0000,341
19980920,0000,354
19980921,0000,350
19980922,0000,348
19980923,0000,345
19980924,0000,345
19980925,0000,345
19980926,0000,345
19980927,0000,345
19980928,0000,349
19980929,0000,349
19980930,0000,m
19981001,0000,242
19981002,0000,245
19981003,0000,242
19981004,0000,242
19981005,0000,242
19981006,0000,242
19981007,0000,242
19981008,0000,242
19981009,0000,246
19981010,0000,250
19981011,0000,248
19981012,0000,246
19981013,0000,246
19981014,0000,246
19981015,0000,270
19981016,0000,289
19981017,0000,283
19981018,0000,m
19981019,0000,276
19981020,0000,276
19981021,0000,276
19981022,0000,m
19981023,0000,271
19981024,0000,271
19981025,0000,m
19981026,0000,268
19981027,0000,266
19981028,0000,264
19981029,0000,263
19981030,0000,263
19981031,0000,282
19981101,0000,296
19981102,0000,293
19981103,0000,292
19981104,0000,287
19981105,0000,291
19981106,0000,289
19981107,0000,287
19981108,0000,283
19981109,0000,281
19981110,0000,281
19981111,0000,283
19981112,0000,282
19981113,0000,278
19981114,0000,278
19981115,0000,278
19981116,0000,274
19981117,0000,273
19981118,0000,270
19981119,0000,266
19981120,0000,266
19981121,0000,m
19981122,0000,266
19981123,0000,266
19981124,0000,261
19981125,0000,261
19981126,0000,298
19981127,0000,342
19981128,0000,338
19981129,0000,338
19981130,0000,337
19981201,0000,314
19981202,0000,658
19981203,0000,1005
19981204,0000,1002
19981205,0000,533
19981206,0000,253
19981207,0000,253
19981208,0000,253
19981209,0000,288
19981210,0000,310
19981211,0000,310
19981212,0000,310
19981213,0000,310
19981214,0000,310
19981215,0000,311
19981216,0000,316
19981217,0000,430
19981218,0000,506
19981219,0000,430
19981220,0000,m
19981221,0000,m
19981222,0000,m
19981223,0000,315
19981224,0000,315
19981225,0000,315
19981226,0000,315
19981227,0000,315
19981228,0000,315
19981229,0000,315
19981230,0000,313
19981231,0000,312
19990101,0000,m
19990102,0000,m
19990103,0000,m
19990104,0000,315
19990105,0000,315
19990106,0000,318
19990107,0000,242
19990108,0000,199
19990109,0000,m
19990110,0000,m
19990111,0000,199
19990112,0000,199
19990113,0000,m
19990114,0000,198
19990115,0000,198
19990116,0000,198
19990117,0000,m
19990118,0000,m
19990119,0000,198
19990120,0000,201
19990121,0000,608
19990122,0000,1018
19990123,0000,693
19990124,0000,m
19990125,0000,392
19990126,0000,710
19990127,0000,863
19990128,0000,483
19990129,0000,278
19990130,0000,237
19990131,0000,209
19990201,0000,209
19990202,0000,592
19990203,0000,511
19990204,0000,400
19990205,0000,383
19990206,0000,362
19990207,0000,150
19990208,0000,613
19990209,0000,393
19990210,0000,1860
19990211,0000,2860
19990212,0000,1104
19990213,0000,832
19990214,0000,1102
19990215,0000,1095
19990216,0000,544
19990217,0000,188
19990218,0000,245
19990219,0000,1551
19990220,0000,2145
19990221,0000,2025
19990222,0000,2015
19990223,0000,2005
19990224,0000,2000
19990225,0000,1996
19990226,0000,1143
19990227,0000,515
19990228,0000,517
19990301,0000,521
19990302,0000,521
19990303,0000,520
19990304,0000,521
19990305,0000,521
19990306,0000,521
19990307,0000,521
19990308,0000,375
19990309,0000,267
19990310,0000,269
19990311,0000,273
19990312,0000,269
19990313,0000,269
19990314,0000,267
19990315,0000,424
19990316,0000,527
19990317,0000,529
19990318,0000,526
19990319,0000,307
19990320,0000,161
19990321,0000,162
19990322,0000,189
19990323,0000,312
19990324,0000,361
19990325,0000,1274
19990326,0000,1215
19990327,0000,503
19990328,0000,502
19990329,0000,506
19990330,0000,506
19990331,0000,502
19990401,0000,502
19990402,0000,502
19990403,0000,502
19990404,0000,502
19990405,0000,506
19990406,0000,504
19990407,0000,502
19990408,0000,506
19990409,0000,m
19990410,0000,m
19990411,0000,m
19990412,0000,m
19990413,0000,m
19990414,0000,m
19990415,0000,m
19990416,0000,m
19990417,0000,m
19990418,0000,m
19990419,0000,m
19990420,0000,m
19990421,0000,m
19990422,0000,m
19990423,0000,m
19990424,0000,m
19990425,0000,m
19990426,0000,m
19990427,0000,m
19990428,0000,m
19990429,0000,m
19990430,0000,m
19990501,0000,m
19990502,0000,m
19990503,0000,m
19990504,0000,208
19990505,0000,206
19990506,0000,206
19990507,0000,447
19990508,0000,701
19990509,0000,380
19990510,0000,184
19990511,0000,180
19990512,0000,180
19990513,0000,180
19990514,0000,180
19990515,0000,180
19990516,0000,180
19990517,0000,182
19990518,0000,184
19990519,0000,184
19990520,0000,184
19990521,0000,181
19990522,0000,180
19990523,0000,180
19990524,0000,180
19990525,0000,184
19990526,0000,185
19990527,0000,185
19990528,0000,180
19990529,0000,180
19990530,0000,180
19990531,0000,180
19990601,0000,180
19990602,0000,180
19990603,0000,187
19990604,0000,195
19990605,0000,195
19990606,0000,195
19990607,0000,195
19990608,0000,195
19990609,0000,199
19990610,0000,149
19990611,0000,210
19990612,0000,206
19990613,0000,206
19990614,0000,206
19990615,0000,206
19990616,0000,206
19990617,0000,206
19990618,0000,206
19990619,0000,206
19990620,0000,206
19990621,0000,202
19990622,0000,216
19990623,0000,223
19990624,0000,226
19990625,0000,226
19990626,0000,226
19990627,0000,226
19990628,0000,241
19990629,0000,254
19990630,0000,254
19990701,0000,254
19990702,0000,254
19990703,0000,254
19990704,0000,258
19990705,0000,259
19990706,0000,264
19990707,0000,256
19990708,0000,252
19990709,0000,254
19990710,0000,246
19990711,0000,256
19990712,0000,276
19990713,0000,267
19990714,0000,294
19990715,0000,331
19990716,0000,341
19990717,0000,331
19990718,0000,331
19990719,0000,337
19990720,0000,337
19990721,0000,331
19990722,0000,331
19990723,0000,331
19990724,0000,331
19990725,0000,331
19990726,0000,338
19990727,0000,339
19990728,0000,m
19990729,0000,331
19990730,0000,340
19990731,0000,331
19990801,0000,331
19990802,0000,331
19990803,0000,331
19990804,0000,331
19990805,0000,331
19990806,0000,338
19990807,0000,331
19990808,0000,m
19990809,0000,336
19990810,0000,338
19990811,0000,338
19990812,0000,338
19990813,0000,338
19990814,0000,338
19990815,0000,331
19990816,0000,338
19990817,0000,338
19990818,0000,333
19990819,0000,336
19990820,0000,337
19990821,0000,335
19990822,0000,331
19990823,0000,331
19990824,0000,331
19990825,0000,331
19990826,0000,331
19990827,0000,331
19990828,0000,343
19990829,0000,350
19990830,0000,350
19990831,0000,350
19990901,0000,350
19990902,0000,350
19990903,0000,356
19990904,0000,350
19990905,0000,350
19990906,0000,350
19990907,0000,355
19990908,0000,359
19990909,0000,362
19990910,0000,362
19990911,0000,355
19990912,0000,353
19990913,0000,333
19990914,0000,293
19990915,0000,295
19990916,0000,298
19990917,0000,298
19990918,0000,298
19990919,0000,298
19990920,0000,298
19990921,0000,m
19990922,0000,288
19990923,0000,267
19990924,0000,267
19990925,0000,267
19990926,0000,267
19990927,0000,279
19990928,0000,289
19990929,0000,289
19990930,0000,m
19991001,0000,293
19991002,0000,289
19991003,0000,289
19991004,0000,293
19991005,0000,290
19991006,0000,289
19991007,0000,289
19991008,0000,285
19991009,0000,285
19991010,0000,285
19991011,0000,285
19991012,0000,285
19991013,0000,285
19991014,0000,285
19991015,0000,285
19991016,0000,285
19991017,0000,285
19991018,0000,283
19991019,0000,280
19991020,0000,278
19991021,0000,276
19991022,0000,276
19991023,0000,276
19991024,0000,276
19991025,0000,274
19991026,0000,271
19991027,0000,267
19991028,0000,267
19991029,0000,260
19991030,0000,259
19991031,0000,256
19991101,0000,254
19991102,0000,251
19991103,0000,250
19991104,0000,248
19991105,0000,243
19991106,0000,242
19991107,0000,240
19991108,0000,238
19991109,0000,238
19991110,0000,235
19991111,0000,234
19991112,0000,234
19991113,0000,230
19991114,0000,230
19991115,0000,220
19991116,0000,202
19991117,0000,188
19991118,0000,157
19991119,0000,134
19991120,0000,134
19991121,0000,134
19991122,0000,145
19991123,0000,165
19991124,0000,162
19991125,0000,162
19991126,0000,162
19991127,0000,160
19991128,0000,158
19991129,0000,158
19991130,0000,158
19991201,0000,158
19991202,0000,158
19991203,0000,158
19991204,0000,158
19991205,0000,158
19991206,0000,158
19991207,0000,162
19991208,0000,158
19991209,0000,158
19991210,0000,158
19991211,0000,158
19991212,0000,162
19991213,0000,158
19991214,0000,158
19991215,0000,170
19991216,0000,188
19991217,0000,178
19991218,0000,178
19991219,0000,177
19991220,0000,177
19991221,0000,177
19991222,0000,171
19991223,0000,165
19991224,0000,161
19991225,0000,161
19991226,0000,161
19991227,0000,160
19991228,0000,160
19991229,0000,160
19991230,0000,154
19991231,0000,150
20000101,0000,150
20000102,0000,149
20000103,0000,150
20000104,0000,142
20000105,0000,151
20000106,0000,150
20000107,0000,149
20000108,0000,149
20000109,0000,149
20000110,0000,153
20000111,0000,149
20000112,0000,149
20000113,0000,133
20000114,0000,94
20000115,0000,79
20000116,0000,82
20000117,0000,82
20000118,0000,60
20000119,0000,40
20000120,0000,40
20000121,0000,40
20000122,0000,40
20000123,0000,40
20000124,0000,40
20000125,0000,34
20000126,0000,28
20000127,0000,53
20000128,0000,10
20000129,0000,108
20000130,0000,109
20000131,0000,68
20000201,0000,29
20000202,0000,29
20000203,0000,29
20000204,0000,29
20000205,0000,29
20000206,0000,29
20000207,0000,42
20000208,0000,56
20000209,0000,54
20000210,0000,519
20000211,0000,755
20000212,0000,826
20000213,0000,433
20000214,0000,37
20000215,0000,1049
20000216,0000,3056
20000217,0000,3854
20000218,0000,1686
20000219,0000,232
20000220,0000,268
20000221,0000,1230
20000222,0000,1365
20000223,0000,1113
20000224,0000,2016
20000225,0000,1177
20000226,0000,288
20000227,0000,290
20000228,0000,1272
20000229,0000,1745
20000301,0000,m
20000302,0000,1021
20000303,0000,268
20000304,0000,268
20000305,0000,271
20000306,0000,426
20000307,0000,505
20000308,0000,824
20000309,0000,1007
20000310,0000,1007
20000311,0000,788
20000312,0000,405
20000313,0000,226
20000314,0000,216
20000315,0000,216
20000316,0000,217
20000317,0000,220
20000318,0000,220
20000319,0000,220
20000320,0000,131
20000321,0000,73
20000322,0000,77
20000323,0000,95
20000324,0000,108
20000325,0000,108
20000326,0000,108
20000327,0000,108
20000328,0000,108
20000329,0000,124
20000330,0000,139
20000331,0000,156
20000401,0000,164
20000402,0000,164
20000403,0000,164
20000404,0000,166
20000405,0000,171
20000406,0000,171
20000407,0000,172
20000408,0000,168
20000409,0000,168
20000410,0000,171
20000411,0000,168
20000412,0000,171
20000413,0000,171
20000414,0000,168
20000415,0000,168
20000416,0000,168
20000417,0000,171
20000418,0000,171
20000419,0000,168
20000420,0000,386
20000421,0000,293
20000422,0000,169
20000423,0000,169
20000424,0000,172
20000425,0000,171
20000426,0000,171
20000427,0000,167
20000428,0000,167
20000429,0000,167
20000430,0000,167
20000501,0000,165
20000502,0000,173
20000503,0000,163
20000504,0000,167
20000505,0000,163
20000506,0000,163
20000507,0000,163
20000508,0000,163
20000509,0000,163
20000510,0000,163
20000511,0000,162
20000512,0000,163
20000513,0000,163
20000514,0000,163
20000515,0000,216
20000516,0000,549
20000517,0000,519
20000518,0000,m
20000519,0000,191
20000520,0000,191
20000521,0000,191
20000522,0000,m
20000523,0000,191
20000524,0000,191
20000525,0000,m
20000526,0000,191
20000527,0000,191
20000528,0000,191
20000529,0000,191
20000530,0000,194
20000531,0000,191
20000601,0000,191
20000602,0000,203
20000603,0000,206
20000604,0000,206
20000605,0000,206
20000606,0000,m
20000607,0000,218
20000608,0000,223
20000609,0000,222
20000610,0000,225
20000611,0000,230
20000612,0000,230
20000613,0000,m
20000614,0000,m
20000615,0000,249
20000616,0000,275
20000617,0000,297
20000618,0000,316
20000619,0000,316
20000620,0000,316
20000621,0000,307
20000622,0000,m
20000623,0000,304
20000624,0000,305
20000625,0000,290
20000626,0000,280
20000627,0000,280
20000628,0000,m
20000629,0000,280
20000630,0000,280
20000701,0000,297
20000702,0000,312
20000703,0000,300
20000704,0000,285
20000705,0000,285
20000706,0000,279
20000707,0000,271
20000708,0000,271
20000709,0000,266
20000710,0000,271
20000711,0000,271
20000712,0000,271
20000713,0000,271
20000714,0000,271
20000715,0000,271
20000716,0000,271
20000717,0000,277
20000718,0000,275
20000719,0000,274
20000720,0000,275
20000721,0000,m
20000722,0000,m
20000723,0000,276
20000724,0000,m
20000725,0000,276
20000726,0000,290
20000727,0000,298
20000728,0000,302
20000729,0000,303
20000730,0000,m
20000731,0000,303
20000801,0000,303
20000802,0000,303
20000803,0000,313
20000804,0000,m
20000805,0000,326
20000806,0000,326
20000807,0000,m
20000808,0000,326
20000809,0000,326
20000810,0000,326
20000811,0000,m
20000812,0000,m
20000813,0000,m
20000814,0000,m
20000815,0000,m
20000816,0000,m
20000817,0000,315
20000818,0000,316
20000819,0000,316
20000820,0000,316
20000821,0000,m
20000822,0000,m
20000823,0000,321
20000824,0000,321
20000825,0000,328
20000826,0000,m
20000827,0000,m
20000828,0000,324
20000829,0000,307
20000830,0000,268
20000831,0000,259
20000901,0000,m
20000902,0000,234
20000903,0000,234
20000904,0000,233
20000905,0000,233
20000906,0000,232
20000907,0000,230
20000908,0000,230
20000909,0000,m
20000910,0000,234
20000911,0000,234
20000912,0000,234
20000913,0000,m
20000914,0000,234
20000915,0000,234
20000916,0000,228
20000917,0000,235
20000918,0000,240
20000919,0000,238
20000920,0000,238
20000921,0000,238
20000922,0000,242
20000923,0000,236
20000924,0000,237
20000925,0000,236
20000926,0000,235
20000927,0000,222
20000928,0000,202
20000929,0000,m
20000930,0000,202
20001001,0000,202
20001002,0000,m
20001003,0000,199
20001004,0000,199
20001005,0000,198
20001006,0000,197
20001007,0000,m
20001008,0000,195
20001009,0000,195
20001010,0000,195
20001011,0000,201
20001012,0000,167
20001013,0000,213
20001014,0000,238
20001015,0000,m
20001016,0000,238
20001017,0000,238
20001018,0000,244
20001019,0000,241
20001020,0000,236
20001021,0000,230
20001022,0000,230
20001023,0000,230
20001024,0000,230
20001025,0000,234
20001026,0000,217
20001027,0000,187
20001028,0000,177
20001029,0000,177
20001030,0000,172
20001031,0000,166
20001101,0000,m
20001102,0000,166
20001103,0000,166
20001104,0000,166
20001105,0000,166
20001106,0000,166
20001107,0000,167
20001108,0000,156
20001109,0000,156
20001110,0000,156
20001111,0000,156
20001112,0000,156
20001113,0000,156
20001114,0000,156
20001115,0000,156
20001116,0000,156
20001117,0000,156
20001118,0000,156
20001119,0000,156
20001120,0000,162
20001121,0000,156
20001122,0000,156
20001123,0000,156
20001124,0000,156
20001125,0000,156
20001126,0000,156
20001127,0000,159
20001128,0000,166
20001129,0000,167
20001130,0000,167
20001201,0000,167
20001202,0000,164
20001203,0000,164
20001204,0000,164
20001205,0000,166
20001206,0000,178
20001207,0000,171
20001208,0000,170
20001209,0000,170
20001210,0000,170
20001211,0000,170
20001212,0000,170
20001213,0000,170
20001214,0000,170
20001215,0000,170
20001216,0000,170
20001217,0000,170
20001218,0000,170
20001219,0000,170
20001220,0000,174
20001221,0000,170
20001222,0000,170
20001223,0000,169
20001224,0000,169
20001225,0000,168
20001226,0000,168
20001227,0000,169
20001228,0000,168
20001229,0000,167
20001230,0000,167
20001231,0000,167
20010101,0000,167
20010102,0000,167
20010103,0000,167
20010104,0000,167
20010105,0000,167
20010106,0000,167
20010107,0000,167
20010108,0000,167
20010109,0000,167
20010110,0000,133
20010111,0000,69
20010112,0000,37
20010113,0000,100
20010114,0000,139
20010115,0000,139
20010116,0000,143
20010117,0000,139
20010118,0000,139
20010119,0000,139
20010120,0000,139
20010121,0000,139
20010122,0000,139
20010123,0000,139
20010124,0000,72
20010125,0000,34
20010126,0000,33
20010127,0000,33
20010128,0000,88
20010129,0000,117
20010130,0000,116
20010131,0000,116
20010201,0000,116
20010202,0000,67
20010203,0000,38
20010204,0000,38
20010205,0000,38
20010206,0000,38
20010207,0000,38
20010208,0000,44
20010209,0000,37
20010210,0000,38
20010211,0000,37
20010212,0000,33
20010213,0000,32
20010214,0000,28
20010215,0000,27
20010216,0000,27
20010217,0000,27
20010218,0000,27
20010219,0000,27
20010220,0000,28
20010221,0000,28
20010222,0000,28
20010223,0000,28
20010224,0000,28
20010225,0000,27
20010226,0000,27
20010227,0000,27
20010228,0000,28
20010301,0000,m
20010302,0000,28
20010303,0000,28
20010304,0000,28
20010305,0000,m
20010306,0000,29
20010307,0000,28
20010308,0000,28
20010309,0000,32
20010310,0000,28
20010311,0000,26
20010312,0000,26
20010313,0000,29
20010314,0000,32
20010315,0000,32
20010316,0000,35
20010317,0000,32
20010318,0000,33
20010319,0000,29
20010320,0000,27
20010321,0000,26
20010322,0000,38
20010323,0000,49
20010324,0000,46
20010325,0000,46
20010326,0000,49
20010327,0000,46
20010328,0000,49
20010329,0000,46
20010330,0000,45
20010331,0000,45
20010401,0000,45
20010402,0000,46
20010403,0000,60
20010404,0000,75
20010405,0000,76
20010406,0000,78
20010407,0000,62
20010408,0000,62
20010409,0000,62
20010410,0000,m
20010411,0000,79
20010412,0000,73
20010413,0000,72
20010414,0000,62
20010415,0000,62
20010416,0000,67
20010417,0000,79
20010418,0000,71
20010419,0000,62
20010420,0000,62
20010421,0000,62
20010422,0000,62
20010423,0000,m
20010424,0000,m
20010425,0000,63
20010426,0000,89
20010427,0000,118
20010428,0000,118
20010429,0000,118
20010430,0000,118
20010501,0000,118
20010502,0000,117
20010503,0000,119
20010504,0000,119
20010505,0000,119
20010506,0000,119
20010507,0000,119
20010508,0000,124
20010509,0000,134
20010510,0000,134
20010511,0000,m
20010512,0000,138
20010513,0000,138
20010514,0000,134
20010515,0000,135
20010516,0000,115
20010517,0000,93
20010518,0000,96
20010519,0000,m
20010520,0000,96
20010521,0000,m
20010522,0000,93
20010523,0000,93
20010524,0000,94
20010525,0000,120
20010526,0000,137
20010527,0000,m
20010528,0000,137
20010529,0000,139
20010530,0000,140
20010531,0000,140
20010601,0000,153
20010602,0000,170
20010603,0000,170
20010604,0000,m
20010605,0000,170
20010606,0000,m
20010607,0000,170
20010608,0000,170
20010609,0000,170
20010610,0000,170
20010611,0000,171
20010612,0000,176
20010613,0000,176
20010614,0000,m
20010615,0000,176
20010616,0000,170
20010617,0000,170
20010618,0000,m
20010619,0000,170
20010620,0000,185
20010621,0000,207
20010622,0000,210
20010623,0000,210
20010624,0000,208
20010625,0000,m
20010626,0000,189
20010627,0000,168
20010628,0000,m
20010629,0000,m
20010630,0000,m
20010701,0000,m
20010702,0000,138
20010703,0000,156
20010704,0000,170
20010705,0000,m
20010706,0000,m
20010707,0000,m
20010708,0000,196
20010709,0000,191
20010710,0000,191
20010711,0000,198
20010712,0000,198
20010713,0000,198
20010714,0000,191
20010715,0000,m
20010716,0000,m
20010717,0000,191
20010718,0000,191
20010719,0000,191
20010720,0000,m
20010721,0000,191
20010722,0000,191
20010723,0000,m
20010724,0000,191
20010725,0000,191
20010726,0000,191
20010727,0000,202
20010728,0000,188
20010729,0000,188
20010730,0000,188
20010731,0000,188
20010801,0000,188
20010802,0000,193
20010803,0000,194
20010804,0000,184
20010805,0000,184
20010806,0000,188
20010807,0000,191
20010808,0000,184
20010809,0000,m
20010810,0000,191
20010811,0000,191
20010812,0000,190
20010813,0000,182
20010814,0000,180
20010815,0000,181
20010816,0000,181
20010817,0000,m
20010818,0000,180
20010819,0000,180
20010820,0000,180
20010821,0000,172
20010822,0000,161
20010823,0000,163
20010824,0000,163
20010825,0000,m
20010826,0000,163
20010827,0000,186
20010828,0000,197
20010829,0000,195
20010830,0000,199
20010831,0000,199
20010901,0000,199
20010902,0000,m
20010903,0000,197
20010904,0000,196
20010905,0000,198
20010906,0000,265
20010907,0000,m
20010908,0000,298
20010909,0000,298
20010910,0000,m
20010911,0000,298
20010912,0000,298
20010913,0000,298
20010914,0000,279
20010915,0000,261
20010916,0000,259
20010917,0000,259
20010918,0000,m
20010919,0000,211
20010920,0000,147
20010921,0000,146
20010922,0000,146
20010923,0000,146
20010924,0000,199
20010925,0000,m
20010926,0000,113
20010927,0000,106
20010928,0000,160
20010929,0000,m
20010930,0000,199
20011001,0000,199
20011002,0000,226
20011003,0000,267
20011004,0000,m
20011005,0000,m
20011006,0000,265
20011007,0000,263
20011008,0000,225
20011009,0000,156
20011010,0000,156
20011011,0000,m
20011012,0000,156
20011013,0000,m
20011014,0000,156
20011015,0000,156
20011016,0000,156
20011017,0000,156
20011018,0000,156
20011019,0000,156
20011020,0000,m
20011021,0000,156
20011022,0000,156
20011023,0000,156
20011024,0000,156
20011025,0000,155
20011026,0000,153
20011027,0000,m
20011028,0000,153
20011029,0000,153
20011030,0000,125
20011031,0000,m
20011101,0000,m
20011102,0000,102
20011103,0000,102
20011104,0000,m
20011105,0000,102
20011106,0000,102
20011107,0000,102
20011108,0000,102
20011109,0000,102
20011110,0000,102
20011111,0000,90
20011112,0000,80
20011113,0000,m
20011114,0000,80
20011115,0000,80
20011116,0000,82
20011117,0000,83
20011118,0000,83
20011119,0000,83
20011120,0000,90
20011121,0000,103
20011122,0000,103
20011123,0000,103
20011124,0000,105
20011125,0000,105
20011126,0000,77
20011127,0000,50
20011128,0000,m
20011129,0000,31
20011130,0000,29
20011201,0000,31
20011202,0000,31
20011203,0000,376
20011204,0000,1101
20011205,0000,1263
20011206,0000,1605
20011207,0000,1229
20011208,0000,1002
20011209,0000,483
20011210,0000,119
20011211,0000,m
20011212,0000,120
20011213,0000,120
20011214,0000,120
20011215,0000,120
20011216,0000,121
20011217,0000,m
20011218,0000,m
20011219,0000,m
20011220,0000,m
20011221,0000,m
20011222,0000,1497
20011223,0000,1748
20011224,0000,2036
20011225,0000,2028
20011226,0000,1562
20011227,0000,497
20011228,0000,657
20011229,0000,761
20011230,0000,762
20011231,0000,840
20020101,0000,m
20020102,0000,m
20020103,0000,1184
20020104,0000,1958
20020105,0000,1941
20020106,0000,1957
20020107,0000,1528
20020108,0000,1512
20020109,0000,1519
20020110,0000,1529
20020111,0000,1114
20020112,0000,m
20020113,0000,m
20020114,0000,677
20020115,0000,523
20020116,0000,522
20020117,0000,451
20020118,0000,m
20020119,0000,m
20020120,0000,m
20020121,0000,259
20020122,0000,m
20020123,0000,260
20020124,0000,260
20020125,0000,533
20020126,0000,704
20020127,0000,704
20020128,0000,577
20020129,0000,310
20020130,0000,208
20020131,0000,208
20020201,0000,208
20020202,0000,208
20020203,0000,208
20020204,0000,m
20020205,0000,302
20020206,0000,326
20020207,0000,326
20020208,0000,326
20020209,0000,326
20020210,0000,328
20020211,0000,329
20020212,0000,330
20020213,0000,330
20020214,0000,330
20020215,0000,330
20020216,0000,330
20020217,0000,330
20020218,0000,330
20020219,0000,331
20020220,0000,1060
20020221,0000,2015
20020222,0000,1270
20020223,0000,331
20020224,0000,331
20020225,0000,331
20020226,0000,333
20020227,0000,331
20020228,0000,331
20020301,0000,332
20020302,0000,336
20020303,0000,336
20020304,0000,285
20020305,0000,224
20020306,0000,164
20020307,0000,101
20020308,0000,101
20020309,0000,101
20020310,0000,101
20020311,0000,88
20020312,0000,62
20020313,0000,m
20020314,0000,52
20020315,0000,50
20020316,0000,50
20020317,0000,50
20020318,0000,72
20020319,0000,94
20020320,0000,95
20020321,0000,97
20020322,0000,97
20020323,0000,m
20020324,0000,m
20020325,0000,97
20020326,0000,78
20020327,0000,m
20020328,0000,74
20020329,0000,80
20020330,0000,76
20020331,0000,76
20020401,0000,221
20020402,0000,303
20020403,0000,287
20020404,0000,288
20020405,0000,288
20020406,0000,m
20020407,0000,288
20020408,0000,289
20020409,0000,207
20020410,0000,151
20020411,0000,153
20020412,0000,154
20020413,0000,153
20020414,0000,153
20020415,0000,152
20020416,0000,152
20020417,0000,153
20020418,0000,153
20020419,0000,168
20020420,0000,177
20020421,0000,177
20020422,0000,176
20020423,0000,176
20020424,0000,176
20020425,0000,176
20020426,0000,179
20020427,0000,178
20020428,0000,176
20020429,0000,180
20020430,0000,180
20020501,0000,180
20020502,0000,180
20020503,0000,179
20020504,0000,179
20020505,0000,178
20020506,0000,178
20020507,0000,177
20020508,0000,177
20020509,0000,177
20020510,0000,177
20020511,0000,177
20020512,0000,177
20020513,0000,183
20020514,0000,191
20020515,0000,194
20020516,0000,195
20020517,0000,195
20020518,0000,195
20020519,0000,195
20020520,0000,196
20020521,0000,195
20020522,0000,195
20020523,0000,195
20020524,0000,195
20020525,0000,194
20020526,0000,206
20020527,0000,220
20020528,0000,220
20020529,0000,220
20020530,0000,220
20020531,0000,220
20020601,0000,221
20020602,0000,224
20020603,0000,202
20020604,0000,176
20020605,0000,176
20020606,0000,187
20020607,0000,204
20020608,0000,205
20020609,0000,m
20020610,0000,221
20020611,0000,232
20020612,0000,233
20020613,0000,234
20020614,0000,236
20020615,0000,238
20020616,0000,238
20020617,0000,255
20020618,0000,269
20020619,0000,270
20020620,0000,271
20020621,0000,271
20020622,0000,271
20020623,0000,271
20020624,0000,268
20020625,0000,m
20020626,0000,264
20020627,0000,m
20020628,0000,m
20020629,0000,m
20020630,0000,273
20020701,0000,271
20020702,0000,272
20020703,0000,276
20020704,0000,m
20020705,0000,276
20020706,0000,276
20020707,0000,276
20020708,0000,m
20020709,0000,276
20020710,0000,276
20020711,0000,276
20020712,0000,m
20020713,0000,m
20020714,0000,m
20020715,0000,276
20020716,0000,276
20020717,0000,276
20020718,0000,276
20020719,0000,276
20020720,0000,275
20020721,0000,276
20020722,0000,267
20020723,0000,254
20020724,0000,254
20020725,0000,254
20020726,0000,m
20020727,0000,254
20020728,0000,254
20020729,0000,262
20020730,0000,m
20020731,0000,246
20020801,0000,236
20020802,0000,m
20020803,0000,234
20020804,0000,234
20020805,0000,234
20020806,0000,m
20020807,0000,241
20020808,0000,260
20020809,0000,288
20020810,0000,m
20020811,0000,m
20020812,0000,287
20020813,0000,284
20020814,0000,m
20020815,0000,284
20020816,0000,284
20020817,0000,276
20020818,0000,276
20020819,0000,265
20020820,0000,m
20020821,0000,252
20020822,0000,259
20020823,0000,237
20020824,0000,226
20020825,0000,226
20020826,0000,m
20020827,0000,254
20020828,0000,253
20020829,0000,254
20020830,0000,257
20020831,0000,259
20020901,0000,259
20020902,0000,254
20020903,0000,246
20020904,0000,245
20020905,0000,242
20020906,0000,251
20020907,0000,261
20020908,0000,263
20020909,0000,m
20020910,0000,257
20020911,0000,254
20020912,0000,254
20020913,0000,246
20020914,0000,235
20020915,0000,236
20020916,0000,235
20020917,0000,234
20020918,0000,m
20020919,0000,239
20020920,0000,246
20020921,0000,243
20020922,0000,242
20020923,0000,242
20020924,0000,m
20020925,0000,241
20020926,0000,221
20020927,0000,293
20020928,0000,280
20020929,0000,280
20020930,0000,m
20021001,0000,280
20021002,0000,258
20021003,0000,254
20021004,0000,m
20021005,0000,280
20021006,0000,303
20021007,0000,283
20021008,0000,274
20021009,0000,293
20021010,0000,298
20021011,0000,298
20021012,0000,268
20021013,0000,250
20021014,0000,250
20021015,0000,238
20021016,0000,227
20021017,0000,m
20021018,0000,227
20021019,0000,209
20021020,0000,202
20021021,0000,194
20021022,0000,m
20021023,0000,180
20021024,0000,m
20021025,0000,180
20021026,0000,m
20021027,0000,153
20021028,0000,153
20021029,0000,m
20021030,0000,150
20021031,0000,143
20021101,0000,132
20021102,0000,137
20021103,0000,137
20021104,0000,137
20021105,0000,135
20021106,0000,134
20021107,0000,128
20021108,0000,121
20021109,0000,m
20021110,0000,m
20021111,0000,m
20021112,0000,m
20021113,0000,93
20021114,0000,93
20021115,0000,98
20021116,0000,98
20021117,0000,98
20021118,0000,106
20021119,0000,121
20021120,0000,121
20021121,0000,121
20021122,0000,m
20021123,0000,101
20021124,0000,101
20021125,0000,103
20021126,0000,m
20021127,0000,m
20021128,0000,m
20021129,0000,80
20021130,0000,80
20021201,0000,80
20021202,0000,78
20021203,0000,m
20021204,0000,72
20021205,0000,72
20021206,0000,75
20021207,0000,75
20021208,0000,75
20021209,0000,m
20021210,0000,76
20021211,0000,m
20021212,0000,75
20021213,0000,59
20021214,0000,34
20021215,0000,35
20021216,0000,35
20021217,0000,35
20021218,0000,36
20021219,0000,35
20021220,0000,36
20021221,0000,36
20021222,0000,36
20021223,0000,36
20021224,0000,36
20021225,0000,m
20021226,0000,36
20021227,0000,37
20021228,0000,37
20021229,0000,37
20021230,0000,m
20021231,0000,210
20030101,0000,m
20030102,0000,1118
20030103,0000,917
20030104,0000,764
20030105,0000,763
20030106,0000,m
20030107,0000,445
20030108,0000,420
20030109,0000,420
20030110,0000,420
20030111,0000,420
20030112,0000,419
20030113,0000,627
20030114,0000,1623
20030115,0000,m
20030116,0000,1205
20030117,0000,1071
20030118,0000,725
20030119,0000,214
20030120,0000,59
20030121,0000,59
20030122,0000,100
20030123,0000,125
20030124,0000,191
20030125,0000,232
20030126,0000,232
20030127,0000,458
20030128,0000,893
20030129,0000,474
20030130,0000,107
20030131,0000,149
20030201,0000,149
20030202,0000,150
20030203,0000,154
20030204,0000,150
20030205,0000,150
20030206,0000,150
20030207,0000,150
20030208,0000,150
20030209,0000,151
20030210,0000,153
20030211,0000,153
20030212,0000,153
20030213,0000,152
20030214,0000,153
20030215,0000,153
20030216,0000,155
20030217,0000,156
20030218,0000,644
20030219,0000,1051
20030220,0000,1670
20030221,0000,1859
20030222,0000,1164
20030223,0000,630
20030224,0000,523
20030225,0000,474
20030226,0000,417
20030227,0000,417
20030228,0000,415
20030301,0000,414
20030302,0000,415
20030303,0000,350
20030304,0000,219
20030305,0000,171
20030306,0000,171
20030307,0000,173
20030308,0000,174
20030309,0000,175
20030310,0000,174
20030311,0000,174
20030312,0000,174
20030313,0000,174
20030314,0000,174
20030315,0000,177
20030316,0000,177
20030317,0000,177
20030318,0000,177
20030319,0000,177
20030320,0000,177
20030321,0000,177
20030322,0000,177
20030323,0000,177
20030324,0000,177
20030325,0000,181
20030326,0000,181
20030327,0000,181
20030328,0000,181
20030329,0000,181
20030330,0000,181
20030331,0000,181
20030401,0000,181
20030402,0000,182
20030403,0000,184
20030404,0000,184
20030405,0000,183
20030406,0000,184
20030407,0000,184
20030408,0000,184
20030409,0000,184
20030410,0000,172
20030411,0000,321
20030412,0000,441
20030413,0000,827
20030414,0000,1691
20030415,0000,1457
20030416,0000,718
20030417,0000,677
20030418,0000,674
20030419,0000,672
20030420,0000,671
20030421,0000,583
20030422,0000,524
20030423,0000,524
20030424,0000,524
20030425,0000,524
20030426,0000,819
20030427,0000,1018
20030428,0000,995
20030429,0000,1027
20030430,0000,1031
20030501,0000,1601
20030502,0000,1801
20030503,0000,1514
20030504,0000,1508
20030505,0000,909
20030506,0000,476
20030507,0000,452
20030508,0000,457
20030509,0000,457
20030510,0000,457
20030511,0000,457
20030512,0000,408
20030513,0000,375
20030514,0000,377
20030515,0000,383
20030516,0000,384
20030517,0000,384
20030518,0000,384
20030519,0000,320
20030520,0000,276
20030521,0000,276
20030522,0000,276
20030523,0000,276
20030524,0000,276
20030525,0000,280
20030526,0000,280
20030527,0000,280
20030528,0000,280
20030529,0000,277
20030530,0000,331
20030531,0000,360
20030601,0000,355
20030602,0000,313
20030603,0000,285
20030604,0000,237
20030605,0000,199
20030606,0000,191
20030607,0000,180
20030608,0000,180
20030609,0000,183
20030610,0000,184
20030611,0000,203
20030612,0000,222
20030613,0000,235
20030614,0000,246
20030615,0000,250
20030616,0000,250
20030617,0000,260
20030618,0000,271
20030619,0000,271
20030620,0000,271
20030621,0000,271
20030622,0000,271
20030623,0000,273
20030624,0000,265
20030625,0000,242
20030626,0000,230
20030627,0000,230
20030628,0000,230
20030629,0000,231
20030630,0000,248
20030701,0000,262
20030702,0000,263
20030703,0000,263
20030704,0000,263
20030705,0000,270
20030706,0000,280
20030707,0000,280
20030708,0000,280
20030709,0000,280
20030710,0000,276
20030711,0000,286
20030712,0000,302
20030713,0000,303
20030714,0000,303
20030715,0000,303
20030716,0000,303
20030717,0000,303
20030718,0000,306
20030719,0000,307
20030720,0000,307
20030721,0000,307
20030722,0000,307
20030723,0000,307
20030724,0000,291
20030725,0000,276
20030726,0000,276
20030727,0000,276
20030728,0000,276
20030729,0000,276
20030730,0000,276
20030731,0000,m
20030801,0000,276
20030802,0000,276
20030803,0000,276
20030804,0000,276
20030805,0000,276
20030806,0000,276
20030807,0000,276
20030808,0000,276
20030809,0000,276
20030810,0000,277
20030811,0000,280
20030812,0000,280
20030813,0000,280
20030814,0000,280
20030815,0000,280
20030816,0000,280
20030817,0000,280
20030818,0000,280
20030819,0000,m
20030820,0000,280
20030821,0000,280
20030822,0000,280
20030823,0000,280
20030824,0000,280
20030825,0000,272
20030826,0000,267
20030827,0000,276
20030828,0000,289
20030829,0000,289
20030830,0000,292
20030831,0000,293
20030901,0000,293
20030902,0000,275
20030903,0000,250
20030904,0000,m
20030905,0000,250
20030906,0000,250
20030907,0000,250
20030908,0000,250
20030909,0000,250
20030910,0000,249
20030911,0000,250
20030912,0000,250
20030913,0000,252
20030914,0000,254
20030915,0000,266
20030916,0000,276
20030917,0000,227
20030918,0000,276
20030919,0000,276
20030920,0000,276
20030921,0000,275
20030922,0000,274
20030923,0000,274
20030924,0000,271
20030925,0000,270
20030926,0000,267
20030927,0000,267
20030928,0000,267
20030929,0000,267
20030930,0000,267
20031001,0000,204
20031002,0000,204
20031003,0000,204
20031004,0000,204
20031005,0000,204
20031006,0000,248
20031007,0000,234
20031008,0000,237
20031009,0000,238
20031010,0000,234
20031011,0000,234
20031012,0000,234
20031013,0000,234
20031014,0000,234
20031015,0000,224
20031016,0000,210
20031017,0000,210
20031018,0000,211
20031019,0000,218
20031020,0000,218
20031021,0000,218
20031022,0000,218
20031023,0000,218
20031024,0000,218
20031025,0000,216
20031026,0000,223
20031027,0000,234
20031028,0000,234
20031029,0000,234
20031030,0000,234
20031031,0000,234
20031101,0000,233
20031102,0000,233
20031103,0000,230
20031104,0000,230
20031105,0000,228
20031106,0000,210
20031107,0000,180
20031108,0000,174
20031109,0000,170
20031110,0000,169
20031111,0000,166
20031112,0000,166
20031113,0000,164
20031114,0000,163
20031115,0000,160
20031116,0000,159
20031117,0000,158
20031118,0000,156
20031119,0000,156
20031120,0000,156
20031121,0000,156
20031122,0000,156
20031123,0000,156
20031124,0000,156
20031125,0000,156
20031126,0000,156
20031127,0000,156
20031128,0000,156
20031129,0000,156
20031130,0000,156
20031201,0000,154
20031202,0000,133
20031203,0000,96
20031204,0000,117
20031205,0000,127
20031206,0000,126
20031207,0000,126
20031208,0000,127
20031209,0000,127
20031210,0000,107
20031211,0000,91
20031212,0000,91
20031213,0000,91
20031214,0000,92
20031215,0000,92
20031216,0000,92
20031217,0000,92
20031218,0000,94
20031219,0000,91
20031220,0000,91
20031221,0000,m
20031222,0000,886
20031223,0000,1924
20031224,0000,1154
20031225,0000,m
20031226,0000,1069
20031227,0000,m
20031228,0000,m
20031229,0000,146
20031230,0000,1808
20031231,0000,m
20040101,0000,127
20040102,0000,2294
20040103,0000,4023
20040104,0000,2312
20040105,0000,447
20040106,0000,338
20040107,0000,302
20040108,0000,301
20040109,0000,302
20040110,0000,303
20040111,0000,304
20040112,0000,m
20040113,0000,305
20040114,0000,926
20040115,0000,2057
20040116,0000,996
20040117,0000,166
20040118,0000,166
20040119,0000,165
20040120,0000,m
20040121,0000,602
20040122,0000,486
20040123,0000,205
20040124,0000,205
20040125,0000,205
20040126,0000,590
20040127,0000,964
20040128,0000,1035
20040129,0000,498
20040130,0000,156
20040131,0000,208
20040201,0000,208
20040202,0000,211
20040203,0000,1286
20040204,0000,2020
20040205,0000,1482
20040206,0000,554
20040207,0000,209
20040208,0000,210
20040209,0000,407
20040210,0000,680
20040211,0000,758
20040212,0000,425
20040213,0000,211
20040214,0000,211
20040215,0000,211
20040216,0000,215
20040217,0000,220
20040218,0000,750
20040219,0000,3002
20040220,0000,3418
20040221,0000,2754
20040222,0000,2006
20040223,0000,729
20040224,0000,236
20040225,0000,192
20040226,0000,162
20040227,0000,2077
20040228,0000,3547
20040229,0000,2078
20040301,0000,1526
20040302,0000,795
20040303,0000,124
20040304,0000,84
20040305,0000,78
20040306,0000,75
20040307,0000,75
20040308,0000,75
20040309,0000,93
20040310,0000,112
20040311,0000,115
20040312,0000,135
20040313,0000,156
20040314,0000,159
20040315,0000,159
20040316,0000,305
20040317,0000,158
20040318,0000,154
20040319,0000,151
20040320,0000,151
20040321,0000,151
20040322,0000,154
20040323,0000,154
20040324,0000,154
20040325,0000,157
20040326,0000,158
20040327,0000,158
20040328,0000,158
20040329,0000,158
20040330,0000,158
20040331,0000,169
20040401,0000,188
20040402,0000,188
20040403,0000,188
20040404,0000,188
20040405,0000,188
20040406,0000,188
20040407,0000,188
20040408,0000,m
20040409,0000,191
20040410,0000,192
20040411,0000,192
20040412,0000,192
20040413,0000,192
20040414,0000,192
20040415,0000,192
20040416,0000,192
20040417,0000,192
20040418,0000,192
20040419,0000,192
20040420,0000,192
20040421,0000,192
20040422,0000,192
20040423,0000,186
20040424,0000,184
20040425,0000,184
20040426,0000,186
20040427,0000,188
20040428,0000,188
20040429,0000,187
20040430,0000,187
20040501,0000,185
20040502,0000,185
20040503,0000,185
20040504,0000,185
20040505,0000,185
20040506,0000,185
20040507,0000,m
20040508,0000,185
20040509,0000,185
20040510,0000,184
20040511,0000,184
20040512,0000,188
20040513,0000,191
20040514,0000,194
20040515,0000,198
20040516,0000,198
20040517,0000,195
20040518,0000,195
20040519,0000,210
20040520,0000,238
20040521,0000,238
20040522,0000,238
20040523,0000,212
20040524,0000,199
20040525,0000,211
20040526,0000,229
20040527,0000,230
20040528,0000,230
20040529,0000,230
20040530,0000,231
20040531,0000,234
20040601,0000,234
20040602,0000,234
20040603,0000,249
20040604,0000,263
20040605,0000,263
20040606,0000,263
20040607,0000,265
20040608,0000,267
20040609,0000,267
20040610,0000,267
20040611,0000,267
20040612,0000,267
20040613,0000,267
20040614,0000,267
20040615,0000,270
20040616,0000,269
20040617,0000,267
20040618,0000,267
20040619,0000,270
20040620,0000,271
20040621,0000,271
20040622,0000,271
20040623,0000,271
20040624,0000,271
20040625,0000,281
20040626,0000,289
20040627,0000,289
20040628,0000,289
20040629,0000,291
20040630,0000,293
20040701,0000,293
20040702,0000,293
20040703,0000,296
20040704,0000,298
20040705,0000,298
20040706,0000,290
20040707,0000,285
20040708,0000,285
20040709,0000,285
20040710,0000,285
20040711,0000,285
20040712,0000,285
20040713,0000,289
20040714,0000,289
20040715,0000,291
20040716,0000,294
20040717,0000,305
20040718,0000,312
20040719,0000,314
20040720,0000,316
20040721,0000,287
20040722,0000,266
20040723,0000,265
20040724,0000,267
20040725,0000,267
20040726,0000,265
20040727,0000,265
20040728,0000,244
20040729,0000,207
20040730,0000,206
20040731,0000,206
20040801,0000,203
20040802,0000,195
20040803,0000,184
20040804,0000,184
20040805,0000,184
20040806,0000,184
20040807,0000,184
20040808,0000,184
20040809,0000,181
20040810,0000,180
20040811,0000,190
20040812,0000,199
20040813,0000,199
20040814,0000,207
20040815,0000,211
20040816,0000,210
20040817,0000,210
20040818,0000,210
20040819,0000,222
20040820,0000,234
20040821,0000,234
20040822,0000,234
20040823,0000,234
20040824,0000,234
20040825,0000,230
20040826,0000,227
20040827,0000,226
20040828,0000,236
20040829,0000,244
20040830,0000,242
20040831,0000,242
20040901,0000,240
20040902,0000,238
20040903,0000,237
20040904,0000,227
20040905,0000,219
20040906,0000,218
20040907,0000,218
20040908,0000,210
20040909,0000,197
20040910,0000,186
20040911,0000,184
20040912,0000,184
20040913,0000,180
20040914,0000,186
20040915,0000,152
20040916,0000,193
20040917,0000,191
20040918,0000,195
20040919,0000,199
20040920,0000,199
20040921,0000,199
20040922,0000,195
20040923,0000,195
20040924,0000,195
20040925,0000,195
20040926,0000,195
20040927,0000,189
20040928,0000,180
20040929,0000,180
20040930,0000,183
20041001,0000,184
20041002,0000,184
20041003,0000,184
20041004,0000,173
20041005,0000,163
20041006,0000,156
20041007,0000,151
20041008,0000,160
20041009,0000,160
20041010,0000,160
20041011,0000,160
20041012,0000,174
20041013,0000,180
20041014,0000,180
20041015,0000,193
20041016,0000,202
20041017,0000,199
20041018,0000,199
20041019,0000,187
20041020,0000,177
20041021,0000,175
20041022,0000,173
20041023,0000,173
20041024,0000,172
20041025,0000,170
20041026,0000,170
20041027,0000,170
20041028,0000,170
20041029,0000,170
20041030,0000,170
20041031,0000,170
20041101,0000,170
20041102,0000,170
20041103,0000,170
20041104,0000,168
20041105,0000,166
20041106,0000,166
20041107,0000,166
20041108,0000,166
20041109,0000,166
20041110,0000,166
20041111,0000,166
20041112,0000,166
20041113,0000,165
20041114,0000,163
20041115,0000,162
20041116,0000,160
20041117,0000,160
20041118,0000,159
20041119,0000,154
20041120,0000,153
20041121,0000,153
20041122,0000,152
20041123,0000,212
20041124,0000,195
20041125,0000,170
20041126,0000,166
20041127,0000,164
20041128,0000,163
20041129,0000,163
20041130,0000,163
20041201,0000,163
20041202,0000,163
20041203,0000,163
20041204,0000,163
20041205,0000,163
20041206,0000,162
20041207,0000,161
20041208,0000,163
20041209,0000,163
20041210,0000,163
20041211,0000,163
20041212,0000,163
20041213,0000,163
20041214,0000,163
20041215,0000,163
20041216,0000,163
20041217,0000,163
20041218,0000,163
20041219,0000,163
20041220,0000,163
20041221,0000,163
20041222,0000,162
20041223,0000,162
20041224,0000,162
20041225,0000,164
20041226,0000,166
20041227,0000,168
20041228,0000,169
20041229,0000,169
20041230,0000,172
20041231,0000,172
20050101,0000,172
20050102,0000,172
20050103,0000,173
20050104,0000,174
20050105,0000,173
20050106,0000,174
20050107,0000,151
20050108,0000,117
20050109,0000,117
20050110,0000,118
20050111,0000,119
20050112,0000,1402
20050113,0000,1864
20050114,0000,667
20050115,0000,305
20050116,0000,305
20050117,0000,305
20050118,0000,303
20050119,0000,301
20050120,0000,301
20050121,0000,302
20050122,0000,305
20050123,0000,305
20050124,0000,305
20050125,0000,305
20050126,0000,305
20050127,0000,305
20050128,0000,653
20050129,0000,m
20050130,0000,m
20050131,0000,1095
20050201,0000,958
20050202,0000,670
20050203,0000,435
20050204,0000,288
20050205,0000,288
20050206,0000,288
20050207,0000,293
20050208,0000,297
20050209,0000,298
20050210,0000,300
20050211,0000,301
20050212,0000,301
20050213,0000,301
20050214,0000,301
20050215,0000,301
20050216,0000,301
20050217,0000,301
20050218,0000,305
20050219,0000,305
20050220,0000,305
20050221,0000,305
20050222,0000,294
20050223,0000,545
20050224,0000,726
20050225,0000,726
20050226,0000,m
20050227,0000,725
20050228,0000,726
20050301,0000,726
20050302,0000,1043
20050303,0000,687
20050304,0000,204
20050305,0000,207
20050306,0000,207
20050307,0000,137
20050308,0000,85
20050309,0000,86
20050310,0000,87
20050311,0000,99
20050312,0000,108
20050313,0000,108
20050314,0000,108
20050315,0000,110
20050316,0000,110
20050317,0000,110
20050318,0000,109
20050319,0000,108
20050320,0000,108
20050321,0000,108
20050322,0000,108
20050323,0000,109
20050324,0000,111
20050325,0000,111
20050326,0000,111
20050327,0000,111
20050328,0000,668
20050329,0000,1328
20050330,0000,1068
20050331,0000,653
20050401,0000,428
20050402,0000,283
20050403,0000,286
20050404,0000,745
20050405,0000,912
20050406,0000,591
20050407,0000,512
20050408,0000,421
20050409,0000,271
20050410,0000,271
20050411,0000,567
20050412,0000,763
20050413,0000,761
20050414,0000,758
20050415,0000,443
20050416,0000,250
20050417,0000,250
20050418,0000,253
20050419,0000,253
20050420,0000,253
20050421,0000,253
20050422,0000,257
20050423,0000,257
20050424,0000,257
20050425,0000,257
20050426,0000,257
20050427,0000,257
20050428,0000,258
20050429,0000,258
20050430,0000,258
20050501,0000,258
20050502,0000,258
20050503,0000,258
20050504,0000,258
20050505,0000,257
20050506,0000,258
20050507,0000,259
20050508,0000,260
20050509,0000,402
20050510,0000,571
20050511,0000,413
20050512,0000,279
20050513,0000,279
20050514,0000,279
20050515,0000,279
20050516,0000,279
20050517,0000,279
20050518,0000,279
20050519,0000,1240
20050520,0000,1222
20050521,0000,604
20050522,0000,604
20050523,0000,523
20050524,0000,324
20050525,0000,247
20050526,0000,246
20050527,0000,223
20050528,0000,188
20050529,0000,188
20050530,0000,188
20050531,0000,188
20050601,0000,188
20050602,0000,188
20050603,0000,188
20050604,0000,188
20050605,0000,188
20050606,0000,185
20050607,0000,184
20050608,0000,184
20050609,0000,184
20050610,0000,187
20050611,0000,188
20050612,0000,188
20050613,0000,188
20050614,0000,188
20050615,0000,188
20050616,0000,188
20050617,0000,191
20050618,0000,191
20050619,0000,191
20050620,0000,191
20050621,0000,191
20050622,0000,191
20050623,0000,191
20050624,0000,194
20050625,0000,200
20050626,0000,195
20050627,0000,195
20050628,0000,195
20050629,0000,195
20050630,0000,195
20050701,0000,259
20050702,0000,307
20050703,0000,312
20050704,0000,312
20050705,0000,326
20050706,0000,300
20050707,0000,281
20050708,0000,287
20050709,0000,289
20050710,0000,289
20050711,0000,296
20050712,0000,306
20050713,0000,290
20050714,0000,273
20050715,0000,230
20050716,0000,214
20050717,0000,214
20050718,0000,214
20050719,0000,214
20050720,0000,214
20050721,0000,214
20050722,0000,214
20050723,0000,214
20050724,0000,214
20050725,0000,214
20050726,0000,222
20050727,0000,234
20050728,0000,234
20050729,0000,235
20050730,0000,237
20050731,0000,238
20050801,0000,238
20050802,0000,238
20050803,0000,238
20050804,0000,238
20050805,0000,246
20050806,0000,254
20050807,0000,254
20050808,0000,251
20050809,0000,251
20050810,0000,254
20050811,0000,254
20050812,0000,254
20050813,0000,m
20050814,0000,254
20050815,0000,254
20050816,0000,254
20050817,0000,254
20050818,0000,254
20050819,0000,254
20050820,0000,254
20050821,0000,254
20050822,0000,254
20050823,0000,254
20050824,0000,252
20050825,0000,250
20050826,0000,250
20050827,0000,252
20050828,0000,252
20050829,0000,250
20050830,0000,250
20050831,0000,250
20050901,0000,250
20050902,0000,251
20050903,0000,254
20050904,0000,254
20050905,0000,254
20050906,0000,248
20050907,0000,238
20050908,0000,238
20050909,0000,m
20050910,0000,234
20050911,0000,234
20050912,0000,234
20050913,0000,234
20050914,0000,234
20050915,0000,234
20050916,0000,234
20050917,0000,234
20050918,0000,234
20050919,0000,234
20050920,0000,234
20050921,0000,177
20050922,0000,230
20050923,0000,229
20050924,0000,228
20050925,0000,227
20050926,0000,226
20050927,0000,226
20050928,0000,229
20050929,0000,228
20050930,0000,230
20051001,0000,230
20051002,0000,230
20051003,0000,230
20051004,0000,229
20051005,0000,228
20051006,0000,226
20051007,0000,226
20051008,0000,226
20051009,0000,226
20051010,0000,226
20051011,0000,226
20051012,0000,226
20051013,0000,226
20051014,0000,226
20051015,0000,226
20051016,0000,226
20051017,0000,226
20051018,0000,226
20051019,0000,229
20051020,0000,230
20051021,0000,230
20051022,0000,230
20051023,0000,230
20051024,0000,230
20051025,0000,230
20051026,0000,230
20051027,0000,230
20051028,0000,230
20051029,0000,230
20051030,0000,230
20051031,0000,230
20051101,0000,230
20051102,0000,230
20051103,0000,230
20051104,0000,230
20051105,0000,230
20051106,0000,230
20051107,0000,225
20051108,0000,199
20051109,0000,161
20051110,0000,154
20051111,0000,154
20051112,0000,154
20051113,0000,156
20051114,0000,166
20051115,0000,173
20051116,0000,173
20051117,0000,172
20051118,0000,171
20051119,0000,170
20051120,0000,170
20051121,0000,170
20051122,0000,170
20051123,0000,170
20051124,0000,170
20051125,0000,170
20051126,0000,169
20051127,0000,167
20051128,0000,165
20051129,0000,165
20051130,0000,165
20051201,0000,165
20051202,0000,165
20051203,0000,165
20051204,0000,165
20051205,0000,165
20051206,0000,165
20051207,0000,165
20051208,0000,164
20051209,0000,143
20051210,0000,131
20051211,0000,131
20051212,0000,131
20051213,0000,131
20051214,0000,131
20051215,0000,131
20051216,0000,133
20051217,0000,134
20051218,0000,134
20051219,0000,136
20051220,0000,137
20051221,0000,137
20051222,0000,139
20051223,0000,140
20051224,0000,140
20051225,0000,140
20051226,0000,140
20051227,0000,141
20051228,0000,192
20051229,0000,3092
20051230,0000,2036
20051231,0000,1790
20060101,0000,2955
20060102,0000,2892
20060103,0000,3492
20060104,0000,4725
20060105,0000,4642
20060106,0000,4031
20060107,0000,3852
20060108,0000,3295
20060109,0000,334
20060110,0000,186
20060111,0000,91
20060112,0000,30
20060113,0000,30
20060114,0000,30
20060115,0000,303
20060116,0000,786
20060117,0000,997
20060118,0000,1005
20060119,0000,1640
20060120,0000,1798
20060121,0000,1104
20060122,0000,m
20060123,0000,763
20060124,0000,763
20060125,0000,3734
20060126,0000,762
20060127,0000,763
20060128,0000,763
20060129,0000,763
20060130,0000,917
20060131,0000,1329
20060201,0000,1528
20060202,0000,1782
20060203,0000,1954
20060204,0000,1947
20060205,0000,1541
20060206,0000,1055
20060207,0000,675
20060208,0000,556
20060209,0000,337
20060210,0000,190
20060211,0000,186
20060212,0000,186
20060213,0000,186
20060214,0000,186
20060215,0000,186
20060216,0000,189
20060217,0000,190
20060218,0000,190
20060219,0000,190
20060220,0000,190
20060221,0000,190
20060222,0000,190
20060223,0000,190
20060224,0000,190
20060225,0000,194
20060226,0000,194
20060227,0000,193
20060228,0000,1119
20060301,0000,2100
20060302,0000,2092
20060303,0000,1760
20060304,0000,880
20060305,0000,407
20060306,0000,1167
20060307,0000,1918
20060308,0000,1908
20060309,0000,1167
20060310,0000,300
20060311,0000,300
20060312,0000,300
20060313,0000,301
20060314,0000,963
20060315,0000,1174
20060316,0000,1013
20060317,0000,741
20060318,0000,514
20060319,0000,514
20060320,0000,514
20060321,0000,517
20060322,0000,519
20060323,0000,292
20060324,0000,163
20060325,0000,163
20060326,0000,163
20060327,0000,166
20060328,0000,511
20060329,0000,766
20060330,0000,766
20060331,0000,767
20060401,0000,449
20060402,0000,260
20060403,0000,585
20060404,0000,1647
20060405,0000,1988
20060406,0000,1979
20060407,0000,1243
20060408,0000,760
20060409,0000,760
20060410,0000,760
20060411,0000,603
20060412,0000,289
20060413,0000,1178
20060414,0000,1901
20060415,0000,1887
20060416,0000,1887
20060417,0000,1506
20060418,0000,905
20060419,0000,637
20060420,0000,502
20060421,0000,502
20060422,0000,502
20060423,0000,502
20060424,0000,502
20060425,0000,504
20060426,0000,508
20060427,0000,508
20060428,0000,512
20060429,0000,514
20060430,0000,514
20060501,0000,514
20060502,0000,515
20060503,0000,515
20060504,0000,515
20060505,0000,342
20060506,0000,252
20060507,0000,252
20060508,0000,250
20060509,0000,246
20060510,0000,244
20060511,0000,244
20060512,0000,260
20060513,0000,292
20060514,0000,292
20060515,0000,292
20060516,0000,292
20060517,0000,277
20060518,0000,270
20060519,0000,272
20060520,0000,290
20060521,0000,337
20060522,0000,382
20060523,0000,407
20060524,0000,381
20060525,0000,303
20060526,0000,246
20060527,0000,246
20060528,0000,246
20060529,0000,246
20060530,0000,247
20060531,0000,247
20060601,0000,246
20060602,0000,246
20060603,0000,246
20060604,0000,246
20060605,0000,246
20060606,0000,246
20060607,0000,246
20060608,0000,246
20060609,0000,215
20060610,0000,195
20060611,0000,195
20060612,0000,195
20060613,0000,195
20060614,0000,195
20060615,0000,195
20060616,0000,195
20060617,0000,195
20060618,0000,195
20060619,0000,195
20060620,0000,198
20060621,0000,198
20060622,0000,204
20060623,0000,222
20060624,0000,230
20060625,0000,240
20060626,0000,241
20060627,0000,250
20060628,0000,254
20060629,0000,259
20060630,0000,252
20060701,0000,246
20060702,0000,246
20060703,0000,246
20060704,0000,246
20060705,0000,246
20060706,0000,246
20060707,0000,246
20060708,0000,246
20060709,0000,246
20060710,0000,235
20060711,0000,222
20060712,0000,222
20060713,0000,222
20060714,0000,222
20060715,0000,222
20060716,0000,222
20060717,0000,222
20060718,0000,222
20060719,0000,222
20060720,0000,222
20060721,0000,237
20060722,0000,250
20060723,0000,250
20060724,0000,257
20060725,0000,263
20060726,0000,263
20060727,0000,263
20060728,0000,263
20060729,0000,263
20060730,0000,263
20060731,0000,263
20060801,0000,263
20060802,0000,263
20060803,0000,263
20060804,0000,263
20060805,0000,263
20060806,0000,263
20060807,0000,263
20060808,0000,257
20060809,0000,259
20060810,0000,259
20060811,0000,250
20060812,0000,242
20060813,0000,242
20060814,0000,242
20060815,0000,242
20060816,0000,242
20060817,0000,242
20060818,0000,242
20060819,0000,242
20060820,0000,242
20060821,0000,242
20060822,0000,242
20060823,0000,242
20060824,0000,234
20060825,0000,230
20060826,0000,228
20060827,0000,226
20060828,0000,226
20060829,0000,226
20060830,0000,226
20060831,0000,226
20060901,0000,215
20060902,0000,206
20060903,0000,206
20060904,0000,206
20060905,0000,206
20060906,0000,206
20060907,0000,206
20060908,0000,206
20060909,0000,206
20060910,0000,206
20060911,0000,206
20060912,0000,206
20060913,0000,206
20060914,0000,206
20060915,0000,209
20060916,0000,210
20060917,0000,210
20060918,0000,210
20060919,0000,212
20060920,0000,214
20060921,0000,214
20060922,0000,214
20060923,0000,214
20060924,0000,214
20060925,0000,214
20060926,0000,214
20060927,0000,214
20060928,0000,214
20060929,0000,214
20060930,0000,214
20061001,0000,214
20061002,0000,214
20061003,0000,214
20061004,0000,214
20061005,0000,214
20061006,0000,214
20061007,0000,214
20061008,0000,214
20061009,0000,214
20061010,0000,203
20061011,0000,191
20061012,0000,191
20061013,0000,191
20061014,0000,191
20061015,0000,189
20061016,0000,183
20061017,0000,173
20061018,0000,164
20061019,0000,166
20061020,0000,166
20061021,0000,172
20061022,0000,179
20061023,0000,180
20061024,0000,180
20061025,0000,181
20061026,0000,194
20061027,0000,217
20061028,0000,226
20061029,0000,224
20061030,0000,222
20061031,0000,225
20061101,0000,226
20061102,0000,224
20061103,0000,223
20061104,0000,222
20061105,0000,222
20061106,0000,236
20061107,0000,242
20061108,0000,242
20061109,0000,239
20061110,0000,238
20061111,0000,238
20061112,0000,240
20061113,0000,242
20061114,0000,218
20061115,0000,197
20061116,0000,197
20061117,0000,197
20061118,0000,197
20061119,0000,197
20061120,0000,195
20061121,0000,178
20061122,0000,160
20061123,0000,160
20061124,0000,160
20061125,0000,160
20061126,0000,160
20061127,0000,160
20061128,0000,160
20061129,0000,160
20061130,0000,160
20061201,0000,154
20061202,0000,150
20061203,0000,150
20061204,0000,148
20061205,0000,146
20061206,0000,145
20061207,0000,143
20061208,0000,143
20061209,0000,143
20061210,0000,152
20061211,0000,149
20061212,0000,126
20061213,0000,106
20061214,0000,106
20061215,0000,105
20061216,0000,104
20061217,0000,102
20061218,0000,102
20061219,0000,110
20061220,0000,122
20061221,0000,127
20061222,0000,127
20061223,0000,126
20061224,0000,128
20061225,0000,128
20061226,0000,129
20061227,0000,130
20061228,0000,130
20061229,0000,130
20061230,0000,130
20061231,0000,130
20070101,0000,130
20070102,0000,128
20070103,0000,127
20070104,0000,127
20070105,0000,127
20070106,0000,127
20070107,0000,127
20070108,0000,127
20070109,0000,126
20070110,0000,195
20070111,0000,m

