Date,PST,Inflow
19940101,0000,m
19940102,0000,50
19940103,0000,55
19940104,0000,46
19940105,0000,m
19940106,0000,46
19940107,0000,45
19940108,0000,m
19940109,0000,m
19940110,0000,46
19940111,0000,49
19940112,0000,51
19940113,0000,45
19940114,0000,49
19940115,0000,50
19940116,0000,47
19940117,0000,47
19940118,0000,43
19940119,0000,41
19940120,0000,29
19940121,0000,37
19940122,0000,35
19940123,0000,56
19940124,0000,100
19940125,0000,99
19940126,0000,83
19940127,0000,74
19940128,0000,66
19940129,0000,56
19940130,0000,54
19940131,0000,51
19941030,0000,10
19941031,0000,10
19941101,0000,9
19941102,0000,9
19941103,0000,20
19941104,0000,20
19941105,0000,19
19941106,0000,16
19941107,0000,16
19941108,0000,17
19941109,0000,21
19941110,0000,38
19941111,0000,38
19941112,0000,39
19941113,0000,28
19941114,0000,32
19941115,0000,23
19941116,0000,22
19941117,0000,29
19941118,0000,30
19941119,0000,33
19941120,0000,34
19941121,0000,26
19941122,0000,28
19941123,0000,27
19941124,0000,26
19941125,0000,27
19941126,0000,30
19941127,0000,52
19941128,0000,68
19941129,0000,42
19941130,0000,41
19941201,0000,36
19941202,0000,41
19941203,0000,39
19941204,0000,36
19941205,0000,42
19941206,0000,42
19941207,0000,41
19941208,0000,37
19941209,0000,41
19941210,0000,37
19941211,0000,36
19941212,0000,34
19941213,0000,37
19941214,0000,46
19941215,0000,46
19941216,0000,42
19941217,0000,40
19941218,0000,42
19941219,0000,41
19941220,0000,40
19941221,0000,41
19941222,0000,41
19941223,0000,42
19941224,0000,42
19941225,0000,74
19941226,0000,96
19941227,0000,83
19941228,0000,70
19941229,0000,70
19941230,0000,79
19941231,0000,69
19950101,0000,58
19950102,0000,58
19950103,0000,51
19950104,0000,80
19950105,0000,831
19950106,0000,287
19950107,0000,287
19950108,0000,269
19950109,0000,214
19950110,0000,686
19950111,0000,686
19950112,0000,1056
19950113,0000,568
19950114,0000,523
19950115,0000,386
19950116,0000,1138
19950117,0000,452
19950118,0000,452
19950119,0000,324
19950120,0000,279
19950121,0000,236
19950122,0000,213
19950123,0000,187
19950124,0000,227
19950125,0000,299
19950126,0000,359
19950127,0000,743
19950128,0000,332
19950129,0000,332
19950130,0000,258
19950131,0000,258
19950201,0000,243
19950202,0000,284
19950203,0000,284
19950204,0000,292
19950205,0000,268
19950206,0000,257
19950207,0000,241
19950208,0000,241
19950209,0000,263
19950210,0000,226
19950211,0000,226
19950212,0000,210
19950213,0000,205
19950214,0000,961
19950215,0000,961
19950216,0000,400
19950217,0000,400
19950218,0000,329
19950219,0000,314
19950220,0000,291
19950221,0000,291
19950222,0000,300
19950223,0000,290
19950224,0000,286
19950225,0000,278
19950226,0000,272
19950227,0000,253
19950228,0000,253
19950301,0000,243
19950302,0000,248
19950303,0000,232
19950304,0000,312
19950305,0000,312
19950306,0000,462
19950307,0000,609
19950308,0000,443
19950309,0000,371
19950310,0000,364
19950311,0000,2260
19950312,0000,4957
19950313,0000,1910
19950314,0000,1257
19950315,0000,1027
19950316,0000,887
19950317,0000,717
19950318,0000,717
19950319,0000,635
19950320,0000,630
19950321,0000,638
19950322,0000,1134
19950323,0000,1134
19950324,0000,2413
19950325,0000,1439
19950326,0000,1067
19950327,0000,898
19950328,0000,829
19950329,0000,773
19950330,0000,715
19950331,0000,659
19950401,0000,660
19950402,0000,m
19950403,0000,618
19950404,0000,635
19950405,0000,635
19950406,0000,m
19950407,0000,m
19950408,0000,m
19950409,0000,544
19950410,0000,507
19950411,0000,473
19950412,0000,466
19950413,0000,667
19950414,0000,691
19950415,0000,489
19950416,0000,494
19950417,0000,467
19950418,0000,511
19950419,0000,528
19950420,0000,477
19950421,0000,453
19950422,0000,425
19950423,0000,441
19950424,0000,487
19950425,0000,499
19950426,0000,522
19950427,0000,530
19950428,0000,514
19950429,0000,612
19950430,0000,1622
19950501,0000,1218
19950502,0000,1205
19950503,0000,987
19950504,0000,932
19950505,0000,1484
19950506,0000,1258
19950507,0000,1019
19950508,0000,927
19950509,0000,855
19950510,0000,852
19950511,0000,824
19950512,0000,774
19950513,0000,910
19950514,0000,821
19950515,0000,776
19950516,0000,708
19950517,0000,676
19950518,0000,650
19950519,0000,609
19950520,0000,714
19950521,0000,735
19950522,0000,707
19950523,0000,736
19950524,0000,727
19950525,0000,698
19950526,0000,654
19950527,0000,670
19950528,0000,710
19950529,0000,780
19950530,0000,740
19950531,0000,793
19950601,0000,m
19950602,0000,771
19950603,0000,780
19950604,0000,812
19950605,0000,827
19950606,0000,769
19950607,0000,696
19950608,0000,589
19950609,0000,539
19950610,0000,532
19950611,0000,569
19950612,0000,676
19950613,0000,698
19950614,0000,656
19950615,0000,753
19950616,0000,846
19950617,0000,m
19950618,0000,618
19950619,0000,493
19950620,0000,m
19950621,0000,483
19950622,0000,463
19950623,0000,m
19950624,0000,m
19950625,0000,534
19950626,0000,582
19950627,0000,564
19950628,0000,516
19950629,0000,485
19950630,0000,m
19950701,0000,m
19950702,0000,415
19950703,0000,m
19950704,0000,394
19950705,0000,384
19950706,0000,m
19950707,0000,345
19950708,0000,313
19950709,0000,305
19950710,0000,m
19950711,0000,248
19950712,0000,244
19950713,0000,213
19950714,0000,231
19950715,0000,206
19950716,0000,179
19950717,0000,189
19950718,0000,236
19950719,0000,m
19950720,0000,149
19950721,0000,m
19950722,0000,157
19950723,0000,135
19950724,0000,125
19950725,0000,126
19950726,0000,99
19950727,0000,110
19950728,0000,102
19950729,0000,m
19950730,0000,87
19950731,0000,86
19950801,0000,90
19950802,0000,81
19950803,0000,m
19950804,0000,90
19950805,0000,m
19950806,0000,121
19950807,0000,83
19950808,0000,74
19950809,0000,104
19950810,0000,68
19950811,0000,m
19950812,0000,m
19950813,0000,57
19950814,0000,m
19950815,0000,52
19950816,0000,m
19950817,0000,m
19950818,0000,69
19950819,0000,64
19950820,0000,66
19950821,0000,83
19950822,0000,m
19950823,0000,75
19950824,0000,m
19950825,0000,m
19950826,0000,62
19950827,0000,63
19950828,0000,m
19950829,0000,m
19950830,0000,61
19950831,0000,68
19950901,0000,m
19950902,0000,65
19950903,0000,59
19950904,0000,71
19950905,0000,54
19950906,0000,61
19950907,0000,53
19950908,0000,m
19950909,0000,m
19950910,0000,m
19950911,0000,m
19950912,0000,45
19950913,0000,59
19950914,0000,43
19950915,0000,m
19950916,0000,m
19950917,0000,m
19950918,0000,46
19950919,0000,50
19950920,0000,52
19950921,0000,42
19950922,0000,m
19950923,0000,49
19950924,0000,41
19950925,0000,m
19950926,0000,47
19950927,0000,59
19950928,0000,37
19950929,0000,55
19950930,0000,m
19951001,0000,53
19951002,0000,m
19951003,0000,58
19951004,0000,47
19951005,0000,46
19951006,0000,44
19951007,0000,48
19951008,0000,55
19951009,0000,41
19951010,0000,39
19951011,0000,44
19951012,0000,48
19951013,0000,39
19951014,0000,34
19951015,0000,33
19951016,0000,35
19951017,0000,40
19951018,0000,33
19951019,0000,39
19951020,0000,36
19951021,0000,m
19951022,0000,30
19951023,0000,30
19951024,0000,36
19951025,0000,27
19951026,0000,m
19951027,0000,35
19951028,0000,43
19951029,0000,35
19951030,0000,28
19951031,0000,31
19951101,0000,43
19951102,0000,45
19951103,0000,42
19951104,0000,45
19951105,0000,45
19951106,0000,41
19951107,0000,m
19951108,0000,44
19951109,0000,46
19951110,0000,41
19951111,0000,47
19951112,0000,41
19951113,0000,m
19951114,0000,46
19951115,0000,48
19951116,0000,49
19951117,0000,50
19951118,0000,51
19951119,0000,53
19951120,0000,49
19951121,0000,47
19951122,0000,50
19951123,0000,49
19951124,0000,48
19951125,0000,56
19951126,0000,51
19951127,0000,45
19951128,0000,47
19951129,0000,m
19951130,0000,43
19951201,0000,41
19951202,0000,m
19951203,0000,43
19951204,0000,41
19951205,0000,42
19951206,0000,m
19951207,0000,45
19951208,0000,46
19951209,0000,46
19951210,0000,47
19951211,0000,46
19951212,0000,87
19951213,0000,321
19951214,0000,m
19951215,0000,m
19951216,0000,m
19951217,0000,79
19951218,0000,m
19951219,0000,68
19951220,0000,m
19951221,0000,59
19951222,0000,m
19951223,0000,m
19951224,0000,m
19951225,0000,60
19951226,0000,53
19951227,0000,58
19951228,0000,59
19951229,0000,m
19951230,0000,m
19951231,0000,m
19960101,0000,69
19960102,0000,m
19960103,0000,59
19960104,0000,62
19960105,0000,m
19960106,0000,63
19960107,0000,54
19960108,0000,62
19960109,0000,58
19960110,0000,60
19960111,0000,61
19960112,0000,m
19960113,0000,m
19960114,0000,m
19960115,0000,57
19960116,0000,135
19960117,0000,m
19960118,0000,238
19960119,0000,448
19960120,0000,m
19960121,0000,228
19960122,0000,256
19960123,0000,196
19960124,0000,153
19960125,0000,373
19960126,0000,m
19960127,0000,249
19960128,0000,495
19960129,0000,293
19960130,0000,215
19960131,0000,205
19960201,0000,289
19960202,0000,225
19960203,0000,190
19960204,0000,194
19960207,0000,502
19960208,0000,400
19960210,0000,326
19960211,0000,302
19960212,0000,281
19960214,0000,249
19960219,0000,415
19960220,0000,4154
19960221,0000,1988
19960222,0000,1615
19960223,0000,962
19960224,0000,754
19960225,0000,660
19960226,0000,601
19960227,0000,513
19960228,0000,474
19960229,0000,438
19960301,0000,416
19960303,0000,399
19960304,0000,510
19960305,0000,1292
19960306,0000,879
19960307,0000,688
19960308,0000,618
19960309,0000,600
19960310,0000,579
19960311,0000,560
19960312,0000,672
19960313,0000,713
19960314,0000,591
19960315,0000,530
19960316,0000,504
19960317,0000,505
19960318,0000,518
19960319,0000,563
19960320,0000,576
19960321,0000,553
19960322,0000,534
19960324,0000,456
19960325,0000,426
19960327,0000,383
19960331,0000,381
19960401,0000,m
19960402,0000,775
19960403,0000,547
19960404,0000,m
19960405,0000,m
19960406,0000,m
19960407,0000,m
19960408,0000,465
19960409,0000,m
19960410,0000,470
19960411,0000,425
19960412,0000,429
19960413,0000,388
19960414,0000,373
19960415,0000,381
19960416,0000,486
19960417,0000,603
19960418,0000,622
19960419,0000,508
19960420,0000,460
19960421,0000,m
19960422,0000,418
19960423,0000,384
19960424,0000,405
19960425,0000,m
19960426,0000,491
19960427,0000,517
19960428,0000,519
19960429,0000,504
19960430,0000,517
19960501,0000,m
19960502,0000,m
19960503,0000,524
19960504,0000,m
19960505,0000,448
19960506,0000,m
19960507,0000,m
19960508,0000,395
19960509,0000,385
19960510,0000,366
19960511,0000,380
19960512,0000,379
19960513,0000,398
19960514,0000,385
19960515,0000,388
19960516,0000,500
19960517,0000,m
19960518,0000,435
19960519,0000,380
19960520,0000,367
19960521,0000,315
19960522,0000,308
19960523,0000,294
19960524,0000,281
19960525,0000,257
19960526,0000,266
19960527,0000,229
19960528,0000,237
19960529,0000,215
19960530,0000,210
19960531,0000,222
19960601,0000,195
19960602,0000,231
19960603,0000,222
19960604,0000,m
19960605,0000,219
19960606,0000,187
19960607,0000,191
19960608,0000,170
19960609,0000,178
19960610,0000,140
19960611,0000,m
19960612,0000,134
19960613,0000,138
19960614,0000,129
19960615,0000,131
19960616,0000,110
19960617,0000,85
19960618,0000,106
19960619,0000,110
19960620,0000,106
19960621,0000,m
19960622,0000,m
19960623,0000,101
19960624,0000,85
19960625,0000,68
19960626,0000,114
19960627,0000,94
19960628,0000,m
19960629,0000,101
19960630,0000,m
19960701,0000,m
19960702,0000,m
19960703,0000,90
19960704,0000,m
19960705,0000,m
19960706,0000,m
19960707,0000,m
19960708,0000,78
19960709,0000,56
19960710,0000,m
19960711,0000,m
19960712,0000,m
19960713,0000,m
19960714,0000,m
19960715,0000,36
19960716,0000,32
19960717,0000,37
19960718,0000,m
19960719,0000,30
19960720,0000,m
19960721,0000,31
19960722,0000,31
19960723,0000,m
19960724,0000,m
19960725,0000,41
19960726,0000,34
19960727,0000,14
19960728,0000,38
19960729,0000,23
19960730,0000,22
19960731,0000,m
19960801,0000,21
19960802,0000,m
19960803,0000,14
19960804,0000,m
19960805,0000,14
19960806,0000,13
19960807,0000,33
19960808,0000,39
19960809,0000,m
19960810,0000,m
19960811,0000,m
19960812,0000,38
19960813,0000,m
19960814,0000,m
19960815,0000,m
19960816,0000,m
19960817,0000,m
19960818,0000,m
19960819,0000,m
19960820,0000,m
19960821,0000,m
19960822,0000,45
19960823,0000,39
19960824,0000,32
19960825,0000,22
19960826,0000,29
19960827,0000,28
19960828,0000,25
19960829,0000,28
19960830,0000,22
19960831,0000,20
19960901,0000,22
19960902,0000,18
19960903,0000,20
19960904,0000,16
19960905,0000,23
19960906,0000,22
19960907,0000,20
19960908,0000,13
19960909,0000,17
19960910,0000,21
19960911,0000,19
19960912,0000,16
19960913,0000,18
19960914,0000,29
19960915,0000,24
19960916,0000,17
19960917,0000,21
19960918,0000,19
19960919,0000,17
19960920,0000,18
19960921,0000,16
19960922,0000,21
19960923,0000,32
19960924,0000,18
19960925,0000,17
19960926,0000,18
19960927,0000,17
19960928,0000,17
19960929,0000,-1
19960930,0000,15
19961001,0000,22
19961002,0000,17
19961003,0000,19
19961004,0000,17
19961005,0000,12
19961006,0000,17
19961007,0000,20
19961008,0000,14
19961009,0000,16
19961010,0000,m
19961011,0000,15
19961012,0000,14
19961013,0000,12
19961014,0000,29
19961015,0000,18
19961016,0000,14
19961017,0000,19
19961018,0000,14
19961019,0000,14
19961020,0000,26
19961021,0000,12
19961022,0000,29
19961023,0000,23
19961024,0000,26
19961025,0000,25
19961026,0000,35
19961027,0000,38
19961028,0000,59
19961029,0000,44
19961030,0000,57
19961031,0000,69
19961101,0000,56
19961102,0000,48
19961103,0000,44
19961104,0000,47
19961105,0000,45
19961106,0000,46
19961107,0000,m
19961108,0000,41
19961109,0000,43
19961110,0000,46
19961111,0000,44
19961112,0000,46
19961113,0000,43
19961114,0000,43
19961115,0000,30
19961116,0000,30
19961117,0000,1288
19961118,0000,m
19961119,0000,247
19961120,0000,218
19961121,0000,698
19961122,0000,3441
19961123,0000,988
19961124,0000,493
19961125,0000,353
19961126,0000,m
19961127,0000,235
19961128,0000,209
19961129,0000,211
19961130,0000,173
19961201,0000,164
19961202,0000,172
19961203,0000,169
19961204,0000,161
19961205,0000,221
19961206,0000,420
19961207,0000,282
19961208,0000,235
19961209,0000,345
19961210,0000,1987
19961211,0000,6589
19961212,0000,2373
19961213,0000,1248
19961214,0000,906
19961215,0000,720
19961216,0000,616
19961217,0000,548
19961218,0000,499
19961219,0000,449
19961220,0000,428
19961221,0000,395
19961222,0000,812
19961223,0000,790
19961224,0000,555
19961225,0000,499
19961226,0000,472
19961227,0000,1665
19961228,0000,1111
19961229,0000,812
19961230,0000,927
19961231,0000,1111
19970101,0000,1172
19970102,0000,6551
19970103,0000,9676
19970104,0000,3378
19970105,0000,2705
19970106,0000,1982
19970107,0000,1670
19970108,0000,1443
19970109,0000,1316
19970110,0000,1174
19970111,0000,1119
19970112,0000,1295
19970113,0000,1885
19970114,0000,1125
19970115,0000,1644
19970116,0000,1356
19970117,0000,1138
19970118,0000,1066
19970119,0000,1013
19970120,0000,1236
19970121,0000,1202
19970122,0000,1323
19970123,0000,4352
19970124,0000,2501
19970125,0000,4115
19970126,0000,5650
19970127,0000,3588
19970128,0000,2648
19970129,0000,2220
19970130,0000,1932
19970131,0000,1741
19970201,0000,1597
19970202,0000,1498
19970203,0000,1343
19970204,0000,1225
19970205,0000,1132
19970206,0000,1060
19970207,0000,990
19970208,0000,922
19970209,0000,878
19970210,0000,834
19970211,0000,783
19970212,0000,760
19970213,0000,730
19970214,0000,718
19970215,0000,702
19970216,0000,684
19970217,0000,706
19970218,0000,674
19970219,0000,642
19970220,0000,645
19970221,0000,621
19970222,0000,619
19970223,0000,595
19970224,0000,600
19970225,0000,562
19970226,0000,557
19970227,0000,606
19970228,0000,622
19970301,0000,546
19970302,0000,545
19970303,0000,530
19970304,0000,496
19970305,0000,495
19970306,0000,491
19970307,0000,487
19970308,0000,482
19970309,0000,479
19970310,0000,484
19970311,0000,487
19970312,0000,507
19970313,0000,516
19970314,0000,501
19970315,0000,494
19970316,0000,497
19970317,0000,472
19970318,0000,468
19970319,0000,480
19970320,0000,497
19970321,0000,502
19970322,0000,486
19970323,0000,521
19970324,0000,507
19970325,0000,512
19970326,0000,505
19970327,0000,518
19970328,0000,502
19970329,0000,482
19970330,0000,486
19970331,0000,472
19970401,0000,447
19970402,0000,448
19970403,0000,420
19970404,0000,410
19970405,0000,394
19970406,0000,374
19970407,0000,365
19970408,0000,371
19970409,0000,346
19970410,0000,332
19970411,0000,318
19970412,0000,298
19970413,0000,312
19970414,0000,295
19970415,0000,301
19970416,0000,290
19970417,0000,312
19970418,0000,306
19970419,0000,328
19970420,0000,344
19970421,0000,360
19970422,0000,390
19970423,0000,390
19970424,0000,392
19970425,0000,374
19970426,0000,359
19970427,0000,348
19970428,0000,352
19970429,0000,344
19970430,0000,354
19970501,0000,344
19970502,0000,343
19970503,0000,326
19970504,0000,326
19970505,0000,326
19970506,0000,320
19970507,0000,318
19970508,0000,328
19970509,0000,343
19970510,0000,349
19970511,0000,323
19970512,0000,343
19970513,0000,314
19970514,0000,318
19970515,0000,328
19970516,0000,321
19970517,0000,339
19970518,0000,318
19970519,0000,302
19970520,0000,297
19970521,0000,270
19970522,0000,254
19970523,0000,244
19970524,0000,243
19970525,0000,228
19970526,0000,228
19970527,0000,219
19970528,0000,220
19970529,0000,194
19970530,0000,209
19970531,0000,211
19970601,0000,203
19970602,0000,182
19970603,0000,202
19970604,0000,168
19970605,0000,167
19970606,0000,178
19970607,0000,180
19970608,0000,166
19970609,0000,165
19970610,0000,141
19970611,0000,142
19970612,0000,128
19970613,0000,137
19970614,0000,136
19970615,0000,143
19970616,0000,145
19970617,0000,155
19970618,0000,126
19970619,0000,126
19970620,0000,107
19970621,0000,113
19970622,0000,99
19970623,0000,108
19970624,0000,94
19970625,0000,109
19970626,0000,95
19970627,0000,85
19970628,0000,81
19970629,0000,81
19970630,0000,81
19970701,0000,73
19970702,0000,91
19970703,0000,78
19970704,0000,94
19970705,0000,74
19970706,0000,78
19970707,0000,96
19970708,0000,75
19970709,0000,77
19970710,0000,75
19970711,0000,66
19970712,0000,65
19970713,0000,72
19970714,0000,77
19970715,0000,80
19970716,0000,77
19970717,0000,67
19970718,0000,54
19970719,0000,69
19970720,0000,56
19970721,0000,53
19970722,0000,69
19970723,0000,86
19970724,0000,77
19970725,0000,69
19970726,0000,63
19970727,0000,59
19970728,0000,66
19970729,0000,58
19970730,0000,50
19970731,0000,55
19970801,0000,51
19970802,0000,52
19970803,0000,55
19970804,0000,45
19970805,0000,57
19970806,0000,48
19970807,0000,39
19970808,0000,47
19970809,0000,36
19970810,0000,36
19970811,0000,38
19970812,0000,37
19970813,0000,42
19970814,0000,45
19970815,0000,42
19970816,0000,35
19970817,0000,37
19970818,0000,32
19970819,0000,24
19970820,0000,25
19970821,0000,30
19970822,0000,28
19970823,0000,31
19970824,0000,25
19970825,0000,28
19970826,0000,33
19970827,0000,27
19970828,0000,36
19970829,0000,31
19970830,0000,27
19970831,0000,25
19970901,0000,32
19970902,0000,28
19970903,0000,51
19970904,0000,46
19970905,0000,35
19970906,0000,32
19970907,0000,30
19970908,0000,30
19970909,0000,31
19970910,0000,27
19970911,0000,22
19970912,0000,29
19970913,0000,23
19970914,0000,25
19970915,0000,23
19970916,0000,29
19970917,0000,20
19970918,0000,28
19970919,0000,23
19970920,0000,25
19970921,0000,22
19970922,0000,20
19970923,0000,17
19970924,0000,17
19970925,0000,14
19970926,0000,29
19970927,0000,28
19970928,0000,29
19970929,0000,20
19970930,0000,26
19971001,0000,20
19971002,0000,20
19971003,0000,20
19971004,0000,26
19971005,0000,23
19971006,0000,25
19971007,0000,30
19971008,0000,30
19971009,0000,32
19971010,0000,45
19971011,0000,72
19971012,0000,68
19971013,0000,57
19971014,0000,40
19971015,0000,51
19971016,0000,45
19971017,0000,37
19971018,0000,34
19971019,0000,32
19971020,0000,30
19971021,0000,31
19971022,0000,33
19971023,0000,36
19971024,0000,37
19971025,0000,37
19971026,0000,39
19971027,0000,30
19971028,0000,35
19971029,0000,32
19971030,0000,35
19971031,0000,37
19971101,0000,38
19971102,0000,37
19971103,0000,34
19971104,0000,35
19971105,0000,39
19971106,0000,38
19971107,0000,40
19971108,0000,44
19971109,0000,46
19971110,0000,76
19971111,0000,116
19971112,0000,90
19971113,0000,99
19971114,0000,142
19971115,0000,92
19971116,0000,81
19971117,0000,71
19971118,0000,68
19971119,0000,81
19971120,0000,132
19971121,0000,100
19971122,0000,83
19971123,0000,82
19971124,0000,71
19971125,0000,71
19971126,0000,217
19971127,0000,291
19971128,0000,152
19971129,0000,126
19971130,0000,123
19971201,0000,110
19971202,0000,100
19971203,0000,79
19971204,0000,71
19971205,0000,87
19971206,0000,518
19971207,0000,273
19971208,0000,387
19971209,0000,251
19971210,0000,161
19971211,0000,126
19971212,0000,109
19971213,0000,89
19971214,0000,94
19971215,0000,105
19971216,0000,92
19971217,0000,81
19971218,0000,85
19971219,0000,81
19971220,0000,74
19971221,0000,76
19971222,0000,95
19971223,0000,98
19971224,0000,93
19971225,0000,88
19971226,0000,85
19971227,0000,86
19971228,0000,87
19971229,0000,87
19971230,0000,91
19971231,0000,93
19980101,0000,93
19980102,0000,104
19980103,0000,114
19980104,0000,139
19980105,0000,144
19980106,0000,107
19980107,0000,104
19980108,0000,104
19980109,0000,112
19980110,0000,401
19980111,0000,276
19980112,0000,324
19980113,0000,799
19980114,0000,320
19980115,0000,928
19980116,0000,1646
19980117,0000,706
19980118,0000,486
19980119,0000,950
19980120,0000,555
19980121,0000,428
19980122,0000,353
19980123,0000,314
19980124,0000,280
19980125,0000,258
19980126,0000,235
19980127,0000,224
19980128,0000,210
19980129,0000,522
19980130,0000,448
19980131,0000,330
19980201,0000,287
19980202,0000,792
19980203,0000,1031
19980204,0000,983
19980205,0000,604
19980206,0000,644
19980207,0000,1030
19980208,0000,1184
19980209,0000,906
19980210,0000,739
19980211,0000,739
19980212,0000,587
19980213,0000,538
19980214,0000,1689
19980215,0000,2032
19980216,0000,1135
19980217,0000,1864
19980218,0000,1097
19980219,0000,1123
19980220,0000,1692
19980221,0000,1161
19980222,0000,3062
19980223,0000,5187
19980224,0000,3432
19980225,0000,1920
19980226,0000,1510
19980227,0000,1277
19980228,0000,1098
19980301,0000,1035
19980302,0000,950
19980303,0000,885
19980304,0000,829
19980305,0000,827
19980306,0000,1084
19980307,0000,803
19980308,0000,751
19980309,0000,722
19980310,0000,713
19980311,0000,720
19980312,0000,718
19980313,0000,721
19980314,0000,706
19980315,0000,685
19980316,0000,717
19980317,0000,697
19980318,0000,710
19980319,0000,710
19980320,0000,736
19980321,0000,736
19980322,0000,738
19980323,0000,811
19980324,0000,951
19980325,0000,1599
19980326,0000,2014
19980327,0000,1566
19980328,0000,3182
19980329,0000,2151
19980330,0000,1533
19980331,0000,1693
19980401,0000,2613
19980402,0000,1690
19980403,0000,1737
19980404,0000,1588
19980405,0000,1414
19980406,0000,1674
19980407,0000,1555
19980408,0000,1419
19980409,0000,1327
19980410,0000,1316
19980411,0000,1364
19980412,0000,1828
19980413,0000,1456
19980414,0000,1583
19980415,0000,1353
19980416,0000,1225
19980417,0000,1140
19980418,0000,1106
19980419,0000,1154
19980420,0000,1257
19980421,0000,1451
19980422,0000,1637
19980423,0000,m
19980424,0000,1523
19980425,0000,1367
19980426,0000,1248
19980427,0000,1224
19980428,0000,1265
19980429,0000,1304
19980430,0000,1335
19980501,0000,1330
19980502,0000,1270
19980503,0000,1277
19980504,0000,1306
19980505,0000,1647
19980506,0000,1393
19980507,0000,1285
19980508,0000,1249
19980509,0000,1286
19980510,0000,1192
19980511,0000,1134
19980512,0000,1435
19980513,0000,1420
19980514,0000,1200
19980515,0000,1113
19980516,0000,1112
19980517,0000,980
19980518,0000,1000
19980519,0000,991
19980520,0000,998
19980521,0000,985
19980522,0000,922
19980523,0000,910
19980524,0000,939
19980525,0000,1017
19980526,0000,1028
19980527,0000,923
19980528,0000,911
19980529,0000,m
19980530,0000,1008
19980531,0000,1033
19980601,0000,1098
19980602,0000,1149
19980603,0000,1180
19980604,0000,1094
19980605,0000,1044
19980606,0000,1116
19980607,0000,1258
19980608,0000,1150
19980609,0000,1098
19980610,0000,1162
19980611,0000,1487
19980612,0000,1358
19980613,0000,1240
19980614,0000,1192
19980615,0000,1272
19980616,0000,1389
19980617,0000,1330
19980618,0000,1259
19980619,0000,1265
19980620,0000,1238
19980621,0000,1208
19980622,0000,1143
19980623,0000,1065
19980624,0000,1015
19980625,0000,1001
19980626,0000,999
19980627,0000,1002
19980628,0000,985
19980629,0000,963
19980630,0000,949
19980701,0000,918
19980702,0000,915
19980703,0000,884
19980704,0000,826
19980705,0000,791
19980706,0000,744
19980707,0000,719
19980708,0000,707
19980709,0000,692
19980710,0000,659
19980711,0000,616
19980712,0000,598
19980713,0000,570
19980714,0000,554
19980715,0000,524
19980716,0000,524
19980717,0000,502
19980718,0000,502
19980719,0000,475
19980720,0000,429
19980721,0000,402
19980722,0000,405
19980723,0000,381
19980724,0000,381
19980725,0000,382
19980726,0000,345
19980727,0000,325
19980728,0000,323
19980729,0000,303
19980730,0000,290
19980731,0000,279
19980801,0000,264
19980802,0000,274
19980803,0000,280
19980804,0000,258
19980805,0000,252
19980806,0000,236
19980807,0000,228
19980808,0000,201
19980809,0000,223
19980810,0000,200
19980811,0000,m
19980812,0000,m
19980813,0000,m
19980814,0000,197
19980815,0000,m
19980816,0000,m
19980817,0000,196
19980818,0000,164
19980819,0000,168
19980820,0000,164
19980821,0000,171
19980822,0000,m
19980823,0000,m
19980824,0000,149
19980825,0000,167
19980826,0000,144
19980827,0000,144
19980828,0000,142
19980829,0000,183
19980830,0000,214
19980831,0000,116
19980901,0000,111
19980902,0000,104
19980903,0000,101
19980904,0000,88
19980905,0000,106
19980906,0000,128
19980907,0000,143
19980908,0000,143
19980909,0000,123
19980910,0000,105
19980911,0000,110
19980912,0000,108
19980913,0000,104
19980914,0000,135
19980915,0000,101
19980916,0000,108
19980917,0000,m
19980918,0000,103
19980919,0000,100
19980920,0000,m
19980921,0000,100
19980922,0000,99
19980923,0000,108
19980924,0000,106
19980925,0000,105
19980926,0000,116
19980927,0000,115
19980928,0000,117
19980929,0000,111
19980930,0000,m
19981001,0000,112
19981002,0000,111
19981003,0000,104
19981004,0000,113
19981005,0000,117
19981006,0000,109
19981007,0000,109
19981008,0000,99
19981009,0000,89
19981010,0000,98
19981011,0000,m
19981012,0000,m
19981013,0000,98
19981014,0000,105
19981015,0000,95
19981016,0000,110
19981017,0000,106
19981018,0000,99
19981019,0000,104
19981020,0000,103
19981021,0000,95
19981022,0000,92
19981023,0000,98
19981024,0000,m
19981025,0000,m
19981026,0000,117
19981027,0000,123
19981028,0000,118
19981029,0000,116
19981030,0000,118
19981031,0000,131
19981101,0000,123
19981102,0000,116
19981103,0000,115
19981104,0000,113
19981105,0000,108
19981106,0000,108
19981107,0000,113
19981108,0000,109
19981109,0000,139
19981110,0000,138
19981111,0000,139
19981112,0000,183
19981113,0000,162
19981114,0000,144
19981115,0000,131
19981116,0000,131
19981117,0000,122
19981118,0000,140
19981119,0000,143
19981120,0000,124
19981121,0000,m
19981122,0000,117
19981123,0000,117
19981124,0000,114
19981125,0000,121
19981126,0000,120
19981127,0000,118
19981128,0000,112
19981129,0000,118
19981130,0000,165
19981201,0000,m
19981202,0000,180
19981203,0000,170
19981204,0000,155
19981205,0000,192
19981206,0000,160
19981207,0000,176
19981208,0000,162
19981209,0000,157
19981210,0000,152
19981211,0000,142
19981212,0000,145
19981213,0000,145
19981214,0000,147
19981215,0000,m
19981216,0000,151
19981217,0000,146
19981218,0000,133
19981219,0000,119
19981220,0000,m
19981221,0000,m
19981222,0000,m
19981223,0000,107
19981224,0000,101
19981225,0000,105
19981226,0000,102
19981227,0000,108
19981228,0000,112
19981229,0000,108
19981230,0000,100
19981231,0000,94
19990101,0000,m
19990102,0000,m
19990103,0000,m
19990104,0000,87
19990105,0000,84
19990106,0000,90
19990107,0000,97
19990108,0000,95
19990109,0000,m
19990110,0000,m
19990111,0000,94
19990112,0000,94
19990113,0000,95
19990114,0000,89
19990115,0000,86
19990116,0000,89
19990117,0000,100
19990118,0000,99
19990119,0000,99
19990120,0000,115
19990121,0000,576
19990122,0000,675
19990123,0000,300
19990124,0000,243
19990125,0000,243
19990126,0000,625
19990127,0000,681
19990128,0000,m
19990129,0000,286
19990130,0000,259
19990131,0000,264
19990201,0000,328
19990202,0000,241
19990203,0000,226
19990204,0000,224
19990205,0000,226
19990206,0000,207
19990207,0000,251
19990208,0000,441
19990209,0000,546
19990210,0000,553
19990211,0000,378
19990212,0000,340
19990213,0000,310
19990214,0000,300
19990215,0000,269
19990216,0000,256
19990217,0000,256
19990218,0000,254
19990219,0000,248
19990220,0000,240
19990221,0000,288
19990222,0000,240
19990223,0000,229
19990224,0000,222
19990225,0000,238
19990226,0000,211
19990227,0000,208
19990228,0000,213
19990301,0000,206
19990302,0000,204
19990303,0000,204
19990304,0000,210
19990305,0000,200
19990306,0000,191
19990307,0000,185
19990308,0000,179
19990309,0000,179
19990310,0000,177
19990311,0000,169
19990312,0000,160
19990313,0000,161
19990314,0000,160
19990315,0000,159
19990316,0000,175
19990317,0000,164
19990318,0000,165
19990319,0000,163
19990320,0000,172
19990321,0000,168
19990322,0000,171
19990323,0000,175
19990324,0000,182
19990325,0000,185
19990326,0000,184
19990327,0000,182
19990328,0000,174
19990329,0000,174
19990330,0000,169
19990331,0000,191
19990401,0000,176
19990402,0000,172
19990403,0000,164
19990404,0000,165
19990405,0000,164
19990406,0000,250
19990407,0000,229
19990408,0000,231
19990409,0000,m
19990410,0000,m
19990411,0000,m
19990412,0000,m
19990413,0000,m
19990414,0000,m
19990415,0000,m
19990416,0000,m
19990417,0000,m
19990418,0000,m
19990419,0000,m
19990420,0000,m
19990421,0000,m
19990422,0000,m
19990423,0000,m
19990424,0000,m
19990425,0000,m
19990426,0000,m
19990427,0000,m
19990428,0000,m
19990429,0000,m
19990430,0000,m
19990501,0000,m
19990502,0000,m
19990503,0000,m
19990504,0000,205
19990505,0000,211
19990506,0000,214
19990507,0000,220
19990508,0000,242
19990509,0000,228
19990510,0000,225
19990511,0000,217
19990512,0000,226
19990513,0000,233
19990514,0000,214
19990515,0000,219
19990516,0000,203
19990517,0000,189
19990518,0000,186
19990519,0000,196
19990520,0000,184
19990521,0000,182
19990522,0000,188
19990523,0000,170
19990524,0000,178
19990525,0000,180
19990526,0000,184
19990527,0000,147
19990528,0000,145
19990529,0000,141
19990530,0000,125
19990531,0000,135
19990601,0000,122
19990602,0000,109
19990603,0000,140
19990604,0000,134
19990605,0000,128
19990606,0000,113
19990607,0000,111
19990608,0000,107
19990609,0000,93
19990610,0000,86
19990611,0000,95
19990612,0000,79
19990613,0000,82
19990614,0000,88
19990615,0000,66
19990616,0000,74
19990617,0000,59
19990618,0000,68
19990619,0000,63
19990620,0000,59
19990621,0000,58
19990622,0000,62
19990623,0000,54
19990624,0000,50
19990625,0000,44
19990626,0000,42
19990627,0000,48
19990628,0000,51
19990629,0000,45
19990630,0000,45
19990701,0000,41
19990702,0000,38
19990703,0000,29
19990704,0000,23
19990705,0000,38
19990706,0000,36
19990707,0000,22
19990708,0000,32
19990709,0000,28
19990710,0000,40
19990711,0000,26
19990712,0000,40
19990713,0000,34
19990714,0000,21
19990715,0000,25
19990716,0000,19
19990717,0000,21
19990718,0000,26
19990719,0000,18
19990720,0000,17
19990721,0000,18
19990722,0000,17
19990723,0000,16
19990724,0000,10
19990725,0000,17
19990726,0000,23
19990727,0000,22
19990728,0000,m
19990729,0000,18
19990730,0000,18
19990731,0000,17
19990801,0000,15
19990802,0000,17
19990803,0000,33
19990804,0000,26
19990805,0000,21
19990806,0000,22
19990807,0000,20
19990808,0000,m
19990809,0000,25
19990810,0000,26
19990811,0000,18
19990812,0000,26
19990813,0000,25
19990814,0000,20
19990815,0000,13
19990816,0000,19
19990817,0000,26
19990818,0000,22
19990819,0000,19
19990820,0000,19
19990821,0000,21
19990822,0000,20
19990823,0000,15
19990824,0000,20
19990825,0000,20
19990826,0000,11
19990827,0000,15
19990828,0000,12
19990829,0000,9
19990830,0000,6
19990831,0000,5
19990901,0000,3
19990902,0000,6
19990903,0000,13
19990904,0000,12
19990905,0000,14
19990906,0000,12
19990907,0000,11
19990908,0000,7
19990909,0000,9
19990910,0000,7
19990911,0000,9
19990912,0000,8
19990913,0000,7
19990914,0000,10
19990915,0000,8
19990916,0000,8
19990917,0000,6
19990918,0000,9
19990919,0000,6
19990920,0000,7
19990921,0000,m
19990922,0000,3
19990923,0000,7
19990924,0000,6
19990925,0000,9
19990926,0000,4
19990927,0000,5
19990928,0000,4
19990929,0000,3
19990930,0000,m
19991001,0000,5
19991002,0000,3
19991003,0000,9
19991004,0000,6
19991005,0000,11
19991006,0000,10
19991007,0000,13
19991008,0000,15
19991009,0000,18
19991010,0000,18
19991011,0000,16
19991012,0000,18
19991013,0000,14
19991014,0000,11
19991015,0000,14
19991016,0000,12
19991017,0000,17
19991018,0000,16
19991019,0000,15
19991020,0000,17
19991021,0000,18
19991022,0000,15
19991023,0000,15
19991024,0000,18
19991025,0000,19
19991026,0000,19
19991027,0000,23
19991028,0000,21
19991029,0000,20
19991030,0000,20
19991031,0000,24
19991101,0000,20
19991102,0000,20
19991103,0000,19
19991104,0000,21
19991105,0000,22
19991106,0000,19
19991107,0000,22
19991108,0000,48
19991109,0000,53
19991110,0000,48
19991111,0000,43
19991112,0000,44
19991113,0000,35
19991114,0000,38
19991115,0000,41
19991116,0000,32
19991117,0000,34
19991118,0000,36
19991119,0000,33
19991120,0000,47
19991121,0000,63
19991122,0000,45
19991123,0000,41
19991124,0000,39
19991125,0000,41
19991126,0000,42
19991127,0000,41
19991128,0000,50
19991129,0000,38
19991130,0000,40
19991201,0000,39
19991202,0000,39
19991203,0000,41
19991204,0000,41
19991205,0000,40
19991206,0000,38
19991207,0000,39
19991208,0000,35
19991209,0000,39
19991210,0000,42
19991211,0000,44
19991212,0000,43
19991213,0000,44
19991214,0000,43
19991215,0000,45
19991216,0000,43
19991217,0000,43
19991218,0000,46
19991219,0000,43
19991220,0000,52
19991221,0000,42
19991222,0000,42
19991223,0000,42
19991224,0000,40
19991225,0000,44
19991226,0000,38
19991227,0000,39
19991228,0000,39
19991229,0000,35
19991230,0000,37
19991231,0000,37
20000101,0000,36
20000102,0000,41
20000103,0000,44
20000104,0000,37
20000105,0000,45
20000106,0000,39
20000107,0000,39
20000108,0000,42
20000109,0000,39
20000110,0000,43
20000111,0000,39
20000112,0000,39
20000113,0000,45
20000114,0000,47
20000115,0000,40
20000116,0000,48
20000117,0000,48
20000118,0000,87
20000119,0000,113
20000120,0000,73
20000121,0000,59
20000122,0000,58
20000123,0000,65
20000124,0000,234
20000125,0000,500
20000126,0000,307
20000127,0000,157
20000128,0000,114
20000129,0000,90
20000130,0000,98
20000131,0000,173
20000201,0000,133
20000202,0000,106
20000203,0000,98
20000204,0000,91
20000205,0000,88
20000206,0000,75
20000207,0000,73
20000208,0000,69
20000209,0000,74
20000210,0000,112
20000211,0000,204
20000212,0000,250
20000213,0000,974
20000214,0000,2196
20000215,0000,759
20000216,0000,534
20000217,0000,709
20000218,0000,398
20000219,0000,318
20000220,0000,293
20000221,0000,368
20000222,0000,288
20000223,0000,741
20000224,0000,517
20000225,0000,343
20000226,0000,301
20000227,0000,787
20000228,0000,896
20000229,0000,548
20000301,0000,480
20000302,0000,378
20000303,0000,341
20000304,0000,320
20000305,0000,1047
20000306,0000,1031
20000307,0000,579
20000308,0000,678
20000309,0000,612
20000310,0000,479
20000311,0000,465
20000312,0000,447
20000313,0000,441
20000314,0000,443
20000315,0000,458
20000316,0000,450
20000317,0000,458
20000318,0000,447
20000319,0000,446
20000320,0000,448
20000321,0000,371
20000322,0000,343
20000323,0000,310
20000324,0000,313
20000325,0000,311
20000326,0000,306
20000327,0000,322
20000328,0000,329
20000329,0000,317
20000330,0000,307
20000331,0000,286
20000401,0000,291
20000402,0000,260
20000403,0000,270
20000404,0000,302
20000405,0000,327
20000406,0000,316
20000407,0000,317
20000408,0000,320
20000409,0000,295
20000410,0000,277
20000411,0000,262
20000412,0000,250
20000413,0000,257
20000414,0000,313
20000415,0000,293
20000416,0000,248
20000417,0000,392
20000418,0000,437
20000419,0000,287
20000420,0000,273
20000421,0000,275
20000422,0000,271
20000423,0000,255
20000424,0000,264
20000425,0000,253
20000426,0000,262
20000427,0000,275
20000428,0000,287
20000429,0000,289
20000430,0000,262
20000501,0000,266
20000502,0000,263
20000503,0000,286
20000504,0000,297
20000505,0000,268
20000506,0000,268
20000507,0000,235
20000508,0000,266
20000509,0000,253
20000510,0000,261
20000511,0000,228
20000512,0000,210
20000513,0000,203
20000514,0000,174
20000515,0000,186
20000516,0000,349
20000517,0000,251
20000518,0000,251
20000519,0000,262
20000520,0000,234
20000521,0000,232
20000522,0000,222
20000523,0000,233
20000524,0000,215
20000525,0000,217
20000526,0000,197
20000527,0000,201
20000528,0000,193
20000529,0000,166
20000530,0000,149
20000531,0000,150
20000601,0000,147
20000602,0000,m
20000603,0000,123
20000604,0000,123
20000605,0000,115
20000606,0000,106
20000607,0000,96
20000608,0000,142
20000609,0000,145
20000610,0000,m
20000611,0000,m
20000612,0000,m
20000613,0000,m
20000614,0000,84
20000615,0000,89
20000616,0000,85
20000617,0000,m
20000618,0000,m
20000619,0000,61
20000620,0000,72
20000621,0000,86
20000622,0000,71
20000623,0000,69
20000624,0000,60
20000625,0000,71
20000626,0000,m
20000627,0000,56
20000628,0000,m
20000629,0000,62
20000630,0000,56
20000701,0000,50
20000702,0000,m
20000703,0000,49
20000704,0000,55
20000705,0000,54
20000706,0000,72
20000707,0000,65
20000708,0000,m
20000709,0000,m
20000710,0000,m
20000711,0000,85
20000712,0000,m
20000713,0000,84
20000714,0000,82
20000715,0000,87
20000716,0000,69
20000717,0000,71
20000718,0000,m
20000719,0000,m
20000720,0000,65
20000721,0000,m
20000722,0000,73
20000723,0000,84
20000724,0000,73
20000725,0000,79
20000726,0000,70
20000727,0000,m
20000728,0000,67
20000729,0000,71
20000730,0000,67
20000731,0000,75
20000801,0000,67
20000802,0000,m
20000803,0000,m
20000804,0000,m
20000805,0000,m
20000806,0000,43
20000807,0000,39
20000808,0000,35
20000809,0000,m
20000810,0000,39
20000811,0000,m
20000812,0000,m
20000813,0000,m
20000814,0000,m
20000815,0000,m
20000816,0000,31
20000817,0000,31
20000818,0000,29
20000819,0000,37
20000820,0000,m
20000821,0000,m
20000822,0000,m
20000823,0000,50
20000824,0000,42
20000825,0000,m
20000826,0000,m
20000827,0000,m
20000828,0000,m
20000829,0000,14
20000830,0000,6
20000831,0000,15
20000901,0000,13
20000902,0000,13
20000903,0000,16
20000904,0000,11
20000905,0000,15
20000906,0000,15
20000907,0000,11
20000908,0000,15
20000909,0000,m
20000910,0000,m
20000911,0000,m
20000912,0000,m
20000913,0000,9
20000914,0000,13
20000915,0000,10
20000916,0000,8
20000917,0000,14
20000918,0000,9
20000919,0000,m
20000920,0000,m
20000921,0000,m
20000922,0000,m
20000923,0000,5
20000924,0000,m
20000925,0000,7
20000926,0000,m
20000927,0000,m
20000928,0000,6
20000929,0000,5
20000930,0000,3
20001001,0000,6
20001002,0000,m
20001003,0000,9
20001004,0000,9
20001005,0000,9
20001006,0000,5
20001007,0000,m
20001008,0000,-9
20001009,0000,14
20001010,0000,m
20001011,0000,53
20001012,0000,m
20001013,0000,44
20001014,0000,37
20001015,0000,41
20001016,0000,30
20001017,0000,25
20001018,0000,19
20001019,0000,21
20001020,0000,21
20001021,0000,23
20001022,0000,27
20001023,0000,29
20001024,0000,20
20001025,0000,18
20001026,0000,25
20001027,0000,34
20001028,0000,39
20001029,0000,52
20001030,0000,125
20001031,0000,73
20001101,0000,m
20001102,0000,59
20001103,0000,51
20001104,0000,46
20001105,0000,46
20001106,0000,44
20001107,0000,44
20001108,0000,45
20001109,0000,40
20001110,0000,44
20001111,0000,45
20001112,0000,43
20001113,0000,46
20001114,0000,44
20001115,0000,44
20001116,0000,42
20001117,0000,40
20001118,0000,43
20001119,0000,43
20001120,0000,43
20001121,0000,45
20001122,0000,47
20001123,0000,45
20001124,0000,46
20001125,0000,48
20001126,0000,48
20001127,0000,45
20001128,0000,44
20001129,0000,42
20001130,0000,45
20001201,0000,43
20001202,0000,44
20001203,0000,42
20001204,0000,41
20001205,0000,41
20001206,0000,39
20001207,0000,44
20001208,0000,40
20001209,0000,45
20001210,0000,43
20001211,0000,44
20001212,0000,48
20001213,0000,52
20001214,0000,52
20001215,0000,45
20001216,0000,52
20001217,0000,48
20001218,0000,49
20001219,0000,46
20001220,0000,47
20001221,0000,46
20001222,0000,44
20001223,0000,46
20001224,0000,45
20001225,0000,48
20001226,0000,43
20001227,0000,43
20001228,0000,45
20001229,0000,41
20001230,0000,44
20001231,0000,44
20010101,0000,43
20010102,0000,41
20010103,0000,40
20010104,0000,38
20010105,0000,38
20010106,0000,38
20010107,0000,39
20010108,0000,42
20010109,0000,52
20010110,0000,63
20010111,0000,223
20010112,0000,127
20010113,0000,87
20010114,0000,74
20010115,0000,75
20010116,0000,67
20010117,0000,62
20010118,0000,57
20010119,0000,60
20010120,0000,60
20010121,0000,61
20010122,0000,61
20010123,0000,57
20010124,0000,104
20010125,0000,110
20010126,0000,109
20010127,0000,104
20010128,0000,81
20010129,0000,76
20010130,0000,70
20010131,0000,68
20010201,0000,68
20010202,0000,65
20010203,0000,65
20010204,0000,72
20010205,0000,100
20010206,0000,101
20010207,0000,99
20010208,0000,87
20010209,0000,80
20010210,0000,106
20010211,0000,134
20010212,0000,146
20010213,0000,127
20010214,0000,157
20010215,0000,109
20010216,0000,103
20010217,0000,96
20010218,0000,101
20010219,0000,126
20010220,0000,151
20010221,0000,122
20010222,0000,118
20010223,0000,119
20010224,0000,174
20010225,0000,308
20010226,0000,204
20010227,0000,184
20010228,0000,190
20010301,0000,m
20010302,0000,135
20010303,0000,128
20010304,0000,121
20010305,0000,m
20010306,0000,139
20010307,0000,141
20010308,0000,134
20010309,0000,160
20010310,0000,153
20010311,0000,127
20010312,0000,120
20010313,0000,107
20010314,0000,114
20010315,0000,127
20010316,0000,131
20010317,0000,143
20010318,0000,156
20010319,0000,201
20010320,0000,261
20010321,0000,272
20010322,0000,m
20010323,0000,238
20010324,0000,235
20010325,0000,236
20010326,0000,215
20010327,0000,219
20010328,0000,210
20010329,0000,214
20010330,0000,220
20010331,0000,222
20010401,0000,218
20010402,0000,210
20010403,0000,181
20010404,0000,155
20010405,0000,143
20010406,0000,140
20010407,0000,254
20010408,0000,206
20010409,0000,185
20010410,0000,m
20010411,0000,136
20010412,0000,126
20010413,0000,127
20010414,0000,139
20010415,0000,150
20010416,0000,183
20010417,0000,223
20010418,0000,223
20010419,0000,246
20010420,0000,306
20010421,0000,371
20010422,0000,267
20010423,0000,316
20010424,0000,m
20010425,0000,382
20010426,0000,387
20010427,0000,380
20010428,0000,367
20010429,0000,320
20010430,0000,305
20010501,0000,306
20010502,0000,313
20010503,0000,293
20010504,0000,242
20010505,0000,232
20010506,0000,222
20010507,0000,226
20010508,0000,248
20010509,0000,244
20010510,0000,m
20010511,0000,227
20010512,0000,224
20010513,0000,198
20010514,0000,170
20010515,0000,176
20010516,0000,m
20010517,0000,180
20010518,0000,m
20010519,0000,m
20010520,0000,142
20010521,0000,m
20010522,0000,m
20010523,0000,m
20010524,0000,113
20010525,0000,118
20010526,0000,95
20010527,0000,74
20010528,0000,87
20010529,0000,76
20010530,0000,78
20010531,0000,54
20010601,0000,64
20010602,0000,51
20010603,0000,59
20010604,0000,62
20010605,0000,54
20010606,0000,61
20010607,0000,53
20010608,0000,62
20010609,0000,59
20010610,0000,64
20010611,0000,52
20010612,0000,65
20010613,0000,57
20010614,0000,m
20010615,0000,54
20010616,0000,49
20010617,0000,41
20010618,0000,40
20010619,0000,37
20010620,0000,45
20010621,0000,39
20010622,0000,28
20010623,0000,16
20010624,0000,7
20010625,0000,m
20010626,0000,11
20010627,0000,3
20010628,0000,m
20010629,0000,6
20010630,0000,m
20010701,0000,m
20010702,0000,7
20010703,0000,6
20010704,0000,13
20010705,0000,m
20010706,0000,25
20010707,0000,26
20010708,0000,32
20010709,0000,39
20010710,0000,28
20010711,0000,34
20010712,0000,m
20010713,0000,41
20010714,0000,47
20010715,0000,34
20010716,0000,41
20010717,0000,m
20010718,0000,52
20010719,0000,54
20010720,0000,m
20010721,0000,58
20010722,0000,61
20010723,0000,57
20010724,0000,68
20010725,0000,48
20010726,0000,23
20010727,0000,7
20010728,0000,7
20010729,0000,3
20010730,0000,9
20010731,0000,8
20010801,0000,10
20010802,0000,m
20010803,0000,7
20010804,0000,8
20010805,0000,5
20010806,0000,m
20010807,0000,7
20010808,0000,4
20010809,0000,4
20010810,0000,6
20010811,0000,6
20010812,0000,6
20010813,0000,3
20010814,0000,8
20010815,0000,m
20010816,0000,8
20010817,0000,4
20010818,0000,m
20010819,0000,6
20010820,0000,8
20010821,0000,m
20010822,0000,7
20010823,0000,5
20010824,0000,11
20010825,0000,m
20010826,0000,m
20010827,0000,m
20010828,0000,0
20010829,0000,-4
20010830,0000,-1
20010831,0000,2
20010901,0000,5
20010902,0000,4
20010903,0000,m
20010904,0000,8
20010905,0000,1
20010906,0000,5
20010907,0000,2
20010908,0000,-2
20010909,0000,1
20010910,0000,0
20010911,0000,-2
20010912,0000,-1
20010913,0000,-2
20010914,0000,-1
20010915,0000,-1
20010916,0000,5
20010917,0000,10
20010918,0000,m
20010919,0000,9
20010920,0000,6
20010921,0000,5
20010922,0000,5
20010923,0000,2
20010924,0000,4
20010925,0000,m
20010926,0000,6
20010927,0000,4
20010928,0000,4
20010929,0000,m
20010930,0000,6
20011001,0000,10
20011002,0000,9
20011003,0000,8
20011004,0000,m
20011005,0000,0
20011006,0000,-5
20011007,0000,1
20011008,0000,1
20011009,0000,-2
20011010,0000,4
20011011,0000,m
20011012,0000,1
20011013,0000,4
20011014,0000,2
20011015,0000,6
20011016,0000,m
20011017,0000,13
20011018,0000,2
20011019,0000,0
20011020,0000,3
20011021,0000,5
20011022,0000,-7
20011023,0000,-4
20011024,0000,7
20011025,0000,6
20011026,0000,7
20011027,0000,4
20011028,0000,9
20011029,0000,17
20011030,0000,13
20011031,0000,m
20011101,0000,m
20011102,0000,25
20011103,0000,18
20011104,0000,18
20011105,0000,14
20011106,0000,15
20011107,0000,14
20011108,0000,18
20011109,0000,16
20011110,0000,11
20011111,0000,14
20011112,0000,19
20011113,0000,m
20011114,0000,64
20011115,0000,47
20011116,0000,39
20011117,0000,38
20011118,0000,31
20011119,0000,33
20011120,0000,35
20011121,0000,29
20011122,0000,34
20011123,0000,39
20011124,0000,171
20011125,0000,463
20011126,0000,148
20011127,0000,102
20011128,0000,78
20011129,0000,77
20011130,0000,m
20011201,0000,m
20011202,0000,99
20011203,0000,367
20011204,0000,m
20011205,0000,131
20011206,0000,99
20011207,0000,91
20011208,0000,94
20011209,0000,95
20011210,0000,96
20011211,0000,m
20011212,0000,60
20011213,0000,62
20011214,0000,84
20011215,0000,104
20011216,0000,78
20011217,0000,m
20011218,0000,m
20011219,0000,66
20011220,0000,70
20011221,0000,m
20011222,0000,99
20011223,0000,101
20011224,0000,100
20011225,0000,90
20011226,0000,81
20011227,0000,78
20011228,0000,87
20011229,0000,1138
20011230,0000,1581
20011231,0000,m
20020101,0000,518
20020102,0000,399
20020103,0000,630
20020104,0000,493
20020105,0000,367
20020106,0000,308
20020107,0000,279
20020108,0000,264
20020109,0000,246
20020110,0000,228
20020111,0000,214
20020112,0000,198
20020113,0000,193
20020114,0000,m
20020115,0000,151
20020116,0000,127
20020117,0000,134
20020118,0000,128
20020119,0000,117
20020120,0000,118
20020121,0000,110
20020122,0000,m
20020123,0000,107
20020124,0000,96
20020125,0000,102
20020126,0000,101
20020127,0000,132
20020128,0000,160
20020129,0000,127
20020130,0000,m
20020131,0000,108
20020201,0000,104
20020202,0000,101
20020203,0000,99
20020204,0000,m
20020205,0000,100
20020206,0000,100
20020207,0000,94
20020208,0000,102
20020209,0000,m
20020210,0000,101
20020211,0000,103
20020212,0000,103
20020213,0000,105
20020214,0000,98
20020215,0000,103
20020216,0000,104
20020217,0000,m
20020218,0000,133
20020219,0000,130
20020220,0000,119
20020221,0000,120
20020222,0000,127
20020223,0000,127
20020224,0000,128
20020225,0000,125
20020226,0000,120
20020227,0000,116
20020228,0000,118
20020301,0000,117
20020302,0000,111
20020303,0000,108
20020304,0000,102
20020305,0000,103
20020306,0000,110
20020307,0000,177
20020308,0000,232
20020309,0000,162
20020310,0000,149
20020311,0000,143
20020312,0000,141
20020313,0000,m
20020314,0000,143
20020315,0000,139
20020316,0000,142
20020317,0000,145
20020318,0000,157
20020319,0000,143
20020320,0000,156
20020321,0000,173
20020322,0000,174
20020323,0000,255
20020324,0000,384
20020325,0000,333
20020326,0000,284
20020327,0000,268
20020328,0000,264
20020329,0000,262
20020330,0000,262
20020331,0000,273
20020401,0000,257
20020402,0000,261
20020403,0000,263
20020404,0000,m
20020405,0000,270
20020406,0000,m
20020407,0000,239
20020408,0000,235
20020409,0000,227
20020410,0000,233
20020411,0000,227
20020412,0000,242
20020413,0000,245
20020414,0000,260
20020415,0000,269
20020416,0000,243
20020417,0000,207
20020418,0000,195
20020419,0000,175
20020420,0000,167
20020421,0000,147
20020422,0000,149
20020423,0000,m
20020424,0000,m
20020425,0000,141
20020426,0000,210
20020427,0000,228
20020428,0000,191
20020429,0000,m
20020430,0000,168
20020501,0000,m
20020502,0000,149
20020503,0000,141
20020504,0000,139
20020505,0000,139
20020506,0000,137
20020507,0000,139
20020508,0000,148
20020509,0000,136
20020510,0000,144
20020511,0000,142
20020512,0000,129
20020513,0000,128
20020514,0000,128
20020515,0000,m
20020516,0000,m
20020517,0000,128
20020518,0000,m
20020519,0000,m
20020520,0000,165
20020521,0000,214
20020522,0000,178
20020523,0000,174
20020524,0000,m
20020525,0000,174
20020526,0000,164
20020527,0000,153
20020528,0000,155
20020529,0000,138
20020530,0000,136
20020531,0000,136
20020601,0000,146
20020602,0000,129
20020603,0000,120
20020604,0000,120
20020605,0000,m
20020606,0000,100
20020607,0000,96
20020608,0000,85
20020609,0000,82
20020610,0000,86
20020611,0000,68
20020612,0000,83
20020613,0000,70
20020614,0000,64
20020615,0000,50
20020616,0000,40
20020617,0000,43
20020618,0000,41
20020619,0000,42
20020620,0000,29
20020621,0000,m
20020622,0000,39
20020623,0000,28
20020624,0000,31
20020625,0000,m
20020626,0000,32
20020627,0000,m
20020628,0000,m
20020629,0000,m
20020630,0000,43
20020701,0000,51
20020702,0000,m
20020703,0000,m
20020704,0000,m
20020705,0000,32
20020706,0000,38
20020707,0000,34
20020708,0000,m
20020709,0000,m
20020710,0000,51
20020711,0000,50
20020712,0000,m
20020713,0000,m
20020714,0000,m
20020715,0000,62
20020716,0000,48
20020717,0000,14
20020718,0000,11
20020719,0000,7
20020720,0000,6
20020721,0000,5
20020722,0000,8
20020723,0000,5
20020724,0000,14
20020725,0000,5
20020726,0000,5
20020727,0000,4
20020728,0000,22
20020729,0000,31
20020730,0000,37
20020731,0000,40
20020801,0000,42
20020802,0000,40
20020803,0000,45
20020804,0000,47
20020805,0000,46
20020806,0000,m
20020807,0000,47
20020808,0000,48
20020809,0000,57
20020810,0000,m
20020811,0000,m
20020812,0000,8
20020813,0000,12
20020814,0000,m
20020815,0000,8
20020816,0000,7
20020817,0000,m
20020818,0000,m
20020819,0000,10
20020820,0000,m
20020821,0000,m
20020822,0000,4
20020823,0000,1
20020824,0000,-4
20020825,0000,0
20020826,0000,m
20020827,0000,8
20020828,0000,1
20020829,0000,-2
20020830,0000,m
20020831,0000,-2
20020901,0000,m
20020902,0000,4
20020903,0000,m
20020904,0000,5
20020905,0000,-1
20020906,0000,m
20020907,0000,-4
20020908,0000,m
20020909,0000,m
20020910,0000,4
20020911,0000,-2
20020912,0000,-3
20020913,0000,-3
20020914,0000,-5
20020915,0000,0
20020916,0000,-6
20020917,0000,-1
20020918,0000,m
20020919,0000,0
20020920,0000,0
20020921,0000,-4
20020922,0000,-2
20020923,0000,10
20020924,0000,0
20020925,0000,0
20020926,0000,m
20020927,0000,-1
20020928,0000,-4
20020929,0000,-1
20020930,0000,m
20021001,0000,1
20021002,0000,5
20021003,0000,2
20021004,0000,5
20021005,0000,6
20021006,0000,6
20021007,0000,m
20021008,0000,m
20021009,0000,5
20021010,0000,m
20021011,0000,6
20021012,0000,7
20021013,0000,7
20021014,0000,9
20021015,0000,7
20021016,0000,m
20021017,0000,7
20021018,0000,7
20021019,0000,4
20021020,0000,10
20021021,0000,14
20021022,0000,m
20021023,0000,13
20021024,0000,10
20021025,0000,10
20021026,0000,3
20021027,0000,12
20021028,0000,12
20021029,0000,12
20021030,0000,17
20021031,0000,14
20021101,0000,11
20021102,0000,13
20021103,0000,13
20021104,0000,16
20021105,0000,13
20021106,0000,12
20021107,0000,14
20021108,0000,3720
20021109,0000,4908
20021110,0000,974
20021111,0000,500
20021112,0000,340
20021113,0000,270
20021114,0000,232
20021115,0000,218
20021116,0000,191
20021117,0000,182
20021118,0000,165
20021119,0000,156
20021120,0000,154
20021121,0000,156
20021122,0000,137
20021123,0000,115
20021124,0000,107
20021125,0000,110
20021126,0000,100
20021127,0000,101
20021128,0000,95
20021129,0000,96
20021130,0000,94
20021201,0000,97
20021202,0000,92
20021203,0000,m
20021204,0000,m
20021205,0000,80
20021206,0000,80
20021207,0000,86
20021208,0000,77
20021209,0000,m
20021210,0000,72
20021211,0000,m
20021212,0000,73
20021213,0000,71
20021214,0000,71
20021215,0000,98
20021216,0000,162
20021217,0000,273
20021218,0000,179
20021219,0000,145
20021220,0000,226
20021221,0000,161
20021222,0000,135
20021223,0000,128
20021224,0000,113
20021225,0000,109
20021226,0000,126
20021227,0000,151
20021228,0000,171
20021229,0000,214
20021230,0000,166
20021231,0000,173
20030101,0000,340
20030102,0000,159
20030103,0000,168
20030104,0000,195
20030105,0000,202
20030106,0000,205
20030107,0000,201
20030108,0000,187
20030109,0000,184
20030110,0000,179
20030111,0000,185
20030112,0000,159
20030113,0000,157
20030114,0000,145
20030115,0000,143
20030116,0000,128
20030117,0000,129
20030118,0000,120
20030119,0000,121
20030120,0000,122
20030121,0000,111
20030122,0000,108
20030123,0000,109
20030124,0000,105
20030125,0000,98
20030126,0000,106
20030127,0000,107
20030128,0000,101
20030129,0000,102
20030130,0000,103
20030131,0000,98
20030201,0000,105
20030202,0000,110
20030203,0000,103
20030204,0000,95
20030205,0000,96
20030206,0000,96
20030207,0000,90
20030208,0000,87
20030209,0000,80
20030210,0000,89
20030211,0000,91
20030212,0000,167
20030213,0000,296
20030214,0000,256
20030215,0000,206
20030216,0000,200
20030217,0000,191
20030218,0000,167
20030219,0000,161
20030220,0000,158
20030221,0000,144
20030222,0000,137
20030223,0000,138
20030224,0000,130
20030225,0000,155
20030226,0000,199
20030227,0000,176
20030228,0000,169
20030301,0000,154
20030302,0000,147
20030303,0000,130
20030304,0000,146
20030305,0000,140
20030306,0000,130
20030307,0000,136
20030308,0000,137
20030309,0000,136
20030310,0000,146
20030311,0000,138
20030312,0000,150
20030313,0000,142
20030314,0000,153
20030315,0000,673
20030316,0000,743
20030317,0000,528
20030318,0000,464
20030319,0000,388
20030320,0000,361
20030321,0000,312
20030322,0000,316
20030323,0000,319
20030324,0000,299
20030325,0000,284
20030326,0000,277
20030327,0000,278
20030328,0000,261
20030329,0000,237
20030330,0000,223
20030331,0000,224
20030401,0000,227
20030402,0000,291
20030403,0000,251
20030404,0000,237
20030405,0000,222
20030406,0000,209
20030407,0000,205
20030408,0000,230
20030409,0000,240
20030410,0000,225
20030411,0000,210
20030412,0000,207
20030413,0000,238
20030414,0000,419
20030415,0000,496
20030416,0000,393
20030417,0000,364
20030418,0000,349
20030419,0000,357
20030420,0000,316
20030421,0000,315
20030422,0000,351
20030423,0000,327
20030424,0000,317
20030425,0000,306
20030426,0000,314
20030427,0000,304
20030428,0000,309
20030429,0000,296
20030430,0000,270
20030501,0000,272
20030502,0000,281
20030503,0000,437
20030504,0000,914
20030505,0000,669
20030506,0000,543
20030507,0000,522
20030508,0000,505
20030509,0000,473
20030510,0000,414
20030511,0000,411
20030512,0000,415
20030513,0000,434
20030514,0000,452
20030515,0000,459
20030516,0000,473
20030517,0000,461
20030518,0000,447
20030519,0000,458
20030520,0000,449
20030521,0000,436
20030522,0000,467
20030523,0000,454
20030524,0000,450
20030525,0000,464
20030526,0000,448
20030527,0000,456
20030528,0000,428
20030529,0000,439
20030530,0000,416
20030531,0000,378
20030601,0000,360
20030602,0000,354
20030603,0000,326
20030604,0000,308
20030605,0000,269
20030606,0000,256
20030607,0000,230
20030608,0000,221
20030609,0000,187
20030610,0000,182
20030611,0000,149
20030612,0000,162
20030613,0000,168
20030614,0000,137
20030615,0000,156
20030616,0000,145
20030617,0000,155
20030618,0000,139
20030619,0000,136
20030620,0000,134
20030621,0000,144
20030622,0000,141
20030623,0000,119
20030624,0000,137
20030625,0000,125
20030626,0000,129
20030627,0000,109
20030628,0000,113
20030629,0000,88
20030630,0000,95
20030701,0000,94
20030702,0000,100
20030703,0000,92
20030704,0000,80
20030705,0000,99
20030706,0000,73
20030707,0000,89
20030708,0000,66
20030709,0000,88
20030710,0000,86
20030711,0000,84
20030712,0000,91
20030713,0000,75
20030714,0000,87
20030715,0000,83
20030716,0000,67
20030717,0000,83
20030718,0000,72
20030719,0000,64
20030720,0000,92
20030721,0000,71
20030722,0000,78
20030723,0000,65
20030724,0000,74
20030725,0000,67
20030726,0000,77
20030727,0000,63
20030728,0000,62
20030729,0000,73
20030730,0000,76
20030731,0000,m
20030801,0000,88
20030802,0000,71
20030803,0000,80
20030804,0000,80
20030805,0000,72
20030806,0000,79
20030807,0000,81
20030808,0000,78
20030809,0000,85
20030810,0000,77
20030811,0000,81
20030812,0000,68
20030813,0000,37
20030814,0000,23
20030815,0000,20
20030816,0000,18
20030817,0000,21
20030818,0000,19
20030819,0000,m
20030820,0000,23
20030821,0000,13
20030822,0000,11
20030823,0000,16
20030824,0000,16
20030825,0000,15
20030826,0000,11
20030827,0000,10
20030828,0000,8
20030829,0000,9
20030830,0000,8
20030831,0000,15
20030901,0000,10
20030902,0000,10
20030903,0000,6
20030904,0000,m
20030905,0000,12
20030906,0000,6
20030907,0000,6
20030908,0000,5
20030909,0000,6
20030910,0000,3
20030911,0000,11
20030912,0000,8
20030913,0000,16
20030914,0000,12
20030915,0000,8
20030916,0000,3
20030917,0000,3
20030918,0000,-5
20030919,0000,-2
20030920,0000,3
20030921,0000,-1
20030922,0000,2
20030923,0000,-2
20030924,0000,0
20030925,0000,2
20030926,0000,-5
20030927,0000,-2
20030928,0000,0
20030929,0000,2
20030930,0000,1
20031001,0000,-3
20031002,0000,-1
20031003,0000,-3
20031004,0000,2
20031005,0000,4
20031006,0000,1
20031007,0000,3
20031008,0000,36
20031009,0000,18
20031010,0000,-8
20031011,0000,-5
20031012,0000,10
20031013,0000,5
20031014,0000,8
20031015,0000,12
20031016,0000,9
20031017,0000,7
20031018,0000,10
20031019,0000,11
20031020,0000,13
20031021,0000,10
20031022,0000,10
20031023,0000,11
20031024,0000,10
20031025,0000,9
20031026,0000,9
20031027,0000,15
20031028,0000,13
20031029,0000,13
20031030,0000,14
20031031,0000,11
20031101,0000,16
20031102,0000,21
20031103,0000,24
20031104,0000,28
20031105,0000,30
20031106,0000,28
20031107,0000,32
20031108,0000,34
20031109,0000,42
20031110,0000,54
20031111,0000,50
20031112,0000,39
20031113,0000,41
20031114,0000,48
20031115,0000,41
20031116,0000,51
20031117,0000,48
20031118,0000,43
20031119,0000,41
20031120,0000,41
20031121,0000,37
20031122,0000,37
20031123,0000,33
20031124,0000,37
20031125,0000,32
20031126,0000,36
20031127,0000,34
20031128,0000,37
20031129,0000,37
20031130,0000,39
20031201,0000,32
20031202,0000,34
20031203,0000,32
20031204,0000,35
20031205,0000,31
20031206,0000,35
20031207,0000,56
20031208,0000,80
20031209,0000,66
20031210,0000,55
20031211,0000,66
20031212,0000,66
20031213,0000,56
20031214,0000,63
20031215,0000,73
20031216,0000,58
20031217,0000,54
20031218,0000,50
20031219,0000,46
20031220,0000,53
20031221,0000,m
20031222,0000,57
20031223,0000,55
20031224,0000,62
20031225,0000,m
20031226,0000,360
20031227,0000,m
20031228,0000,m
20031229,0000,109
20031230,0000,108
20031231,0000,m
20040101,0000,110
20040102,0000,206
20040103,0000,180
20040104,0000,122
20040105,0000,102
20040106,0000,93
20040107,0000,100
20040108,0000,95
20040109,0000,96
20040110,0000,106
20040111,0000,106
20040112,0000,m
20040113,0000,108
20040114,0000,102
20040115,0000,106
20040116,0000,90
20040117,0000,98
20040118,0000,94
20040119,0000,101
20040120,0000,m
20040121,0000,105
20040122,0000,106
20040123,0000,102
20040124,0000,96
20040125,0000,91
20040126,0000,92
20040127,0000,86
20040128,0000,82
20040129,0000,83
20040130,0000,78
20040131,0000,79
20040201,0000,80
20040202,0000,109
20040203,0000,171
20040204,0000,115
20040205,0000,108
20040206,0000,89
20040207,0000,83
20040208,0000,87
20040209,0000,81
20040210,0000,76
20040211,0000,74
20040212,0000,72
20040213,0000,74
20040214,0000,79
20040215,0000,72
20040216,0000,73
20040217,0000,83
20040218,0000,96
20040219,0000,184
20040220,0000,139
20040221,0000,131
20040222,0000,122
20040223,0000,151
20040224,0000,168
20040225,0000,185
20040226,0000,873
20040227,0000,511
20040228,0000,332
20040229,0000,247
20040301,0000,231
20040302,0000,276
20040303,0000,208
20040304,0000,198
20040305,0000,178
20040306,0000,166
20040307,0000,195
20040308,0000,234
20040309,0000,289
20040310,0000,315
20040311,0000,311
20040312,0000,273
20040313,0000,266
20040314,0000,260
20040315,0000,265
20040316,0000,290
20040317,0000,281
20040318,0000,280
20040319,0000,274
20040320,0000,271
20040321,0000,274
20040322,0000,276
20040323,0000,260
20040324,0000,248
20040325,0000,251
20040326,0000,288
20040327,0000,240
20040328,0000,214
20040329,0000,217
20040330,0000,190
20040331,0000,189
20040401,0000,194
20040402,0000,178
20040403,0000,166
20040404,0000,150
20040405,0000,144
20040406,0000,157
20040407,0000,157
20040408,0000,146
20040409,0000,160
20040410,0000,149
20040411,0000,156
20040412,0000,132
20040413,0000,125
20040414,0000,134
20040415,0000,119
20040416,0000,123
20040417,0000,128
20040418,0000,125
20040419,0000,126
20040420,0000,98
20040421,0000,106
20040422,0000,99
20040423,0000,87
20040424,0000,105
20040425,0000,91
20040426,0000,93
20040427,0000,96
20040428,0000,102
20040429,0000,90
20040430,0000,105
20040501,0000,m
20040502,0000,94
20040503,0000,108
20040504,0000,104
20040505,0000,98
20040506,0000,110
20040507,0000,91
20040508,0000,75
20040509,0000,97
20040510,0000,64
20040511,0000,81
20040512,0000,72
20040513,0000,73
20040514,0000,62
20040515,0000,74
20040516,0000,62
20040517,0000,50
20040518,0000,61
20040519,0000,66
20040520,0000,54
20040521,0000,59
20040522,0000,48
20040523,0000,55
20040524,0000,60
20040525,0000,28
20040526,0000,53
20040527,0000,55
20040528,0000,48
20040529,0000,41
20040530,0000,44
20040531,0000,45
20040601,0000,41
20040602,0000,38
20040603,0000,35
20040604,0000,23
20040605,0000,29
20040606,0000,25
20040607,0000,21
20040608,0000,3
20040609,0000,34
20040610,0000,18
20040611,0000,53
20040612,0000,36
20040613,0000,47
20040614,0000,52
20040615,0000,39
20040616,0000,m
20040617,0000,37
20040618,0000,46
20040619,0000,31
20040620,0000,21
20040621,0000,14
20040622,0000,16
20040623,0000,12
20040624,0000,14
20040625,0000,2
20040626,0000,10
20040627,0000,-1
20040628,0000,19
20040629,0000,6
20040630,0000,-3
20040701,0000,8
20040702,0000,23
20040703,0000,27
20040704,0000,39
20040705,0000,43
20040706,0000,53
20040707,0000,22
20040708,0000,11
20040709,0000,12
20040710,0000,24
20040711,0000,3
20040712,0000,21
20040713,0000,18
20040714,0000,13
20040715,0000,15
20040716,0000,12
20040717,0000,-6
20040718,0000,-29
20040719,0000,13
20040720,0000,2
20040721,0000,1
20040722,0000,5
20040723,0000,5
20040724,0000,-5
20040725,0000,5
20040726,0000,11
20040727,0000,4
20040728,0000,-2
20040729,0000,5
20040730,0000,3
20040731,0000,-9
20040801,0000,6
20040802,0000,4
20040803,0000,27
20040804,0000,-10
20040805,0000,2
20040806,0000,6
20040807,0000,2
20040808,0000,4
20040809,0000,8
20040810,0000,3
20040811,0000,4
20040812,0000,2
20040813,0000,4
20040814,0000,4
20040815,0000,2
20040816,0000,2
20040817,0000,-31
20040818,0000,5
20040819,0000,5
20040820,0000,5
20040821,0000,3
20040822,0000,3
20040823,0000,2
20040824,0000,6
20040825,0000,7
20040826,0000,2
20040827,0000,6
20040828,0000,0
20040829,0000,5
20040830,0000,11
20040831,0000,3
20040901,0000,2
20040902,0000,0
20040903,0000,-1
20040904,0000,0
20040905,0000,-7
20040906,0000,-6
20040907,0000,-5
20040908,0000,-1
20040909,0000,5
20040910,0000,-2
20040911,0000,3
20040912,0000,3
20040913,0000,3
20040914,0000,4
20040915,0000,3
20040916,0000,7
20040917,0000,0
20040918,0000,3
20040919,0000,-2
20040920,0000,2
20040921,0000,-13
20040922,0000,3
20040923,0000,4
20040924,0000,3
20040925,0000,2
20040926,0000,3
20040927,0000,6
20040928,0000,4
20040929,0000,-2
20040930,0000,3
20041001,0000,2
20041002,0000,0
20041003,0000,3
20041004,0000,6
20041005,0000,2
20041006,0000,2
20041007,0000,-1
20041008,0000,1
20041009,0000,1
20041010,0000,2
20041011,0000,1
20041012,0000,6
20041013,0000,5
20041014,0000,5
20041015,0000,6
20041016,0000,1
20041017,0000,6
20041018,0000,15
20041019,0000,30
20041020,0000,56
20041021,0000,85
20041022,0000,48
20041023,0000,31
20041024,0000,29
20041025,0000,33
20041026,0000,47
20041027,0000,83
20041028,0000,61
20041029,0000,37
20041030,0000,31
20041031,0000,31
20041101,0000,31
20041102,0000,29
20041103,0000,35
20041104,0000,29
20041105,0000,27
20041106,0000,31
20041107,0000,27
20041108,0000,35
20041109,0000,38
20041110,0000,39
20041111,0000,36
20041112,0000,34
20041113,0000,34
20041114,0000,33
20041115,0000,36
20041116,0000,32
20041117,0000,32
20041118,0000,35
20041119,0000,31
20041120,0000,37
20041121,0000,35
20041122,0000,29
20041123,0000,31
20041124,0000,33
20041125,0000,33
20041126,0000,33
20041127,0000,37
20041128,0000,81
20041129,0000,61
20041130,0000,48
20041201,0000,40
20041202,0000,41
20041203,0000,36
20041204,0000,37
20041205,0000,35
20041206,0000,36
20041207,0000,53
20041208,0000,99
20041209,0000,71
20041210,0000,61
20041211,0000,61
20041212,0000,63
20041213,0000,62
20041214,0000,60
20041215,0000,52
20041216,0000,51
20041217,0000,48
20041218,0000,44
20041219,0000,41
20041220,0000,42
20041221,0000,39
20041222,0000,40
20041223,0000,37
20041224,0000,43
20041225,0000,35
20041226,0000,42
20041227,0000,44
20041228,0000,58
20041229,0000,80
20041230,0000,77
20041231,0000,288
20050101,0000,205
20050102,0000,118
20050103,0000,97
20050104,0000,126
20050105,0000,119
20050106,0000,95
20050107,0000,109
20050108,0000,247
20050109,0000,1724
20050110,0000,1771
20050111,0000,2112
20050112,0000,798
20050113,0000,501
20050114,0000,378
20050115,0000,316
20050116,0000,286
20050117,0000,279
20050118,0000,276
20050119,0000,283
20050120,0000,323
20050121,0000,328
20050122,0000,320
20050123,0000,310
20050124,0000,298
20050125,0000,288
20050126,0000,294
20050127,0000,338
20050128,0000,331
20050129,0000,374
20050130,0000,283
20050131,0000,260
20050201,0000,234
20050202,0000,220
20050203,0000,205
20050204,0000,198
20050205,0000,189
20050206,0000,186
20050207,0000,194
20050208,0000,183
20050209,0000,173
20050210,0000,164
20050211,0000,176
20050212,0000,183
20050213,0000,187
20050214,0000,173
20050215,0000,160
20050216,0000,166
20050217,0000,164
20050218,0000,235
20050219,0000,278
20050220,0000,299
20050221,0000,265
20050222,0000,248
20050223,0000,215
20050224,0000,214
20050225,0000,201
20050226,0000,193
20050227,0000,180
20050228,0000,194
20050301,0000,188
20050302,0000,178
20050303,0000,177
20050304,0000,192
20050305,0000,190
20050306,0000,180
20050307,0000,171
20050308,0000,179
20050309,0000,192
20050310,0000,214
20050311,0000,235
20050312,0000,252
20050313,0000,256
20050314,0000,272
20050315,0000,240
20050316,0000,223
20050317,0000,202
20050318,0000,188
20050319,0000,332
20050320,0000,576
20050321,0000,434
20050322,0000,749
20050323,0000,2088
20050324,0000,1042
20050325,0000,764
20050326,0000,634
20050327,0000,589
20050328,0000,896
20050329,0000,713
20050330,0000,597
20050331,0000,530
20050401,0000,508
20050402,0000,505
20050403,0000,505
20050404,0000,530
20050405,0000,462
20050406,0000,468
20050407,0000,487
20050408,0000,512
20050409,0000,553
20050410,0000,456
20050411,0000,434
20050412,0000,441
20050413,0000,437
20050414,0000,404
20050415,0000,405
20050416,0000,418
20050417,0000,440
20050418,0000,455
20050419,0000,425
20050420,0000,404
20050421,0000,373
20050422,0000,383
20050423,0000,364
20050424,0000,423
20050425,0000,397
20050426,0000,368
20050427,0000,362
20050428,0000,433
20050429,0000,420
20050430,0000,383
20050501,0000,374
20050502,0000,357
20050503,0000,367
20050504,0000,393
20050505,0000,680
20050506,0000,980
20050507,0000,743
20050508,0000,624
20050509,0000,736
20050510,0000,695
20050511,0000,606
20050512,0000,555
20050513,0000,551
20050514,0000,581
20050515,0000,628
20050516,0000,926
20050517,0000,911
20050518,0000,758
20050519,0000,805
20050520,0000,812
20050521,0000,818
20050522,0000,809
20050523,0000,843
20050524,0000,837
20050525,0000,843
20050526,0000,875
20050527,0000,865
20050528,0000,846
20050529,0000,782
20050530,0000,689
20050531,0000,630
20050601,0000,637
20050602,0000,630
20050603,0000,612
20050604,0000,561
20050605,0000,545
20050606,0000,504
20050607,0000,480
20050608,0000,449
20050609,0000,420
20050610,0000,427
20050611,0000,430
20050612,0000,427
20050613,0000,418
20050614,0000,442
20050615,0000,421
20050616,0000,420
20050617,0000,391
20050618,0000,374
20050619,0000,360
20050620,0000,325
20050621,0000,317
20050622,0000,309
20050623,0000,291
20050624,0000,284
20050625,0000,273
20050626,0000,247
20050627,0000,248
20050628,0000,228
20050629,0000,230
20050630,0000,225
20050701,0000,204
20050702,0000,202
20050703,0000,194
20050704,0000,177
20050705,0000,169
20050706,0000,167
20050707,0000,149
20050708,0000,151
20050709,0000,136
20050710,0000,145
20050711,0000,126
20050712,0000,117
20050713,0000,102
20050714,0000,97
20050715,0000,74
20050716,0000,79
20050717,0000,71
20050718,0000,66
20050719,0000,59
20050720,0000,74
20050721,0000,73
20050722,0000,72
20050723,0000,65
20050724,0000,64
20050725,0000,71
20050726,0000,59
20050727,0000,59
20050728,0000,64
20050729,0000,39
20050730,0000,37
20050731,0000,37
20050801,0000,42
20050802,0000,49
20050803,0000,57
20050804,0000,48
20050805,0000,58
20050806,0000,57
20050807,0000,59
20050808,0000,56
20050809,0000,47
20050810,0000,48
20050811,0000,53
20050812,0000,50
20050813,0000,m
20050814,0000,48
20050815,0000,44
20050816,0000,40
20050817,0000,26
20050818,0000,20
20050819,0000,14
20050820,0000,14
20050821,0000,11
20050822,0000,12
20050823,0000,7
20050824,0000,16
20050825,0000,13
20050826,0000,14
20050827,0000,14
20050828,0000,13
20050829,0000,5
20050830,0000,10
20050831,0000,14
20050901,0000,10
20050902,0000,10
20050903,0000,8
20050904,0000,14
20050905,0000,19
20050906,0000,13
20050907,0000,13
20050908,0000,12
20050909,0000,m
20050910,0000,12
20050911,0000,8
20050912,0000,17
20050913,0000,17
20050914,0000,16
20050915,0000,19
20050916,0000,17
20050917,0000,15
20050918,0000,17
20050919,0000,14
20050920,0000,15
20050921,0000,17
20050922,0000,18
20050923,0000,20
20050924,0000,15
20050925,0000,15
20050926,0000,28
20050927,0000,22
20050928,0000,27
20050929,0000,21
20050930,0000,20
20051001,0000,17
20051002,0000,14
20051003,0000,11
20051004,0000,14
20051005,0000,17
20051006,0000,20
20051007,0000,19
20051008,0000,14
20051009,0000,18
20051010,0000,31
20051011,0000,17
20051012,0000,19
20051013,0000,19
20051014,0000,20
20051015,0000,12
20051016,0000,20
20051017,0000,14
20051018,0000,24
20051019,0000,29
20051020,0000,27
20051021,0000,27
20051022,0000,26
20051023,0000,26
20051024,0000,33
20051025,0000,24
20051026,0000,26
20051027,0000,25
20051028,0000,34
20051029,0000,28
20051030,0000,31
20051031,0000,30
20051101,0000,34
20051102,0000,26
20051103,0000,26
20051104,0000,25
20051105,0000,27
20051106,0000,28
20051107,0000,32
20051108,0000,30
20051109,0000,29
20051110,0000,32
20051111,0000,38
20051112,0000,50
20051113,0000,42
20051114,0000,38
20051115,0000,36
20051116,0000,36
20051117,0000,35
20051118,0000,27
20051119,0000,32
20051120,0000,32
20051121,0000,29
20051122,0000,29
20051123,0000,25
20051124,0000,28
20051125,0000,28
20051126,0000,28
20051127,0000,31
20051128,0000,32
20051129,0000,39
20051130,0000,42
20051201,0000,43
20051202,0000,300
20051203,0000,254
20051204,0000,102
20051205,0000,80
20051206,0000,68
20051207,0000,60
20051208,0000,58
20051209,0000,55
20051210,0000,53
20051211,0000,48
20051212,0000,54
20051213,0000,44
20051214,0000,48
20051215,0000,47
20051216,0000,47
20051217,0000,42
20051218,0000,59
20051219,0000,221
20051220,0000,145
20051221,0000,106
20051222,0000,89
20051223,0000,86
20051224,0000,82
20051225,0000,80
20051226,0000,173
20051227,0000,192
20051228,0000,129
20051229,0000,129
20051230,0000,100
20051231,0000,374
20060101,0000,582
20060102,0000,1784
20060103,0000,1917
20060104,0000,557
20060105,0000,434
20060106,0000,392
20060107,0000,350
20060108,0000,305
20060109,0000,271
20060110,0000,246
20060111,0000,218
20060112,0000,215
20060113,0000,197
20060114,0000,236
20060115,0000,302
20060116,0000,237
20060117,0000,215
20060118,0000,244
20060119,0000,281
20060120,0000,229
20060121,0000,205
20060122,0000,m
20060123,0000,180
20060124,0000,154
20060125,0000,150
20060126,0000,138
20060127,0000,140
20060128,0000,137
20060129,0000,130
20060130,0000,121
20060131,0000,120
20060201,0000,123
20060202,0000,122
20060203,0000,127
20060204,0000,128
20060205,0000,129
20060206,0000,118
20060207,0000,114
20060208,0000,116
20060209,0000,112
20060210,0000,115
20060211,0000,111
20060212,0000,112
20060213,0000,113
20060214,0000,109
20060215,0000,116
20060216,0000,107
20060217,0000,109
20060218,0000,114
20060219,0000,111
20060220,0000,106
20060221,0000,98
20060222,0000,99
20060223,0000,100
20060224,0000,102
20060225,0000,104
20060226,0000,101
20060227,0000,119
20060228,0000,926
20060301,0000,488
20060302,0000,334
20060303,0000,402
20060304,0000,344
20060305,0000,309
20060306,0000,408
20060307,0000,572
20060308,0000,454
20060309,0000,356
20060310,0000,350
20060311,0000,375
20060312,0000,343
20060313,0000,300
20060314,0000,290
20060315,0000,308
20060316,0000,283
20060317,0000,289
20060318,0000,357
20060319,0000,327
20060320,0000,343
20060321,0000,489
20060322,0000,354
20060323,0000,346
20060324,0000,358
20060325,0000,393
20060326,0000,515
20060327,0000,435
20060328,0000,1677
20060329,0000,1912
20060330,0000,946
20060331,0000,774
20060401,0000,902
20060402,0000,692
20060403,0000,849
20060404,0000,3252
20060405,0000,3900
20060406,0000,1896
20060407,0000,1436
20060408,0000,1233
20060409,0000,1084
20060410,0000,980
20060411,0000,881
20060412,0000,792
20060413,0000,788
20060414,0000,1043
20060415,0000,1516
20060416,0000,1154
20060417,0000,1159
20060418,0000,958
20060419,0000,893
20060420,0000,848
20060421,0000,873
20060422,0000,873
20060423,0000,879
20060424,0000,773
20060425,0000,743
20060426,0000,778
20060427,0000,743
20060428,0000,763
20060429,0000,883
20060430,0000,954
20060501,0000,981
20060502,0000,988
20060503,0000,934
20060504,0000,853
20060505,0000,781
20060506,0000,762
20060507,0000,723
20060508,0000,742
20060509,0000,757
20060510,0000,757
20060511,0000,747
20060512,0000,731
20060513,0000,743
20060514,0000,741
20060515,0000,766
20060516,0000,752
20060517,0000,732
20060518,0000,691
20060519,0000,705
20060520,0000,663
20060521,0000,662
20060522,0000,692
20060523,0000,605
20060524,0000,559
20060525,0000,541
20060526,0000,541
20060527,0000,515
20060528,0000,493
20060529,0000,455
20060530,0000,436
20060531,0000,420
20060601,0000,421
20060602,0000,417
20060603,0000,431
20060604,0000,454
20060605,0000,427
20060606,0000,378
20060607,0000,370
20060608,0000,360
20060609,0000,335
20060610,0000,315
20060611,0000,292
20060612,0000,290
20060613,0000,282
20060614,0000,270
20060615,0000,267
20060616,0000,259
20060617,0000,253
20060618,0000,247
20060619,0000,245
20060620,0000,226
20060621,0000,220
20060622,0000,220
20060623,0000,194
20060624,0000,192
20060625,0000,174
20060626,0000,171
20060627,0000,185
20060628,0000,177
20060629,0000,171
20060630,0000,159
20060701,0000,158
20060702,0000,154
20060703,0000,144
20060704,0000,148
20060705,0000,126
20060706,0000,125
20060707,0000,118
20060708,0000,106
20060709,0000,101
20060710,0000,81
20060711,0000,73
20060712,0000,60
20060713,0000,61
20060714,0000,65
20060715,0000,56
20060716,0000,51
20060717,0000,54
20060718,0000,59
20060719,0000,54
20060720,0000,63
20060721,0000,76
20060722,0000,68
20060723,0000,55
20060724,0000,50
20060725,0000,44
20060726,0000,52
20060727,0000,58
20060728,0000,59
20060729,0000,43
20060730,0000,45
20060731,0000,41
20060801,0000,40
20060802,0000,39
20060803,0000,41
20060804,0000,31
20060805,0000,35
20060806,0000,38
20060807,0000,35
20060808,0000,40
20060809,0000,39
20060810,0000,34
20060811,0000,31
20060812,0000,37
20060813,0000,34
20060814,0000,34
20060815,0000,29
20060816,0000,25
20060817,0000,30
20060818,0000,30
20060819,0000,23
20060820,0000,32
20060821,0000,31
20060822,0000,30
20060823,0000,26
20060824,0000,24
20060825,0000,29
20060826,0000,30
20060827,0000,29
20060828,0000,30
20060829,0000,22
20060830,0000,28
20060831,0000,21
20060901,0000,25
20060902,0000,24
20060903,0000,26
20060904,0000,24
20060905,0000,21
20060906,0000,17
20060907,0000,14
20060908,0000,11
20060909,0000,12
20060910,0000,14
20060911,0000,15
20060912,0000,8
20060913,0000,6
20060914,0000,2
20060915,0000,2
20060916,0000,6
20060917,0000,8
20060918,0000,6
20060919,0000,2
20060920,0000,1
20060921,0000,5
20060922,0000,9
20060923,0000,8
20060924,0000,3
20060925,0000,9
20060926,0000,11
20060927,0000,9
20060928,0000,25
20060929,0000,12
20060930,0000,3
20061001,0000,15
20061002,0000,27
20061003,0000,25
20061004,0000,25
20061005,0000,19
20061006,0000,22
20061007,0000,22
20061008,0000,25
20061009,0000,21
20061010,0000,25
20061011,0000,22
20061012,0000,29
20061013,0000,23
20061014,0000,28
20061015,0000,35
20061016,0000,41
20061017,0000,35
20061018,0000,34
20061019,0000,31
20061020,0000,28
20061021,0000,25
20061022,0000,27
20061023,0000,22
20061024,0000,29
20061025,0000,24
20061026,0000,26
20061027,0000,30
20061028,0000,27
20061029,0000,29
20061030,0000,30
20061031,0000,25
20061101,0000,22
20061102,0000,25
20061103,0000,23
20061104,0000,27
20061105,0000,28
20061106,0000,27
20061107,0000,31
20061108,0000,35
20061109,0000,29
20061110,0000,31
20061111,0000,30
20061112,0000,34
20061113,0000,34
20061114,0000,33
20061115,0000,49
20061116,0000,37
20061117,0000,31
20061118,0000,30
20061119,0000,30
20061120,0000,33
20061121,0000,36
20061122,0000,37
20061123,0000,38
20061124,0000,37
20061125,0000,38
20061126,0000,40
20061127,0000,39
20061128,0000,39
20061129,0000,35
20061130,0000,36
20061201,0000,32
20061202,0000,35
20061203,0000,36
20061204,0000,40
20061205,0000,41
20061206,0000,41
20061207,0000,39
20061208,0000,39
20061209,0000,41
20061210,0000,72
20061211,0000,81
20061212,0000,56
20061213,0000,56
20061214,0000,56
20061215,0000,58
20061216,0000,60
20061217,0000,73
20061218,0000,62
20061219,0000,53
20061220,0000,46
20061221,0000,53
20061222,0000,79
20061223,0000,85
20061224,0000,64
20061225,0000,57
20061226,0000,60
20061227,0000,113
20061228,0000,133
20061229,0000,85
20061230,0000,77
20061231,0000,73
20070101,0000,67
20070102,0000,66
20070103,0000,65
20070104,0000,70
20070105,0000,162
20070106,0000,103
20070107,0000,83
20070108,0000,77
20070109,0000,73
20070110,0000,64
20070111,0000,m

