Date,PST,Inflow
19900101,0000,3121
19900102,0000,3064
19900103,0000,3285
19900104,0000,3655
19900105,0000,4251
19900106,0000,4344
19900107,0000,4392
19900108,0000,3836
19900109,0000,3499
19900110,0000,3385
19900111,0000,3385
19900112,0000,3471
19900113,0000,3219
19900114,0000,2524
19900115,0000,2997
19900116,0000,3455
19900117,0000,3501
19900118,0000,3344
19900119,0000,3313
19900120,0000,3669
19900121,0000,3024
19900122,0000,3422
19900123,0000,3335
19900124,0000,2962
19900125,0000,3236
19900126,0000,3277
19900127,0000,3175
19900128,0000,3428
19900129,0000,3202
19900130,0000,3279
19900131,0000,3264
19900201,0000,3554
19900202,0000,3709
19900203,0000,3417
19900204,0000,3165
19900205,0000,3265
19900206,0000,3244
19900207,0000,3237
19900208,0000,3289
19900209,0000,3215
19900210,0000,3291
19900211,0000,3248
19900212,0000,3127
19900213,0000,3249
19900214,0000,3236
19900215,0000,3077
19900216,0000,3240
19900217,0000,3292
19900218,0000,3344
19900219,0000,3362
19900220,0000,3511
19900221,0000,3334
19900222,0000,2706
19900223,0000,2701
19900224,0000,2691
19900225,0000,2673
19900226,0000,2711
19900227,0000,2827
19900228,0000,2796
19900301,0000,2818
19900302,0000,2817
19900303,0000,2565
19900304,0000,2918
19900305,0000,2844
19900306,0000,2683
19900307,0000,3430
19900308,0000,2479
19900309,0000,2262
19900310,0000,3125
19900311,0000,2501
19900312,0000,2678
19900313,0000,2869
19900314,0000,2831
19900315,0000,2662
19900316,0000,2545
19900317,0000,2648
19900318,0000,2896
19900319,0000,2983
19900320,0000,3368
19900321,0000,3391
19900322,0000,3430
19900323,0000,3871
19900324,0000,4207
19900325,0000,4004
19900326,0000,4536
19900327,0000,4737
19900328,0000,4367
19900329,0000,4628
19900330,0000,4373
19900331,0000,5255
19900401,0000,6146
19900402,0000,5837
19900403,0000,5836
19900404,0000,5581
19900405,0000,5528
19900406,0000,6289
19900407,0000,6838
19900408,0000,7385
19900409,0000,7244
19900410,0000,7280
19900411,0000,8254
19900412,0000,7902
19900413,0000,8913
19900414,0000,8708
19900415,0000,8807
19900416,0000,8800
19900417,0000,8831
19900418,0000,8516
19900419,0000,9191
19900420,0000,8724
19900421,0000,9424
19900422,0000,9313
19900423,0000,9483
19900424,0000,9588
19900425,0000,9442
19900426,0000,9239
19900427,0000,9431
19900428,0000,9442
19900429,0000,9523
19900430,0000,9456
19900501,0000,9236
19900502,0000,9330
19900503,0000,10073
19900504,0000,9834
19900505,0000,10169
19900506,0000,10102
19900507,0000,10992
19900508,0000,10368
19900509,0000,10628
19900510,0000,10585
19900511,0000,10627
19900512,0000,10385
19900513,0000,10462
19900514,0000,10321
19900515,0000,10570
19900516,0000,9599
19900517,0000,8954
19900518,0000,8604
19900519,0000,10206
19900520,0000,10321
19900521,0000,8537
19900522,0000,10020
19900523,0000,8590
19900524,0000,7537
19900525,0000,7325
19900526,0000,7653
19900527,0000,7435
19900528,0000,5844
19900529,0000,5943
19900530,0000,5048
19900531,0000,4708
19900601,0000,3839
19900602,0000,4411
19900603,0000,4273
19900604,0000,4281
19900605,0000,4205
19900606,0000,4868
19900607,0000,5154
19900608,0000,6473
19900609,0000,7184
19900610,0000,7553
19900611,0000,8565
19900929,0000,4645
19900930,0000,4671
19940101,0000,5331
19940102,0000,5018
19940103,0000,4809
19940104,0000,5110
19940105,0000,5222
19940106,0000,4892
19940107,0000,4362
19940108,0000,4479
19940109,0000,4198
19940110,0000,4018
19940111,0000,3807
19940112,0000,3867
19940113,0000,4050
19940114,0000,3958
19940115,0000,3963
19940116,0000,3880
19940117,0000,4105
19940118,0000,4275
19940119,0000,4128
19940120,0000,3846
19940121,0000,3901
19940122,0000,3577
19940123,0000,3974
19940124,0000,3985
19940125,0000,3396
19940126,0000,3559
19940127,0000,3620
19940128,0000,3300
19940129,0000,3527
19940130,0000,3819
19940131,0000,3702
19941101,0000,3784
19941102,0000,3784
19941103,0000,3700
19941104,0000,4364
19941105,0000,4444
19941106,0000,4368
19941107,0000,4165
19941108,0000,3722
19941109,0000,3995
19941110,0000,4065
19941111,0000,3961
19941112,0000,3817
19941113,0000,4047
19941114,0000,4047
19941115,0000,3593
19941116,0000,3628
19941117,0000,5017
19941118,0000,4261
19941119,0000,4133
19941120,0000,4189
19941121,0000,3839
19941122,0000,3844
19941123,0000,3914
19941124,0000,3982
19941125,0000,4167
19941126,0000,4023
19941127,0000,4146
19941128,0000,3897
19941129,0000,3960
19941130,0000,3902
19941201,0000,4044
19941202,0000,4346
19941203,0000,3774
19941204,0000,3753
19941205,0000,4019
19941206,0000,3986
19941207,0000,4366
19941208,0000,4013
19941209,0000,4277
19941210,0000,4153
19941211,0000,3746
19941212,0000,3746
19941213,0000,3971
19941214,0000,3971
19941215,0000,4306
19941216,0000,3649
19941217,0000,4297
19941218,0000,3795
19941219,0000,3773
19941220,0000,3873
19941221,0000,3900
19941222,0000,3925
19941223,0000,4431
19941224,0000,4431
19941225,0000,4356
19941226,0000,3998
19941227,0000,4015
19941228,0000,3916
19941229,0000,3942
19941230,0000,4028
19941231,0000,3788
19950101,0000,4032
19950102,0000,4032
19950103,0000,3978
19950104,0000,3897
19950105,0000,3897
19950106,0000,3751
19950107,0000,3757
19950108,0000,4656
19950109,0000,4605
19950110,0000,6548
19950111,0000,8218
19950112,0000,10286
19950113,0000,9516
19950114,0000,10537
19950115,0000,10537
19950116,0000,14398
19950117,0000,14754
19950118,0000,16854
19950119,0000,22510
19950120,0000,34484
19950121,0000,34350
19950122,0000,28660
19950123,0000,23094
19950124,0000,14755
19950125,0000,10259
19950126,0000,11734
19950127,0000,16805
19950128,0000,32346
19950129,0000,32346
19950130,0000,26990
19950131,0000,25922
19950201,0000,20897
19950202,0000,31350
19950203,0000,36068
19950204,0000,40284
19950205,0000,38521
19950206,0000,38521
19950207,0000,39328
19950208,0000,39237
19950209,0000,34494
19950210,0000,23772
19950211,0000,23772
19950212,0000,18931
19950213,0000,17178
19950214,0000,14087
19950215,0000,10933
19950216,0000,10933
19950217,0000,8490
19950218,0000,8133
19950219,0000,7367
19950220,0000,6105
19950221,0000,5718
19950222,0000,5064
19950223,0000,5064
19950224,0000,5158
19950225,0000,5127
19950226,0000,4980
19950227,0000,4980
19950228,0000,4737
19950301,0000,5183
19950302,0000,5183
19950303,0000,4961
19950304,0000,5768
19950305,0000,4175
19950306,0000,4570
19950307,0000,4965
19950308,0000,5333
19950309,0000,5877
19950310,0000,7055
19950311,0000,16325
19950312,0000,49242
19950313,0000,60261
19950314,0000,61080
19950315,0000,56412
19950316,0000,65236
19950317,0000,75538
19950318,0000,79293
19950319,0000,75577
19950320,0000,71732
19950321,0000,51474
19950322,0000,50558
19950323,0000,49886
19950324,0000,50218
19950325,0000,49780
19950326,0000,41657
19950327,0000,33254
19950328,0000,35370
19950329,0000,27868
19950330,0000,24044
19950331,0000,21055
19950401,0000,16008
19950402,0000,15942
19950403,0000,13283
19950404,0000,11885
19950405,0000,12336
19950406,0000,11307
19950407,0000,14800
19950408,0000,24075
19950409,0000,26189
19950410,0000,24502
19950411,0000,27204
19950412,0000,33953
19950413,0000,35183
19950414,0000,29472
19950415,0000,25373
19950416,0000,22681
19950417,0000,17663
19950418,0000,16211
19950419,0000,15051
19950420,0000,12105
19950421,0000,11397
19950422,0000,8545
19950423,0000,7996
19950424,0000,6245
19950425,0000,5899
19950426,0000,6346
19950427,0000,9358
19950428,0000,21150
19950429,0000,25555
19950430,0000,24625
19950501,0000,22577
19950502,0000,24190
19950503,0000,27042
19950504,0000,29586
19950505,0000,30470
19950506,0000,30418
19950507,0000,28969
19950508,0000,30438
19950509,0000,25243
19950510,0000,21172
19950511,0000,17994
19950512,0000,18643
19950513,0000,17014
19950514,0000,14835
19950515,0000,13199
19950516,0000,11614
19950517,0000,9086
19950518,0000,8203
19950519,0000,7814
19950520,0000,12159
19950521,0000,11885
19950522,0000,11854
19950523,0000,13883
19950524,0000,13366
19950525,0000,13273
19950526,0000,12617
19950527,0000,12494
19950528,0000,13159
19950529,0000,15455
19950530,0000,14172
19950531,0000,14052
19950601,0000,13147
19950602,0000,12094
19950603,0000,12757
19950604,0000,13293
19950605,0000,13587
19950606,0000,13886
19950607,0000,13031
19950608,0000,12734
19950609,0000,12251
19950610,0000,11758
19950611,0000,13099
19950612,0000,13273
19950613,0000,12863
19950614,0000,12421
19950615,0000,12358
19950616,0000,11253
19950617,0000,10958
19950618,0000,10344
19950619,0000,9651
19950620,0000,11979
19950621,0000,13889
19950622,0000,13970
19950623,0000,15756
19950624,0000,14990
19950625,0000,14639
19950626,0000,15550
19950627,0000,14478
19950628,0000,13844
19950629,0000,15623
19950630,0000,15024
19950701,0000,14953
19950702,0000,14611
19950703,0000,14770
19950704,0000,14587
19950705,0000,14575
19950706,0000,13428
19950707,0000,14180
19950708,0000,13814
19950709,0000,13956
19950710,0000,14186
19950711,0000,15840
19950712,0000,14167
19950713,0000,13915
19950714,0000,15238
19950715,0000,14689
19950716,0000,14735
19950717,0000,14926
19950718,0000,14970
19950719,0000,13640
19950720,0000,14476
19950721,0000,14569
19950722,0000,15073
19950723,0000,15173
19950724,0000,15071
19950725,0000,15403
19950726,0000,14530
19950727,0000,14744
19950728,0000,m
19950729,0000,15120
19950730,0000,14875
19950731,0000,14340
19950801,0000,14335
19950802,0000,15334
19950803,0000,15714
19950804,0000,15159
19950805,0000,14730
19950806,0000,14408
19950807,0000,15863
19950808,0000,15182
19950809,0000,14479
19950810,0000,4136
19950811,0000,m
19950812,0000,m
19950813,0000,15783
19950814,0000,14561
19950815,0000,12098
19950816,0000,13003
19950817,0000,14326
19950818,0000,15039
19950819,0000,15008
19950820,0000,14508
19950821,0000,15177
19950822,0000,15482
19950823,0000,14385
19950824,0000,14042
19950825,0000,13658
19950826,0000,m
19950827,0000,13037
19950828,0000,12624
19950829,0000,12074
19950830,0000,12682
19950831,0000,13255
19950901,0000,m
19950902,0000,m
19950903,0000,m
19950904,0000,12110
19950905,0000,12418
19950906,0000,12022
19950907,0000,11876
19950908,0000,11487
19950909,0000,12037
19950910,0000,12048
19950911,0000,11733
19950912,0000,12266
19950913,0000,12780
19950914,0000,12121
19950915,0000,11520
19950916,0000,11363
19950917,0000,11043
19950918,0000,11154
19950919,0000,11551
19950920,0000,11105
19950921,0000,10704
19950922,0000,10322
19950923,0000,9760
19950924,0000,9370
19950925,0000,10389
19950926,0000,9759
19950927,0000,9144
19950928,0000,8540
19950929,0000,9534
19950930,0000,8283
19951001,0000,m
19951002,0000,7386
19951003,0000,7042
19951004,0000,7043
19951005,0000,6028
19951006,0000,5650
19951007,0000,5586
19951008,0000,5480
19951009,0000,5596
19951010,0000,5271
19951011,0000,5525
19951012,0000,4984
19951013,0000,4683
19951014,0000,4881
19951015,0000,4827
19951016,0000,5169
19951017,0000,5173
19951018,0000,5254
19951019,0000,5005
19951020,0000,5192
19951021,0000,4458
19951022,0000,4927
19951023,0000,4532
19951024,0000,4942
19951025,0000,4879
19951026,0000,5416
19951027,0000,5717
19951028,0000,5520
19951029,0000,4592
19951030,0000,5327
19951031,0000,5431
19951101,0000,4970
19951102,0000,4302
19951103,0000,5659
19951104,0000,4462
19951105,0000,4090
19951106,0000,5272
19951107,0000,5815
19951108,0000,4974
19951109,0000,m
19951110,0000,5083
19951111,0000,5296
19951112,0000,4940
19951113,0000,4726
19951114,0000,5063
19951115,0000,5328
19951116,0000,4616
19951117,0000,5102
19951118,0000,5371
19951119,0000,5435
19951120,0000,5082
19951121,0000,5099
19951122,0000,4808
19951123,0000,4838
19951124,0000,5055
19951125,0000,5058
19951126,0000,4936
19951127,0000,4897
19951128,0000,4781
19951129,0000,5169
19951130,0000,5185
19951201,0000,5111
19951202,0000,5240
19951203,0000,4906
19951204,0000,4465
19951205,0000,4675
19951206,0000,4834
19951207,0000,4872
19951208,0000,5402
19951209,0000,5150
19951210,0000,4919
19951211,0000,5349
19951212,0000,5043
19951213,0000,4156
19951214,0000,5484
19951215,0000,4973
19951216,0000,4457
19951217,0000,5053
19951218,0000,4818
19951219,0000,4661
19951220,0000,4490
19951221,0000,4961
19951222,0000,4880
19951223,0000,4843
19951224,0000,4713
19951225,0000,4836
19951226,0000,4871
19951227,0000,4867
19951228,0000,4611
19951229,0000,4728
19951230,0000,4696
19951231,0000,4774
19960101,0000,4801
19960102,0000,5047
19960103,0000,4846
19960104,0000,5034
19960105,0000,4779
19960106,0000,4975
19960107,0000,4837
19960108,0000,4791
19960109,0000,5105
19960110,0000,4076
19960111,0000,5143
19960112,0000,5057
19960113,0000,4902
19960114,0000,4599
19960115,0000,4853
19960116,0000,4963
19960117,0000,4459
19960118,0000,4660
19960119,0000,4905
19960120,0000,5272
19960121,0000,4444
19960122,0000,4559
19960123,0000,4717
19960124,0000,5019
19960125,0000,5225
19960126,0000,4755
19960127,0000,11069
19960128,0000,13575
19960129,0000,14522
19960130,0000,12903
19960131,0000,11270
19960201,0000,9019
19960202,0000,7796
19960203,0000,6699
19960204,0000,6071
19960205,0000,6418
19960206,0000,9829
19960207,0000,9035
19960208,0000,11534
19960209,0000,10181
19960210,0000,18938
19960211,0000,20793
19960212,0000,22501
19960213,0000,31439
19960214,0000,36025
19960215,0000,34848
19960216,0000,28547
19960217,0000,30923
19960218,0000,32824
19960219,0000,36769
19960220,0000,35868
19960221,0000,38326
19960222,0000,29902
19960223,0000,54223
19960224,0000,55384
19960225,0000,54964
19960226,0000,55541
19960227,0000,50188
19960228,0000,47972
19960229,0000,39578
19960301,0000,40956
19960302,0000,39740
19960303,0000,35301
19960304,0000,35032
19960305,0000,30749
19960306,0000,25395
19960307,0000,26169
19960308,0000,26083
19960309,0000,25313
19960310,0000,22301
19960311,0000,19445
19960312,0000,18584
19960313,0000,20631
19960314,0000,19747
19960315,0000,17073
19960317,0000,12590
19960318,0000,12137
19960319,0000,10761
19960320,0000,8930
19960321,0000,7679
19960322,0000,7654
19960323,0000,5998
19960324,0000,6048
19960325,0000,5364
19960326,0000,5126
19960327,0000,5712
19960328,0000,5407
19960329,0000,5644
19960330,0000,5484
19960331,0000,5535
19960401,0000,6046
19960402,0000,5479
19960403,0000,5270
19960404,0000,5499
19960405,0000,5370
19960406,0000,5269
19960407,0000,5337
19960408,0000,5836
19960409,0000,5102
19960410,0000,5110
19960411,0000,5541
19960412,0000,5610
19960413,0000,5977
19960414,0000,5503
19960415,0000,5389
19960416,0000,5699
19960417,0000,5545
19960418,0000,5136
19960419,0000,5114
19960420,0000,4993
19960421,0000,5097
19960422,0000,5285
19960423,0000,5343
19960424,0000,5304
19960425,0000,5151
19960426,0000,6173
19960427,0000,7206
19960428,0000,7615
19960429,0000,7512
19960430,0000,7188
19960501,0000,8518
19960502,0000,8786
19960503,0000,7854
19960504,0000,7631
19960505,0000,7108
19960506,0000,6706
19960507,0000,7013
19960508,0000,7179
19960509,0000,7965
19960510,0000,9183
19960511,0000,8696
19960512,0000,8549
19960513,0000,9002
19960514,0000,9810
19960515,0000,9864
19960516,0000,9269
19960517,0000,7908
19960518,0000,8167
19960519,0000,14888
19960520,0000,14502
19960521,0000,15071
19960522,0000,18074
19960523,0000,16138
19960524,0000,14943
19960525,0000,14682
19960526,0000,13173
19960527,0000,11266
19960528,0000,12523
19960529,0000,14004
19960530,0000,13982
19960531,0000,m
19960601,0000,14132
19960602,0000,13065
19960603,0000,15195
19960604,0000,13924
19960605,0000,15643
19960606,0000,14327
19960607,0000,15901
19960608,0000,14159
19960609,0000,15586
19960610,0000,14555
19960611,0000,14022
19960612,0000,13895
19960613,0000,13917
19960614,0000,14450
19960615,0000,14707
19960616,0000,14324
19960617,0000,13478
19960618,0000,14612
19960619,0000,12593
19960620,0000,13880
19960621,0000,12171
19960622,0000,14181
19960623,0000,13073
19960624,0000,12924
19960625,0000,11367
19960626,0000,12573
19960627,0000,12779
19960628,0000,12933
19960629,0000,13136
19960630,0000,13561
19960701,0000,14850
19960702,0000,14752
19960703,0000,14388
19960704,0000,13916
19960705,0000,13997
19960706,0000,14857
19960707,0000,15085
19960708,0000,14797
19960709,0000,15305
19960710,0000,14636
19960711,0000,15403
19960712,0000,14616
19960713,0000,14384
19960714,0000,13468
19960715,0000,13882
19960716,0000,13782
19960717,0000,13512
19960718,0000,12718
19960719,0000,13856
19960720,0000,13752
19960721,0000,13945
19960722,0000,13922
19960723,0000,14791
19960724,0000,14468
19960725,0000,14168
19960726,0000,14246
19960727,0000,14400
19960728,0000,14865
19960729,0000,15042
19960730,0000,15113
19960731,0000,15494
19960801,0000,14969
19960802,0000,14252
19960803,0000,13493
19960804,0000,13536
19960805,0000,13744
19960806,0000,14721
19960807,0000,14334
19960808,0000,14622
19960809,0000,15027
19960810,0000,15777
19960811,0000,15279
19960812,0000,15151
19960813,0000,15456
19960814,0000,15726
19960815,0000,15153
19960816,0000,14792
19960817,0000,12959
19960818,0000,14341
19960819,0000,14350
19960820,0000,14727
19960821,0000,14121
19960822,0000,14444
19960823,0000,14275
19960824,0000,14651
19960825,0000,14708
19960826,0000,14871
19960827,0000,14476
19960828,0000,13404
19960829,0000,11784
19960830,0000,11839
19960831,0000,13255
19960901,0000,12826
19960902,0000,11923
19960903,0000,11355
19960904,0000,11081
19960905,0000,9747
19960906,0000,11084
19960907,0000,10858
19960908,0000,10854
19960909,0000,10843
19960910,0000,10356
19960911,0000,9860
19960912,0000,9697
19960913,0000,10079
19960914,0000,9678
19960915,0000,9167
19960916,0000,9162
19960917,0000,9617
19960918,0000,9715
19960919,0000,9663
19960920,0000,9268
19960921,0000,8952
19960922,0000,9196
19960923,0000,8103
19960924,0000,8873
19960925,0000,9057
19960926,0000,8695
19960927,0000,8189
19960928,0000,7850
19960929,0000,7858
19960930,0000,8031
19961001,0000,7319
19961002,0000,7636
19961003,0000,7451
19961004,0000,6684
19961005,0000,7632
19961006,0000,6871
19961007,0000,7251
19961008,0000,7243
19961009,0000,6621
19961010,0000,5801
19961011,0000,5605
19961012,0000,5947
19961013,0000,5701
19961014,0000,5184
19961015,0000,5252
19961016,0000,5105
19961017,0000,4852
19961018,0000,5607
19961019,0000,5647
19961020,0000,5232
19961021,0000,5333
19961022,0000,5149
19961023,0000,5233
19961024,0000,5201
19961025,0000,5267
19961026,0000,5186
19961027,0000,5254
19961028,0000,5362
19961029,0000,5809
19961030,0000,5260
19961031,0000,5419
19961101,0000,5658
19961102,0000,5164
19961103,0000,6095
19961104,0000,5578
19961105,0000,5426
19961106,0000,5414
19961107,0000,4833
19961108,0000,m
19961109,0000,5218
19961110,0000,4590
19961111,0000,5508
19961112,0000,6142
19961113,0000,5567
19961114,0000,5499
19961115,0000,5383
19961116,0000,4633
19961117,0000,4770
19961118,0000,5894
19961119,0000,6159
19961120,0000,4376
19961121,0000,5156
19961122,0000,5247
19961123,0000,5526
19961124,0000,5410
19961125,0000,5246
19961126,0000,5568
19961127,0000,5712
19961128,0000,5387
19961129,0000,5088
19961130,0000,4996
19961201,0000,5253
19961202,0000,5312
19961203,0000,5376
19961204,0000,5428
19961205,0000,5121
19961206,0000,5005
19961207,0000,8907
19961208,0000,11405
19961209,0000,17867
19961210,0000,28094
19961211,0000,34669
19961212,0000,34836
19961213,0000,29856
19961214,0000,30896
19961215,0000,26135
19961216,0000,21810
19961217,0000,19724
19961218,0000,16794
19961219,0000,17061
19961220,0000,16910
19961221,0000,17467
19961222,0000,17128
19961223,0000,15123
19961224,0000,12787
19961225,0000,11509
19961226,0000,10606
19961227,0000,17930
19961228,0000,25292
19961229,0000,40305
19961230,0000,47991
19961231,0000,29891
19970101,0000,14841
19970102,0000,43413
19970103,0000,66803
19970104,0000,78804
19970105,0000,67539
19970106,0000,50339
19970107,0000,49603
19970108,0000,50665
19970109,0000,49738
19970110,0000,51271
19970111,0000,50324
19970112,0000,53550
19970113,0000,52609
19970114,0000,53157
19970115,0000,49849
19970116,0000,42580
19970117,0000,35347
19970118,0000,33833
19970119,0000,31653
19970120,0000,26043
19970121,0000,28121
19970122,0000,34703
19970123,0000,32362
19970124,0000,35884
19970125,0000,27270
19970126,0000,20452
19970127,0000,19949
19970128,0000,26619
19970129,0000,35540
19970130,0000,36980
19970131,0000,35118
19970201,0000,31298
19970202,0000,24008
19970203,0000,20763
19970204,0000,21954
19970205,0000,25191
19970206,0000,24520
19970207,0000,25490
19970208,0000,21649
19970209,0000,18088
19970210,0000,16351
19970211,0000,13597
19970212,0000,11931
19970213,0000,10551
19970214,0000,8415
19970215,0000,7192
19970216,0000,6332
19970217,0000,5699
19970218,0000,6050
19970219,0000,5235
19970220,0000,5000
19970221,0000,5114
19970222,0000,5300
19970223,0000,4960
19970224,0000,6135
19970225,0000,5590
19970226,0000,5242
19970227,0000,4856
19970228,0000,5169
19970301,0000,5547
19970302,0000,5139
19970303,0000,5624
19970304,0000,5093
19970305,0000,5086
19970306,0000,5018
19970307,0000,5605
19970308,0000,5413
19970309,0000,5371
19970310,0000,5608
19970311,0000,5142
19970312,0000,5395
19970313,0000,5193
19970314,0000,5382
19970315,0000,5344
19970316,0000,5424
19970317,0000,5469
19970318,0000,5174
19970319,0000,5296
19970320,0000,4910
19970321,0000,5196
19970322,0000,5234
19970323,0000,5506
19970324,0000,5248
19970325,0000,5090
19970326,0000,5481
19970327,0000,5473
19970328,0000,5385
19970329,0000,5401
19970330,0000,5132
19970331,0000,5567
19970401,0000,5456
19970402,0000,5385
19970403,0000,4970
19970404,0000,5107
19970405,0000,5105
19970406,0000,5135
19970407,0000,5163
19970408,0000,5311
19970409,0000,5604
19970410,0000,5915
19970411,0000,4910
19970412,0000,4978
19970413,0000,5731
19970414,0000,6482
19970415,0000,6513
19970416,0000,7017
19970417,0000,6986
19970418,0000,6970
19970419,0000,7532
19970420,0000,7615
19970421,0000,7050
19970422,0000,6330
19970423,0000,5905
19970424,0000,5829
19970425,0000,6582
19970426,0000,8172
19970427,0000,8382
19970428,0000,8641
19970429,0000,9388
19970430,0000,8358
19970501,0000,8168
19970502,0000,8077
19970503,0000,8229
19970504,0000,7840
19970505,0000,8082
19970506,0000,8672
19970507,0000,9175
19970508,0000,8656
19970509,0000,8813
19970510,0000,9703
19970511,0000,9989
19970512,0000,9978
19970513,0000,9973
19970514,0000,9895
19970515,0000,10105
19970516,0000,9719
19970517,0000,9536
19970518,0000,9494
19970519,0000,9255
19970520,0000,9728
19970521,0000,10000
19970522,0000,10327
19970523,0000,10029
19970524,0000,10452
19970525,0000,10685
19970526,0000,10542
19970527,0000,10498
19970528,0000,10145
19970529,0000,9488
19970530,0000,9744
19970531,0000,9990
19970601,0000,10078
19970602,0000,10255
19970603,0000,11060
19970604,0000,9777
19970605,0000,10180
19970606,0000,10389
19970607,0000,10641
19970608,0000,11189
19970609,0000,11145
19970610,0000,11618
19970611,0000,13190
19970612,0000,13267
19970613,0000,13973
19970614,0000,14768
19970615,0000,15306
19970616,0000,14770
19970617,0000,15144
19970618,0000,14899
19970619,0000,14896
19970620,0000,14296
19970621,0000,14404
19970622,0000,14468
19970623,0000,14651
19970624,0000,14462
19970625,0000,14282
19970626,0000,14282
19970627,0000,15015
19970628,0000,15268
19970629,0000,14544
19970630,0000,15021
19970701,0000,15275
19970702,0000,15018
19970703,0000,13866
19970704,0000,15041
19970705,0000,14965
19970706,0000,14562
19970707,0000,13918
19970708,0000,14234
19970709,0000,15103
19970710,0000,15141
19970711,0000,14678
19970712,0000,14651
19970713,0000,14502
19970714,0000,14821
19970715,0000,15058
19970716,0000,14927
19970717,0000,14712
19970718,0000,14799
19970719,0000,14826
19970720,0000,15045
19970721,0000,14898
19970722,0000,14791
19970723,0000,15134
19970724,0000,15524
19970725,0000,15259
19970726,0000,15101
19970727,0000,14389
19970728,0000,14431
19970729,0000,14002
19970730,0000,13944
19970731,0000,14625
19970801,0000,14527
19970802,0000,14117
19970803,0000,14702
19970804,0000,14345
19970805,0000,14433
19970806,0000,12606
19970807,0000,14300
19970808,0000,13905
19970809,0000,12930
19970810,0000,12552
19970811,0000,12935
19970812,0000,12204
19970813,0000,11540
19970814,0000,11992
19970815,0000,10914
19970816,0000,10653
19970817,0000,10102
19970818,0000,9778
19970819,0000,9640
19970820,0000,9948
19970821,0000,9871
19970822,0000,9380
19970823,0000,9155
19970824,0000,9017
19970825,0000,8833
19970826,0000,8339
19970827,0000,8690
19970828,0000,8366
19970829,0000,8042
19970830,0000,8377
19970831,0000,8843
19970901,0000,9906
19970902,0000,9934
19970903,0000,10017
19970904,0000,10287
19970905,0000,10670
19970906,0000,11045
19970907,0000,9838
19970908,0000,8417
19970909,0000,8401
19970910,0000,8855
19970911,0000,9380
19970912,0000,6718
19970913,0000,7648
19970914,0000,7960
19970915,0000,7389
19970916,0000,7541
19970917,0000,7189
19970918,0000,7446
19970919,0000,6842
19970920,0000,6878
19970921,0000,6893
19970922,0000,6868
19970923,0000,6564
19970924,0000,7149
19970925,0000,6924
19970926,0000,6664
19970927,0000,6461
19970928,0000,7115
19970929,0000,7493
19970930,0000,6558
19971001,0000,6088
19971002,0000,5692
19971003,0000,5659
19971004,0000,4893
19971005,0000,5236
19971006,0000,5305
19971007,0000,4939
19971008,0000,5525
19971009,0000,3867
19971010,0000,4237
19971011,0000,4765
19971012,0000,4295
19971013,0000,4358
19971014,0000,4811
19971015,0000,5452
19971016,0000,4432
19971017,0000,3920
19971018,0000,4219
19971019,0000,3870
19971020,0000,3513
19971021,0000,4144
19971022,0000,5120
19971023,0000,4131
19971024,0000,3998
19971025,0000,3764
19971026,0000,4624
19971027,0000,4399
19971028,0000,4825
19971029,0000,5143
19971030,0000,5064
19971031,0000,4740
19971101,0000,4393
19971102,0000,4442
19971103,0000,4338
19971104,0000,4425
19971105,0000,4499
19971106,0000,4660
19971107,0000,4576
19971108,0000,4530
19971109,0000,4934
19971110,0000,4527
19971111,0000,4484
19971112,0000,4144
19971113,0000,4662
19971114,0000,4562
19971115,0000,4475
19971116,0000,4749
19971117,0000,5033
19971118,0000,5057
19971119,0000,4887
19971120,0000,4322
19971121,0000,3856
19971122,0000,4189
19971123,0000,5161
19971124,0000,4310
19971125,0000,4271
19971126,0000,3916
19971127,0000,3900
19971128,0000,4256
19971129,0000,4586
19971130,0000,4313
19971201,0000,4054
19971202,0000,4105
19971203,0000,4351
19971204,0000,4230
19971205,0000,4293
19971206,0000,4161
19971207,0000,4249
19971208,0000,4053
19971209,0000,3819
19971210,0000,4443
19971211,0000,4388
19971212,0000,3845
19971213,0000,4127
19971214,0000,4442
19971215,0000,4346
19971216,0000,3982
19971217,0000,4162
19971218,0000,4146
19971219,0000,m
19971220,0000,4475
19971221,0000,4116
19971222,0000,4244
19971223,0000,3821
19971224,0000,4556
19971225,0000,4380
19971226,0000,3998
19971227,0000,4355
19971228,0000,4201
19971229,0000,4251
19971230,0000,4197
19971231,0000,4104
19980101,0000,4280
19980102,0000,4515
19980103,0000,3997
19980104,0000,4587
19980105,0000,3977
19980106,0000,3810
19980107,0000,3934
19980108,0000,3933
19980109,0000,4529
19980110,0000,4535
19980111,0000,4558
19980112,0000,4318
19980113,0000,4475
19980114,0000,6589
19980115,0000,6857
19980116,0000,14562
19980117,0000,17029
19980118,0000,18839
19980119,0000,21170
19980120,0000,20954
19980121,0000,31899
19980122,0000,34444
19980123,0000,35464
19980124,0000,35069
19980125,0000,29814
19980126,0000,29770
19980127,0000,31005
19980128,0000,33366
19980129,0000,28126
19980130,0000,35750
19980131,0000,36204
19980201,0000,23715
19980202,0000,12777
19980203,0000,21800
19980204,0000,52230
19980205,0000,23070
19980206,0000,20744
19980207,0000,27893
19980208,0000,41081
19980209,0000,56463
19980210,0000,50455
19980211,0000,50042
19980212,0000,48661
19980213,0000,50709
19980214,0000,42056
19980215,0000,46876
19980216,0000,53277
19980217,0000,53833
19980218,0000,51527
19980219,0000,22430
19980220,0000,36796
19980221,0000,17635
19980222,0000,47129
19980223,0000,27260
19980224,0000,44878
19980225,0000,49857
19980226,0000,49355
19980227,0000,44192
19980228,0000,45560
19980301,0000,46197
19980302,0000,40767
19980303,0000,35813
19980304,0000,31879
19980305,0000,27080
19980306,0000,23132
19980307,0000,19771
19980308,0000,17787
19980309,0000,14382
19980310,0000,15262
19980311,0000,12459
19980312,0000,10438
19980313,0000,8906
19980314,0000,9159
19980315,0000,7652
19980316,0000,5643
19980317,0000,6172
19980318,0000,6365
19980319,0000,10432
19980320,0000,21694
19980321,0000,31552
19980322,0000,23143
19980323,0000,17503
19980324,0000,37269
19980325,0000,43007
19980326,0000,45110
19980327,0000,45066
19980328,0000,35882
19980329,0000,33812
19980330,0000,27734
19980331,0000,27821
19980401,0000,28277
19980402,0000,22457
19980403,0000,21288
19980404,0000,16622
19980405,0000,16621
19980406,0000,13934
19980407,0000,13589
19980408,0000,10721
19980409,0000,9711
19980410,0000,8956
19980411,0000,8086
19980412,0000,7068
19980413,0000,6045
19980414,0000,6145
19980415,0000,5678
19980416,0000,6060
19980417,0000,5754
19980418,0000,8671
19980419,0000,10284
19980420,0000,9261
19980421,0000,10650
19980422,0000,9988
19980423,0000,10210
19980424,0000,9929
19980425,0000,9823
19980426,0000,9903
19980427,0000,9856
19980428,0000,9918
19980429,0000,10878
19980430,0000,10488
19980501,0000,10998
19980502,0000,11167
19980503,0000,11304
19980504,0000,11092
19980505,0000,11101
19980506,0000,9895
19980507,0000,9825
19980508,0000,10060
19980509,0000,10231
19980510,0000,9734
19980511,0000,10691
19980512,0000,13657
19980513,0000,13271
19980514,0000,13135
19980515,0000,13919
19980516,0000,13786
19980517,0000,14360
19980518,0000,14907
19980519,0000,14768
19980520,0000,15217
19980521,0000,15114
19980522,0000,16361
19980523,0000,18239
19980524,0000,17463
19980525,0000,17234
19980526,0000,18792
19980527,0000,18054
19980528,0000,29717
19980529,0000,25452
19980530,0000,21598
19980531,0000,19503
19980601,0000,20286
19980602,0000,19001
19980603,0000,19854
19980604,0000,19597
19980605,0000,20262
19980606,0000,17484
19980607,0000,18469
19980608,0000,14474
19980609,0000,14701
19980610,0000,13989
19980611,0000,9998
19980612,0000,13715
19980613,0000,14784
19980614,0000,13916
19980615,0000,14745
19980616,0000,13784
19980617,0000,15010
19980618,0000,15332
19980619,0000,15292
19980620,0000,14541
19980621,0000,15758
19980622,0000,15084
19980623,0000,14307
19980624,0000,15094
19980625,0000,14928
19980626,0000,14080
19980627,0000,13480
19980628,0000,14249
19980629,0000,14820
19980630,0000,14459
19980701,0000,14484
19980702,0000,14323
19980703,0000,14540
19980704,0000,14538
19980705,0000,15135
19980706,0000,15663
19980707,0000,14996
19980708,0000,15505
19980709,0000,14789
19980710,0000,15412
19980711,0000,14783
19980712,0000,14576
19980713,0000,15015
19980714,0000,14554
19980715,0000,14608
19980716,0000,14358
19980717,0000,14383
19980718,0000,15105
19980719,0000,15095
19980720,0000,14212
19980721,0000,14772
19980722,0000,14667
19980723,0000,14558
19980724,0000,14856
19980725,0000,m
19980726,0000,14608
19980727,0000,15397
19980728,0000,14605
19980729,0000,14188
19980730,0000,15244
19980731,0000,15155
19980801,0000,15027
19980802,0000,15375
19980803,0000,15099
19980804,0000,14713
19980805,0000,14697
19980806,0000,14098
19980807,0000,15369
19980808,0000,14805
19980809,0000,14337
19980810,0000,14731
19980811,0000,14721
19980812,0000,14223
19980813,0000,14960
19980814,0000,15482
19980815,0000,14981
19980816,0000,14181
19980817,0000,14589
19980818,0000,15024
19980819,0000,14993
19980820,0000,15130
19980821,0000,14797
19980822,0000,14442
19980823,0000,15115
19980824,0000,14875
19980825,0000,14104
19980826,0000,14055
19980827,0000,14023
19980828,0000,14248
19980829,0000,14066
19980830,0000,13678
19980831,0000,14124
19980901,0000,13352
19980902,0000,13981
19980903,0000,13282
19980904,0000,13066
19980905,0000,12742
19980906,0000,12540
19980907,0000,13324
19980908,0000,13140
19980909,0000,11658
19980910,0000,11050
19980911,0000,12056
19980912,0000,10864
19980913,0000,10600
19980914,0000,11226
19980915,0000,11401
19980916,0000,11155
19980917,0000,10923
19980918,0000,10472
19980919,0000,9939
19980920,0000,9954
19980921,0000,9906
19980922,0000,10209
19980923,0000,9994
19980924,0000,9364
19980925,0000,9687
19980926,0000,9035
19980927,0000,8707
19980928,0000,8675
19980929,0000,9061
19980930,0000,7738
19981001,0000,8180
19981002,0000,8403
19981003,0000,7822
19981004,0000,7781
19981005,0000,7924
19981006,0000,8405
19981007,0000,6542
19981008,0000,5607
19981009,0000,11295
19981010,0000,6991
19981011,0000,6864
19981012,0000,6702
19981013,0000,6711
19981014,0000,5800
19981015,0000,6023
19981016,0000,6163
19981017,0000,5574
19981018,0000,6144
19981019,0000,6117
19981020,0000,6127
19981021,0000,6896
19981022,0000,5662
19981023,0000,5863
19981024,0000,5268
19981025,0000,6561
19981026,0000,6328
19981027,0000,6113
19981028,0000,6146
19981029,0000,6189
19981030,0000,5610
19981031,0000,5910
19981101,0000,5981
19981102,0000,5830
19981103,0000,6130
19981104,0000,6009
19981105,0000,6143
19981106,0000,6658
19981107,0000,6883
19981108,0000,7275
19981109,0000,7651
19981110,0000,6803
19981111,0000,7024
19981112,0000,8637
19981113,0000,9329
19981114,0000,9112
19981115,0000,9111
19981116,0000,9803
19981117,0000,14209
19981118,0000,14345
19981119,0000,14749
19981120,0000,14541
19981121,0000,14173
19981122,0000,14917
19981123,0000,16196
19981124,0000,14341
19981125,0000,13466
19981126,0000,14327
19981127,0000,14589
19981128,0000,16053
19981129,0000,14976
19981130,0000,15201
19981201,0000,13486
19981202,0000,14730
19981203,0000,15484
19981204,0000,17734
19981205,0000,25382
19981206,0000,24609
19981207,0000,25175
19981208,0000,24284
19981209,0000,21917
19981210,0000,22239
19981211,0000,21262
19981212,0000,21424
19981213,0000,18834
19981214,0000,16477
19981215,0000,14342
19981216,0000,15419
19981217,0000,15704
19981218,0000,14324
19981219,0000,12673
19981220,0000,11251
19981221,0000,10190
19981222,0000,8749
19981223,0000,7298
19981224,0000,6735
19981225,0000,6595
19981226,0000,6907
19981227,0000,6959
19981228,0000,7107
19981229,0000,6174
19981230,0000,6071
19981231,0000,5914
19990101,0000,5397
19990102,0000,5292
19990103,0000,5233
19990104,0000,5459
19990105,0000,5362
19990106,0000,5873
19990107,0000,5783
19990108,0000,5544
19990109,0000,5447
19990110,0000,5389
19990111,0000,5231
19990112,0000,5392
19990113,0000,5889
19990114,0000,5538
19990115,0000,5598
19990116,0000,5455
19990117,0000,5648
19990118,0000,5718
19990119,0000,5455
19990120,0000,7818
19990121,0000,15654
19990122,0000,15596
19990123,0000,14720
19990124,0000,15035
19990125,0000,14162
19990126,0000,13206
19990127,0000,11886
19990128,0000,11332
19990129,0000,8926
19990130,0000,8071
19990131,0000,7335
19990201,0000,7575
19990202,0000,7528
19990203,0000,6670
19990204,0000,10626
19990205,0000,15712
19990206,0000,17328
19990207,0000,16694
19990208,0000,15215
19990209,0000,13508
19990210,0000,14572
19990211,0000,16824
19990212,0000,19796
19990213,0000,20197
19990214,0000,20032
19990215,0000,25406
19990216,0000,25133
19990217,0000,27154
19990218,0000,29212
19990219,0000,26711
19990220,0000,25336
19990221,0000,25152
19990222,0000,20950
19990223,0000,23044
19990224,0000,21141
19990225,0000,21708
19990226,0000,27505
19990227,0000,27707
19990228,0000,27804
19990301,0000,27137
19990302,0000,27908
19990303,0000,26203
19990304,0000,29121
19990305,0000,29253
19990306,0000,30368
19990307,0000,29254
19990308,0000,30238
19990309,0000,29304
19990310,0000,30598
19990311,0000,28831
19990312,0000,24552
19990313,0000,21524
19990314,0000,19523
19990315,0000,15096
19990316,0000,13804
19990317,0000,13570
19990318,0000,12698
19990319,0000,10897
19990320,0000,9501
19990321,0000,7388
19990322,0000,6985
19990323,0000,6122
19990324,0000,6986
19990325,0000,5499
19990326,0000,5034
19990327,0000,5080
19990328,0000,5514
19990329,0000,5205
19990330,0000,5548
19990331,0000,5619
19990401,0000,5772
19990402,0000,5869
19990403,0000,5637
19990404,0000,5186
19990405,0000,5445
19990406,0000,5277
19990407,0000,5196
19990408,0000,6123
19990409,0000,6318
19990410,0000,7689
19990411,0000,7932
19990412,0000,8663
19990413,0000,10378
19990414,0000,9604
19990415,0000,10267
19990416,0000,10051
19990417,0000,9718
19990418,0000,10179
19990419,0000,9962
19990420,0000,8475
19990421,0000,8513
19990422,0000,8819
19990423,0000,8764
19990424,0000,8409
19990425,0000,8273
19990426,0000,8609
19990427,0000,8406
19990428,0000,9649
19990429,0000,9718
19990430,0000,10339
19990501,0000,10074
19990502,0000,10170
19990503,0000,10225
19990504,0000,9846
19990505,0000,10156
19990506,0000,10852
19990507,0000,11134
19990508,0000,10634
19990509,0000,10936
19990510,0000,10950
19990511,0000,11028
19990512,0000,11067
19990513,0000,10573
19990514,0000,10880
19990515,0000,10641
19990516,0000,9742
19990517,0000,9532
19990518,0000,9076
19990519,0000,8974
19990520,0000,9084
19990521,0000,10482
19990522,0000,11187
19990523,0000,10833
19990524,0000,9556
19990525,0000,10242
19990526,0000,10688
19990527,0000,11218
19990528,0000,10885
19990529,0000,11420
19990530,0000,11849
19990531,0000,10873
19990601,0000,10967
19990602,0000,11163
19990603,0000,11142
19990604,0000,11159
19990605,0000,10408
19990606,0000,10633
19990607,0000,10593
19990608,0000,10155
19990609,0000,10583
19990610,0000,10531
19990611,0000,10327
19990612,0000,10538
19990613,0000,10806
19990614,0000,10901
19990615,0000,10862
19990616,0000,11172
19990617,0000,10789
19990618,0000,11524
19990619,0000,11538
19990620,0000,11825
19990621,0000,12356
19990622,0000,12196
19990623,0000,12478
19990624,0000,12987
19990625,0000,13115
19990626,0000,13107
19990627,0000,13625
19990628,0000,13463
19990629,0000,13534
19990630,0000,12883
19990701,0000,12653
19990702,0000,13527
19990703,0000,13388
19990704,0000,12664
19990705,0000,12874
19990706,0000,12669
19990707,0000,13544
19990708,0000,13061
19990709,0000,m
19990710,0000,12701
19990711,0000,13275
19990712,0000,13905
19990713,0000,14213
19990714,0000,13175
19990715,0000,13204
19990716,0000,13120
19990717,0000,13657
19990718,0000,13639
19990719,0000,13676
19990720,0000,13655
19990721,0000,13005
19990722,0000,13168
19990723,0000,13109
19990724,0000,12529
19990725,0000,12518
19990726,0000,12745
19990727,0000,12873
19990728,0000,13389
19990729,0000,13347
19990730,0000,12591
19990731,0000,12912
19990801,0000,13139
19990802,0000,12647
19990803,0000,13629
19990804,0000,12909
19990805,0000,11568
19990806,0000,m
19990807,0000,11196
19990808,0000,10923
19990809,0000,10560
19990810,0000,10232
19990811,0000,11298
19990812,0000,10500
19990813,0000,9300
19990814,0000,10208
19990815,0000,9685
19990816,0000,9348
19990817,0000,10042
19990818,0000,9065
19990819,0000,9587
19990820,0000,9540
19990821,0000,9194
19990822,0000,9467
19990823,0000,9437
19990824,0000,9823
19990825,0000,9708
19990826,0000,9493
19990827,0000,9597
19990828,0000,9602
19990829,0000,9437
19990830,0000,9613
19990831,0000,9402
19990901,0000,9477
19990902,0000,9084
19990903,0000,9152
19990904,0000,8913
19990905,0000,9017
19990906,0000,9151
19990907,0000,8670
19990908,0000,8341
19990909,0000,8587
19990910,0000,8472
19990911,0000,8248
19990912,0000,8310
19990913,0000,8171
19990914,0000,7583
19990915,0000,8079
19990916,0000,7980
19990917,0000,7827
19990918,0000,7492
19990919,0000,7929
19990920,0000,7575
19990921,0000,7786
19990922,0000,6944
19990923,0000,5967
19990924,0000,7686
19990925,0000,7298
19990926,0000,6022
19990927,0000,8211
19990928,0000,6546
19990929,0000,6390
19990930,0000,6629
19991001,0000,6432
19991002,0000,6699
19991003,0000,6624
19991004,0000,6645
19991005,0000,6753
19991006,0000,6090
19991007,0000,5821
19991008,0000,6021
19991009,0000,5913
19991010,0000,5762
19991011,0000,5938
19991012,0000,6088
19991013,0000,6076
19991014,0000,5995
19991015,0000,5928
19991016,0000,6163
19991017,0000,6010
19991018,0000,6088
19991019,0000,6003
19991020,0000,5863
19991021,0000,6119
19991022,0000,6132
19991023,0000,6213
19991024,0000,6336
19991025,0000,6577
19991026,0000,6248
19991027,0000,5874
19991028,0000,6039
19991029,0000,6386
19991030,0000,6422
19991031,0000,6700
19991101,0000,5916
19991102,0000,5875
19991103,0000,6029
19991104,0000,6557
19991105,0000,5785
19991106,0000,6144
19991107,0000,6199
19991108,0000,6268
19991109,0000,6825
19991110,0000,5944
19991111,0000,6067
19991112,0000,5941
19991113,0000,6244
19991114,0000,6179
19991115,0000,6316
19991116,0000,6931
19991117,0000,6079
19991118,0000,6210
19991119,0000,6231
19991120,0000,5886
19991121,0000,6305
19991122,0000,6197
19991123,0000,6145
19991124,0000,6146
19991125,0000,6173
19991126,0000,6094
19991127,0000,7116
19991128,0000,7763
19991129,0000,7799
19991130,0000,7699
19991201,0000,7481
19991202,0000,8137
19991203,0000,8703
19991204,0000,8689
19991205,0000,8020
19991206,0000,8389
19991207,0000,8008
19991208,0000,7907
19991209,0000,8027
19991210,0000,7787
19991211,0000,7396
19991212,0000,7569
19991213,0000,7717
19991214,0000,6849
19991215,0000,7029
19991216,0000,6072
19991217,0000,5707
19991218,0000,5533
19991219,0000,5570
19991220,0000,5500
19991221,0000,5549
19991222,0000,5373
19991223,0000,5462
19991224,0000,5604
19991225,0000,5858
19991226,0000,5386
19991227,0000,5553
19991228,0000,4664
19991229,0000,5504
19991230,0000,4906
19991231,0000,4397
20000101,0000,4917
20000102,0000,5244
20000103,0000,4974
20000104,0000,4952
20000105,0000,4831
20000106,0000,4704
20000107,0000,4450
20000108,0000,4507
20000109,0000,4380
20000110,0000,4578
20000111,0000,4500
20000112,0000,3812
20000113,0000,4280
20000114,0000,4142
20000115,0000,m
20000116,0000,3326
20000117,0000,3779
20000118,0000,4132
20000119,0000,4473
20000120,0000,4652
20000121,0000,3852
20000122,0000,6514
20000123,0000,6946
20000124,0000,7301
20000125,0000,10512
20000126,0000,13697
20000127,0000,15470
20000128,0000,15079
20000129,0000,19874
20000130,0000,19043
20000131,0000,17524
20000201,0000,18030
20000202,0000,13677
20000203,0000,12421
20000204,0000,13610
20000205,0000,12385
20000206,0000,10526
20000207,0000,9855
20000208,0000,11154
20000209,0000,15226
20000210,0000,14296
20000211,0000,16659
20000212,0000,20463
20000213,0000,19580
20000214,0000,21681
20000215,0000,36081
20000216,0000,40494
20000217,0000,39151
20000218,0000,40051
20000219,0000,40921
20000220,0000,36289
20000221,0000,30524
20000222,0000,34889
20000223,0000,35324
20000224,0000,39312
20000225,0000,41081
20000226,0000,34071
20000227,0000,32924
20000228,0000,37319
20000229,0000,41213
20000301,0000,47245
20000302,0000,46574
20000303,0000,47828
20000304,0000,49418
20000305,0000,42119
20000306,0000,33372
20000307,0000,35224
20000308,0000,36001
20000309,0000,35375
20000310,0000,36416
20000311,0000,29567
20000312,0000,26217
20000313,0000,21827
20000314,0000,19129
20000315,0000,15473
20000316,0000,13809
20000317,0000,11177
20000318,0000,10087
20000319,0000,10540
20000320,0000,10698
20000321,0000,9964
20000322,0000,8984
20000323,0000,7303
20000324,0000,6826
20000325,0000,6146
20000326,0000,6096
20000327,0000,5795
20000328,0000,5901
20000329,0000,5869
20000330,0000,5127
20000331,0000,5055
20000401,0000,5623
20000402,0000,5424
20000403,0000,4699
20000404,0000,4830
20000405,0000,4825
20000406,0000,5114
20000407,0000,5104
20000408,0000,6276
20000409,0000,7757
20000410,0000,8908
20000411,0000,8763
20000412,0000,8486
20000413,0000,8768
20000414,0000,8439
20000415,0000,8256
20000416,0000,8197
20000417,0000,8695
20000418,0000,8933
20000419,0000,8051
20000420,0000,8128
20000421,0000,8644
20000422,0000,9291
20000423,0000,8982
20000424,0000,9063
20000425,0000,8522
20000426,0000,9060
20000427,0000,9055
20000428,0000,8760
20000429,0000,11456
20000430,0000,11069
20000501,0000,11173
20000502,0000,12562
20000503,0000,13625
20000504,0000,13530
20000505,0000,13878
20000506,0000,13929
20000507,0000,12688
20000508,0000,10465
20000509,0000,9152
20000510,0000,8992
20000511,0000,9255
20000512,0000,8831
20000513,0000,8207
20000514,0000,8363
20000515,0000,9915
20000516,0000,8584
20000517,0000,8296
20000518,0000,8160
20000519,0000,9779
20000520,0000,13542
20000521,0000,14019
20000522,0000,13336
20000523,0000,12875
20000524,0000,13924
20000525,0000,12112
20000526,0000,12345
20000527,0000,12879
20000528,0000,13205
20000529,0000,12679
20000530,0000,12255
20000531,0000,11712
20000601,0000,11761
20000602,0000,11552
20000603,0000,11619
20000604,0000,11987
20000605,0000,10622
20000606,0000,10624
20000607,0000,10262
20000608,0000,10582
20000609,0000,10533
20000610,0000,10242
20000611,0000,10691
20000612,0000,12970
20000613,0000,13632
20000614,0000,14549
20000615,0000,13647
20000616,0000,14152
20000617,0000,13957
20000618,0000,13471
20000619,0000,13618
20000620,0000,14146
20000621,0000,14314
20000622,0000,13786
20000623,0000,13550
20000624,0000,13602
20000625,0000,13760
20000626,0000,14164
20000627,0000,13574
20000628,0000,14220
20000629,0000,14128
20000630,0000,14160
20000701,0000,14542
20000702,0000,14284
20000703,0000,14069
20000704,0000,14234
20000705,0000,14218
20000706,0000,15164
20000707,0000,14545
20000708,0000,14857
20000709,0000,15028
20000710,0000,14749
20000711,0000,14280
20000712,0000,14342
20000713,0000,15194
20000714,0000,14082
20000715,0000,15718
20000716,0000,15006
20000717,0000,14923
20000718,0000,14961
20000719,0000,15004
20000720,0000,15130
20000721,0000,14632
20000722,0000,15127
20000723,0000,15133
20000724,0000,14867
20000725,0000,15180
20000726,0000,15661
20000727,0000,14967
20000728,0000,16571
20000729,0000,15247
20000730,0000,14334
20000731,0000,15184
20000801,0000,14811
20000802,0000,15784
20000803,0000,14566
20000804,0000,14287
20000805,0000,14249
20000806,0000,14292
20000807,0000,14015
20000808,0000,12382
20000809,0000,12343
20000810,0000,12292
20000811,0000,12332
20000812,0000,12218
20000813,0000,11864
20000814,0000,12002
20000815,0000,11569
20000816,0000,10948
20000817,0000,10418
20000818,0000,9655
20000819,0000,10057
20000820,0000,10290
20000821,0000,10030
20000822,0000,10073
20000823,0000,9512
20000824,0000,9494
20000825,0000,9468
20000826,0000,9435
20000827,0000,9376
20000828,0000,11022
20000829,0000,9622
20000830,0000,9393
20000831,0000,8991
20000901,0000,8351
20000902,0000,7596
20000903,0000,6784
20000904,0000,7656
20000905,0000,7765
20000906,0000,6816
20000907,0000,6509
20000908,0000,7232
20000909,0000,6699
20000910,0000,7255
20000911,0000,6393
20000912,0000,6800
20000913,0000,7024
20000914,0000,7781
20000915,0000,6497
20000916,0000,7066
20000917,0000,7062
20000918,0000,7778
20000919,0000,8653
20000920,0000,9294
20000921,0000,8530
20000922,0000,7980
20000923,0000,7794
20000924,0000,8227
20000925,0000,7812
20000926,0000,6942
20000927,0000,6687
20000928,0000,6513
20000929,0000,6365
20000930,0000,6415
20001001,0000,6383
20001002,0000,6255
20001003,0000,6284
20001004,0000,6408
20001005,0000,6493
20001006,0000,6340
20001007,0000,6440
20001008,0000,6251
20001009,0000,6215
20001010,0000,6103
20001011,0000,6550
20001012,0000,5921
20001013,0000,6121
20001014,0000,6643
20001015,0000,5864
20001016,0000,6300
20001017,0000,6394
20001018,0000,6073
20001019,0000,5711
20001020,0000,5630
20001021,0000,5781
20001022,0000,4923
20001023,0000,5281
20001024,0000,5296
20001025,0000,5320
20001026,0000,5380
20001027,0000,6601
20001028,0000,4930
20001029,0000,5894
20001030,0000,5451
20001031,0000,5553
20001101,0000,5058
20001102,0000,5157
20001103,0000,5114
20001104,0000,4990
20001105,0000,5193
20001106,0000,5273
20001107,0000,5212
20001108,0000,5422
20001109,0000,5345
20001110,0000,5805
20001111,0000,5139
20001112,0000,5363
20001113,0000,6418
20001114,0000,5331
20001115,0000,5056
20001116,0000,5754
20001117,0000,5228
20001118,0000,5067
20001119,0000,5907
20001120,0000,4570
20001121,0000,5664
20001122,0000,5495
20001123,0000,5800
20001124,0000,5568
20001125,0000,5455
20001126,0000,4590
20001127,0000,5853
20001128,0000,5564
20001129,0000,5664
20001130,0000,5930
20001201,0000,5262
20001202,0000,5060
20001203,0000,5570
20001204,0000,5805
20001205,0000,5039
20001206,0000,5190
20001207,0000,4624
20001208,0000,5504
20001209,0000,4900
20001210,0000,4644
20001211,0000,5231
20001212,0000,4657
20001213,0000,5374
20001214,0000,4266
20001215,0000,3977
20001216,0000,4534
20001217,0000,4860
20001218,0000,4535
20001219,0000,4907
20001220,0000,4507
20001221,0000,4949
20001222,0000,4737
20001223,0000,4705
20001224,0000,4497
20001225,0000,4039
20001226,0000,4519
20001227,0000,4600
20001228,0000,4334
20001229,0000,4625
20001230,0000,4537
20001231,0000,4549
20010101,0000,4687
20010102,0000,4623
20010103,0000,4677
20010104,0000,4244
20010105,0000,4059
20010106,0000,3998
20010107,0000,4035
20010108,0000,4557
20010109,0000,4419
20010110,0000,4226
20010111,0000,4027
20010112,0000,3735
20010113,0000,3307
20010114,0000,4777
20010115,0000,4050
20010116,0000,3833
20010117,0000,4312
20010118,0000,4116
20010119,0000,3212
20010120,0000,4528
20010121,0000,4172
20010122,0000,4200
20010123,0000,3664
20010124,0000,3854
20010125,0000,3540
20010126,0000,3976
20010127,0000,3556
20010128,0000,3049
20010129,0000,3827
20010130,0000,3249
20010131,0000,3853
20010201,0000,3345
20010202,0000,3452
20010203,0000,3592
20010204,0000,3773
20010205,0000,3503
20010206,0000,3277
20010207,0000,3357
20010208,0000,3425
20010209,0000,3474
20010210,0000,3197
20010211,0000,3318
20010212,0000,3414
20010213,0000,2901
20010214,0000,3395
20010215,0000,3455
20010216,0000,2675
20010217,0000,2796
20010218,0000,3662
20010219,0000,3635
20010220,0000,4049
20010221,0000,3435
20010222,0000,2611
20010223,0000,3152
20010224,0000,3395
20010225,0000,3426
20010226,0000,3463
20010227,0000,2632
20010228,0000,3801
20010301,0000,3703
20010302,0000,2930
20010303,0000,2968
20010304,0000,3422
20010305,0000,3705
20010306,0000,3079
20010307,0000,2918
20010308,0000,2898
20010309,0000,3529
20010310,0000,7199
20010311,0000,6390
20010312,0000,6751
20010313,0000,5580
20010314,0000,5671
20010315,0000,5689
20010316,0000,5447
20010317,0000,5237
20010318,0000,4776
20010319,0000,5655
20010320,0000,4549
20010321,0000,4264
20010322,0000,3791
20010323,0000,4031
20010324,0000,4081
20010325,0000,4512
20010326,0000,4082
20010327,0000,3959
20010328,0000,3940
20010329,0000,4162
20010330,0000,4074
20010331,0000,4586
20010401,0000,4055
20010402,0000,4599
20010403,0000,5798
20010404,0000,5988
20010405,0000,5911
20010406,0000,6177
20010407,0000,6151
20010408,0000,5890
20010409,0000,5771
20010410,0000,6089
20010411,0000,5844
20010412,0000,7147
20010413,0000,5610
20010414,0000,6220
20010415,0000,6060
20010416,0000,5835
20010417,0000,6303
20010418,0000,5672
20010419,0000,6146
20010420,0000,6186
20010421,0000,6060
20010422,0000,6381
20010423,0000,4907
20010424,0000,8442
20010425,0000,7275
20010426,0000,7164
20010427,0000,7248
20010428,0000,7916
20010429,0000,7469
20010430,0000,7810
20010501,0000,8330
20010502,0000,8479
20010503,0000,8659
20010504,0000,8550
20010505,0000,8033
20010506,0000,8869
20010507,0000,9034
20010508,0000,8896
20010509,0000,8880
20010510,0000,9115
20010511,0000,9195
20010512,0000,9436
20010513,0000,9436
20010514,0000,9832
20010515,0000,11304
20010516,0000,10791
20010517,0000,9772
20010518,0000,10446
20010519,0000,10483
20010520,0000,10602
20010521,0000,11409
20010522,0000,10562
20010523,0000,10583
20010524,0000,11320
20010525,0000,9318
20010526,0000,10358
20010527,0000,11274
20010528,0000,11517
20010529,0000,11178
20010530,0000,11429
20010531,0000,11240
20010601,0000,10643
20010602,0000,10498
20010603,0000,12001
20010604,0000,10769
20010605,0000,11636
20010606,0000,12822
20010607,0000,13353
20010608,0000,13111
20010609,0000,13516
20010610,0000,13559
20010611,0000,13534
20010612,0000,13975
20010613,0000,14234
20010614,0000,13994
20010615,0000,13968
20010616,0000,14278
20010617,0000,13748
20010618,0000,15593
20010619,0000,14249
20010620,0000,14287
20010621,0000,13993
20010622,0000,15230
20010623,0000,14653
20010624,0000,14128
20010625,0000,14056
20010626,0000,14261
20010627,0000,14637
20010628,0000,13865
20010629,0000,13807
20010630,0000,14201
20010701,0000,14388
20010702,0000,14877
20010703,0000,13711
20010704,0000,13758
20010705,0000,14274
20010706,0000,14922
20010707,0000,15051
20010708,0000,14253
20010709,0000,15169
20010710,0000,14686
20010711,0000,14280
20010712,0000,15068
20010713,0000,15458
20010714,0000,15439
20010715,0000,15410
20010716,0000,14981
20010717,0000,14493
20010718,0000,14657
20010719,0000,15456
20010720,0000,14616
20010721,0000,14950
20010722,0000,14728
20010723,0000,15190
20010724,0000,13734
20010725,0000,16629
20010726,0000,14695
20010727,0000,15157
20010728,0000,15466
20010729,0000,13943
20010730,0000,14011
20010731,0000,13506
20010801,0000,12660
20010802,0000,12992
20010803,0000,12882
20010804,0000,12454
20010805,0000,12456
20010806,0000,11960
20010807,0000,12999
20010808,0000,12221
20010809,0000,12071
20010810,0000,12442
20010811,0000,11909
20010812,0000,12080
20010813,0000,11886
20010814,0000,11343
20010815,0000,10832
20010816,0000,11508
20010817,0000,10717
20010818,0000,10724
20010819,0000,10547
20010820,0000,9794
20010821,0000,9921
20010822,0000,9455
20010823,0000,9311
20010824,0000,9294
20010825,0000,10170
20010826,0000,10516
20010827,0000,9849
20010828,0000,9532
20010829,0000,9375
20010830,0000,9331
20010831,0000,9559
20010901,0000,9399
20010902,0000,8775
20010903,0000,9047
20010904,0000,9657
20010905,0000,9497
20010906,0000,9299
20010907,0000,8937
20010908,0000,8956
20010909,0000,8939
20010910,0000,8209
20010911,0000,7688
20010912,0000,7691
20010913,0000,8178
20010914,0000,8143
20010915,0000,8462
20010916,0000,8137
20010917,0000,8403
20010918,0000,7997
20010919,0000,8193
20010920,0000,8771
20010921,0000,8764
20010922,0000,8474
20010923,0000,8385
20010924,0000,8395
20010925,0000,8509
20010926,0000,7952
20010927,0000,7591
20010928,0000,7292
20010929,0000,7708
20010930,0000,7607
20011001,0000,7392
20011002,0000,7411
20011003,0000,7978
20011004,0000,7863
20011005,0000,6909
20011006,0000,6500
20011007,0000,6024
20011008,0000,5935
20011009,0000,5753
20011010,0000,6153
20011011,0000,6362
20011012,0000,5436
20011013,0000,5124
20011014,0000,5258
20011015,0000,5189
20011016,0000,5330
20011017,0000,5307
20011018,0000,5501
20011019,0000,5530
20011020,0000,5753
20011021,0000,5746
20011022,0000,5937
20011023,0000,5893
20011024,0000,6057
20011025,0000,5894
20011026,0000,5929
20011027,0000,5403
20011028,0000,5902
20011029,0000,5631
20011030,0000,5720
20011031,0000,5540
20011101,0000,6003
20011102,0000,6027
20011103,0000,5870
20011104,0000,5318
20011105,0000,5114
20011106,0000,5144
20011107,0000,4967
20011108,0000,5165
20011109,0000,5484
20011110,0000,5241
20011111,0000,5050
20011112,0000,5334
20011113,0000,4613
20011114,0000,4565
20011115,0000,4564
20011116,0000,4214
20011117,0000,4199
20011118,0000,4124
20011119,0000,4424
20011120,0000,4548
20011121,0000,4476
20011122,0000,3751
20011123,0000,3705
20011124,0000,4470
20011125,0000,3520
20011126,0000,3724
20011127,0000,4091
20011128,0000,4011
20011129,0000,3917
20011130,0000,3672
20011201,0000,4264
20011202,0000,3946
20011203,0000,3004
20011204,0000,4151
20011205,0000,3483
20011206,0000,4111
20011207,0000,4125
20011208,0000,3625
20011209,0000,3634
20011210,0000,3663
20011211,0000,3619
20011212,0000,3768
20011213,0000,3986
20011214,0000,4190
20011215,0000,3595
20011216,0000,3777
20011217,0000,3757
20011218,0000,3896
20011219,0000,3677
20011220,0000,4407
20011221,0000,3858
20011222,0000,3958
20011223,0000,3194
20011224,0000,3293
20011225,0000,3450
20011226,0000,3684
20011227,0000,3511
20011228,0000,3510
20011229,0000,4585
20011230,0000,3382
20011231,0000,3428
20020101,0000,3894
20020102,0000,6323
20020103,0000,14516
20020104,0000,14104
20020105,0000,10899
20020106,0000,11574
20020107,0000,11211
20020108,0000,10282
20020109,0000,10192
20020110,0000,9574
20020111,0000,8411
20020112,0000,8104
20020113,0000,7746
20020114,0000,7293
20020115,0000,6401
20020116,0000,6399
20020117,0000,5972
20020118,0000,5780
20020119,0000,5342
20020120,0000,4882
20020121,0000,5336
20020122,0000,5142
20020123,0000,4772
20020124,0000,4068
20020125,0000,4021
20020126,0000,4142
20020127,0000,3998
20020128,0000,4319
20020129,0000,4023
20020130,0000,4043
20020131,0000,3982
20020201,0000,3618
20020202,0000,3933
20020203,0000,4143
20020204,0000,4171
20020205,0000,3712
20020206,0000,3995
20020207,0000,4209
20020208,0000,4131
20020209,0000,3332
20020210,0000,4272
20020211,0000,3940
20020212,0000,4202
20020213,0000,3894
20020214,0000,4173
20020215,0000,3978
20020216,0000,3936
20020217,0000,3837
20020218,0000,4123
20020219,0000,4027
20020220,0000,4226
20020221,0000,3579
20020222,0000,3885
20020223,0000,3953
20020224,0000,3999
20020225,0000,4091
20020226,0000,3876
20020227,0000,6161
20020228,0000,6364
20020301,0000,6256
20020302,0000,6355
20020303,0000,5870
20020304,0000,6382
20020305,0000,6353
20020306,0000,6115
20020307,0000,6205
20020308,0000,6236
20020309,0000,6113
20020310,0000,6151
20020311,0000,5690
20020312,0000,5291
20020313,0000,5358
20020314,0000,5474
20020315,0000,6017
20020316,0000,5909
20020317,0000,4740
20020318,0000,5231
20020319,0000,5754
20020320,0000,5508
20020321,0000,4969
20020322,0000,4887
20020323,0000,4603
20020324,0000,4239
20020325,0000,4208
20020326,0000,4091
20020327,0000,4006
20020328,0000,3734
20020329,0000,3890
20020330,0000,4106
20020331,0000,3994
20020401,0000,4224
20020402,0000,3993
20020403,0000,4010
20020404,0000,3969
20020405,0000,4003
20020406,0000,3987
20020407,0000,4146
20020408,0000,4119
20020409,0000,3996
20020410,0000,4240
20020411,0000,4036
20020412,0000,4182
20020413,0000,4229
20020414,0000,4773
20020415,0000,5606
20020416,0000,5298
20020417,0000,5592
20020418,0000,5511
20020419,0000,6347
20020420,0000,5785
20020421,0000,5879
20020422,0000,6579
20020423,0000,6817
20020424,0000,6804
20020425,0000,7862
20020426,0000,7365
20020427,0000,7825
20020428,0000,8454
20020429,0000,8106
20020430,0000,8661
20020501,0000,6645
20020502,0000,8326
20020503,0000,7605
20020504,0000,8014
20020505,0000,8305
20020506,0000,8070
20020507,0000,8164
20020508,0000,8747
20020509,0000,7660
20020510,0000,7846
20020511,0000,8280
20020512,0000,7994
20020513,0000,9473
20020514,0000,9914
20020515,0000,10085
20020516,0000,10658
20020517,0000,11086
20020518,0000,10298
20020519,0000,10070
20020520,0000,10443
20020521,0000,9474
20020522,0000,10114
20020523,0000,9413
20020524,0000,9992
20020525,0000,9141
20020526,0000,10764
20020527,0000,10731
20020528,0000,10500
20020529,0000,10760
20020530,0000,10407
20020531,0000,10348
20020601,0000,10321
20020602,0000,10979
20020603,0000,10598
20020604,0000,10680
20020605,0000,10385
20020606,0000,10685
20020607,0000,10707
20020608,0000,11243
20020609,0000,11073
20020610,0000,10985
20020611,0000,11572
20020612,0000,11801
20020613,0000,12345
20020614,0000,13096
20020615,0000,13327
20020616,0000,13667
20020617,0000,13622
20020618,0000,13829
20020619,0000,14191
20020620,0000,13937
20020621,0000,13915
20020622,0000,14040
20020623,0000,14683
20020624,0000,15097
20020625,0000,14452
20020626,0000,14471
20020627,0000,14463
20020628,0000,14764
20020629,0000,13973
20020630,0000,13756
20020701,0000,14156
20020702,0000,14212
20020703,0000,14202
20020704,0000,14647
20020705,0000,14427
20020706,0000,14611
20020707,0000,14092
20020708,0000,14424
20020709,0000,14446
20020710,0000,14109
20020711,0000,15194
20020712,0000,14720
20020713,0000,14699
20020714,0000,14683
20020715,0000,14983
20020716,0000,15201
20020717,0000,14892
20020718,0000,15046
20020719,0000,15132
20020720,0000,14724
20020721,0000,15011
20020722,0000,14692
20020723,0000,15131
20020724,0000,14983
20020725,0000,14710
20020726,0000,14674
20020727,0000,14740
20020728,0000,14199
20020729,0000,14462
20020730,0000,14240
20020731,0000,13693
20020801,0000,13516
20020802,0000,13402
20020803,0000,13728
20020804,0000,13310
20020805,0000,13533
20020806,0000,13508
20020807,0000,12994
20020808,0000,12490
20020809,0000,11649
20020810,0000,12176
20020811,0000,12100
20020812,0000,12233
20020813,0000,11797
20020814,0000,12135
20020815,0000,11772
20020816,0000,11796
20020817,0000,10967
20020818,0000,11122
20020819,0000,10723
20020820,0000,10380
20020821,0000,9712
20020822,0000,9190
20020823,0000,7890
20020824,0000,8071
20020825,0000,7609
20020826,0000,7766
20020827,0000,9330
20020828,0000,9607
20020829,0000,8722
20020830,0000,7533
20020831,0000,7668
20020901,0000,7243
20020902,0000,7536
20020903,0000,7372
20020904,0000,7205
20020905,0000,7054
20020906,0000,8264
20020907,0000,8251
20020908,0000,8038
20020909,0000,7995
20020910,0000,7936
20020911,0000,7862
20020912,0000,8152
20020913,0000,8016
20020914,0000,8123
20020915,0000,8334
20020916,0000,7953
20020917,0000,7885
20020918,0000,7918
20020919,0000,7527
20020920,0000,7536
20020921,0000,7880
20020922,0000,7482
20020923,0000,7592
20020924,0000,7764
20020925,0000,7721
20020926,0000,7329
20020927,0000,7895
20020928,0000,7169
20020929,0000,6527
20020930,0000,7129
20021001,0000,7013
20021002,0000,6004
20021003,0000,6146
20021004,0000,5932
20021005,0000,6081
20021006,0000,5740
20021007,0000,6174
20021008,0000,5780
20021009,0000,6111
20021010,0000,5781
20021011,0000,6546
20021012,0000,7358
20021013,0000,7004
20021014,0000,6906
20021015,0000,6699
20021016,0000,7276
20021017,0000,7488
20021018,0000,7461
20021019,0000,7814
20021020,0000,6558
20021021,0000,8312
20021022,0000,7923
20021023,0000,7221
20021024,0000,7633
20021025,0000,7517
20021026,0000,7903
20021027,0000,7790
20021028,0000,7297
20021029,0000,7579
20021030,0000,7770
20021031,0000,7268
20021101,0000,8030
20021102,0000,7498
20021103,0000,7542
20021104,0000,6840
20021105,0000,7158
20021106,0000,5980
20021107,0000,6083
20021108,0000,6083
20021109,0000,5903
20021110,0000,6257
20021111,0000,6134
20021112,0000,5876
20021113,0000,5724
20021114,0000,5453
20021115,0000,5462
20021116,0000,5274
20021117,0000,5460
20021118,0000,5388
20021119,0000,5279
20021120,0000,4571
20021121,0000,4833
20021122,0000,4837
20021123,0000,4443
20021124,0000,4564
20021125,0000,4722
20021126,0000,4659
20021127,0000,4912
20021128,0000,5560
20021129,0000,4871
20021130,0000,5344
20021201,0000,5121
20021202,0000,5137
20021203,0000,5026
20021204,0000,5279
20021205,0000,5420
20021206,0000,5156
20021207,0000,4738
20021208,0000,4866
20021209,0000,5229
20021210,0000,5215
20021211,0000,5040
20021212,0000,4675
20021213,0000,5009
20021214,0000,4530
20021215,0000,4563
20021216,0000,3110
20021217,0000,5023
20021218,0000,4089
20021219,0000,4641
20021220,0000,4363
20021221,0000,3848
20021222,0000,3510
20021223,0000,4074
20021224,0000,3911
20021225,0000,4066
20021226,0000,5687
20021227,0000,11303
20021228,0000,9443
20021229,0000,10220
20021230,0000,9805
20021231,0000,11338
20030101,0000,14249
20030102,0000,14563
20030103,0000,14358
20030104,0000,12077
20030105,0000,11920
20030106,0000,12536
20030107,0000,10385
20030108,0000,8831
20030109,0000,7733
20030110,0000,6769
20030111,0000,6381
20030112,0000,6496
20030113,0000,9476
20030114,0000,14740
20030115,0000,14964
20030116,0000,14642
20030117,0000,14473
20030118,0000,15132
20030119,0000,14189
20030120,0000,13942
20030121,0000,15025
20030122,0000,14857
20030123,0000,17561
20030124,0000,18887
20030125,0000,18509
20030126,0000,18163
20030127,0000,16937
20030128,0000,17676
20030129,0000,15544
20030130,0000,13206
20030131,0000,13750
20030201,0000,12389
20030202,0000,10080
20030203,0000,7888
20030204,0000,7513
20030205,0000,7210
20030206,0000,6047
20030207,0000,5850
20030208,0000,6136
20030209,0000,6089
20030210,0000,6069
20030211,0000,12111
20030212,0000,11970
20030213,0000,11954
20030214,0000,11197
20030215,0000,12124
20030216,0000,11089
20030217,0000,9048
20030218,0000,8981
20030219,0000,14001
20030220,0000,13186
20030221,0000,12196
20030222,0000,10698
20030223,0000,10196
20030224,0000,11611
20030225,0000,9066
20030226,0000,8433
20030227,0000,7482
20030228,0000,5710
20030301,0000,6037
20030302,0000,5222
20030303,0000,5591
20030304,0000,5034
20030305,0000,4916
20030306,0000,4833
20030307,0000,4716
20030308,0000,4735
20030309,0000,4421
20030310,0000,3643
20030311,0000,3928
20030312,0000,3983
20030313,0000,4026
20030314,0000,4173
20030315,0000,4434
20030316,0000,3745
20030317,0000,3642
20030318,0000,3916
20030319,0000,3987
20030320,0000,4006
20030321,0000,3976
20030322,0000,4077
20030323,0000,3929
20030324,0000,3804
20030325,0000,4023
20030326,0000,3783
20030327,0000,3719
20030328,0000,3665
20030329,0000,3672
20030330,0000,3292
20030331,0000,3909
20030401,0000,3555
20030402,0000,3210
20030403,0000,3460
20030404,0000,3946
20030405,0000,3555
20030406,0000,3657
20030407,0000,3500
20030408,0000,3343
20030409,0000,3454
20030410,0000,3476
20030411,0000,3350
20030412,0000,3613
20030413,0000,3852
20030414,0000,3207
20030415,0000,2851
20030416,0000,4485
20030417,0000,4368
20030418,0000,4859
20030419,0000,5847
20030420,0000,5380
20030421,0000,5214
20030422,0000,7136
20030423,0000,9413
20030424,0000,14348
20030425,0000,15198
20030426,0000,14340
20030427,0000,13902
20030428,0000,14249
20030429,0000,28641
20030430,0000,29076
20030501,0000,29428
20030502,0000,29142
20030503,0000,29672
20030504,0000,27754
20030505,0000,24948
20030506,0000,20523
20030507,0000,18432
20030508,0000,15460
20030509,0000,14775
20030510,0000,12040
20030511,0000,10015
20030512,0000,8740
20030513,0000,13477
20030514,0000,13890
20030515,0000,14608
20030516,0000,13904
20030517,0000,13983
20030518,0000,13837
20030519,0000,14062
20030520,0000,14331
20030521,0000,14272
20030522,0000,14346
20030523,0000,14121
20030524,0000,13294
20030525,0000,12674
20030526,0000,13559
20030527,0000,13663
20030528,0000,13820
20030529,0000,13440
20030530,0000,12935
20030531,0000,12616
20030601,0000,12636
20030602,0000,13020
20030603,0000,12812
20030604,0000,12729
20030605,0000,12846
20030606,0000,12974
20030607,0000,12859
20030608,0000,13555
20030609,0000,13203
20030610,0000,12892
20030611,0000,13639
20030612,0000,13814
20030613,0000,13882
20030614,0000,13841
20030615,0000,13872
20030616,0000,14137
20030617,0000,14169
20030618,0000,14051
20030619,0000,13826
20030620,0000,13179
20030621,0000,12814
20030622,0000,12443
20030623,0000,11150
20030624,0000,11827
20030625,0000,11805
20030626,0000,11170
20030627,0000,11407
20030628,0000,12180
20030629,0000,12531
20030630,0000,12931
20030701,0000,11967
20030702,0000,11525
20030703,0000,11081
20030704,0000,12241
20030705,0000,12193
20030706,0000,11864
20030707,0000,11874
20030708,0000,12747
20030709,0000,13500
20030710,0000,14314
20030711,0000,14261
20030712,0000,14493
20030713,0000,14368
20030714,0000,14103
20030715,0000,14544
20030716,0000,14409
20030717,0000,14281
20030718,0000,14665
20030719,0000,14560
20030720,0000,14431
20030721,0000,12635
20030722,0000,14873
20030723,0000,14896
20030724,0000,13720
20030725,0000,14359
20030726,0000,15199
20030727,0000,14843
20030728,0000,15433
20030729,0000,15665
20030730,0000,15368
20030731,0000,14630
20030801,0000,14718
20030802,0000,14077
20030803,0000,14033
20030804,0000,14087
20030805,0000,14405
20030806,0000,13916
20030807,0000,12881
20030808,0000,10948
20030809,0000,10703
20030810,0000,10140
20030811,0000,10114
20030812,0000,10016
20030813,0000,10284
20030814,0000,10050
20030815,0000,9585
20030816,0000,9294
20030817,0000,8933
20030818,0000,8632
20030819,0000,8648
20030820,0000,9005
20030821,0000,8694
20030822,0000,8162
20030823,0000,8122
20030824,0000,7845
20030825,0000,8711
20030826,0000,9209
20030827,0000,8964
20030828,0000,8725
20030829,0000,8528
20030830,0000,9085
20030831,0000,9112
20030901,0000,8906
20030902,0000,8656
20030903,0000,8667
20030904,0000,8041
20030905,0000,7443
20030906,0000,7188
20030907,0000,7272
20030908,0000,6566
20030909,0000,7366
20030910,0000,6890
20030911,0000,7666
20030912,0000,8000
20030913,0000,8299
20030914,0000,8606
20030915,0000,8739
20030916,0000,7590
20030917,0000,7955
20030918,0000,7336
20030919,0000,7211
20030920,0000,7149
20030921,0000,8225
20030922,0000,7416
20030923,0000,7442
20030924,0000,7770
20030925,0000,7277
20030926,0000,7696
20030927,0000,7505
20030928,0000,7554
20030929,0000,7371
20030930,0000,6892
20031001,0000,6890
20031002,0000,7219
20031003,0000,7247
20031004,0000,6984
20031005,0000,6851
20031006,0000,6998
20031007,0000,6689
20031008,0000,6634
20031009,0000,6315
20031010,0000,6443
20031011,0000,6784
20031012,0000,6448
20031013,0000,6453
20031014,0000,6414
20031015,0000,6730
20031016,0000,6710
20031017,0000,6902
20031018,0000,6675
20031019,0000,6671
20031020,0000,6686
20031021,0000,6557
20031022,0000,6939
20031023,0000,7163
20031024,0000,6541
20031025,0000,6779
20031026,0000,7219
20031027,0000,6739
20031028,0000,7168
20031029,0000,7034
20031030,0000,6917
20031031,0000,7216
20031101,0000,6891
20031102,0000,6867
20031103,0000,6972
20031104,0000,7026
20031105,0000,6713
20031106,0000,6801
20031107,0000,6162
20031108,0000,5912
20031109,0000,5912
20031110,0000,5995
20031111,0000,5763
20031112,0000,5451
20031113,0000,5713
20031114,0000,5682
20031115,0000,5471
20031116,0000,5493
20031117,0000,5073
20031118,0000,4805
20031119,0000,5050
20031120,0000,5312
20031121,0000,5135
20031122,0000,5083
20031123,0000,4776
20031124,0000,4899
20031125,0000,4993
20031126,0000,4981
20031127,0000,5229
20031128,0000,4952
20031129,0000,5324
20031130,0000,5134
20031201,0000,4832
20031202,0000,4623
20031203,0000,4836
20031204,0000,4788
20031205,0000,4612
20031206,0000,4756
20031207,0000,4188
20031208,0000,4199
20031209,0000,4527
20031210,0000,4629
20031211,0000,4192
20031212,0000,4897
20031213,0000,5064
20031214,0000,4683
20031215,0000,5742
20031216,0000,8901
20031217,0000,8914
20031218,0000,9246
20031219,0000,8951
20031220,0000,9073
20031221,0000,8957
20031222,0000,11050
20031223,0000,14097
20031224,0000,14034
20031225,0000,14467
20031226,0000,14795
20031227,0000,15292
20031228,0000,14354
20031229,0000,10736
20031230,0000,10910
20031231,0000,10421
20040101,0000,10339
20040102,0000,10049
20040103,0000,13058
20040104,0000,12800
20040105,0000,12317
20040106,0000,13068
20040107,0000,12838
20040108,0000,13083
20040109,0000,11883
20040110,0000,10658
20040111,0000,8691
20040112,0000,8458
20040113,0000,7213
20040114,0000,7195
20040115,0000,6254
20040116,0000,6038
20040117,0000,5773
20040118,0000,5718
20040119,0000,5263
20040120,0000,5174
20040121,0000,5019
20040122,0000,4909
20040123,0000,4753
20040124,0000,4765
20040125,0000,4421
20040126,0000,4248
20040127,0000,4530
20040128,0000,4939
20040129,0000,4428
20040130,0000,4237
20040131,0000,4684
20040201,0000,4649
20040202,0000,4684
20040203,0000,4352
20040204,0000,4302
20040205,0000,4310
20040206,0000,4187
20040207,0000,4437
20040208,0000,4333
20040209,0000,4602
20040210,0000,4705
20040211,0000,4676
20040212,0000,4729
20040213,0000,4306
20040214,0000,4393
20040215,0000,4389
20040216,0000,5386
20040217,0000,7532
20040218,0000,32473
20040219,0000,48773
20040220,0000,48348
20040221,0000,49953
20040222,0000,48947
20040223,0000,49405
20040224,0000,49796
20040225,0000,28471
20040226,0000,33772
20040227,0000,50138
20040228,0000,50537
20040229,0000,48549
20040301,0000,48335
20040302,0000,49055
20040303,0000,48244
20040304,0000,41170
20040305,0000,33285
20040306,0000,30530
20040307,0000,24492
20040308,0000,22333
20040309,0000,17316
20040310,0000,14780
20040311,0000,14607
20040312,0000,12482
20040313,0000,9494
20040314,0000,9194
20040315,0000,7423
20040316,0000,7011
20040317,0000,5988
20040318,0000,5664
20040319,0000,5575
20040320,0000,5525
20040321,0000,5065
20040322,0000,4896
20040323,0000,4901
20040324,0000,4912
20040325,0000,4625
20040326,0000,4661
20040327,0000,4748
20040328,0000,4216
20040329,0000,4679
20040330,0000,3701
20040331,0000,4044
20040401,0000,4448
20040402,0000,6251
20040403,0000,6177
20040404,0000,6167
20040405,0000,5833
20040406,0000,6082
20040407,0000,12118
20040408,0000,12865
20040409,0000,14125
20040410,0000,14340
20040411,0000,13735
20040412,0000,12355
20040413,0000,10560
20040414,0000,10170
20040415,0000,10306
20040416,0000,8802
20040417,0000,7659
20040418,0000,6852
20040419,0000,6234
20040420,0000,5749
20040421,0000,5681
20040422,0000,6204
20040423,0000,5820
20040424,0000,6837
20040425,0000,6913
20040426,0000,7414
20040427,0000,7864
20040428,0000,8669
20040429,0000,8115
20040430,0000,8033
20040501,0000,9611
20040502,0000,8782
20040503,0000,8998
20040504,0000,9757
20040505,0000,9595
20040506,0000,10573
20040507,0000,m
20040508,0000,m
20040509,0000,10084
20040510,0000,10183
20040511,0000,9865
20040512,0000,9378
20040513,0000,8968
20040514,0000,8837
20040515,0000,9151
20040516,0000,9269
20040517,0000,9084
20040518,0000,8307
20040519,0000,8316
20040520,0000,8036
20040521,0000,8099
20040522,0000,8701
20040523,0000,8457
20040524,0000,7973
20040525,0000,9435
20040526,0000,9665
20040527,0000,10999
20040528,0000,10262
20040529,0000,11072
20040530,0000,10846
20040531,0000,11040
20040601,0000,11008
20040602,0000,10963
20040603,0000,11233
20040604,0000,10493
20040605,0000,13769
20040606,0000,13442
20040607,0000,13876
20040608,0000,13117
20040609,0000,14568
20040610,0000,14255
20040611,0000,14168
20040612,0000,13897
20040613,0000,13757
20040614,0000,13810
20040615,0000,14373
20040616,0000,15156
20040617,0000,14698
20040618,0000,14558
20040619,0000,15524
20040620,0000,14964
20040621,0000,14140
20040622,0000,14551
20040623,0000,14878
20040624,0000,14422
20040625,0000,15380
20040626,0000,14934
20040627,0000,15025
20040628,0000,14778
20040629,0000,14195
20040630,0000,14861
20040701,0000,14349
20040702,0000,14951
20040703,0000,14815
20040704,0000,14463
20040705,0000,14749
20040706,0000,14073
20040707,0000,14255
20040708,0000,14982
20040709,0000,14965
20040710,0000,15577
20040711,0000,15509
20040712,0000,14640
20040713,0000,15006
20040714,0000,14887
20040715,0000,15210
20040716,0000,14701
20040717,0000,14686
20040718,0000,14779
20040719,0000,14498
20040720,0000,14769
20040721,0000,14782
20040722,0000,16174
20040723,0000,16914
20040724,0000,16097
20040725,0000,16223
20040726,0000,15926
20040727,0000,15832
20040728,0000,15531
20040729,0000,14580
20040730,0000,14288
20040731,0000,14402
20040801,0000,14261
20040802,0000,14183
20040803,0000,13311
20040804,0000,13759
20040805,0000,13224
20040806,0000,13191
20040807,0000,12951
20040808,0000,12766
20040809,0000,12423
20040810,0000,12205
20040811,0000,11947
20040812,0000,11463
20040813,0000,10994
20040814,0000,10459
20040815,0000,10385
20040816,0000,11358
20040817,0000,10001
20040818,0000,10371
20040819,0000,9570
20040820,0000,9479
20040821,0000,9120
20040822,0000,8999
20040823,0000,10140
20040824,0000,8789
20040825,0000,8943
20040826,0000,10029
20040827,0000,10309
20040828,0000,9898
20040829,0000,9731
20040830,0000,9173
20040831,0000,9112
20040901,0000,8620
20040902,0000,8642
20040903,0000,8957
20040904,0000,9183
20040905,0000,8923
20040906,0000,8672
20040907,0000,8812
20040908,0000,9086
20040909,0000,8743
20040910,0000,9256
20040911,0000,8836
20040912,0000,9062
20040913,0000,8694
20040914,0000,9190
20040915,0000,8798
20040916,0000,9176
20040917,0000,9176
20040918,0000,8817
20040919,0000,8728
20040920,0000,8913
20040921,0000,8217
20040922,0000,8414
20040923,0000,8716
20040924,0000,8012
20040925,0000,8085
20040926,0000,8163
20040927,0000,8083
20040928,0000,7179
20040929,0000,7459
20040930,0000,7591
20041001,0000,7361
20041002,0000,7195
20041003,0000,6752
20041004,0000,6804
20041005,0000,7074
20041006,0000,7153
20041007,0000,6840
20041008,0000,6943
20041009,0000,7449
20041010,0000,7760
20041011,0000,7423
20041012,0000,7355
20041013,0000,7166
20041014,0000,7832
20041015,0000,8259
20041016,0000,8096
20041017,0000,8184
20041018,0000,7841
20041019,0000,8189
20041020,0000,7395
20041021,0000,6632
20041022,0000,7109
20041023,0000,6974
20041024,0000,6498
20041025,0000,7523
20041026,0000,7287
20041027,0000,6553
20041028,0000,6275
20041029,0000,6264
20041030,0000,5858
20041031,0000,6380
20041101,0000,6432
20041102,0000,5508
20041103,0000,5521
20041104,0000,5023
20041105,0000,5792
20041106,0000,5020
20041107,0000,5028
20041108,0000,5113
20041109,0000,5606
20041110,0000,4739
20041111,0000,4285
20041112,0000,4451
20041113,0000,4176
20041114,0000,4147
20041115,0000,4546
20041116,0000,4310
20041117,0000,4061
20041118,0000,3845
20041119,0000,3640
20041120,0000,4394
20041121,0000,3955
20041122,0000,3926
20041123,0000,4037
20041124,0000,3996
20041125,0000,3680
20041126,0000,4087
20041127,0000,4502
20041128,0000,4211
20041129,0000,4216
20041130,0000,4039
20041201,0000,4195
20041202,0000,4307
20041203,0000,4460
20041204,0000,3680
20041205,0000,4112
20041206,0000,4070
20041207,0000,4140
20041208,0000,3989
20041209,0000,3792
20041210,0000,4011
20041211,0000,4129
20041212,0000,3846
20041213,0000,3917
20041214,0000,4144
20041215,0000,3968
20041216,0000,4174
20041217,0000,4070
20041218,0000,3616
20041219,0000,4211
20041220,0000,3833
20041221,0000,3824
20041222,0000,3949
20041223,0000,4034
20041224,0000,4554
20041225,0000,4388
20041226,0000,4555
20041227,0000,5303
20041228,0000,4345
20041229,0000,3907
20041230,0000,3958
20041231,0000,4391
20050101,0000,4198
20050102,0000,3493
20050103,0000,4352
20050104,0000,4119
20050105,0000,3222
20050106,0000,3861
20050107,0000,4946
20050108,0000,3908
20050109,0000,4812
20050110,0000,3788
20050111,0000,3748
20050112,0000,3790
20050113,0000,3857
20050114,0000,3520
20050115,0000,3364
20050116,0000,3701
20050117,0000,3380
20050118,0000,3964
20050119,0000,3851
20050120,0000,3719
20050121,0000,3981
20050122,0000,3458
20050123,0000,3785
20050124,0000,3821
20050125,0000,3454
20050126,0000,3786
20050127,0000,4058
20050128,0000,3074
20050129,0000,3366
20050130,0000,3130
20050131,0000,5305
20050201,0000,2863
20050202,0000,3102
20050203,0000,4227
20050204,0000,3713
20050205,0000,3392
20050206,0000,3369
20050207,0000,4028
20050208,0000,3882
20050209,0000,3890
20050210,0000,4653
20050211,0000,3259
20050212,0000,4206
20050213,0000,3117
20050214,0000,3672
20050215,0000,3443
20050216,0000,4062
20050217,0000,3655
20050218,0000,3557
20050219,0000,4009
20050220,0000,3950
20050221,0000,4195
20050222,0000,3854
20050223,0000,2640
20050224,0000,4297
20050225,0000,3427
20050226,0000,3467
20050227,0000,4118
20050228,0000,3422
20050301,0000,4030
20050302,0000,4037
20050303,0000,4323
20050304,0000,3271
20050305,0000,3838
20050306,0000,3631
20050307,0000,3178
20050308,0000,4083
20050309,0000,3280
20050310,0000,3830
20050311,0000,3351
20050312,0000,4621
20050313,0000,3911
20050314,0000,3331
20050315,0000,4230
20050316,0000,4009
20050317,0000,3809
20050318,0000,3525
20050319,0000,3849
20050320,0000,3753
20050321,0000,4444
20050322,0000,4195
20050323,0000,3607
20050324,0000,3679
20050325,0000,3686
20050326,0000,3734
20050327,0000,4229
20050328,0000,3328
20050329,0000,3241
20050330,0000,3999
20050331,0000,3825
20050401,0000,4158
20050402,0000,3700
20050403,0000,4346
20050404,0000,3398
20050405,0000,3799
20050406,0000,3751
20050407,0000,3538
20050408,0000,3740
20050409,0000,3831
20050410,0000,3875
20050411,0000,3867
20050412,0000,3661
20050413,0000,4001
20050414,0000,3100
20050415,0000,3416
20050416,0000,3530
20050417,0000,3377
20050418,0000,4298
20050419,0000,3866
20050420,0000,3781
20050421,0000,3977
20050422,0000,3808
20050423,0000,4186
20050424,0000,5026
20050425,0000,4886
20050426,0000,4984
20050427,0000,5186
20050428,0000,5038
20050429,0000,5046
20050430,0000,4898
20050501,0000,5293
20050502,0000,4859
20050503,0000,5835
20050504,0000,6446
20050505,0000,5779
20050506,0000,5980
20050507,0000,6143
20050508,0000,6316
20050509,0000,6141
20050510,0000,10786
20050511,0000,16510
20050512,0000,19979
20050513,0000,19982
20050514,0000,19283
20050515,0000,19218
20050516,0000,10988
20050517,0000,37673
20050518,0000,29040
20050519,0000,25314
20050520,0000,20624
20050521,0000,19344
20050522,0000,20116
20050523,0000,20031
20050524,0000,10450
20050525,0000,13758
20050526,0000,14601
20050527,0000,14850
20050528,0000,13947
20050529,0000,14272
20050530,0000,13730
20050531,0000,12422
20050601,0000,12243
20050602,0000,13020
20050603,0000,12078
20050604,0000,11640
20050605,0000,11396
20050606,0000,12378
20050607,0000,12230
20050608,0000,11391
20050609,0000,12006
20050610,0000,12021
20050611,0000,11211
20050612,0000,11548
20050613,0000,12527
20050614,0000,11862
20050615,0000,11668
20050616,0000,11493
20050617,0000,10531
20050618,0000,10289
20050619,0000,10917
20050620,0000,10558
20050621,0000,10403
20050622,0000,12449
20050623,0000,11706
20050624,0000,14009
20050625,0000,13510
20050626,0000,13309
20050627,0000,13086
20050628,0000,12839
20050629,0000,12828
20050630,0000,12931
20050701,0000,12963
20050702,0000,13095
20050703,0000,14153
20050704,0000,14470
20050705,0000,13696
20050706,0000,13160
20050707,0000,13161
20050708,0000,15405
20050709,0000,13598
20050710,0000,14659
20050711,0000,14232
20050712,0000,15155
20050713,0000,14791
20050714,0000,15392
20050715,0000,14637
20050716,0000,15458
20050717,0000,15768
20050718,0000,15570
20050719,0000,15144
20050720,0000,15159
20050721,0000,15003
20050722,0000,14859
20050723,0000,14591
20050724,0000,13879
20050725,0000,14797
20050726,0000,14178
20050727,0000,13754
20050728,0000,13215
20050729,0000,12690
20050730,0000,12697
20050731,0000,12837
20050801,0000,12362
20050802,0000,12193
20050803,0000,13231
20050804,0000,13213
20050805,0000,13264
20050806,0000,12333
20050807,0000,12189
20050808,0000,12131
20050809,0000,11616
20050810,0000,10622
20050811,0000,9887
20050812,0000,9878
20050813,0000,m
20050814,0000,10114
20050815,0000,9502
20050816,0000,9858
20050817,0000,10318
20050818,0000,9970
20050819,0000,10196
20050820,0000,9575
20050821,0000,9592
20050822,0000,10021
20050823,0000,9811
20050824,0000,9293
20050825,0000,9596
20050826,0000,9393
20050827,0000,9720
20050828,0000,9893
20050829,0000,9094
20050830,0000,9687
20050831,0000,9899
20050901,0000,8972
20050902,0000,9595
20050903,0000,9501
20050904,0000,8950
20050905,0000,8513
20050906,0000,8845
20050907,0000,8673
20050908,0000,8510
20050909,0000,8541
20050910,0000,8637
20050911,0000,8360
20050912,0000,8658
20050913,0000,8503
20050914,0000,8486
20050915,0000,8685
20050916,0000,8243
20050917,0000,7898
20050918,0000,7903
20050919,0000,7794
20050920,0000,7900
20050921,0000,7938
20050922,0000,8088
20050923,0000,8755
20050924,0000,9069
20050925,0000,9147
20050926,0000,8833
20050927,0000,8317
20050928,0000,8648
20050929,0000,8499
20050930,0000,8672
20051001,0000,8338
20051002,0000,7763
20051003,0000,8109
20051004,0000,8155
20051005,0000,8250
20051006,0000,8161
20051007,0000,8398
20051008,0000,8460
20051009,0000,9083
20051010,0000,9308
20051011,0000,9184
20051012,0000,8757
20051013,0000,7936
20051014,0000,8079
20051015,0000,7775
20051016,0000,7941
20051017,0000,7957
20051018,0000,7100
20051019,0000,7308
20051020,0000,7374
20051021,0000,7030
20051022,0000,6833
20051023,0000,6989
20051024,0000,6796
20051025,0000,6578
20051026,0000,6890
20051027,0000,7036
20051028,0000,6593
20051029,0000,6745
20051030,0000,6296
20051031,0000,6510
20051101,0000,6079
20051102,0000,5810
20051103,0000,5981
20051104,0000,6019
20051105,0000,5812
20051106,0000,6062
20051107,0000,6075
20051108,0000,5376
20051109,0000,5244
20051110,0000,5490
20051111,0000,5449
20051112,0000,5450
20051113,0000,5662
20051114,0000,5839
20051115,0000,5522
20051116,0000,5319
20051117,0000,5714
20051118,0000,5486
20051119,0000,5513
20051120,0000,5343
20051121,0000,5440
20051122,0000,5330
20051123,0000,5480
20051124,0000,5587
20051125,0000,5490
20051126,0000,5510
20051127,0000,5355
20051128,0000,5550
20051129,0000,5788
20051130,0000,5942
20051201,0000,5877
20051202,0000,5455
20051203,0000,5031
20051204,0000,5260
20051205,0000,5075
20051206,0000,4693
20051207,0000,5130
20051208,0000,5455
20051209,0000,4327
20051210,0000,4680
20051211,0000,4887
20051212,0000,5115
20051213,0000,5053
20051214,0000,5516
20051215,0000,5034
20051216,0000,4936
20051217,0000,5172
20051218,0000,5162
20051219,0000,5367
20051220,0000,5034
20051221,0000,5161
20051222,0000,5174
20051223,0000,4896
20051224,0000,4925
20051225,0000,4827
20051226,0000,10440
20051227,0000,14580
20051228,0000,10568
20051229,0000,38519
20051230,0000,17715
20051231,0000,15354
20060101,0000,35062
20060102,0000,34029
20060103,0000,44330
20060104,0000,48758
20060105,0000,49299
20060106,0000,48638
20060107,0000,49589
20060108,0000,50132
20060109,0000,49887
20060110,0000,49293
20060111,0000,47768
20060112,0000,45606
20060113,0000,42240
20060114,0000,36114
20060115,0000,29902
20060116,0000,25884
20060117,0000,22118
20060118,0000,17759
20060119,0000,15713
20060120,0000,13983
20060121,0000,12822
20060122,0000,10077
20060123,0000,9680
20060124,0000,8407
20060125,0000,8332
20060126,0000,8070
20060127,0000,9452
20060128,0000,10357
20060129,0000,10462
20060130,0000,13496
20060131,0000,14729
20060201,0000,14895
20060202,0000,15910
20060203,0000,26526
20060204,0000,30018
20060205,0000,29900
20060206,0000,29617
20060207,0000,25634
20060208,0000,22143
20060209,0000,18364
20060210,0000,16875
20060211,0000,14583
20060212,0000,12896
20060213,0000,11423
20060214,0000,9552
20060215,0000,7961
20060216,0000,7093
20060217,0000,6891
20060218,0000,6581
20060219,0000,6316
20060220,0000,6049
20060221,0000,5937
20060222,0000,5878
20060223,0000,5517
20060224,0000,5638
20060225,0000,5668
20060226,0000,5897
20060227,0000,10369
20060228,0000,14744
20060301,0000,14951
20060302,0000,14502
20060303,0000,21488
20060304,0000,24850
20060305,0000,24647
20060306,0000,26089
20060307,0000,33685
20060308,0000,32439
20060309,0000,30571
20060310,0000,29329
20060311,0000,30180
20060312,0000,29275
20060313,0000,29601
20060314,0000,25378
20060315,0000,24573
20060316,0000,25817
20060317,0000,25169
20060318,0000,25894
20060319,0000,25106
20060320,0000,23831
20060321,0000,24764
20060322,0000,24534
20060323,0000,25403
20060324,0000,22570
20060325,0000,20768
20060326,0000,22670
20060327,0000,21125
20060328,0000,22587
20060329,0000,22974
20060330,0000,m
20060331,0000,23019
20060401,0000,21795
20060402,0000,21564
20060403,0000,23152
20060404,0000,35804
20060405,0000,39094
20060406,0000,39331
20060407,0000,39518
20060408,0000,38691
20060409,0000,38614
20060410,0000,39415
20060411,0000,34078
20060412,0000,22686
20060413,0000,41844
20060414,0000,40549
20060415,0000,40231
20060416,0000,33230
20060417,0000,29697
20060418,0000,31532
20060419,0000,29903
20060420,0000,30107
20060421,0000,23622
20060422,0000,24459
20060423,0000,20600
20060424,0000,21022
20060425,0000,20267
20060426,0000,20094
20060427,0000,21387
20060428,0000,16388
20060429,0000,13846
20060430,0000,12088
20060501,0000,10221
20060502,0000,9218
20060503,0000,7016
20060504,0000,6170
20060505,0000,6316
20060506,0000,6289
20060507,0000,12607
20060508,0000,13748
20060509,0000,14356
20060510,0000,14386
20060511,0000,13365
20060512,0000,13490
20060513,0000,12759
20060514,0000,12259
20060515,0000,12236
20060516,0000,13312
20060517,0000,13190
20060518,0000,13400
20060519,0000,14637
20060520,0000,15312
20060521,0000,15583
20060522,0000,15262
20060523,0000,16211
20060524,0000,13710
20060525,0000,14065
20060526,0000,14176
20060527,0000,13838
20060528,0000,13931
20060529,0000,14114
20060530,0000,13560
20060531,0000,13826
20060601,0000,13993
20060602,0000,14218
20060603,0000,14092
20060604,0000,13698
20060605,0000,13926
20060606,0000,13638
20060607,0000,13850
20060608,0000,14290
20060609,0000,14412
20060610,0000,14039
20060611,0000,14330
20060612,0000,14293
20060613,0000,13917
20060614,0000,14256
20060615,0000,13667
20060616,0000,13961
20060617,0000,14833
20060618,0000,14651
20060619,0000,13828
20060620,0000,14294
20060621,0000,14639
20060622,0000,14577
20060623,0000,14717
20060624,0000,13567
20060625,0000,15304
20060626,0000,15183
20060627,0000,14199
20060628,0000,13413
20060629,0000,13583
20060630,0000,13039
20060701,0000,13743
20060702,0000,13642
20060703,0000,13823
20060704,0000,13316
20060705,0000,13368
20060706,0000,13285
20060707,0000,13498
20060708,0000,13896
20060709,0000,13459
20060710,0000,13429
20060711,0000,13836
20060712,0000,13154
20060713,0000,13506
20060714,0000,14580
20060715,0000,14804
20060716,0000,14255
20060717,0000,14095
20060718,0000,15448
20060719,0000,15206
20060720,0000,15339
20060721,0000,15241
20060722,0000,15355
20060723,0000,15649
20060724,0000,15559
20060725,0000,14511
20060726,0000,15517
20060727,0000,14956
20060728,0000,15484
20060729,0000,14646
20060730,0000,15253
20060731,0000,14674
20060801,0000,14989
20060802,0000,14679
20060803,0000,14290
20060804,0000,13582
20060805,0000,14150
20060806,0000,14868
20060807,0000,14254
20060808,0000,14344
20060809,0000,14415
20060810,0000,13922
20060811,0000,13925
20060812,0000,14010
20060813,0000,13583
20060814,0000,13374
20060815,0000,13501
20060816,0000,12968
20060817,0000,13026
20060818,0000,13459
20060819,0000,13158
20060820,0000,13118
20060821,0000,13229
20060822,0000,13222
20060823,0000,12972
20060824,0000,12332
20060825,0000,11315
20060826,0000,11300
20060827,0000,11161
20060828,0000,11209
20060829,0000,10718
20060830,0000,10972
20060831,0000,10709
20060901,0000,11523
20060902,0000,10833
20060903,0000,11355
20060904,0000,11060
20060905,0000,11169
20060906,0000,11079
20060907,0000,10531
20060908,0000,10007
20060909,0000,10038
20060910,0000,9808
20060911,0000,10110
20060912,0000,9315
20060913,0000,9698
20060914,0000,9418
20060915,0000,9414
20060916,0000,9471
20060917,0000,9021
20060918,0000,8974
20060919,0000,9330
20060920,0000,8437
20060921,0000,8698
20060922,0000,8411
20060923,0000,8337
20060924,0000,8125
20060925,0000,8202
20060926,0000,8074
20060927,0000,7809
20060928,0000,7540
20060929,0000,7048
20060930,0000,7380
20061001,0000,7684
20061002,0000,7256
20061003,0000,7332
20061004,0000,6556
20061005,0000,7042
20061006,0000,6507
20061007,0000,6643
20061008,0000,6899
20061009,0000,6353
20061010,0000,6103
20061011,0000,6079
20061012,0000,5625
20061013,0000,6202
20061014,0000,6012
20061015,0000,5906
20061016,0000,5927
20061017,0000,5949
20061018,0000,5812
20061019,0000,5935
20061020,0000,5748
20061021,0000,6076
20061022,0000,5807
20061023,0000,5823
20061024,0000,5235
20061025,0000,5464
20061026,0000,5542
20061027,0000,5756
20061028,0000,5770
20061029,0000,5619
20061030,0000,5705
20061031,0000,5612
20061101,0000,5603
20061102,0000,5638
20061103,0000,5493
20061104,0000,5520
20061105,0000,5541
20061106,0000,5520
20061107,0000,5412
20061108,0000,5644
20061109,0000,5655
20061110,0000,5663
20061111,0000,5656
20061112,0000,6256
20061113,0000,5846
20061114,0000,5593
20061115,0000,4776
20061116,0000,6021
20061117,0000,5606
20061118,0000,5622
20061119,0000,5490
20061120,0000,5526
20061121,0000,5536
20061122,0000,5549
20061123,0000,5518
20061124,0000,5562
20061125,0000,5649
20061126,0000,5636
20061127,0000,5471
20061128,0000,5620
20061129,0000,5571
20061130,0000,5693
20061201,0000,5582
20061202,0000,5379
20061203,0000,5609
20061204,0000,5566
20061205,0000,5474
20061206,0000,5351
20061207,0000,5453
20061208,0000,5458
20061209,0000,5711
20061210,0000,5416
20061211,0000,5696
20061212,0000,5601
20061213,0000,5707
20061214,0000,5225
20061215,0000,5300
20061216,0000,5205
20061217,0000,5391
20061218,0000,5704
20061219,0000,5173
20061220,0000,5770
20061221,0000,5400
20061222,0000,5687
20061223,0000,5541
20061224,0000,5509
20061225,0000,5383
20061226,0000,5971
20061227,0000,5929
20061228,0000,5790
20061229,0000,5230
20061230,0000,5327
20061231,0000,5527
20070101,0000,5184
20070102,0000,5405
20070103,0000,5299
20070104,0000,6460
20070105,0000,5572
20070106,0000,5357
20070107,0000,5251
20070108,0000,5096
20070109,0000,5197
20070110,0000,4846
20070111,0000,m

