Date,PST,Outflow
19900101,0000,3272
19900102,0000,3250
19900103,0000,3259
19900104,0000,3756
19900105,0000,4263
19900106,0000,4265
19900107,0000,4246
19900108,0000,4180
19900109,0000,3465
19900110,0000,3277
19900111,0000,3260
19900112,0000,3258
19900113,0000,3260
19900114,0000,3271
19900115,0000,3265
19900116,0000,3272
19900117,0000,3274
19900118,0000,3278
19900119,0000,3263
19900120,0000,3260
19900121,0000,3264
19900122,0000,3262
19900123,0000,3253
19900124,0000,3255
19900125,0000,3271
19900126,0000,3270
19900127,0000,3277
19900128,0000,3271
19900129,0000,3266
19900130,0000,3257
19900131,0000,3276
19900201,0000,3266
19900202,0000,3827
19900203,0000,3348
19900204,0000,3270
19900205,0000,3264
19900206,0000,3272
19900207,0000,3209
19900208,0000,3270
19900209,0000,3273
19900210,0000,3289
19900211,0000,3267
19900212,0000,3229
19900213,0000,3263
19900214,0000,3260
19900215,0000,3278
19900216,0000,3264
19900217,0000,3271
19900218,0000,3268
19900219,0000,3270
19900220,0000,3258
19900221,0000,3273
19900222,0000,2930
19900223,0000,2766
19900224,0000,2768
19900225,0000,2738
19900226,0000,2763
19900227,0000,2767
19900228,0000,2763
19900301,0000,2759
19900302,0000,2767
19900303,0000,2770
19900304,0000,2769
19900305,0000,2767
19900306,0000,2766
19900307,0000,2767
19900308,0000,2766
19900309,0000,2479
19900310,0000,2767
19900311,0000,2766
19900312,0000,2789
19900313,0000,2782
19900314,0000,2833
19900315,0000,2774
19900316,0000,2817
19900317,0000,2770
19900318,0000,2767
19900319,0000,2765
19900320,0000,3270
19900321,0000,3272
19900322,0000,3277
19900323,0000,3750
19900324,0000,4504
19900325,0000,4504
19900326,0000,4500
19900327,0000,4501
19900328,0000,4502
19900329,0000,4503
19900330,0000,4498
19900331,0000,5251
19900401,0000,5838
19900402,0000,5670
19900403,0000,5670
19900404,0000,5700
19900405,0000,5569
19900406,0000,6012
19900407,0000,6587
19900408,0000,7453
19900409,0000,7445
19900410,0000,7682
19900411,0000,8007
19900412,0000,7854
19900413,0000,8777
19900414,0000,8808
19900415,0000,8783
19900416,0000,8818
19900417,0000,8779
19900418,0000,8801
19900419,0000,8791
19900420,0000,8816
19900421,0000,9473
19900422,0000,9486
19900423,0000,9464
19900424,0000,9367
19900425,0000,9507
19900426,0000,9395
19900427,0000,9546
19900428,0000,9279
19900429,0000,9320
19900430,0000,9267
19900501,0000,9239
19900502,0000,9416
19900503,0000,9943
19900504,0000,9979
19900505,0000,10283
19900506,0000,10447
19900507,0000,10481
19900508,0000,10460
19900509,0000,10501
19900510,0000,10504
19900511,0000,10412
19900512,0000,10383
19900513,0000,10532
19900514,0000,10409
19900515,0000,10468
19900516,0000,9464
19900517,0000,9577
19900518,0000,9632
19900519,0000,9471
19900520,0000,9281
19900521,0000,9217
19900522,0000,9422
19900523,0000,8708
19900524,0000,7769
19900525,0000,7770
19900526,0000,7600
19900527,0000,7251
19900528,0000,5792
19900529,0000,5750
19900530,0000,5085
19900531,0000,5003
19900601,0000,4332
19900602,0000,4252
19900603,0000,4256
19900604,0000,4252
19900605,0000,4275
19900606,0000,5019
19900607,0000,4964
19900608,0000,5958
19900609,0000,6950
19900610,0000,7487
19900611,0000,8572
19900929,0000,4963
19900930,0000,4907
19931001,0000,m
19931002,0000,8897
19931003,0000,8475
19931004,0000,8511
19931005,0000,8046
19931006,0000,7514
19931007,0000,7043
19931008,0000,6612
19931009,0000,6496
19931010,0000,6538
19931011,0000,6012
19931012,0000,5834
19931013,0000,5623
19931014,0000,5418
19931015,0000,5187
19931016,0000,4992
19931017,0000,4684
19931018,0000,4771
19931019,0000,5000
19931020,0000,5056
19931021,0000,5000
19931022,0000,4768
19931023,0000,5036
19931024,0000,5190
19931025,0000,5198
19931026,0000,5070
19931027,0000,4958
19931028,0000,5023
19931029,0000,m
19931030,0000,5013
19931031,0000,4956
19931101,0000,5056
19931102,0000,5002
19931103,0000,4877
19931104,0000,5136
19931105,0000,m
19931106,0000,m
19931107,0000,5004
19931108,0000,5012
19931109,0000,4882
19931110,0000,5025
19931111,0000,5018
19931112,0000,5009
19931113,0000,5013
19931114,0000,5006
19931115,0000,5014
19931116,0000,5033
19931117,0000,5009
19931118,0000,5031
19931119,0000,5045
19931120,0000,4988
19931121,0000,4986
19931122,0000,5026
19931123,0000,5000
19931124,0000,5006
19931125,0000,5025
19931126,0000,5020
19931127,0000,4856
19931128,0000,5027
19931129,0000,5000
19931130,0000,5017
19931201,0000,5018
19931202,0000,5035
19931203,0000,5011
19931204,0000,5013
19931205,0000,5034
19931206,0000,5020
19931207,0000,4994
19931208,0000,5023
19931209,0000,5038
19931210,0000,4877
19931211,0000,5010
19931212,0000,5011
19931213,0000,4787
19931214,0000,5003
19931215,0000,5012
19931216,0000,5005
19931217,0000,5032
19931218,0000,5003
19931219,0000,5000
19931220,0000,5015
19931221,0000,5019
19931222,0000,5021
19931223,0000,5013
19931224,0000,5022
19931225,0000,5001
19931226,0000,5006
19931227,0000,5024
19931228,0000,5036
19931229,0000,5000
19931230,0000,5013
19931231,0000,5026
19940101,0000,5088
19940102,0000,5009
19940103,0000,5000
19940104,0000,5000
19940105,0000,5023
19940106,0000,4824
19940107,0000,4608
19940108,0000,4417
19940109,0000,4223
19940110,0000,4097
19940111,0000,4013
19940112,0000,3933
19940113,0000,4094
19940114,0000,3964
19940115,0000,4039
19940116,0000,4008
19940117,0000,4020
19940118,0000,4021
19940119,0000,4026
19940120,0000,4013
19940121,0000,3876
19940122,0000,3814
19940123,0000,3723
19940124,0000,3918
19940125,0000,3576
19940126,0000,3595
19940127,0000,3583
19940128,0000,3512
19940129,0000,3543
19940130,0000,3528
19940131,0000,3500
19940201,0000,3524
19940202,0000,3515
19940203,0000,3544
19940204,0000,3449
19940205,0000,3421
19940206,0000,3429
19940207,0000,3448
19940208,0000,3414
19940209,0000,3330
19940210,0000,3311
19940211,0000,3345
19940212,0000,3321
19940213,0000,3313
19940214,0000,3319
19940215,0000,3333
19940216,0000,3300
19940217,0000,3319
19940218,0000,3337
19940219,0000,3321
19940220,0000,3286
19940221,0000,m
19940222,0000,3274
19940223,0000,3275
19940224,0000,3247
19940225,0000,3275
19940226,0000,3291
19940227,0000,3258
19940228,0000,3293
19940301,0000,3259
19940302,0000,3268
19940303,0000,3268
19940304,0000,3293
19940305,0000,3266
19940306,0000,3279
19940307,0000,3276
19940308,0000,3249
19940309,0000,3268
19940310,0000,3254
19940311,0000,3256
19940312,0000,3260
19940313,0000,3267
19940314,0000,3278
19940315,0000,3278
19940316,0000,3279
19940317,0000,3260
19940318,0000,3310
19940319,0000,3251
19940320,0000,3267
19940321,0000,3165
19940322,0000,3242
19940323,0000,3258
19940324,0000,3271
19940325,0000,m
19940326,0000,m
19940327,0000,3274
19940328,0000,3250
19940329,0000,3250
19940330,0000,3250
19940331,0000,3500
19940401,0000,3500
19940402,0000,3529
19940403,0000,3500
19940404,0000,3500
19940405,0000,3500
19940406,0000,3527
19940407,0000,3513
19940408,0000,3531
19940409,0000,3525
19940410,0000,3519
19940411,0000,3511
19940412,0000,3549
19940413,0000,3540
19940414,0000,4013
19940415,0000,4492
19940416,0000,4740
19940417,0000,5227
19940418,0000,5250
19940419,0000,5752
19940420,0000,6231
19940421,0000,6484
19940422,0000,6464
19940423,0000,6800
19940424,0000,6800
19940425,0000,6800
19940426,0000,6581
19940427,0000,6307
19940428,0000,6295
19940429,0000,6683
19940430,0000,7010
19940501,0000,7517
19940502,0000,8514
19940503,0000,7726
19940504,0000,7479
19940505,0000,7711
19940506,0000,7538
19940507,0000,7038
19940508,0000,6759
19940509,0000,7494
19940510,0000,m
19940511,0000,8675
19940512,0000,9504
19940513,0000,8815
19940514,0000,8295
19940515,0000,7355
19940516,0000,6578
19940517,0000,6060
19940518,0000,6040
19940519,0000,6695
19940520,0000,6753
19940521,0000,6799
19940522,0000,7453
19940523,0000,8505
19940524,0000,9854
19940525,0000,9555
19940526,0000,8735
19940527,0000,7823
19940528,0000,7947
19940529,0000,8820
19940530,0000,9708
19940531,0000,9738
19940601,0000,9046
19940602,0000,8252
19940603,0000,7507
19940604,0000,7512
19940605,0000,7965
19940606,0000,7700
19940607,0000,8009
19940608,0000,8715
19940609,0000,9486
19940610,0000,9501
19940611,0000,9531
19940612,0000,9499
19940613,0000,8998
19940614,0000,8994
19940615,0000,9485
19940616,0000,9843
19940617,0000,10359
19940618,0000,10378
19940619,0000,10392
19940620,0000,10446
19940621,0000,10354
19940622,0000,10478
19940623,0000,10487
19940624,0000,10483
19940625,0000,10459
19940626,0000,10510
19940627,0000,10360
19940628,0000,10490
19940629,0000,10498
19940630,0000,10517
19940701,0000,10510
19940702,0000,10489
19940703,0000,10502
19940704,0000,10521
19940705,0000,10520
19940706,0000,10506
19940707,0000,11425
19940708,0000,11476
19940709,0000,11976
19940710,0000,12466
19940711,0000,12511
19940712,0000,12464
19940713,0000,12485
19940714,0000,12490
19940715,0000,12471
19940716,0000,12500
19940717,0000,12508
19940718,0000,12479
19940719,0000,12492
19940720,0000,12283
19940721,0000,12501
19940722,0000,12510
19940723,0000,12391
19940724,0000,12500
19940725,0000,12462
19940726,0000,12016
19940727,0000,11617
19940728,0000,11970
19940729,0000,11524
19940730,0000,11490
19940731,0000,11545
19940801,0000,11509
19940802,0000,11011
19940803,0000,11006
19940804,0000,11020
19940805,0000,11006
19940806,0000,10485
19940807,0000,10499
19940808,0000,10494
19940809,0000,10961
19940810,0000,10926
19940811,0000,10501
19940812,0000,10505
19940813,0000,10494
19940814,0000,10502
19940815,0000,10486
19940816,0000,10478
19940817,0000,10496
19940818,0000,11884
19940819,0000,11993
19940820,0000,12005
19940821,0000,12006
19940822,0000,11996
19940823,0000,12001
19940824,0000,12022
19940825,0000,11769
19940826,0000,12020
19940827,0000,11995
19940828,0000,11972
19940829,0000,11743
19940830,0000,11734
19940831,0000,11992
19940901,0000,11992
19940902,0000,12400
19940903,0000,11526
19940904,0000,11495
19940905,0000,10988
19940906,0000,11000
19940907,0000,10073
19940908,0000,10006
19940909,0000,m
19940910,0000,m
19940911,0000,9579
19940912,0000,9505
19940913,0000,9334
19940914,0000,9493
19940915,0000,9052
19940916,0000,m
19940917,0000,m
19940918,0000,8063
19940919,0000,8055
19940920,0000,8000
19940921,0000,8004
19940922,0000,8000
19940923,0000,7565
19940924,0000,7040
19940925,0000,7002
19940926,0000,7056
19940927,0000,7000
19940928,0000,6933
19940929,0000,6621
19940930,0000,6537
19941001,0000,m
19941002,0000,6032
19941003,0000,5834
19941004,0000,5618
19941005,0000,5422
19941006,0000,5211
19941007,0000,5016
19941008,0000,4815
19941009,0000,4620
19941010,0000,4400
19941011,0000,4270
19941012,0000,4077
19941013,0000,4000
19941014,0000,4004
19941015,0000,4012
19941016,0000,3977
19941017,0000,3991
19941018,0000,4005
19941019,0000,4010
19941020,0000,3971
19941021,0000,4050
19941022,0000,4049
19941023,0000,4050
19941024,0000,4168
19941025,0000,3968
19941026,0000,3997
19941027,0000,4058
19941028,0000,4039
19941029,0000,4015
19941030,0000,4132
19941031,0000,4036
19941101,0000,4066
19941102,0000,4066
19941103,0000,3992
19941104,0000,4021
19941105,0000,4047
19941106,0000,4027
19941107,0000,4019
19941108,0000,4022
19941109,0000,3981
19941110,0000,4037
19941111,0000,4037
19941112,0000,4030
19941113,0000,4024
19941114,0000,4024
19941115,0000,4032
19941116,0000,3984
19941117,0000,4006
19941118,0000,4025
19941119,0000,4027
19941120,0000,4027
19941121,0000,4055
19941122,0000,4017
19941123,0000,4035
19941124,0000,4034
19941125,0000,4033
19941126,0000,4043
19941127,0000,4023
19941128,0000,4013
19941129,0000,3960
19941130,0000,4043
19941201,0000,4025
19941202,0000,4032
19941203,0000,4018
19941204,0000,4021
19941205,0000,4031
19941206,0000,4007
19941207,0000,4041
19941208,0000,4000
19941209,0000,3898
19941210,0000,4028
19941211,0000,4036
19941212,0000,4036
19941213,0000,4039
19941214,0000,4039
19941215,0000,4036
19941216,0000,4007
19941217,0000,4019
19941218,0000,4009
19941219,0000,4054
19941220,0000,4063
19941221,0000,4042
19941222,0000,4015
19941223,0000,4008
19941224,0000,4008
19941225,0000,4013
19941226,0000,4001
19941227,0000,4008
19941228,0000,3995
19941229,0000,4000
19941230,0000,4033
19941231,0000,4022
19950101,0000,4085
19950102,0000,4085
19950103,0000,3925
19950104,0000,3787
19950105,0000,3787
19950106,0000,3785
19950107,0000,3778
19950108,0000,3864
19950109,0000,4490
19950110,0000,7967
19950111,0000,8383
19950112,0000,9425
19950113,0000,9997
19950114,0000,11421
19950115,0000,11421
19950116,0000,14795
19950117,0000,14752
19950118,0000,16648
19950119,0000,22888
19950120,0000,34446
19950121,0000,33821
19950122,0000,28263
19950123,0000,23462
19950124,0000,14596
19950125,0000,9770
19950126,0000,11943
19950127,0000,17932
19950128,0000,31335
19950129,0000,31335
19950130,0000,26828
19950131,0000,26007
19950201,0000,21607
19950202,0000,30640
19950203,0000,36621
19950204,0000,39748
19950205,0000,38982
19950206,0000,38982
19950207,0000,39309
19950208,0000,38678
19950209,0000,34534
19950210,0000,24432
19950211,0000,24432
19950212,0000,19538
19950213,0000,16709
19950214,0000,14270
19950215,0000,10659
19950216,0000,10659
19950217,0000,9170
19950218,0000,7935
19950219,0000,6843
19950220,0000,6000
19950221,0000,5807
19950222,0000,5439
19950223,0000,5439
19950224,0000,5155
19950225,0000,5058
19950226,0000,5022
19950227,0000,5022
19950228,0000,5065
19950301,0000,5085
19950302,0000,5085
19950303,0000,5158
19950304,0000,5087
19950305,0000,5085
19950306,0000,5004
19950307,0000,5023
19950308,0000,5044
19950309,0000,5030
19950310,0000,7417
19950311,0000,17259
19950312,0000,49374
19950313,0000,60101
19950314,0000,61525
19950315,0000,55695
19950316,0000,65677
19950317,0000,75494
19950318,0000,79019
19950319,0000,75100
19950320,0000,72052
19950321,0000,51829
19950322,0000,50181
19950323,0000,50389
19950324,0000,49967
19950325,0000,49612
19950326,0000,41223
19950327,0000,34305
19950328,0000,34629
19950329,0000,28149
19950330,0000,24009
19950331,0000,20582
19950401,0000,16392
19950402,0000,16289
19950403,0000,13515
19950404,0000,11948
19950405,0000,10782
19950406,0000,11560
19950407,0000,15321
19950408,0000,24641
19950409,0000,25298
19950410,0000,25085
19950411,0000,26874
19950412,0000,34578
19950413,0000,34491
19950414,0000,30073
19950415,0000,25242
19950416,0000,21958
19950417,0000,18877
19950418,0000,16130
19950419,0000,14569
19950420,0000,12070
19950421,0000,10298
19950422,0000,8837
19950423,0000,7492
19950424,0000,6569
19950425,0000,6115
19950426,0000,6748
19950427,0000,9563
19950428,0000,21630
19950429,0000,25067
19950430,0000,24871
19950501,0000,22509
19950502,0000,24690
19950503,0000,26609
19950504,0000,29864
19950505,0000,29776
19950506,0000,30148
19950507,0000,29831
19950508,0000,29540
19950509,0000,25492
19950510,0000,21842
19950511,0000,18117
19950512,0000,18077
19950513,0000,16950
19950514,0000,14949
19950515,0000,12684
19950516,0000,11146
19950517,0000,9579
19950518,0000,8136
19950519,0000,7680
19950520,0000,12025
19950521,0000,12010
19950522,0000,12382
19950523,0000,12945
19950524,0000,13230
19950525,0000,13343
19950526,0000,12974
19950527,0000,13173
19950528,0000,13605
19950529,0000,14032
19950530,0000,14241
19950531,0000,14412
19950601,0000,12957
19950602,0000,12172
19950603,0000,12997
19950604,0000,12972
19950605,0000,13453
19950606,0000,13771
19950607,0000,13419
19950608,0000,12771
19950609,0000,12501
19950610,0000,12509
19950611,0000,12426
19950612,0000,13010
19950613,0000,13019
19950614,0000,12453
19950615,0000,11927
19950616,0000,11010
19950617,0000,11005
19950618,0000,10513
19950619,0000,9721
19950620,0000,12225
19950621,0000,14039
19950622,0000,13994
19950623,0000,14638
19950624,0000,15179
19950625,0000,14893
19950626,0000,15868
19950627,0000,15014
19950628,0000,14206
19950629,0000,15020
19950630,0000,15037
19950701,0000,14788
19950702,0000,14758
19950703,0000,14819
19950704,0000,14716
19950705,0000,14717
19950706,0000,13196
19950707,0000,14212
19950708,0000,13922
19950709,0000,14222
19950710,0000,14371
19950711,0000,14274
19950712,0000,14162
19950713,0000,14243
19950714,0000,14849
19950715,0000,14878
19950716,0000,14823
19950717,0000,14843
19950718,0000,14841
19950719,0000,14769
19950720,0000,14718
19950721,0000,14520
19950722,0000,14770
19950723,0000,14985
19950724,0000,14921
19950725,0000,14887
19950726,0000,14913
19950727,0000,14793
19950728,0000,m
19950729,0000,14917
19950730,0000,14884
19950731,0000,14872
19950801,0000,14732
19950802,0000,14860
19950803,0000,15000
19950804,0000,15030
19950805,0000,15127
19950806,0000,15092
19950807,0000,15034
19950808,0000,14954
19950809,0000,15383
19950810,0000,5243
19950811,0000,m
19950812,0000,m
19950813,0000,14839
19950814,0000,15012
19950815,0000,13441
19950816,0000,12662
19950817,0000,13077
19950818,0000,14881
19950819,0000,15000
19950820,0000,15000
19950821,0000,14943
19950822,0000,14500
19950823,0000,14500
19950824,0000,14475
19950825,0000,13950
19950826,0000,m
19950827,0000,12881
19950828,0000,12986
19950829,0000,12534
19950830,0000,12871
19950831,0000,12506
19950901,0000,m
19950902,0000,m
19950903,0000,m
19950904,0000,11858
19950905,0000,11936
19950906,0000,11902
19950907,0000,11888
19950908,0000,11997
19950909,0000,11964
19950910,0000,12036
19950911,0000,12057
19950912,0000,11980
19950913,0000,12192
19950914,0000,12211
19950915,0000,11643
19950916,0000,11547
19950917,0000,11425
19950918,0000,10950
19950919,0000,11039
19950920,0000,11021
19950921,0000,11158
19950922,0000,10524
19950923,0000,10034
19950924,0000,9614
19950925,0000,9524
19950926,0000,9511
19950927,0000,9481
19950928,0000,9435
19950929,0000,9062
19950930,0000,8194
19951001,0000,m
19951002,0000,7183
19951003,0000,7055
19951004,0000,7014
19951005,0000,6458
19951006,0000,6033
19951007,0000,5840
19951008,0000,5569
19951009,0000,5375
19951010,0000,5233
19951011,0000,5020
19951012,0000,4923
19951013,0000,5027
19951014,0000,4984
19951015,0000,5018
19951016,0000,5004
19951017,0000,5001
19951018,0000,5020
19951019,0000,4984
19951020,0000,5026
19951021,0000,4993
19951022,0000,5008
19951023,0000,4985
19951024,0000,4886
19951025,0000,5007
19951026,0000,5008
19951027,0000,4991
19951028,0000,5007
19951029,0000,5200
19951030,0000,5019
19951031,0000,5006
19951101,0000,5013
19951102,0000,5002
19951103,0000,5005
19951104,0000,4969
19951105,0000,4999
19951106,0000,5016
19951107,0000,5007
19951108,0000,5018
19951109,0000,m
19951110,0000,5006
19951111,0000,5019
19951112,0000,5202
19951113,0000,5002
19951114,0000,4967
19951115,0000,5020
19951116,0000,4984
19951117,0000,4971
19951118,0000,4977
19951119,0000,5017
19951120,0000,5021
19951121,0000,5001
19951122,0000,4987
19951123,0000,5005
19951124,0000,5001
19951125,0000,5011
19951126,0000,4997
19951127,0000,5011
19951128,0000,5021
19951129,0000,5017
19951130,0000,5007
19951201,0000,4999
19951202,0000,5017
19951203,0000,4987
19951204,0000,5011
19951205,0000,5004
19951206,0000,5006
19951207,0000,4999
19951208,0000,5003
19951209,0000,4999
19951210,0000,5015
19951211,0000,4999
19951212,0000,5025
19951213,0000,4790
19951214,0000,4807
19951215,0000,4827
19951216,0000,4811
19951217,0000,4820
19951218,0000,4793
19951219,0000,4815
19951220,0000,4801
19951221,0000,4812
19951222,0000,4822
19951223,0000,4815
19951224,0000,4819
19951225,0000,4802
19951226,0000,4914
19951227,0000,4799
19951228,0000,4788
19951229,0000,4772
19951230,0000,4815
19951231,0000,4786
19960101,0000,4800
19960102,0000,4810
19960103,0000,4811
19960104,0000,4847
19960105,0000,4840
19960106,0000,4824
19960107,0000,4821
19960108,0000,4815
19960109,0000,4827
19960110,0000,4808
19960111,0000,4796
19960112,0000,4811
19960113,0000,4802
19960114,0000,4813
19960115,0000,4803
19960116,0000,4848
19960117,0000,4821
19960118,0000,4788
19960119,0000,4816
19960120,0000,4818
19960121,0000,4816
19960122,0000,4812
19960123,0000,4919
19960124,0000,4821
19960125,0000,4798
19960126,0000,5075
19960127,0000,11978
19960128,0000,13940
19960129,0000,13878
19960130,0000,12240
19960131,0000,10564
19960201,0000,9133
19960202,0000,7785
19960203,0000,6697
19960204,0000,6010
19960205,0000,7154
19960206,0000,9980
19960207,0000,10025
19960208,0000,9988
19960209,0000,10498
19960210,0000,19324
19960211,0000,20196
19960212,0000,23017
19960213,0000,31443
19960214,0000,35338
19960215,0000,34986
19960216,0000,29833
19960217,0000,29944
19960218,0000,32733
19960219,0000,36520
19960220,0000,35927
19960221,0000,38248
19960222,0000,137580
19960223,0000,54251
19960224,0000,55548
19960225,0000,55024
19960226,0000,55386
19960227,0000,50241
19960228,0000,47972
19960229,0000,39945
19960301,0000,40239
19960302,0000,40276
19960303,0000,35839
19960304,0000,34989
19960305,0000,29971
19960306,0000,25932
19960307,0000,26006
19960308,0000,25590
19960309,0000,25622
19960310,0000,22282
19960311,0000,19922
19960312,0000,18358
19960313,0000,19958
19960314,0000,19711
19960315,0000,17320
19960317,0000,12627
19960318,0000,12319
19960319,0000,10836
19960320,0000,9180
19960321,0000,7911
19960322,0000,6972
19960323,0000,6070
19960324,0000,5926
19960325,0000,5577
19960326,0000,5473
19960327,0000,5504
19960328,0000,5504
19960329,0000,5477
19960330,0000,5515
19960331,0000,5506
19960401,0000,5506
19960402,0000,5612
19960403,0000,5512
19960404,0000,5483
19960405,0000,5521
19960406,0000,5513
19960407,0000,5210
19960408,0000,5471
19960409,0000,5513
19960410,0000,5495
19960411,0000,5385
19960412,0000,5492
19960413,0000,5505
19960414,0000,5515
19960415,0000,5531
19960416,0000,5509
19960417,0000,5340
19960418,0000,5319
19960419,0000,5319
19960420,0000,5329
19960421,0000,5304
19960422,0000,5320
19960423,0000,5288
19960424,0000,5313
19960425,0000,5322
19960426,0000,6253
19960427,0000,7253
19960428,0000,7413
19960429,0000,7419
19960430,0000,6981
19960501,0000,8063
19960502,0000,8482
19960503,0000,8051
19960504,0000,7562
19960505,0000,7514
19960506,0000,7222
19960507,0000,7047
19960508,0000,7000
19960509,0000,7744
19960510,0000,8877
19960511,0000,8972
19960512,0000,9015
19960513,0000,9299
19960514,0000,9540
19960515,0000,9442
19960516,0000,8580
19960517,0000,7626
19960518,0000,9261
19960519,0000,15036
19960520,0000,15013
19960521,0000,14172
19960522,0000,18148
19960523,0000,16025
19960524,0000,14904
19960525,0000,14693
19960526,0000,13087
19960527,0000,11186
19960528,0000,12799
19960529,0000,13956
19960530,0000,13943
19960531,0000,m
19960601,0000,12973
19960602,0000,13475
19960603,0000,14629
19960604,0000,14894
19960605,0000,14999
19960606,0000,14987
19960607,0000,14869
19960608,0000,14844
19960609,0000,14813
19960610,0000,14856
19960611,0000,14110
19960612,0000,14013
19960613,0000,14103
19960614,0000,14413
19960615,0000,14470
19960616,0000,14433
19960617,0000,13841
19960618,0000,13745
19960619,0000,13045
19960620,0000,13004
19960621,0000,13048
19960622,0000,13359
19960623,0000,13458
19960624,0000,13016
19960625,0000,12058
19960626,0000,11982
19960627,0000,12699
19960628,0000,12989
19960629,0000,12994
19960630,0000,13898
19960701,0000,14556
19960702,0000,14827
19960703,0000,14501
19960704,0000,13995
19960705,0000,13922
19960706,0000,14655
19960707,0000,14956
19960708,0000,14901
19960709,0000,14923
19960710,0000,14792
19960711,0000,14815
19960712,0000,14799
19960713,0000,14757
19960714,0000,14284
19960715,0000,13188
19960716,0000,13379
19960717,0000,13456
19960718,0000,12986
19960719,0000,13579
19960720,0000,13941
19960721,0000,13902
19960722,0000,14284
19960723,0000,14434
19960724,0000,14277
19960725,0000,14220
19960726,0000,14315
19960727,0000,14757
19960728,0000,14823
19960729,0000,14811
19960730,0000,14972
19960731,0000,15077
19960801,0000,15064
19960802,0000,14551
19960803,0000,13683
19960804,0000,13485
19960805,0000,13971
19960806,0000,14582
19960807,0000,14583
19960808,0000,14846
19960809,0000,14919
19960810,0000,15103
19960811,0000,15395
19960812,0000,15201
19960813,0000,15049
19960814,0000,15378
19960815,0000,15285
19960816,0000,14949
19960817,0000,14038
19960818,0000,13946
19960819,0000,13889
19960820,0000,14380
19960821,0000,14443
19960822,0000,14560
19960823,0000,14553
19960824,0000,14428
19960825,0000,14536
19960826,0000,14505
19960827,0000,14614
19960828,0000,13639
19960829,0000,12164
19960830,0000,11959
19960831,0000,12565
19960901,0000,12978
19960902,0000,12114
19960903,0000,11516
19960904,0000,11036
19960905,0000,10094
19960906,0000,10398
19960907,0000,11012
19960908,0000,10983
19960909,0000,10978
19960910,0000,10111
19960911,0000,9994
19960912,0000,10010
19960913,0000,9516
19960914,0000,9501
19960915,0000,9511
19960916,0000,9467
19960917,0000,9494
19960918,0000,9478
19960919,0000,9503
19960920,0000,9092
19960921,0000,9000
19960922,0000,9016
19960923,0000,9036
19960924,0000,8592
19960925,0000,8528
19960926,0000,8516
19960927,0000,8611
19960928,0000,8053
19960929,0000,8036
19960930,0000,7997
19961001,0000,m
19961002,0000,7515
19961003,0000,7519
19961004,0000,6963
19961005,0000,6997
19961006,0000,7025
19961007,0000,6989
19961008,0000,6999
19961009,0000,6565
19961010,0000,6058
19961011,0000,5642
19961012,0000,5639
19961013,0000,5532
19961014,0000,5409
19961015,0000,5324
19961016,0000,5338
19961017,0000,5324
19961018,0000,5318
19961019,0000,5349
19961020,0000,5292
19961021,0000,5319
19961022,0000,5329
19961023,0000,5316
19961024,0000,5321
19961025,0000,5339
19961026,0000,5327
19961027,0000,5509
19961028,0000,5313
19961029,0000,5317
19961030,0000,5431
19961031,0000,5323
19961101,0000,5307
19961102,0000,5316
19961103,0000,5323
19961104,0000,5312
19961105,0000,5338
19961106,0000,5309
19961107,0000,5335
19961108,0000,m
19961109,0000,5305
19961110,0000,5286
19961111,0000,5327
19961112,0000,5328
19961113,0000,5306
19961114,0000,5323
19961115,0000,5297
19961116,0000,5250
19961117,0000,5309
19961118,0000,5334
19961119,0000,5298
19961120,0000,5288
19961121,0000,5295
19961122,0000,5325
19961123,0000,5310
19961124,0000,5314
19961125,0000,5327
19961126,0000,5335
19961127,0000,5301
19961128,0000,5304
19961129,0000,5311
19961130,0000,5308
19961201,0000,5298
19961202,0000,5310
19961203,0000,5313
19961204,0000,5326
19961205,0000,5305
19961206,0000,5306
19961207,0000,7989
19961208,0000,12998
19961209,0000,17761
19961210,0000,27162
19961211,0000,35269
19961212,0000,34691
19961213,0000,30510
19961214,0000,29884
19961215,0000,25909
19961216,0000,22317
19961217,0000,19682
19961218,0000,17519
19961219,0000,16994
19961220,0000,16921
19961221,0000,16856
19961222,0000,17057
19961223,0000,15042
19961224,0000,13007
19961225,0000,11281
19961226,0000,10174
19961227,0000,18648
19961228,0000,25143
19961229,0000,39680
19961230,0000,47982
19961231,0000,29962
19970101,0000,16521
19970102,0000,42162
19970103,0000,66644
19970104,0000,78822
19970105,0000,67573
19970106,0000,50398
19970107,0000,50042
19970108,0000,50418
19970109,0000,50066
19970110,0000,50622
19970111,0000,51390
19970112,0000,52914
19970113,0000,52494
19970114,0000,52862
19970115,0000,50247
19970116,0000,42152
19970117,0000,35035
19970118,0000,34996
19970119,0000,30608
19970120,0000,26181
19970121,0000,28336
19970122,0000,34844
19970123,0000,32739
19970124,0000,35909
19970125,0000,27221
19970126,0000,19867
19970127,0000,19852
19970128,0000,26548
19970129,0000,35954
19970130,0000,36287
19970131,0000,36074
19970201,0000,30502
19970202,0000,24725
19970203,0000,20496
19970204,0000,22139
19970205,0000,24817
19970206,0000,25019
19970207,0000,25000
19970208,0000,22107
19970209,0000,18422
19970210,0000,15791
19970211,0000,13550
19970212,0000,11537
19970213,0000,9961
19970214,0000,8533
19970215,0000,7220
19970216,0000,6273
19970217,0000,5930
19970218,0000,5730
19970219,0000,5517
19970220,0000,5317
19970221,0000,5366
19970222,0000,5295
19970223,0000,5336
19970224,0000,5407
19970225,0000,5330
19970226,0000,5158
19970227,0000,5316
19970228,0000,5324
19970301,0000,5307
19970302,0000,5279
19970303,0000,5296
19970304,0000,5248
19970305,0000,5214
19970306,0000,5147
19970307,0000,5392
19970308,0000,5331
19970309,0000,5301
19970310,0000,5304
19970311,0000,5346
19970312,0000,5330
19970313,0000,5330
19970314,0000,5319
19970315,0000,5300
19970316,0000,5300
19970317,0000,5300
19970318,0000,5418
19970319,0000,5282
19970320,0000,5231
19970321,0000,5300
19970322,0000,5283
19970323,0000,5274
19970324,0000,5302
19970325,0000,5307
19970326,0000,5319
19970327,0000,5291
19970328,0000,5283
19970329,0000,5309
19970330,0000,5316
19970331,0000,5233
19970401,0000,5281
19970402,0000,5326
19970403,0000,5248
19970404,0000,5294
19970405,0000,5308
19970406,0000,5080
19970407,0000,5319
19970408,0000,5321
19970409,0000,5318
19970410,0000,5299
19970411,0000,5296
19970412,0000,5318
19970413,0000,6002
19970414,0000,6491
19970415,0000,6512
19970416,0000,6501
19970417,0000,6976
19970418,0000,7009
19970419,0000,7498
19970420,0000,7503
19970421,0000,7060
19970422,0000,6538
19970423,0000,6070
19970424,0000,6002
19970425,0000,6722
19970426,0000,7799
19970427,0000,8199
19970428,0000,8632
19970429,0000,9015
19970430,0000,8526
19970501,0000,8521
19970502,0000,8068
19970503,0000,8002
19970504,0000,8012
19970505,0000,8237
19970506,0000,8525
19970507,0000,8946
19970508,0000,9047
19970509,0000,9015
19970510,0000,9469
19970511,0000,10001
19970512,0000,9990
19970513,0000,9570
19970514,0000,9523
19970515,0000,10335
19970516,0000,9918
19970517,0000,9509
19970518,0000,9482
19970519,0000,9513
19970520,0000,9498
19970521,0000,9993
19970522,0000,10487
19970523,0000,10499
19970524,0000,10484
19970525,0000,10420
19970526,0000,10462
19970527,0000,10484
19970528,0000,9938
19970529,0000,9555
19970530,0000,9689
19970531,0000,9985
19970601,0000,10282
19970602,0000,10484
19970603,0000,10495
19970604,0000,10129
19970605,0000,10301
19970606,0000,10500
19970607,0000,10510
19970608,0000,11011
19970609,0000,10999
19970610,0000,11929
19970611,0000,13242
19970612,0000,13468
19970613,0000,13979
19970614,0000,14338
19970615,0000,14926
19970616,0000,14900
19970617,0000,15000
19970618,0000,14968
19970619,0000,14967
19970620,0000,14520
19970621,0000,14476
19970622,0000,14400
19970623,0000,14460
19970624,0000,14470
19970625,0000,14396
19970626,0000,14427
19970627,0000,14914
19970628,0000,14935
19970629,0000,14807
19970630,0000,14951
19970701,0000,14950
19970702,0000,14990
19970703,0000,14672
19970704,0000,14502
19970705,0000,14515
19970706,0000,14479
19970707,0000,14063
19970708,0000,14575
19970709,0000,14981
19970710,0000,14966
19970711,0000,14896
19970712,0000,14836
19970713,0000,14622
19970714,0000,14809
19970715,0000,14900
19970716,0000,14943
19970717,0000,14903
19970718,0000,14777
19970719,0000,14844
19970720,0000,15000
19970721,0000,15012
19970722,0000,14883
19970723,0000,14994
19970724,0000,14816
19970725,0000,15050
19970726,0000,15000
19970727,0000,14500
19970728,0000,14500
19970729,0000,14485
19970730,0000,14456
19970731,0000,14309
19970801,0000,14337
19970802,0000,14338
19970803,0000,14369
19970804,0000,14389
19970805,0000,14063
19970806,0000,13655
19970807,0000,13447
19970808,0000,13457
19970809,0000,13261
19970810,0000,12997
19970811,0000,12702
19970812,0000,12088
19970813,0000,11761
19970814,0000,12015
19970815,0000,11069
19970816,0000,10083
19970817,0000,9944
19970818,0000,10027
19970819,0000,9922
19970820,0000,10017
19970821,0000,9716
19970822,0000,9068
19970823,0000,9003
19970824,0000,9015
19970825,0000,9000
19970826,0000,8550
19970827,0000,8521
19970828,0000,8068
19970829,0000,8256
19970830,0000,8507
19970831,0000,8745
19970901,0000,9716
19970902,0000,10002
19970903,0000,10298
19970904,0000,10482
19970905,0000,10463
19970906,0000,10499
19970907,0000,10512
19970908,0000,9223
19970909,0000,8541
19970910,0000,8538
19970911,0000,7870
19970912,0000,7768
19970913,0000,7776
19970914,0000,7790
19970915,0000,7761
19970916,0000,7776
19970917,0000,7306
19970918,0000,7252
19970919,0000,6831
19970920,0000,6797
19970921,0000,6860
19970922,0000,6847
19970923,0000,6800
19970924,0000,6778
19970925,0000,6853
19970926,0000,6876
19970927,0000,6780
19970928,0000,6811
19970929,0000,6797
19970930,0000,6449
19971001,0000,6036
19971002,0000,5821
19971003,0000,5636
19971004,0000,5441
19971005,0000,5256
19971006,0000,5233
19971007,0000,5000
19971008,0000,4817
19971009,0000,4579
19971010,0000,4599
19971011,0000,4438
19971012,0000,4370
19971013,0000,4385
19971014,0000,4421
19971015,0000,4461
19971016,0000,4400
19971017,0000,4381
19971018,0000,4284
19971019,0000,4266
19971020,0000,4285
19971021,0000,4262
19971022,0000,4312
19971023,0000,4250
19971024,0000,4237
19971025,0000,4272
19971026,0000,4452
19971027,0000,4249
19971028,0000,4243
19971029,0000,4592
19971030,0000,4627
19971031,0000,4635
19971101,0000,4559
19971102,0000,4580
19971103,0000,4566
19971104,0000,4644
19971105,0000,4662
19971106,0000,4610
19971107,0000,4604
19971108,0000,4604
19971109,0000,4634
19971110,0000,4562
19971111,0000,4658
19971112,0000,4569
19971113,0000,4600
19971114,0000,4612
19971115,0000,4619
19971116,0000,4622
19971117,0000,4602
19971118,0000,4612
19971119,0000,4631
19971120,0000,4622
19971121,0000,4587
19971122,0000,4641
19971123,0000,4299
19971124,0000,4191
19971125,0000,4243
19971126,0000,4200
19971127,0000,4212
19971128,0000,4209
19971129,0000,4224
19971130,0000,4227
19971201,0000,4208
19971202,0000,4188
19971203,0000,4226
19971204,0000,4209
19971205,0000,4212
19971206,0000,4217
19971207,0000,4213
19971208,0000,4181
19971209,0000,4181
19971210,0000,4201
19971211,0000,4205
19971212,0000,4191
19971213,0000,4201
19971214,0000,4200
19971215,0000,4205
19971216,0000,4228
19971217,0000,4234
19971218,0000,4231
19971219,0000,m
19971220,0000,4214
19971221,0000,4223
19971222,0000,4225
19971223,0000,4234
19971224,0000,4203
19971225,0000,4209
19971226,0000,4192
19971227,0000,4211
19971228,0000,4222
19971229,0000,4228
19971230,0000,4221
19971231,0000,4190
19980101,0000,4231
19980102,0000,4200
19980103,0000,4242
19980104,0000,4198
19980105,0000,4264
19980106,0000,4194
19980107,0000,4104
19980108,0000,4122
19980109,0000,4257
19980110,0000,4258
19980111,0000,4253
19980112,0000,4251
19980113,0000,4948
19980114,0000,6014
19980115,0000,7186
19980116,0000,14565
19980117,0000,16657
19980118,0000,20085
19980119,0000,20132
19980120,0000,22292
19980121,0000,31293
19980122,0000,35018
19980123,0000,34890
19980124,0000,34861
19980125,0000,30587
19980126,0000,29827
19980127,0000,30291
19980128,0000,32890
19980129,0000,28673
19980130,0000,35889
19980131,0000,36306
19980201,0000,22559
19980202,0000,14382
19980203,0000,21780
19980204,0000,51466
19980205,0000,22339
19980206,0000,21439
19980207,0000,28257
19980208,0000,41603
19980209,0000,55079
19980210,0000,50441
19980211,0000,50715
19980212,0000,48723
19980213,0000,50095
19980214,0000,42278
19980215,0000,47235
19980216,0000,53354
19980217,0000,53463
19980218,0000,51667
19980219,0000,22685
19980220,0000,37167
19980221,0000,17256
19980222,0000,46961
19980223,0000,27570
19980224,0000,44883
19980225,0000,49839
19980226,0000,48877
19980227,0000,44942
19980228,0000,45302
19980301,0000,45797
19980302,0000,41472
19980303,0000,35912
19980304,0000,31148
19980305,0000,26951
19980306,0000,23297
19980307,0000,20032
19980308,0000,17052
19980309,0000,14734
19980310,0000,14393
19980311,0000,12470
19980312,0000,10796
19980313,0000,9690
19980314,0000,8202
19980315,0000,7145
19980316,0000,6138
19980317,0000,5831
19980318,0000,6805
19980319,0000,11339
19980320,0000,22441
19980321,0000,29945
19980322,0000,22579
19980323,0000,18153
19980324,0000,37707
19980325,0000,42886
19980326,0000,45057
19980327,0000,44332
19980328,0000,37582
19980329,0000,32737
19980330,0000,28074
19980331,0000,27793
19980401,0000,27708
19980402,0000,23795
19980403,0000,20056
19980404,0000,17130
19980405,0000,17130
19980406,0000,14448
19980407,0000,12672
19980408,0000,10242
19980409,0000,10158
19980410,0000,8754
19980411,0000,7610
19980412,0000,7100
19980413,0000,6229
19980414,0000,6009
19980415,0000,6015
19980416,0000,6011
19980417,0000,6009
19980418,0000,8749
19980419,0000,9993
19980420,0000,9957
19980421,0000,10016
19980422,0000,10004
19980423,0000,10001
19980424,0000,10032
19980425,0000,10014
19980426,0000,9979
19980427,0000,9988
19980428,0000,10269
19980429,0000,10512
19980430,0000,10771
19980501,0000,10993
19980502,0000,10973
19980503,0000,10981
19980504,0000,10975
19980505,0000,10995
19980506,0000,10110
19980507,0000,9983
19980508,0000,10006
19980509,0000,10010
19980510,0000,10038
19980511,0000,11005
19980512,0000,13986
19980513,0000,12391
19980514,0000,13374
19980515,0000,13831
19980516,0000,14001
19980517,0000,14355
19980518,0000,15003
19980519,0000,14774
19980520,0000,15027
19980521,0000,14854
19980522,0000,16915
19980523,0000,17954
19980524,0000,18077
19980525,0000,17682
19980526,0000,17972
19980527,0000,18040
19980528,0000,29899
19980529,0000,24832
19980530,0000,22195
19980531,0000,19252
19980601,0000,19962
19980602,0000,19909
19980603,0000,19810
19980604,0000,19831
19980605,0000,19065
19980606,0000,18062
19980607,0000,17644
19980608,0000,16047
19980609,0000,13928
19980610,0000,13212
19980611,0000,11345
19980612,0000,13782
19980613,0000,14048
19980614,0000,13887
19980615,0000,14140
19980616,0000,14790
19980617,0000,14588
19980618,0000,14975
19980619,0000,15194
19980620,0000,15114
19980621,0000,15084
19980622,0000,15096
19980623,0000,14817
19980624,0000,14732
19980625,0000,14534
19980626,0000,14414
19980627,0000,14124
19980628,0000,14189
19980629,0000,14572
19980630,0000,14529
19980701,0000,14455
19980702,0000,14383
19980703,0000,14278
19980704,0000,14818
19980705,0000,15016
19980706,0000,15208
19980707,0000,15237
19980708,0000,15173
19980709,0000,15361
19980710,0000,14872
19980711,0000,14944
19980712,0000,14694
19980713,0000,14613
19980714,0000,14824
19980715,0000,14517
19980716,0000,14392
19980717,0000,14687
19980718,0000,14680
19980719,0000,15017
19980720,0000,14626
19980721,0000,14739
19980722,0000,14740
19980723,0000,14620
19980724,0000,15000
19980725,0000,m
19980726,0000,14599
19980727,0000,14659
19980728,0000,14892
19980729,0000,14798
19980730,0000,14916
19980731,0000,14999
19980801,0000,14991
19980802,0000,15139
19980803,0000,15009
19980804,0000,14978
19980805,0000,14886
19980806,0000,14447
19980807,0000,14688
19980808,0000,14841
19980809,0000,14659
19980810,0000,14645
19980811,0000,14821
19980812,0000,14772
19980813,0000,14630
19980814,0000,14955
19980815,0000,15030
19980816,0000,14106
19980817,0000,15000
19980818,0000,15000
19980819,0000,14756
19980820,0000,15000
19980821,0000,14778
19980822,0000,14763
19980823,0000,14663
19980824,0000,14807
19980825,0000,14440
19980826,0000,13956
19980827,0000,14013
19980828,0000,13940
19980829,0000,13994
19980830,0000,13957
19980831,0000,14002
19980901,0000,13520
19980902,0000,13432
19980903,0000,13503
19980904,0000,13503
19980905,0000,13043
19980906,0000,12959
19980907,0000,12516
19980908,0000,12502
19980909,0000,12009
19980910,0000,11495
19980911,0000,11500
19980912,0000,11066
19980913,0000,11045
19980914,0000,11021
19980915,0000,11015
19980916,0000,10970
19980917,0000,10986
19980918,0000,10644
19980919,0000,10063
19980920,0000,9988
19980921,0000,10163
19980922,0000,9972
19980923,0000,9561
19980924,0000,9520
19980925,0000,9535
19980926,0000,9149
19980927,0000,9010
19980928,0000,8545
19980929,0000,8515
19980930,0000,8512
19981001,0000,8078
19981002,0000,8015
19981003,0000,8035
19981004,0000,7994
19981005,0000,7983
19981006,0000,8029
19981007,0000,7989
19981008,0000,7385
19981009,0000,7682
19981010,0000,7469
19981011,0000,7040
19981012,0000,6768
19981013,0000,6532
19981014,0000,6267
19981015,0000,6011
19981016,0000,6000
19981017,0000,6008
19981018,0000,6009
19981019,0000,6025
19981020,0000,6007
19981021,0000,6006
19981022,0000,6009
19981023,0000,6013
19981024,0000,6007
19981025,0000,6254
19981026,0000,6015
19981027,0000,6012
19981028,0000,6009
19981029,0000,6018
19981030,0000,6007
19981031,0000,6011
19981101,0000,6003
19981102,0000,5989
19981103,0000,6040
19981104,0000,6018
19981105,0000,6022
19981106,0000,6969
19981107,0000,7009
19981108,0000,7029
19981109,0000,7189
19981110,0000,7010
19981111,0000,7051
19981112,0000,8435
19981113,0000,9451
19981114,0000,9501
19981115,0000,9495
19981116,0000,9602
19981117,0000,14309
19981118,0000,14472
19981119,0000,14727
19981120,0000,14479
19981121,0000,14619
19981122,0000,14599
19981123,0000,14822
19981124,0000,14793
19981125,0000,14691
19981126,0000,14587
19981127,0000,14609
19981128,0000,14879
19981129,0000,14758
19981130,0000,14885
19981201,0000,14594
19981202,0000,14595
19981203,0000,14826
19981204,0000,18208
19981205,0000,24735
19981206,0000,24954
19981207,0000,24845
19981208,0000,24917
19981209,0000,22164
19981210,0000,21739
19981211,0000,21696
19981212,0000,21511
19981213,0000,18771
19981214,0000,16123
19981215,0000,14931
19981216,0000,15648
19981217,0000,14697
19981218,0000,14672
19981219,0000,12940
19981220,0000,11132
19981221,0000,9578
19981222,0000,8410
19981223,0000,7192
19981224,0000,7014
19981225,0000,7033
19981226,0000,6993
19981227,0000,6997
19981228,0000,7017
19981229,0000,6118
19981230,0000,5825
19981231,0000,5621
19990101,0000,5502
19990102,0000,5503
19990103,0000,5511
19990104,0000,5507
19990105,0000,5516
19990106,0000,5518
19990107,0000,5502
19990108,0000,5515
19990109,0000,5515
19990110,0000,5515
19990111,0000,5499
19990112,0000,5510
19990113,0000,5516
19990114,0000,5500
19990115,0000,5513
19990116,0000,5518
19990117,0000,5518
19990118,0000,5501
19990119,0000,5509
19990120,0000,9672
19990121,0000,15079
19990122,0000,15073
19990123,0000,15202
19990124,0000,14721
19990125,0000,14419
19990126,0000,12983
19990127,0000,11953
19990128,0000,10223
19990129,0000,9070
19990130,0000,8098
19990131,0000,7540
19990201,0000,7532
19990202,0000,7514
19990203,0000,6525
19990204,0000,11577
19990205,0000,15934
19990206,0000,15907
19990207,0000,16682
19990208,0000,16205
19990209,0000,13384
19990210,0000,14866
19990211,0000,16706
19990212,0000,19918
19990213,0000,19887
19990214,0000,19858
19990215,0000,25323
19990216,0000,25100
19990217,0000,27713
19990218,0000,29626
19990219,0000,25662
19990220,0000,25416
19990221,0000,25248
19990222,0000,21890
19990223,0000,21813
19990224,0000,21635
19990225,0000,21976
19990226,0000,27359
19990227,0000,27677
19990228,0000,27566
19990301,0000,27386
19990302,0000,27495
19990303,0000,27338
19990304,0000,28529
19990305,0000,29741
19990306,0000,29627
19990307,0000,29646
19990308,0000,29479
19990309,0000,29816
19990310,0000,29860
19990311,0000,29177
19990312,0000,25168
19990313,0000,21508
19990314,0000,18408
19990315,0000,15453
19990316,0000,14358
19990317,0000,14239
19990318,0000,12361
19990319,0000,10529
19990320,0000,9013
19990321,0000,7658
19990322,0000,6661
19990323,0000,6064
19990324,0000,5872
19990325,0000,6003
19990326,0000,5614
19990327,0000,5510
19990328,0000,5510
19990329,0000,5504
19990330,0000,5511
19990331,0000,5518
19990401,0000,5510
19990402,0000,5511
19990403,0000,5535
19990404,0000,5301
19990405,0000,5479
19990406,0000,5460
19990407,0000,5468
19990408,0000,5523
19990409,0000,6896
19990410,0000,8023
19990411,0000,8016
19990412,0000,8034
19990413,0000,9917
19990414,0000,10018
19990415,0000,9981
19990416,0000,9986
19990417,0000,9946
19990418,0000,10002
19990419,0000,9965
19990420,0000,8650
19990421,0000,8502
19990422,0000,8511
19990423,0000,8537
19990424,0000,8502
19990425,0000,8496
19990426,0000,8499
19990427,0000,8529
19990428,0000,9935
19990429,0000,9988
19990430,0000,10013
19990501,0000,9992
19990502,0000,10008
19990503,0000,10016
19990504,0000,10003
19990505,0000,10020
19990506,0000,10988
19990507,0000,11022
19990508,0000,11034
19990509,0000,11008
19990510,0000,10974
19990511,0000,11011
19990512,0000,11006
19990513,0000,10100
19990514,0000,10429
19990515,0000,10959
19990516,0000,10048
19990517,0000,9542
19990518,0000,9075
19990519,0000,8993
19990520,0000,9280
19990521,0000,9952
19990522,0000,10944
19990523,0000,11018
19990524,0000,10140
19990525,0000,10045
19990526,0000,10476
19990527,0000,11050
19990528,0000,11492
19990529,0000,11465
19990530,0000,11283
19990531,0000,11037
19990601,0000,11033
19990602,0000,10994
19990603,0000,11054
19990604,0000,11009
19990605,0000,10533
19990606,0000,10505
19990607,0000,10503
19990608,0000,10508
19990609,0000,10514
19990610,0000,10497
19990611,0000,10547
19990612,0000,10479
19990613,0000,10501
19990614,0000,10972
19990615,0000,11008
19990616,0000,11003
19990617,0000,11077
19990618,0000,11499
19990619,0000,11572
19990620,0000,12054
19990621,0000,11991
19990622,0000,12079
19990623,0000,12760
19990624,0000,12933
19990625,0000,13007
19990626,0000,13067
19990627,0000,13434
19990628,0000,13483
19990629,0000,13439
19990630,0000,13020
19990701,0000,12983
19990702,0000,13003
19990703,0000,12986
19990704,0000,12995
19990705,0000,12979
19990706,0000,12974
19990707,0000,13004
19990708,0000,13005
19990709,0000,m
19990710,0000,12985
19990711,0000,12981
19990712,0000,13485
19990713,0000,13959
19990714,0000,13425
19990715,0000,13512
19990716,0000,13421
19990717,0000,13519
19990718,0000,13495
19990719,0000,13506
19990720,0000,13504
19990721,0000,12996
19990722,0000,12988
19990723,0000,12999
19990724,0000,12978
19990725,0000,12998
19990726,0000,12933
19990727,0000,12918
19990728,0000,12987
19990729,0000,12946
19990730,0000,12543
19990731,0000,13265
19990801,0000,13000
19990802,0000,13025
19990803,0000,12981
19990804,0000,12480
19990805,0000,12032
19990806,0000,m
19990807,0000,11004
19990808,0000,11002
19990809,0000,10986
19990810,0000,10501
19990811,0000,10779
19990812,0000,10480
19990813,0000,9983
19990814,0000,9991
19990815,0000,9513
19990816,0000,9493
19990817,0000,9511
19990818,0000,9485
19990819,0000,9491
19990820,0000,9513
19990821,0000,9493
19990822,0000,9506
19990823,0000,9516
19990824,0000,9506
19990825,0000,9497
19990826,0000,9503
19990827,0000,9511
19990828,0000,9511
19990829,0000,9493
19990830,0000,9495
19990831,0000,9505
19990901,0000,9488
19990902,0000,9453
19990903,0000,9005
19990904,0000,9005
19990905,0000,9012
19990906,0000,8962
19990907,0000,8539
19990908,0000,8527
19990909,0000,8554
19990910,0000,8484
19990911,0000,8042
19990912,0000,8035
19990913,0000,8036
19990914,0000,8040
19990915,0000,8033
19990916,0000,8026
19990917,0000,8026
19990918,0000,7547
19990919,0000,7545
19990920,0000,7554
19990921,0000,7554
19990922,0000,7032
19990923,0000,7049
19990924,0000,7036
19990925,0000,7051
19990926,0000,7049
19990927,0000,7007
19990928,0000,6548
19990929,0000,6545
19990930,0000,6540
19991001,0000,6670
19991002,0000,6551
19991003,0000,6542
19991004,0000,6539
19991005,0000,6500
19991006,0000,6476
19991007,0000,5993
19991008,0000,6006
19991009,0000,5973
19991010,0000,5935
19991011,0000,6014
19991012,0000,6015
19991013,0000,6014
19991014,0000,6015
19991015,0000,6005
19991016,0000,6012
19991017,0000,6011
19991018,0000,6013
19991019,0000,6002
19991020,0000,6006
19991021,0000,6152
19991022,0000,6180
19991023,0000,6198
19991024,0000,6200
19991025,0000,6210
19991026,0000,6193
19991027,0000,6244
19991028,0000,6211
19991029,0000,6218
19991030,0000,6217
19991031,0000,6400
19991101,0000,6200
19991102,0000,6135
19991103,0000,6166
19991104,0000,6171
19991105,0000,6143
19991106,0000,6200
19991107,0000,6210
19991108,0000,6212
19991109,0000,6214
19991110,0000,6217
19991111,0000,6220
19991112,0000,6226
19991113,0000,6280
19991114,0000,6260
19991115,0000,6243
19991116,0000,6186
19991117,0000,6150
19991118,0000,6182
19991119,0000,6169
19991120,0000,6151
19991121,0000,6329
19991122,0000,6165
19991123,0000,6309
19991124,0000,6226
19991125,0000,6167
19991126,0000,6200
19991127,0000,7284
19991128,0000,7376
19991129,0000,7468
19991130,0000,7481
19991201,0000,7481
19991202,0000,8700
19991203,0000,8421
19991204,0000,8503
19991205,0000,8381
19991206,0000,8349
19991207,0000,8406
19991208,0000,8036
19991209,0000,7683
19991210,0000,7554
19991211,0000,7645
19991212,0000,7699
19991213,0000,7562
19991214,0000,7069
19991215,0000,6577
19991216,0000,6090
19991217,0000,5810
19991218,0000,5600
19991219,0000,5523
19991220,0000,5532
19991221,0000,5492
19991222,0000,5500
19991223,0000,5535
19991224,0000,5398
19991225,0000,5516
19991226,0000,5473
19991227,0000,5419
19991228,0000,5280
19991229,0000,5082
19991230,0000,4833
19991231,0000,5007
20000101,0000,5000
20000102,0000,5033
20000103,0000,5000
20000104,0000,5000
20000105,0000,4809
20000106,0000,4609
20000107,0000,4500
20000108,0000,4500
20000109,0000,4500
20000110,0000,4500
20000111,0000,4500
20000112,0000,4300
20000113,0000,4120
20000114,0000,4000
20000115,0000,4000
20000116,0000,3990
20000117,0000,4021
20000118,0000,4021
20000119,0000,4046
20000120,0000,4063
20000121,0000,4285
20000122,0000,6438
20000123,0000,6500
20000124,0000,8020
20000125,0000,11667
20000126,0000,13728
20000127,0000,13936
20000128,0000,16375
20000129,0000,19380
20000130,0000,19684
20000131,0000,17179
20000201,0000,16800
20000202,0000,14463
20000203,0000,12777
20000204,0000,12500
20000205,0000,12500
20000206,0000,10796
20000207,0000,10796
20000208,0000,10796
20000209,0000,14917
20000210,0000,14645
20000211,0000,16738
20000212,0000,20217
20000213,0000,18500
20000214,0000,22458
20000215,0000,35821
20000216,0000,40393
20000217,0000,39621
20000218,0000,40282
20000219,0000,40503
20000220,0000,36286
20000221,0000,30455
20000222,0000,34471
20000223,0000,35870
20000224,0000,39810
20000225,0000,39894
20000226,0000,34265
20000227,0000,33460
20000228,0000,37465
20000229,0000,40325
20000301,0000,47562
20000302,0000,47241
20000303,0000,47312
20000304,0000,49331
20000305,0000,41774
20000306,0000,34405
20000307,0000,35050
20000308,0000,35549
20000309,0000,36000
20000310,0000,35640
20000311,0000,30371
20000312,0000,25816
20000313,0000,22035
20000314,0000,18667
20000315,0000,15881
20000316,0000,13500
20000317,0000,11688
20000318,0000,9881
20000319,0000,10326
20000320,0000,10474
20000321,0000,10029
20000322,0000,8595
20000323,0000,7377
20000324,0000,6438
20000325,0000,6173
20000326,0000,6085
20000327,0000,6138
20000328,0000,5964
20000329,0000,5817
20000330,0000,5571
20000331,0000,5206
20000401,0000,5243
20000402,0000,5144
20000403,0000,4774
20000404,0000,4955
20000405,0000,4944
20000406,0000,5070
20000407,0000,5119
20000408,0000,6545
20000409,0000,8229
20000410,0000,8500
20000411,0000,8500
20000412,0000,8387
20000413,0000,8387
20000414,0000,8570
20000415,0000,8463
20000416,0000,8401
20000417,0000,8421
20000418,0000,8425
20000419,0000,8533
20000420,0000,8517
20000421,0000,8594
20000422,0000,9000
20000423,0000,8905
20000424,0000,8939
20000425,0000,8938
20000426,0000,8897
20000427,0000,9025
20000428,0000,9025
20000429,0000,10957
20000430,0000,11000
20000501,0000,11314
20000502,0000,13077
20000503,0000,13245
20000504,0000,13308
20000505,0000,13953
20000506,0000,13450
20000507,0000,12615
20000508,0000,10607
20000509,0000,9647
20000510,0000,9585
20000511,0000,8551
20000512,0000,8382
20000513,0000,8378
20000514,0000,8896
20000515,0000,9585
20000516,0000,8504
20000517,0000,8000
20000518,0000,8715
20000519,0000,11000
20000520,0000,13000
20000521,0000,13086
20000522,0000,13279
20000523,0000,13260
20000524,0000,14371
20000525,0000,11929
20000526,0000,12506
20000527,0000,12589
20000528,0000,12833
20000529,0000,12215
20000530,0000,12297
20000531,0000,11969
20000601,0000,11713
20000602,0000,11692
20000603,0000,11985
20000604,0000,11469
20000605,0000,10611
20000606,0000,10545
20000607,0000,10490
20000608,0000,10489
20000609,0000,10542
20000610,0000,10498
20000611,0000,10585
20000612,0000,13085
20000613,0000,13886
20000614,0000,14206
20000615,0000,13893
20000616,0000,13925
20000617,0000,13985
20000618,0000,13533
20000619,0000,13649
20000620,0000,13934
20000621,0000,14083
20000622,0000,13545
20000623,0000,13825
20000624,0000,13638
20000625,0000,13637
20000626,0000,13792
20000627,0000,14138
20000628,0000,13998
20000629,0000,14200
20000630,0000,14052
20000701,0000,14443
20000702,0000,14397
20000703,0000,14211
20000704,0000,14698
20000705,0000,14238
20000706,0000,14819
20000707,0000,14743
20000708,0000,14590
20000709,0000,14646
20000710,0000,14865
20000711,0000,14805
20000712,0000,14670
20000713,0000,14707
20000714,0000,14740
20000715,0000,14699
20000716,0000,14953
20000717,0000,14963
20000718,0000,14962
20000719,0000,14904
20000720,0000,14958
20000721,0000,14889
20000722,0000,14911
20000723,0000,15000
20000724,0000,14907
20000725,0000,14989
20000726,0000,15463
20000727,0000,15900
20000728,0000,15485
20000729,0000,15838
20000730,0000,14782
20000731,0000,14723
20000801,0000,14904
20000802,0000,15203
20000803,0000,14937
20000804,0000,14354
20000805,0000,13970
20000806,0000,14176
20000807,0000,14078
20000808,0000,13142
20000809,0000,12263
20000810,0000,12152
20000811,0000,12078
20000812,0000,12175
20000813,0000,12090
20000814,0000,11936
20000815,0000,11265
20000816,0000,10978
20000817,0000,10665
20000818,0000,10006
20000819,0000,10042
20000820,0000,9975
20000821,0000,10010
20000822,0000,9991
20000823,0000,9500
20000824,0000,9500
20000825,0000,9500
20000826,0000,9500
20000827,0000,9989
20000828,0000,10000
20000829,0000,9908
20000830,0000,9604
20000831,0000,8563
20000901,0000,8044
20000902,0000,7780
20000903,0000,7312
20000904,0000,7393
20000905,0000,7499
20000906,0000,7293
20000907,0000,6900
20000908,0000,6887
20000909,0000,6787
20000910,0000,6861
20000911,0000,6921
20000912,0000,6921
20000913,0000,6980
20000914,0000,6980
20000915,0000,6980
20000916,0000,6905
20000917,0000,6905
20000918,0000,8094
20000919,0000,8739
20000920,0000,8861
20000921,0000,8837
20000922,0000,8082
20000923,0000,7963
20000924,0000,7973
20000925,0000,7919
20000926,0000,7017
20000927,0000,6567
20000928,0000,6432
20000929,0000,6358
20000930,0000,6365
20001001,0000,6370
20001002,0000,6356
20001003,0000,6269
20001004,0000,6395
20001005,0000,6343
20001006,0000,6295
20001007,0000,6248
20001008,0000,6209
20001009,0000,6329
20001010,0000,6267
20001011,0000,6317
20001012,0000,6276
20001013,0000,6276
20001014,0000,6263
20001015,0000,6263
20001016,0000,6253
20001017,0000,6263
20001018,0000,6003
20001019,0000,5800
20001020,0000,5604
20001021,0000,5400
20001022,0000,5337
20001023,0000,5285
20001024,0000,5389
20001025,0000,5285
20001026,0000,5297
20001027,0000,6378
20001028,0000,5297
20001029,0000,5501
20001030,0000,5400
20001031,0000,5400
20001101,0000,5327
20001102,0000,5256
20001103,0000,5109
20001104,0000,5214
20001105,0000,5112
20001106,0000,5159
20001107,0000,5408
20001108,0000,5558
20001109,0000,5430
20001110,0000,5651
20001111,0000,5369
20001112,0000,5386
20001113,0000,5323
20001114,0000,5442
20001115,0000,5324
20001116,0000,5457
20001117,0000,5467
20001118,0000,5418
20001119,0000,5459
20001120,0000,5472
20001121,0000,5472
20001122,0000,5371
20001123,0000,5488
20001124,0000,5448
20001125,0000,5441
20001126,0000,5388
20001127,0000,5453
20001128,0000,5537
20001129,0000,5537
20001130,0000,5519
20001201,0000,5500
20001202,0000,5304
20001203,0000,5324
20001204,0000,5329
20001205,0000,5110
20001206,0000,5112
20001207,0000,4983
20001208,0000,5016
20001209,0000,5096
20001210,0000,5012
20001211,0000,5003
20001212,0000,5016
20001213,0000,4817
20001214,0000,4616
20001215,0000,4578
20001216,0000,4492
20001217,0000,4534
20001218,0000,4590
20001219,0000,4622
20001220,0000,4623
20001221,0000,4610
20001222,0000,4598
20001223,0000,4609
20001224,0000,4592
20001225,0000,4595
20001226,0000,4620
20001227,0000,4608
20001228,0000,4575
20001229,0000,4576
20001230,0000,4647
20001231,0000,4612
20010101,0000,4603
20010102,0000,4569
20010103,0000,4558
20010104,0000,4384
20010105,0000,4187
20010106,0000,4000
20010107,0000,3983
20010108,0000,4006
20010109,0000,4023
20010110,0000,4026
20010111,0000,4080
20010112,0000,4006
20010113,0000,3993
20010114,0000,3996
20010115,0000,3996
20010116,0000,3988
20010117,0000,4012
20010118,0000,4047
20010119,0000,4021
20010120,0000,3999
20010121,0000,4017
20010122,0000,4003
20010123,0000,4002
20010124,0000,3914
20010125,0000,3819
20010126,0000,3736
20010127,0000,3721
20010128,0000,3722
20010129,0000,3511
20010130,0000,3495
20010131,0000,3503
20010201,0000,3519
20010202,0000,3505
20010203,0000,3502
20010204,0000,3500
20010205,0000,3529
20010206,0000,3428
20010207,0000,3315
20010208,0000,3276
20010209,0000,3267
20010210,0000,3266
20010211,0000,3271
20010212,0000,3299
20010213,0000,3287
20010214,0000,3263
20010215,0000,3254
20010216,0000,3309
20010217,0000,3286
20010218,0000,3290
20010219,0000,3293
20010220,0000,3278
20010221,0000,3421
20010222,0000,3339
20010223,0000,3250
20010224,0000,3284
20010225,0000,3260
20010226,0000,3223
20010227,0000,3187
20010228,0000,3272
20010301,0000,3261
20010302,0000,3256
20010303,0000,3195
20010304,0000,3275
20010305,0000,3445
20010306,0000,3384
20010307,0000,3273
20010308,0000,3267
20010309,0000,3682
20010310,0000,6546
20010311,0000,6545
20010312,0000,6521
20010313,0000,6020
20010314,0000,5804
20010315,0000,5623
20010316,0000,5445
20010317,0000,5255
20010318,0000,5018
20010319,0000,4797
20010320,0000,4497
20010321,0000,4384
20010322,0000,4202
20010323,0000,4107
20010324,0000,4197
20010325,0000,4183
20010326,0000,4204
20010327,0000,4113
20010328,0000,4192
20010329,0000,4133
20010330,0000,4151
20010331,0000,4185
20010401,0000,4123
20010402,0000,4188
20010403,0000,5844
20010404,0000,6081
20010405,0000,5935
20010406,0000,6021
20010407,0000,5939
20010408,0000,6014
20010409,0000,6099
20010410,0000,6031
20010411,0000,6115
20010412,0000,6064
20010413,0000,6064
20010414,0000,6059
20010415,0000,6062
20010416,0000,6067
20010417,0000,6067
20010418,0000,6067
20010419,0000,6067
20010420,0000,6067
20010421,0000,6069
20010422,0000,6049
20010423,0000,6067
20010424,0000,7020
20010425,0000,7519
20010426,0000,7538
20010427,0000,7541
20010428,0000,7548
20010429,0000,7548
20010430,0000,7563
20010501,0000,8421
20010502,0000,8467
20010503,0000,8452
20010504,0000,8467
20010505,0000,8366
20010506,0000,8882
20010507,0000,8824
20010508,0000,8892
20010509,0000,8884
20010510,0000,9350
20010511,0000,9391
20010512,0000,9369
20010513,0000,9333
20010514,0000,10035
20010515,0000,11358
20010516,0000,10567
20010517,0000,10426
20010518,0000,10507
20010519,0000,10536
20010520,0000,10547
20010521,0000,10633
20010522,0000,10551
20010523,0000,10550
20010524,0000,10550
20010525,0000,10271
20010526,0000,10967
20010527,0000,10966
20010528,0000,11008
20010529,0000,11072
20010530,0000,11038
20010531,0000,11108
20010601,0000,11031
20010602,0000,11034
20010603,0000,11037
20010604,0000,11045
20010605,0000,12013
20010606,0000,12906
20010607,0000,12900
20010608,0000,12892
20010609,0000,13818
20010610,0000,13803
20010611,0000,13721
20010612,0000,13807
20010613,0000,13805
20010614,0000,14056
20010615,0000,14121
20010616,0000,14426
20010617,0000,14464
20010618,0000,14492
20010619,0000,14526
20010620,0000,14313
20010621,0000,14586
20010622,0000,14669
20010623,0000,14215
20010624,0000,14240
20010625,0000,14240
20010626,0000,14257
20010627,0000,14257
20010628,0000,14192
20010629,0000,14148
20010630,0000,14127
20010701,0000,14078
20010702,0000,14352
20010703,0000,14171
20010704,0000,14203
20010705,0000,14534
20010706,0000,14743
20010707,0000,14799
20010708,0000,14541
20010709,0000,14582
20010710,0000,14626
20010711,0000,14798
20010712,0000,14958
20010713,0000,14995
20010714,0000,15175
20010715,0000,15290
20010716,0000,15004
20010717,0000,14839
20010718,0000,14856
20010719,0000,14952
20010720,0000,14900
20010721,0000,15033
20010722,0000,14775
20010723,0000,15053
20010724,0000,15015
20010725,0000,15002
20010726,0000,15130
20010727,0000,14955
20010728,0000,14961
20010729,0000,14051
20010730,0000,14079
20010731,0000,13843
20010801,0000,12951
20010802,0000,12861
20010803,0000,12518
20010804,0000,12475
20010805,0000,12469
20010806,0000,12501
20010807,0000,12520
20010808,0000,12039
20010809,0000,12501
20010810,0000,12505
20010811,0000,11834
20010812,0000,11782
20010813,0000,11792
20010814,0000,11817
20010815,0000,11114
20010816,0000,11052
20010817,0000,11013
20010818,0000,10361
20010819,0000,10287
20010820,0000,10253
20010821,0000,9504
20010822,0000,9294
20010823,0000,9298
20010824,0000,9672
20010825,0000,9960
20010826,0000,10088
20010827,0000,10128
20010828,0000,9416
20010829,0000,9309
20010830,0000,9300
20010831,0000,9385
20010901,0000,9399
20010902,0000,9371
20010903,0000,9325
20010904,0000,9329
20010905,0000,9329
20010906,0000,9326
20010907,0000,8951
20010908,0000,8908
20010909,0000,8944
20010910,0000,8492
20010911,0000,8011
20010912,0000,8011
20010913,0000,8033
20010914,0000,8056
20010915,0000,8053
20010916,0000,8049
20010917,0000,8053
20010918,0000,8293
20010919,0000,8537
20010920,0000,8553
20010921,0000,8545
20010922,0000,8534
20010923,0000,8549
20010924,0000,8522
20010925,0000,8558
20010926,0000,8124
20010927,0000,7625
20010928,0000,7572
20010929,0000,7584
20010930,0000,7610
20011001,0000,7617
20011002,0000,7647
20011003,0000,7712
20011004,0000,7647
20011005,0000,6859
20011006,0000,6112
20011007,0000,6014
20011008,0000,6018
20011009,0000,6015
20011010,0000,5827
20011011,0000,5637
20011012,0000,5427
20011013,0000,5403
20011014,0000,5421
20011015,0000,5412
20011016,0000,5401
20011017,0000,5402
20011018,0000,5420
20011019,0000,5423
20011020,0000,5627
20011021,0000,5872
20011022,0000,5876
20011023,0000,5902
20011024,0000,5878
20011025,0000,5776
20011026,0000,5749
20011027,0000,5899
20011028,0000,6125
20011029,0000,5836
20011030,0000,5847
20011031,0000,5871
20011101,0000,5706
20011102,0000,5642
20011103,0000,5485
20011104,0000,5477
20011105,0000,5458
20011106,0000,5300
20011107,0000,5141
20011108,0000,5149
20011109,0000,5136
20011110,0000,5100
20011111,0000,5096
20011112,0000,4959
20011113,0000,4774
20011114,0000,4565
20011115,0000,4542
20011116,0000,4419
20011117,0000,4368
20011118,0000,4311
20011119,0000,4373
20011120,0000,4151
20011121,0000,4068
20011122,0000,4068
20011123,0000,4130
20011124,0000,3996
20011125,0000,4031
20011126,0000,4012
20011127,0000,3985
20011128,0000,3763
20011129,0000,3604
20011130,0000,3776
20011201,0000,3832
20011202,0000,3818
20011203,0000,3805
20011204,0000,3805
20011205,0000,3805
20011206,0000,3808
20011207,0000,3809
20011208,0000,3809
20011209,0000,3784
20011210,0000,3791
20011211,0000,3811
20011212,0000,3794
20011213,0000,3804
20011214,0000,3814
20011215,0000,3809
20011216,0000,3805
20011217,0000,3806
20011218,0000,3804
20011219,0000,3803
20011220,0000,3812
20011221,0000,3871
20011222,0000,3683
20011223,0000,3721
20011224,0000,3645
20011225,0000,3612
20011226,0000,3651
20011227,0000,3653
20011228,0000,3652
20011229,0000,3655
20011230,0000,3648
20011231,0000,3645
20020101,0000,3655
20020102,0000,7702
20020103,0000,14513
20020104,0000,13226
20020105,0000,11263
20020106,0000,11002
20020107,0000,10982
20020108,0000,11053
20020109,0000,9659
20020110,0000,9553
20020111,0000,8598
20020112,0000,8047
20020113,0000,7565
20020114,0000,7067
20020115,0000,6557
20020116,0000,6581
20020117,0000,5824
20020118,0000,5611
20020119,0000,5456
20020120,0000,5240
20020121,0000,5037
20020122,0000,4804
20020123,0000,4601
20020124,0000,4406
20020125,0000,4192
20020126,0000,3999
20020127,0000,3996
20020128,0000,4000
20020129,0000,4006
20020130,0000,4030
20020131,0000,4004
20020201,0000,4005
20020202,0000,3990
20020203,0000,3992
20020204,0000,3994
20020205,0000,3989
20020206,0000,3989
20020207,0000,4037
20020208,0000,4006
20020209,0000,4002
20020210,0000,3990
20020211,0000,4011
20020212,0000,4012
20020213,0000,4000
20020214,0000,4039
20020215,0000,4006
20020216,0000,4006
20020217,0000,3971
20020218,0000,4056
20020219,0000,3916
20020220,0000,4000
20020221,0000,3972
20020222,0000,4001
20020223,0000,4003
20020224,0000,3902
20020225,0000,3813
20020226,0000,3831
20020227,0000,6174
20020228,0000,6257
20020301,0000,6286
20020302,0000,6254
20020303,0000,6248
20020304,0000,6249
20020305,0000,6252
20020306,0000,6241
20020307,0000,6208
20020308,0000,6224
20020309,0000,6020
20020310,0000,5824
20020311,0000,5614
20020312,0000,5523
20020313,0000,5607
20020314,0000,5610
20020315,0000,5615
20020316,0000,5410
20020317,0000,5385
20020318,0000,5433
20020319,0000,5449
20020320,0000,5247
20020321,0000,5053
20020322,0000,4729
20020323,0000,4602
20020324,0000,4397
20020325,0000,4206
20020326,0000,3928
20020327,0000,3992
20020328,0000,4044
20020329,0000,4051
20020330,0000,4049
20020331,0000,3967
20020401,0000,4046
20020402,0000,4056
20020403,0000,4068
20020404,0000,4052
20020405,0000,4051
20020406,0000,4055
20020407,0000,4051
20020408,0000,4033
20020409,0000,4024
20020410,0000,4015
20020411,0000,3997
20020412,0000,4012
20020413,0000,4403
20020414,0000,5029
20020415,0000,5545
20020416,0000,5526
20020417,0000,5518
20020418,0000,5522
20020419,0000,6036
20020420,0000,5944
20020421,0000,6032
20020422,0000,6458
20020423,0000,7023
20020424,0000,7021
20020425,0000,7506
20020426,0000,7525
20020427,0000,7994
20020428,0000,8034
20020429,0000,8009
20020430,0000,8023
20020501,0000,7951
20020502,0000,7656
20020503,0000,7517
20020504,0000,8177
20020505,0000,8181
20020506,0000,8159
20020507,0000,8177
20020508,0000,8180
20020509,0000,7990
20020510,0000,7982
20020511,0000,8465
20020512,0000,8444
20020513,0000,8509
20020514,0000,10110
20020515,0000,11025
20020516,0000,10366
20020517,0000,10361
20020518,0000,10355
20020519,0000,10275
20020520,0000,10370
20020521,0000,9605
20020522,0000,9548
20020523,0000,9497
20020524,0000,9543
20020525,0000,9949
20020526,0000,10567
20020527,0000,10568
20020528,0000,10540
20020529,0000,10555
20020530,0000,10560
20020531,0000,10554
20020601,0000,10466
20020602,0000,10545
20020603,0000,10554
20020604,0000,10753
20020605,0000,10462
20020606,0000,10547
20020607,0000,11022
20020608,0000,11033
20020609,0000,11032
20020610,0000,11042
20020611,0000,11560
20020612,0000,11790
20020613,0000,12507
20020614,0000,13204
20020615,0000,13450
20020616,0000,13531
20020617,0000,13521
20020618,0000,13987
20020619,0000,13990
20020620,0000,14034
20020621,0000,14031
20020622,0000,14436
20020623,0000,14485
20020624,0000,14480
20020625,0000,14470
20020626,0000,14460
20020627,0000,14455
20020628,0000,14484
20020629,0000,14057
20020630,0000,14048
20020701,0000,14030
20020702,0000,14115
20020703,0000,14035
20020704,0000,14519
20020705,0000,14520
20020706,0000,14490
20020707,0000,14299
20020708,0000,14493
20020709,0000,14508
20020710,0000,14496
20020711,0000,14483
20020712,0000,14975
20020713,0000,14978
20020714,0000,14966
20020715,0000,15059
20020716,0000,14978
20020717,0000,14991
20020718,0000,14956
20020719,0000,14930
20020720,0000,14961
20020721,0000,14826
20020722,0000,14916
20020723,0000,14908
20020724,0000,14898
20020725,0000,14933
20020726,0000,14497
20020727,0000,14499
20020728,0000,14474
20020729,0000,14487
20020730,0000,13987
20020731,0000,13473
20020801,0000,13620
20020802,0000,13497
20020803,0000,13500
20020804,0000,13501
20020805,0000,13503
20020806,0000,13490
20020807,0000,13020
20020808,0000,12550
20020809,0000,12050
20020810,0000,12042
20020811,0000,12031
20020812,0000,12023
20020813,0000,12047
20020814,0000,12035
20020815,0000,11561
20020816,0000,11525
20020817,0000,11049
20020818,0000,11058
20020819,0000,11056
20020820,0000,10149
20020821,0000,9608
20020822,0000,8961
20020823,0000,8117
20020824,0000,7844
20020825,0000,7847
20020826,0000,8098
20020827,0000,9212
20020828,0000,9518
20020829,0000,8588
20020830,0000,7578
20020831,0000,7509
20020901,0000,7509
20020902,0000,7517
20020903,0000,7501
20020904,0000,7227
20020905,0000,7222
20020906,0000,7995
20020907,0000,8031
20020908,0000,7999
20020909,0000,8005
20020910,0000,7997
20020911,0000,7997
20020912,0000,8050
20020913,0000,8035
20020914,0000,8034
20020915,0000,8014
20020916,0000,8010
20020917,0000,8006
20020918,0000,7942
20020919,0000,7649
20020920,0000,7608
20020921,0000,7596
20020922,0000,7599
20020923,0000,7614
20020924,0000,7619
20020925,0000,7608
20020926,0000,7611
20020927,0000,7604
20020928,0000,7065
20020929,0000,7008
20020930,0000,7027
20021001,0000,7014
20021002,0000,6193
20021003,0000,6148
20021004,0000,5953
20021005,0000,5944
20021006,0000,5948
20021007,0000,5944
20021008,0000,5941
20021009,0000,6007
20021010,0000,6148
20021011,0000,6146
20021012,0000,7008
20021013,0000,7059
20021014,0000,7042
20021015,0000,7041
20021016,0000,7053
20021017,0000,7542
20021018,0000,7565
20021019,0000,7548
20021020,0000,7562
20021021,0000,7523
20021022,0000,7474
20021023,0000,7564
20021024,0000,7577
20021025,0000,7539
20021026,0000,7552
20021027,0000,7853
20021028,0000,7534
20021029,0000,7542
20021030,0000,7544
20021031,0000,7540
20021101,0000,7556
20021102,0000,7533
20021103,0000,7519
20021104,0000,7524
20021105,0000,6964
20021106,0000,6134
20021107,0000,6042
20021108,0000,6028
20021109,0000,6041
20021110,0000,6032
20021111,0000,6041
20021112,0000,6042
20021113,0000,5843
20021114,0000,5648
20021115,0000,5448
20021116,0000,5212
20021117,0000,5239
20021118,0000,5238
20021119,0000,5244
20021120,0000,4986
20021121,0000,4789
20021122,0000,4607
20021123,0000,4598
20021124,0000,4580
20021125,0000,4588
20021126,0000,4605
20021127,0000,4611
20021128,0000,5179
20021129,0000,5234
20021130,0000,5216
20021201,0000,5226
20021202,0000,5217
20021203,0000,5231
20021204,0000,5242
20021205,0000,5245
20021206,0000,5046
20021207,0000,5032
20021208,0000,5028
20021209,0000,5032
20021210,0000,5046
20021211,0000,4945
20021212,0000,4846
20021213,0000,4736
20021214,0000,4675
20021215,0000,4622
20021216,0000,4555
20021217,0000,4321
20021218,0000,4197
20021219,0000,4116
20021220,0000,4010
20021221,0000,4069
20021222,0000,4013
20021223,0000,4003
20021224,0000,4001
20021225,0000,4015
20021226,0000,6763
20021227,0000,10018
20021228,0000,10116
20021229,0000,10034
20021230,0000,8687
20021231,0000,11857
20030101,0000,14689
20030102,0000,14602
20030103,0000,14068
20030104,0000,12313
20030105,0000,11965
20030106,0000,12014
20030107,0000,10493
20030108,0000,8926
20030109,0000,7694
20030110,0000,6680
20030111,0000,6513
20030112,0000,6507
20030113,0000,9858
20030114,0000,14905
20030115,0000,14736
20030116,0000,14614
20030117,0000,14538
20030118,0000,14331
20030119,0000,14417
20030120,0000,14224
20030121,0000,14839
20030122,0000,14678
20030123,0000,18000
20030124,0000,18684
20030125,0000,18080
20030126,0000,17998
20030127,0000,17716
20030128,0000,17682
20030129,0000,15602
20030130,0000,13697
20030131,0000,13366
20030201,0000,11846
20030202,0000,10218
20030203,0000,8652
20030204,0000,7369
20030205,0000,6504
20030206,0000,6034
20030207,0000,5932
20030208,0000,5938
20030209,0000,6028
20030210,0000,6283
20030211,0000,11645
20030212,0000,11958
20030213,0000,11950
20030214,0000,11981
20030215,0000,11997
20030216,0000,10659
20030217,0000,9104
20030218,0000,10550
20030219,0000,13012
20030220,0000,12530
20030221,0000,12451
20030222,0000,10925
20030223,0000,10692
20030224,0000,10717
20030225,0000,9426
20030226,0000,8047
20030227,0000,7031
20030228,0000,6050
20030301,0000,5838
20030302,0000,5560
20030303,0000,5448
20030304,0000,5168
20030305,0000,5046
20030306,0000,4843
20030307,0000,4569
20030308,0000,4481
20030309,0000,4264
20030310,0000,4019
20030311,0000,3994
20030312,0000,4002
20030313,0000,4018
20030314,0000,3984
20030315,0000,4143
20030316,0000,4013
20030317,0000,4018
20030318,0000,4008
20030319,0000,4006
20030320,0000,3987
20030321,0000,3990
20030322,0000,3908
20030323,0000,3809
20030324,0000,3706
20030325,0000,3748
20030326,0000,3754
20030327,0000,3738
20030328,0000,3733
20030329,0000,3753
20030330,0000,3643
20030331,0000,3573
20030401,0000,3592
20030402,0000,3555
20030403,0000,3514
20030404,0000,3521
20030405,0000,3511
20030406,0000,3510
20030407,0000,3515
20030408,0000,3525
20030409,0000,3520
20030410,0000,3436
20030411,0000,3428
20030412,0000,3399
20030413,0000,3502
20030414,0000,3523
20030415,0000,3505
20030416,0000,4467
20030417,0000,4490
20030418,0000,4470
20030419,0000,5500
20030420,0000,5520
20030421,0000,5502
20030422,0000,7428
20030423,0000,9827
20030424,0000,14728
20030425,0000,14730
20030426,0000,14062
20030427,0000,13958
20030428,0000,13732
20030429,0000,28336
20030430,0000,29663
20030501,0000,29576
20030502,0000,29233
20030503,0000,29785
20030504,0000,27366
20030505,0000,25014
20030506,0000,21121
20030507,0000,17999
20030508,0000,16058
20030509,0000,13795
20030510,0000,11742
20030511,0000,10206
20030512,0000,9753
20030513,0000,12534
20030514,0000,14285
20030515,0000,14409
20030516,0000,14350
20030517,0000,14275
20030518,0000,14111
20030519,0000,14112
20030520,0000,14137
20030521,0000,14159
20030522,0000,14259
20030523,0000,14223
20030524,0000,12756
20030525,0000,12701
20030526,0000,13530
20030527,0000,13538
20030528,0000,13440
20030529,0000,13490
20030530,0000,13145
20030531,0000,12130
20030601,0000,12112
20030602,0000,13034
20030603,0000,13041
20030604,0000,13120
20030605,0000,13041
20030606,0000,13146
20030607,0000,12847
20030608,0000,13015
20030609,0000,13018
20030610,0000,12993
20030611,0000,14002
20030612,0000,13957
20030613,0000,13962
20030614,0000,13949
20030615,0000,13994
20030616,0000,14006
20030617,0000,14074
20030618,0000,14005
20030619,0000,13618
20030620,0000,13137
20030621,0000,12536
20030622,0000,12066
20030623,0000,11561
20030624,0000,11554
20030625,0000,11548
20030626,0000,11555
20030627,0000,11847
20030628,0000,12081
20030629,0000,12385
20030630,0000,12459
20030701,0000,12042
20030702,0000,11509
20030703,0000,11532
20030704,0000,12047
20030705,0000,12015
20030706,0000,12006
20030707,0000,12015
20030708,0000,12524
20030709,0000,13391
20030710,0000,14264
20030711,0000,14428
20030712,0000,14408
20030713,0000,14414
20030714,0000,14332
20030715,0000,14351
20030716,0000,14355
20030717,0000,14405
20030718,0000,14412
20030719,0000,14354
20030720,0000,14407
20030721,0000,14314
20030722,0000,14256
20030723,0000,14393
20030724,0000,14369
20030725,0000,14261
20030726,0000,14900
20030727,0000,14995
20030728,0000,15067
20030729,0000,15036
20030730,0000,15151
20030731,0000,14850
20030801,0000,14701
20030802,0000,14312
20030803,0000,14221
20030804,0000,14084
20030805,0000,14025
20030806,0000,13839
20030807,0000,12981
20030808,0000,11632
20030809,0000,10227
20030810,0000,10032
20030811,0000,10025
20030812,0000,10023
20030813,0000,10009
20030814,0000,10015
20030815,0000,10000
20030816,0000,9016
20030817,0000,8943
20030818,0000,8925
20030819,0000,8939
20030820,0000,8934
20030821,0000,8292
20030822,0000,8205
20030823,0000,8195
20030824,0000,8197
20030825,0000,8537
20030826,0000,8945
20030827,0000,8897
20030828,0000,8917
20030829,0000,8879
20030830,0000,8845
20030831,0000,8834
20030901,0000,8908
20030902,0000,8941
20030903,0000,8550
20030904,0000,8050
20030905,0000,7438
20030906,0000,7022
20030907,0000,7011
20030908,0000,7024
20030909,0000,6989
20030910,0000,6995
20030911,0000,7764
20030912,0000,8240
20030913,0000,8497
20030914,0000,8462
20030915,0000,8481
20030916,0000,7626
20030917,0000,7520
20030918,0000,7507
20030919,0000,7522
20030920,0000,7528
20030921,0000,7530
20030922,0000,7525
20030923,0000,7529
20030924,0000,7528
20030925,0000,7503
20030926,0000,7523
20030927,0000,7516
20030928,0000,7524
20030929,0000,7518
20030930,0000,7035
20031001,0000,7023
20031002,0000,7019
20031003,0000,7021
20031004,0000,7010
20031005,0000,7009
20031006,0000,7017
20031007,0000,6570
20031008,0000,6535
20031009,0000,6542
20031010,0000,6529
20031011,0000,6543
20031012,0000,6532
20031013,0000,6530
20031014,0000,6529
20031015,0000,6537
20031016,0000,6548
20031017,0000,6617
20031018,0000,6808
20031019,0000,6821
20031020,0000,6823
20031021,0000,6833
20031022,0000,6768
20031023,0000,6825
20031024,0000,6826
20031025,0000,6829
20031026,0000,7112
20031027,0000,6823
20031028,0000,7027
20031029,0000,7040
20031030,0000,7034
20031031,0000,7020
20031101,0000,7016
20031102,0000,7008
20031103,0000,6839
20031104,0000,6988
20031105,0000,6838
20031106,0000,6460
20031107,0000,6064
20031108,0000,6126
20031109,0000,6021
20031110,0000,5990
20031111,0000,5824
20031112,0000,5618
20031113,0000,5624
20031114,0000,5614
20031115,0000,5424
20031116,0000,5401
20031117,0000,5336
20031118,0000,5212
20031119,0000,5026
20031120,0000,5003
20031121,0000,5008
20031122,0000,5002
20031123,0000,5005
20031124,0000,5015
20031125,0000,5039
20031126,0000,5019
20031127,0000,5015
20031128,0000,5004
20031129,0000,5003
20031130,0000,5012
20031201,0000,4995
20031202,0000,4806
20031203,0000,4637
20031204,0000,4630
20031205,0000,4553
20031206,0000,4672
20031207,0000,4452
20031208,0000,4425
20031209,0000,4495
20031210,0000,4542
20031211,0000,4558
20031212,0000,4549
20031213,0000,4560
20031214,0000,4762
20031215,0000,6235
20031216,0000,9034
20031217,0000,9058
20031218,0000,9039
20031219,0000,9041
20031220,0000,9031
20031221,0000,9029
20031222,0000,11274
20031223,0000,14714
20031224,0000,14492
20031225,0000,14344
20031226,0000,14593
20031227,0000,14769
20031228,0000,14748
20031229,0000,10412
20031230,0000,10180
20031231,0000,10168
20040101,0000,10076
20040102,0000,10920
20040103,0000,13109
20040104,0000,13109
20040105,0000,12426
20040106,0000,12778
20040107,0000,12915
20040108,0000,12902
20040109,0000,11567
20040110,0000,10072
20040111,0000,8700
20040112,0000,8541
20040113,0000,7638
20040114,0000,6675
20040115,0000,6558
20040116,0000,6037
20040117,0000,5840
20040118,0000,5632
20040119,0000,5430
20040120,0000,5228
20040121,0000,5039
20040122,0000,4827
20040123,0000,4630
20040124,0000,4544
20040125,0000,4543
20040126,0000,4529
20040127,0000,4484
20040128,0000,4482
20040129,0000,4491
20040130,0000,4475
20040131,0000,4494
20040201,0000,4496
20040202,0000,4487
20040203,0000,4489
20040204,0000,4489
20040205,0000,4499
20040206,0000,4485
20040207,0000,4494
20040208,0000,4503
20040209,0000,4477
20040210,0000,4483
20040211,0000,4485
20040212,0000,4503
20040213,0000,4494
20040214,0000,4482
20040215,0000,4480
20040216,0000,4514
20040217,0000,8462
20040218,0000,32319
20040219,0000,48802
20040220,0000,48183
20040221,0000,50005
20040222,0000,49817
20040223,0000,49283
20040224,0000,49267
20040225,0000,27923
20040226,0000,34919
20040227,0000,50061
20040228,0000,50151
20040229,0000,48945
20040301,0000,48587
20040302,0000,48805
20040303,0000,48284
20040304,0000,41016
20040305,0000,34043
20040306,0000,29723
20040307,0000,25045
20040308,0000,21364
20040309,0000,17870
20040310,0000,15723
20040311,0000,13820
20040312,0000,11849
20040313,0000,10104
20040314,0000,8690
20040315,0000,7405
20040316,0000,6352
20040317,0000,6000
20040318,0000,5825
20040319,0000,5577
20040320,0000,5376
20040321,0000,5186
20040322,0000,4961
20040323,0000,4817
20040324,0000,4589
20040325,0000,4518
20040326,0000,4596
20040327,0000,4747
20040328,0000,4493
20040329,0000,4432
20040330,0000,4346
20040331,0000,4499
20040401,0000,4540
20040402,0000,6032
20040403,0000,5965
20040404,0000,6021
20040405,0000,6052
20040406,0000,6137
20040407,0000,12516
20040408,0000,13341
20040409,0000,13915
20040410,0000,13817
20040411,0000,13813
20040412,0000,12010
20040413,0000,10319
20040414,0000,10277
20040415,0000,10207
20040416,0000,8697
20040417,0000,7578
20040418,0000,6479
20040419,0000,6041
20040420,0000,6033
20040421,0000,6039
20040422,0000,6047
20040423,0000,6110
20040424,0000,6649
20040425,0000,7088
20040426,0000,7513
20040427,0000,7799
20040428,0000,8055
20040429,0000,8483
20040430,0000,8478
20040501,0000,8951
20040502,0000,8970
20040503,0000,9164
20040504,0000,9590
20040505,0000,10018
20040506,0000,11186
20040507,0000,m
20040508,0000,m
20040509,0000,10430
20040510,0000,10363
20040511,0000,9469
20040512,0000,9001
20040513,0000,9016
20040514,0000,9026
20040515,0000,9019
20040516,0000,9020
20040517,0000,8971
20040518,0000,8373
20040519,0000,8339
20040520,0000,8001
20040521,0000,8053
20040522,0000,8463
20040523,0000,8514
20040524,0000,8595
20040525,0000,9525
20040526,0000,9620
20040527,0000,10503
20040528,0000,10483
20040529,0000,11047
20040530,0000,11032
20040531,0000,11009
20040601,0000,11006
20040602,0000,11017
20040603,0000,11036
20040604,0000,11251
20040605,0000,13449
20040606,0000,13489
20040607,0000,13920
20040608,0000,13634
20040609,0000,13917
20040610,0000,13934
20040611,0000,13910
20040612,0000,13915
20040613,0000,13912
20040614,0000,13900
20040615,0000,14562
20040616,0000,14900
20040617,0000,14972
20040618,0000,14631
20040619,0000,14970
20040620,0000,14809
20040621,0000,14679
20040622,0000,14635
20040623,0000,14728
20040624,0000,14806
20040625,0000,14730
20040626,0000,14876
20040627,0000,14758
20040628,0000,14736
20040629,0000,14513
20040630,0000,14591
20040701,0000,14638
20040702,0000,14726
20040703,0000,14735
20040704,0000,14677
20040705,0000,14688
20040706,0000,14619
20040707,0000,14509
20040708,0000,14682
20040709,0000,14878
20040710,0000,15530
20040711,0000,14954
20040712,0000,14888
20040713,0000,14929
20040714,0000,14881
20040715,0000,14804
20040716,0000,14847
20040717,0000,14713
20040718,0000,14752
20040719,0000,14638
20040720,0000,14817
20040721,0000,15629
20040722,0000,16059
20040723,0000,16309
20040724,0000,16084
20040725,0000,16051
20040726,0000,15998
20040727,0000,15631
20040728,0000,15466
20040729,0000,14472
20040730,0000,14410
20040731,0000,14484
20040801,0000,14386
20040802,0000,14398
20040803,0000,13905
20040804,0000,13419
20040805,0000,13279
20040806,0000,13027
20040807,0000,12432
20040808,0000,12480
20040809,0000,12518
20040810,0000,12476
20040811,0000,12055
20040812,0000,11568
20040813,0000,10959
20040814,0000,10573
20040815,0000,10520
20040816,0000,10505
20040817,0000,10441
20040818,0000,10075
20040819,0000,9582
20040820,0000,9542
20040821,0000,9495
20040822,0000,9520
20040823,0000,9354
20040824,0000,9049
20040825,0000,9477
20040826,0000,10031
20040827,0000,10007
20040828,0000,9547
20040829,0000,9510
20040830,0000,9525
20040831,0000,9027
20040901,0000,8511
20040902,0000,8480
20040903,0000,8963
20040904,0000,8963
20040905,0000,8964
20040906,0000,8962
20040907,0000,8952
20040908,0000,8962
20040909,0000,8954
20040910,0000,8959
20040911,0000,8992
20040912,0000,8961
20040913,0000,8948
20040914,0000,8963
20040915,0000,8960
20040916,0000,8957
20040917,0000,8892
20040918,0000,8972
20040919,0000,8959
20040920,0000,8983
20040921,0000,8440
20040922,0000,8375
20040923,0000,8389
20040924,0000,8035
20040925,0000,8031
20040926,0000,8025
20040927,0000,8000
20040928,0000,7579
20040929,0000,7529
20040930,0000,7542
20041001,0000,7104
20041002,0000,7045
20041003,0000,7058
20041004,0000,7039
20041005,0000,7048
20041006,0000,7040
20041007,0000,7048
20041008,0000,7039
20041009,0000,7487
20041010,0000,7492
20041011,0000,7518
20041012,0000,7494
20041013,0000,7518
20041014,0000,7518
20041015,0000,7760
20041016,0000,7977
20041017,0000,7977
20041018,0000,8009
20041019,0000,7947
20041020,0000,7561
20041021,0000,7062
20041022,0000,7036
20041023,0000,6955
20041024,0000,7019
20041025,0000,7000
20041026,0000,7008
20041027,0000,6560
20041028,0000,6497
20041029,0000,6083
20041030,0000,6021
20041031,0000,6259
20041101,0000,6026
20041102,0000,5832
20041103,0000,5527
20041104,0000,5560
20041105,0000,5339
20041106,0000,5224
20041107,0000,5200
20041108,0000,5207
20041109,0000,5019
20041110,0000,4800
20041111,0000,4584
20041112,0000,4525
20041113,0000,4288
20041114,0000,4118
20041115,0000,4037
20041116,0000,4001
20041117,0000,3996
20041118,0000,4058
20041119,0000,4003
20041120,0000,4005
20041121,0000,4009
20041122,0000,3996
20041123,0000,3994
20041124,0000,3995
20041125,0000,4000
20041126,0000,4013
20041127,0000,4283
20041128,0000,4303
20041129,0000,4281
20041130,0000,4284
20041201,0000,4285
20041202,0000,4113
20041203,0000,4007
20041204,0000,4006
20041205,0000,4007
20041206,0000,4008
20041207,0000,3998
20041208,0000,3999
20041209,0000,4011
20041210,0000,4007
20041211,0000,3997
20041212,0000,4005
20041213,0000,3995
20041214,0000,4012
20041215,0000,4004
20041216,0000,4010
20041217,0000,4005
20041218,0000,4006
20041219,0000,4002
20041220,0000,4009
20041221,0000,4015
20041222,0000,4002
20041223,0000,4010
20041224,0000,4482
20041225,0000,4485
20041226,0000,4485
20041227,0000,4512
20041228,0000,4557
20041229,0000,4100
20041230,0000,4017
20041231,0000,4013
20050101,0000,4131
20050102,0000,4043
20050103,0000,4042
20050104,0000,4029
20050105,0000,4063
20050106,0000,3959
20050107,0000,4124
20050108,0000,4206
20050109,0000,4107
20050110,0000,3924
20050111,0000,3723
20050112,0000,3785
20050113,0000,3815
20050114,0000,3744
20050115,0000,3722
20050116,0000,3729
20050117,0000,3707
20050118,0000,3700
20050119,0000,3717
20050120,0000,3710
20050121,0000,3704
20050122,0000,3701
20050123,0000,3697
20050124,0000,3705
20050125,0000,3709
20050126,0000,3695
20050127,0000,3714
20050128,0000,3868
20050129,0000,3729
20050130,0000,3721
20050131,0000,3718
20050201,0000,3681
20050202,0000,3718
20050203,0000,3701
20050204,0000,3732
20050205,0000,3716
20050206,0000,3702
20050207,0000,3705
20050208,0000,3710
20050209,0000,3699
20050210,0000,3703
20050211,0000,3741
20050212,0000,3742
20050213,0000,3744
20050214,0000,3727
20050215,0000,3720
20050216,0000,3729
20050217,0000,3745
20050218,0000,3746
20050219,0000,3740
20050220,0000,3700
20050221,0000,3827
20050222,0000,3714
20050223,0000,3432
20050224,0000,3793
20050225,0000,3743
20050226,0000,3770
20050227,0000,3755
20050228,0000,3752
20050301,0000,3765
20050302,0000,3762
20050303,0000,3776
20050304,0000,3785
20050305,0000,3780
20050306,0000,3778
20050307,0000,3786
20050308,0000,3780
20050309,0000,3770
20050310,0000,3783
20050311,0000,3773
20050312,0000,3773
20050313,0000,3781
20050314,0000,3784
20050315,0000,3770
20050316,0000,3778
20050317,0000,3788
20050318,0000,3797
20050319,0000,3793
20050320,0000,3792
20050321,0000,3797
20050322,0000,3928
20050323,0000,4006
20050324,0000,3798
20050325,0000,3806
20050326,0000,3804
20050327,0000,3796
20050328,0000,3827
20050329,0000,3794
20050330,0000,3803
20050331,0000,3783
20050401,0000,3786
20050402,0000,3789
20050403,0000,3783
20050404,0000,3785
20050405,0000,3791
20050406,0000,3788
20050407,0000,3784
20050408,0000,3782
20050409,0000,3720
20050410,0000,3756
20050411,0000,3721
20050412,0000,3667
20050413,0000,3669
20050414,0000,3742
20050415,0000,3730
20050416,0000,3776
20050417,0000,3768
20050418,0000,3770
20050419,0000,3775
20050420,0000,3777
20050421,0000,3780
20050422,0000,3775
20050423,0000,3783
20050424,0000,4932
20050425,0000,4995
20050426,0000,5124
20050427,0000,5050
20050428,0000,5082
20050429,0000,4877
20050430,0000,5090
20050501,0000,5091
20050502,0000,5418
20050503,0000,5811
20050504,0000,5588
20050505,0000,6010
20050506,0000,6037
20050507,0000,6045
20050508,0000,6045
20050509,0000,7067
20050510,0000,11618
20050511,0000,16017
20050512,0000,19735
20050513,0000,19592
20050514,0000,19801
20050515,0000,19789
20050516,0000,10220
20050517,0000,37697
20050518,0000,29149
20050519,0000,25105
20050520,0000,20390
20050521,0000,20149
20050522,0000,20176
20050523,0000,20086
20050524,0000,9200
20050525,0000,14449
20050526,0000,14602
20050527,0000,14365
20050528,0000,14380
20050529,0000,14273
20050530,0000,12901
20050531,0000,12971
20050601,0000,12872
20050602,0000,12602
20050603,0000,11881
20050604,0000,11915
20050605,0000,11956
20050606,0000,11530
20050607,0000,11860
20050608,0000,11869
20050609,0000,11818
20050610,0000,11886
20050611,0000,11904
20050612,0000,11859
20050613,0000,11887
20050614,0000,11896
20050615,0000,11913
20050616,0000,11110
20050617,0000,10535
20050618,0000,10532
20050619,0000,10524
20050620,0000,10523
20050621,0000,11050
20050622,0000,12002
20050623,0000,12893
20050624,0000,12967
20050625,0000,12968
20050626,0000,12984
20050627,0000,12978
20050628,0000,13014
20050629,0000,12962
20050630,0000,12973
20050701,0000,12961
20050702,0000,13811
20050703,0000,13816
20050704,0000,13815
20050705,0000,14114
20050706,0000,13967
20050707,0000,13547
20050708,0000,13709
20050709,0000,14079
20050710,0000,14225
20050711,0000,14281
20050712,0000,15186
20050713,0000,15109
20050714,0000,14904
20050715,0000,15320
20050716,0000,15274
20050717,0000,15229
20050718,0000,15319
20050719,0000,15116
20050720,0000,15247
20050721,0000,15228
20050722,0000,14972
20050723,0000,14196
20050724,0000,14213
20050725,0000,14377
20050726,0000,14367
20050727,0000,13686
20050728,0000,13153
20050729,0000,12571
20050730,0000,12712
20050731,0000,12747
20050801,0000,12742
20050802,0000,13039
20050803,0000,13078
20050804,0000,12981
20050805,0000,12547
20050806,0000,12664
20050807,0000,12094
20050808,0000,12328
20050809,0000,11482
20050810,0000,10277
20050811,0000,10058
20050812,0000,10052
20050813,0000,m
20050814,0000,9520
20050815,0000,9970
20050816,0000,9866
20050817,0000,9812
20050818,0000,10059
20050819,0000,10069
20050820,0000,9603
20050821,0000,9568
20050822,0000,9690
20050823,0000,9882
20050824,0000,9569
20050825,0000,9554
20050826,0000,9530
20050827,0000,9565
20050828,0000,9575
20050829,0000,9580
20050830,0000,9546
20050831,0000,9557
20050901,0000,9517
20050902,0000,9558
20050903,0000,9570
20050904,0000,9083
20050905,0000,8621
20050906,0000,8558
20050907,0000,8522
20050908,0000,8561
20050909,0000,8560
20050910,0000,8556
20050911,0000,8540
20050912,0000,8537
20050913,0000,8538
20050914,0000,8506
20050915,0000,8282
20050916,0000,8227
20050917,0000,7961
20050918,0000,7942
20050919,0000,7942
20050920,0000,7923
20050921,0000,7933
20050922,0000,7984
20050923,0000,8998
20050924,0000,8902
20050925,0000,8911
20050926,0000,8587
20050927,0000,8760
20050928,0000,8678
20050929,0000,8584
20050930,0000,8494
20051001,0000,8665
20051002,0000,8029
20051003,0000,7881
20051004,0000,7956
20051005,0000,7972
20051006,0000,8197
20051007,0000,8316
20051008,0000,8375
20051009,0000,9039
20051010,0000,9332
20051011,0000,9119
20051012,0000,8998
20051013,0000,8120
20051014,0000,7977
20051015,0000,7990
20051016,0000,7934
20051017,0000,7999
20051018,0000,7153
20051019,0000,7005
20051020,0000,7027
20051021,0000,7214
20051022,0000,7139
20051023,0000,7041
20051024,0000,7042
20051025,0000,6613
20051026,0000,6552
20051027,0000,6547
20051028,0000,6801
20051029,0000,6590
20051030,0000,6655
20051031,0000,6542
20051101,0000,6527
20051102,0000,6097
20051103,0000,6038
20051104,0000,5859
20051105,0000,5652
20051106,0000,5640
20051107,0000,5623
20051108,0000,5623
20051109,0000,5519
20051110,0000,5508
20051111,0000,5509
20051112,0000,5498
20051113,0000,5545
20051114,0000,5536
20051115,0000,5537
20051116,0000,5539
20051117,0000,5532
20051118,0000,5519
20051119,0000,5528
20051120,0000,5529
20051121,0000,5525
20051122,0000,5545
20051123,0000,5539
20051124,0000,5521
20051125,0000,5532
20051126,0000,5533
20051127,0000,5539
20051128,0000,5543
20051129,0000,5537
20051130,0000,5584
20051201,0000,5462
20051202,0000,5298
20051203,0000,5155
20051204,0000,5284
20051205,0000,5188
20051206,0000,5021
20051207,0000,5024
20051208,0000,5025
20051209,0000,5029
20051210,0000,5026
20051211,0000,5029
20051212,0000,5014
20051213,0000,5025
20051214,0000,5031
20051215,0000,5026
20051216,0000,5036
20051217,0000,5024
20051218,0000,5028
20051219,0000,5160
20051220,0000,5030
20051221,0000,5033
20051222,0000,5181
20051223,0000,5087
20051224,0000,5039
20051225,0000,5112
20051226,0000,10797
20051227,0000,14285
20051228,0000,10942
20051229,0000,38184
20051230,0000,17003
20051231,0000,16482
20060101,0000,34523
20060102,0000,34413
20060103,0000,44672
20060104,0000,48969
20060105,0000,49092
20060106,0000,48588
20060107,0000,49863
20060108,0000,49453
20060109,0000,49962
20060110,0000,49400
20060111,0000,47743
20060112,0000,45881
20060113,0000,42228
20060114,0000,35992
20060115,0000,30090
20060116,0000,25764
20060117,0000,22040
20060118,0000,18245
20060119,0000,15154
20060120,0000,14364
20060121,0000,12544
20060122,0000,10383
20060123,0000,9235
20060124,0000,8017
20060125,0000,8039
20060126,0000,8069
20060127,0000,9849
20060128,0000,10067
20060129,0000,10078
20060130,0000,14431
20060131,0000,15145
20060201,0000,15006
20060202,0000,15352
20060203,0000,26541
20060204,0000,30008
20060205,0000,29836
20060206,0000,29575
20060207,0000,25723
20060208,0000,21657
20060209,0000,18382
20060210,0000,17009
20060211,0000,14701
20060212,0000,12588
20060213,0000,11065
20060214,0000,9624
20060215,0000,8014
20060216,0000,6895
20060217,0000,6773
20060218,0000,6744
20060219,0000,6018
20060220,0000,6136
20060221,0000,6122
20060222,0000,6066
20060223,0000,5887
20060224,0000,5877
20060225,0000,5896
20060226,0000,5898
20060227,0000,9722
20060228,0000,14820
20060301,0000,14954
20060302,0000,14928
20060303,0000,21112
20060304,0000,25138
20060305,0000,24558
20060306,0000,25674
20060307,0000,33640
20060308,0000,33160
20060309,0000,30140
20060310,0000,29885
20060311,0000,30020
20060312,0000,29265
20060313,0000,29414
20060314,0000,25422
20060315,0000,24929
20060316,0000,25035
20060317,0000,25400
20060318,0000,25423
20060319,0000,25430
20060320,0000,23865
20060321,0000,24874
20060322,0000,25157
20060323,0000,24771
20060324,0000,22364
20060325,0000,21755
20060326,0000,22019
20060327,0000,21885
20060328,0000,21883
20060329,0000,22341
20060330,0000,m
20060331,0000,22345
20060401,0000,22064
20060402,0000,22061
20060403,0000,22327
20060404,0000,36458
20060405,0000,39208
20060406,0000,39474
20060407,0000,38970
20060408,0000,38632
20060409,0000,39093
20060410,0000,39510
20060411,0000,34127
20060412,0000,22909
20060413,0000,40667
20060414,0000,40724
20060415,0000,40072
20060416,0000,34165
20060417,0000,30071
20060418,0000,30369
20060419,0000,30522
20060420,0000,29684
20060421,0000,24127
20060422,0000,24159
20060423,0000,20728
20060424,0000,20385
20060425,0000,20763
20060426,0000,20470
20060427,0000,20246
20060428,0000,17240
20060429,0000,13744
20060430,0000,11722
20060501,0000,9995
20060502,0000,8558
20060503,0000,7367
20060504,0000,6349
20060505,0000,6297
20060506,0000,6294
20060507,0000,12551
20060508,0000,14549
20060509,0000,14467
20060510,0000,14256
20060511,0000,14097
20060512,0000,13114
20060513,0000,13081
20060514,0000,12083
20060515,0000,12571
20060516,0000,13003
20060517,0000,13010
20060518,0000,13734
20060519,0000,14362
20060520,0000,14588
20060521,0000,15313
20060522,0000,15540
20060523,0000,15389
20060524,0000,14149
20060525,0000,14167
20060526,0000,14223
20060527,0000,14075
20060528,0000,13588
20060529,0000,13889
20060530,0000,13922
20060531,0000,13879
20060601,0000,13843
20060602,0000,13779
20060603,0000,14096
20060604,0000,13968
20060605,0000,13994
20060606,0000,13214
20060607,0000,14127
20060608,0000,13991
20060609,0000,14472
20060610,0000,14210
20060611,0000,14215
20060612,0000,14335
20060613,0000,14348
20060614,0000,14364
20060615,0000,13793
20060616,0000,13848
20060617,0000,14337
20060618,0000,14519
20060619,0000,14437
20060620,0000,14114
20060621,0000,14641
20060622,0000,14678
20060623,0000,14731
20060624,0000,14572
20060625,0000,14240
20060626,0000,14934
20060627,0000,13708
20060628,0000,13541
20060629,0000,13561
20060630,0000,13599
20060701,0000,13773
20060702,0000,13498
20060703,0000,13366
20060704,0000,13356
20060705,0000,13458
20060706,0000,13437
20060707,0000,13464
20060708,0000,13593
20060709,0000,13658
20060710,0000,13449
20060711,0000,13338
20060712,0000,13485
20060713,0000,13546
20060714,0000,14481
20060715,0000,14476
20060716,0000,14595
20060717,0000,14552
20060718,0000,14838
20060719,0000,15218
20060720,0000,15219
20060721,0000,15270
20060722,0000,15339
20060723,0000,15418
20060724,0000,15431
20060725,0000,15277
20060726,0000,15398
20060727,0000,15136
20060728,0000,15002
20060729,0000,14949
20060730,0000,15169
20060731,0000,14687
20060801,0000,14700
20060802,0000,15049
20060803,0000,14044
20060804,0000,14286
20060805,0000,14306
20060806,0000,14075
20060807,0000,14115
20060808,0000,14131
20060809,0000,14419
20060810,0000,14423
20060811,0000,13779
20060812,0000,13869
20060813,0000,13747
20060814,0000,13295
20060815,0000,13185
20060816,0000,13083
20060817,0000,13221
20060818,0000,13277
20060819,0000,13248
20060820,0000,13235
20060821,0000,13232
20060822,0000,13218
20060823,0000,12806
20060824,0000,12335
20060825,0000,11370
20060826,0000,11202
20060827,0000,11484
20060828,0000,11068
20060829,0000,10948
20060830,0000,10978
20060831,0000,11050
20060901,0000,11043
20060902,0000,11027
20060903,0000,11007
20060904,0000,10990
20060905,0000,11223
20060906,0000,11172
20060907,0000,10250
20060908,0000,10064
20060909,0000,10168
20060910,0000,9848
20060911,0000,9940
20060912,0000,9876
20060913,0000,9429
20060914,0000,9461
20060915,0000,9257
20060916,0000,9384
20060917,0000,9188
20060918,0000,9020
20060919,0000,8982
20060920,0000,8609
20060921,0000,8565
20060922,0000,8439
20060923,0000,8512
20060924,0000,8095
20060925,0000,8023
20060926,0000,8083
20060927,0000,7798
20060928,0000,7547
20060929,0000,7537
20060930,0000,7401
20061001,0000,7533
20061002,0000,7096
20061003,0000,7030
20061004,0000,7053
20061005,0000,6901
20061006,0000,6632
20061007,0000,6588
20061008,0000,6596
20061009,0000,6539
20061010,0000,6096
20061011,0000,6026
20061012,0000,6024
20061013,0000,6039
20061014,0000,6026
20061015,0000,5846
20061016,0000,5827
20061017,0000,5823
20061018,0000,5837
20061019,0000,5863
20061020,0000,5906
20061021,0000,5864
20061022,0000,5873
20061023,0000,5747
20061024,0000,5665
20061025,0000,5470
20061026,0000,5591
20061027,0000,5656
20061028,0000,5674
20061029,0000,5664
20061030,0000,5663
20061031,0000,5647
20061101,0000,5491
20061102,0000,5629
20061103,0000,5631
20061104,0000,5627
20061105,0000,5641
20061106,0000,5633
20061107,0000,5637
20061108,0000,5638
20061109,0000,5631
20061110,0000,5628
20061111,0000,5635
20061112,0000,5628
20061113,0000,5634
20061114,0000,5632
20061115,0000,5624
20061116,0000,5635
20061117,0000,5641
20061118,0000,5649
20061119,0000,5657
20061120,0000,5659
20061121,0000,5384
20061122,0000,5518
20061123,0000,5517
20061124,0000,5538
20061125,0000,5551
20061126,0000,5555
20061127,0000,5557
20061128,0000,5556
20061129,0000,5552
20061130,0000,5493
20061201,0000,5480
20061202,0000,5476
20061203,0000,5480
20061204,0000,5478
20061205,0000,5471
20061206,0000,5470
20061207,0000,5486
20061208,0000,5485
20061209,0000,5502
20061210,0000,5560
20061211,0000,5555
20061212,0000,5554
20061213,0000,5556
20061214,0000,5557
20061215,0000,5551
20061216,0000,5550
20061217,0000,5556
20061218,0000,5555
20061219,0000,5272
20061220,0000,5540
20061221,0000,5555
20061222,0000,5556
20061223,0000,5552
20061224,0000,5556
20061225,0000,5548
20061226,0000,5540
20061227,0000,5548
20061228,0000,5550
20061229,0000,5560
20061230,0000,5557
20061231,0000,5564
20070101,0000,5550
20070102,0000,5549
20070103,0000,5552
20070104,0000,5551
20070105,0000,5558
20070106,0000,5566
20070107,0000,5368
20070108,0000,5179
20070109,0000,5065
20070110,0000,5064
20070111,0000,m

