Date,PST,Inflow
19900101,0000,2719
19900102,0000,1789
19900103,0000,1290
19900104,0000,1273
19900105,0000,1258
19900106,0000,1292
19900107,0000,1395
19900108,0000,1339
19900109,0000,1300
19900110,0000,1288
19900111,0000,1280
19900112,0000,1281
19900113,0000,1178
19900114,0000,1160
19900115,0000,1179
19900116,0000,1283
19900117,0000,1248
19900118,0000,1241
19900119,0000,1204
19900120,0000,1200
19900121,0000,1183
19900122,0000,1261
19900123,0000,1245
19900124,0000,1565
19900125,0000,1239
19900126,0000,1227
19900127,0000,1224
19900128,0000,1258
19900129,0000,1276
19900130,0000,1312
19900131,0000,1320
19900201,0000,2221
19900202,0000,2156
19900203,0000,1642
19900204,0000,1605
19900205,0000,1550
19900206,0000,1266
19900207,0000,1330
19900208,0000,1211
19900209,0000,1255
19900210,0000,1255
19900211,0000,1239
19900212,0000,1263
19900213,0000,1254
19900214,0000,1247
19900215,0000,1229
19900216,0000,1609
19900217,0000,1375
19900218,0000,945
19900219,0000,1191
19900220,0000,1333
19900221,0000,1042
19900222,0000,1004
19900223,0000,975
19900224,0000,1000
19900225,0000,1018
19900226,0000,994
19900227,0000,1070
19900228,0000,1030
19900301,0000,1025
19900302,0000,1049
19900303,0000,1011
19900304,0000,1029
19900305,0000,1086
19900306,0000,1070
19900307,0000,1103
19900308,0000,963
19900309,0000,991
19900310,0000,1232
19900311,0000,793
19900312,0000,981
19900313,0000,1012
19900314,0000,1036
19900315,0000,1025
19900316,0000,1014
19900317,0000,1026
19900318,0000,985
19900319,0000,1206
19900320,0000,827
19900321,0000,992
19900322,0000,1041
19900323,0000,988
19900324,0000,997
19900325,0000,1085
19900326,0000,1061
19900327,0000,1021
19900328,0000,1047
19900329,0000,1084
19900330,0000,1018
19900331,0000,1015
19900401,0000,993
19900402,0000,1044
19900403,0000,1232
19900404,0000,1004
19900405,0000,1453
19900406,0000,2361
19900407,0000,2719
19900408,0000,2538
19900409,0000,2302
19900410,0000,2690
19900411,0000,2556
19900412,0000,2585
19900413,0000,2537
19900414,0000,2532
19900415,0000,2562
19900416,0000,2536
19900417,0000,2726
19900418,0000,2027
19900419,0000,2065
19900420,0000,1982
19900421,0000,1592
19900422,0000,1590
19900423,0000,1374
19900424,0000,1289
19900425,0000,1180
19900426,0000,1250
19900427,0000,1304
19900428,0000,1299
19900429,0000,1255
19900430,0000,1267
19900501,0000,1297
19900502,0000,921
19900503,0000,647
19900504,0000,704
19900505,0000,746
19900506,0000,771
19900507,0000,762
19900508,0000,1399
19900509,0000,1409
19900510,0000,1423
19900511,0000,2456
19900512,0000,1807
19900513,0000,1418
19900514,0000,1257
19900515,0000,814
19900516,0000,902
19900517,0000,760
19900518,0000,812
19900519,0000,795
19900520,0000,795
19900521,0000,793
19900522,0000,443
19900523,0000,505
19900524,0000,453
19900525,0000,542
19900526,0000,452
19900527,0000,589
19900528,0000,528
19900529,0000,473
19900530,0000,559
19900531,0000,337
19900601,0000,319
19900602,0000,390
19900603,0000,389
19900604,0000,389
19900605,0000,370
19900606,0000,382
19900607,0000,623
19900608,0000,1529
19900609,0000,2617
19900610,0000,2335
19900611,0000,2645
19900929,0000,771
19900930,0000,795
19940101,0000,1906
19940102,0000,1839
19940103,0000,1618
19940104,0000,1737
19940105,0000,1721
19940106,0000,1653
19940107,0000,1721
19940108,0000,1686
19940109,0000,1887
19940110,0000,1782
19940111,0000,2027
19940112,0000,1767
19940113,0000,1842
19940114,0000,1790
19940115,0000,1767
19940116,0000,1624
19940117,0000,1644
19940118,0000,1723
19940119,0000,1706
19940120,0000,1797
19940121,0000,1764
19940122,0000,1753
19940123,0000,1852
19940124,0000,1893
19940125,0000,1636
19940126,0000,1612
19940127,0000,1711
19940128,0000,1954
19940129,0000,1722
19940130,0000,1762
19940131,0000,1697
19941101,0000,883
19941102,0000,883
19941103,0000,870
19941104,0000,1431
19941105,0000,1574
19941106,0000,1729
19941107,0000,1438
19941108,0000,1399
19941109,0000,1922
19941110,0000,1379
19941111,0000,1554
19941112,0000,1531
19941113,0000,1532
19941114,0000,1532
19941115,0000,1539
19941116,0000,1394
19941117,0000,1555
19941118,0000,1691
19941119,0000,1567
19941120,0000,1520
19941121,0000,1556
19941122,0000,1578
19941123,0000,1575
19941124,0000,1561
19941125,0000,1472
19941126,0000,1462
19941127,0000,1507
19941128,0000,1491
19941129,0000,1506
19941130,0000,1597
19941201,0000,1574
19941202,0000,1568
19941203,0000,1560
19941204,0000,1721
19941205,0000,1393
19941206,0000,1589
19941207,0000,1492
19941208,0000,1432
19941209,0000,1599
19941210,0000,1564
19941211,0000,1482
19941212,0000,1482
19941213,0000,1542
19941214,0000,1542
19941215,0000,1534
19941216,0000,1489
19941217,0000,1590
19941218,0000,1540
19941219,0000,1578
19941220,0000,1587
19941221,0000,1692
19941222,0000,1530
19941223,0000,1550
19941224,0000,1550
19941225,0000,1583
19941226,0000,1527
19941227,0000,1576
19941228,0000,1549
19941229,0000,1532
19941230,0000,1566
19941231,0000,1536
19950101,0000,1607
19950102,0000,1607
19950103,0000,1677
19950104,0000,1374
19950105,0000,1374
19950106,0000,1363
19950107,0000,1533
19950108,0000,1616
19950109,0000,1837
19950110,0000,1301
19950111,0000,8028
19950112,0000,16972
19950113,0000,24184
19950114,0000,10459
19950115,0000,10459
19950116,0000,8886
19950117,0000,8482
19950118,0000,9242
19950119,0000,10017
19950120,0000,9995
19950121,0000,8823
19950122,0000,7854
19950123,0000,7995
19950124,0000,7420
19950125,0000,7847
19950126,0000,7988
19950127,0000,17647
19950128,0000,27833
19950129,0000,27833
19950130,0000,11683
19950131,0000,8089
19950201,0000,7825
19950202,0000,7873
19950203,0000,8830
19950204,0000,7859
19950205,0000,8065
19950206,0000,8065
19950207,0000,7988
19950208,0000,7958
19950209,0000,7924
19950210,0000,6979
19950211,0000,6979
19950212,0000,5423
19950213,0000,4716
19950214,0000,4082
19950215,0000,4053
19950216,0000,4053
19950217,0000,4046
19950218,0000,4125
19950219,0000,4056
19950220,0000,4145
19950221,0000,4120
19950222,0000,3817
19950223,0000,3817
19950224,0000,3465
19950225,0000,3733
19950226,0000,5078
19950227,0000,5078
19950228,0000,5027
19950301,0000,6059
19950302,0000,6059
19950303,0000,6114
19950304,0000,8823
19950305,0000,17189
19950306,0000,15812
19950307,0000,11619
19950308,0000,10225
19950309,0000,10193
19950310,0000,15346
19950311,0000,35036
19950312,0000,34571
19950313,0000,39607
19950314,0000,37231
19950315,0000,24890
19950316,0000,22651
19950317,0000,21934
19950318,0000,21155
19950319,0000,15008
19950320,0000,14922
19950321,0000,16275
19950322,0000,22500
19950323,0000,22699
19950324,0000,22709
19950325,0000,22473
19950326,0000,19925
19950327,0000,17645
19950328,0000,12469
19950329,0000,7885
19950330,0000,5338
19950331,0000,6880
19950401,0000,6401
19950402,0000,5529
19950403,0000,4740
19950404,0000,4953
19950405,0000,5039
19950406,0000,5199
19950407,0000,5567
19950408,0000,4781
19950409,0000,5003
19950410,0000,4832
19950411,0000,6592
19950412,0000,8315
19950413,0000,8088
19950414,0000,8142
19950415,0000,8062
19950416,0000,8085
19950417,0000,8088
19950418,0000,8102
19950419,0000,8062
19950420,0000,8107
19950421,0000,8072
19950422,0000,8085
19950423,0000,8121
19950424,0000,8093
19950425,0000,8249
19950426,0000,7837
19950427,0000,8103
19950428,0000,10714
19950429,0000,17190
19950430,0000,20040
19950501,0000,20206
19950502,0000,20102
19950503,0000,20002
19950504,0000,21426
19950505,0000,22159
19950506,0000,22431
19950507,0000,22564
19950508,0000,21476
19950509,0000,19917
19950510,0000,19332
19950511,0000,18101
19950512,0000,17711
19950513,0000,17080
19950514,0000,16486
19950515,0000,15771
19950516,0000,14795
19950517,0000,13694
19950518,0000,12674
19950519,0000,12357
19950520,0000,11788
19950521,0000,10755
19950522,0000,9782
19950523,0000,8693
19950524,0000,7622
19950525,0000,7613
19950526,0000,6767
19950527,0000,6418
19950528,0000,5990
19950529,0000,5911
19950530,0000,6029
19950531,0000,6074
19950601,0000,5951
19950602,0000,6367
19950603,0000,5869
19950604,0000,6052
19950605,0000,6052
19950606,0000,6046
19950607,0000,5981
19950608,0000,6154
19950609,0000,6044
19950610,0000,6078
19950611,0000,5950
19950612,0000,6208
19950613,0000,6088
19950614,0000,6222
19950615,0000,6087
19950616,0000,6996
19950617,0000,10007
19950618,0000,10093
19950619,0000,9847
19950620,0000,9018
19950621,0000,8587
19950622,0000,5758
19950623,0000,7156
19950624,0000,6910
19950625,0000,5878
19950626,0000,6716
19950627,0000,9054
19950628,0000,9997
19950629,0000,10070
19950630,0000,10203
19950701,0000,9421
19950702,0000,7710
19950703,0000,7671
19950704,0000,6296
19950705,0000,6205
19950706,0000,7061
19950707,0000,7234
19950708,0000,6719
19950709,0000,6578
19950710,0000,7997
19950711,0000,8505
19950712,0000,8047
19950713,0000,7772
19950714,0000,7361
19950715,0000,6768
19950716,0000,6389
19950717,0000,27409
19950718,0000,32642
19950719,0000,26770
19950720,0000,21757
19950721,0000,18179
19950722,0000,15479
19950723,0000,13186
19950724,0000,11349
19950725,0000,9961
19950726,0000,8742
19950727,0000,8454
19950728,0000,m
19950729,0000,7008
19950730,0000,6699
19950731,0000,5695
19950801,0000,4791
19950802,0000,4636
19950803,0000,4472
19950804,0000,4242
19950805,0000,3946
19950806,0000,3658
19950807,0000,3446
19950808,0000,3134
19950809,0000,2602
19950810,0000,2463
19950811,0000,m
19950812,0000,m
19950813,0000,2534
19950814,0000,2169
19950815,0000,2159
19950816,0000,2567
19950817,0000,2270
19950818,0000,2314
19950819,0000,2529
19950820,0000,2424
19950821,0000,2600
19950822,0000,2615
19950823,0000,2422
19950824,0000,2629
19950825,0000,2571
19950826,0000,m
19950827,0000,2488
19950828,0000,2636
19950829,0000,2439
19950830,0000,2536
19950831,0000,2714
19950901,0000,m
19950902,0000,m
19950903,0000,m
19950904,0000,3643
19950905,0000,3867
19950906,0000,3814
19950907,0000,3839
19950908,0000,3797
19950909,0000,3644
19950910,0000,3702
19950911,0000,3758
19950912,0000,3782
19950913,0000,4061
19950914,0000,4111
19950915,0000,4061
19950916,0000,4048
19950917,0000,4087
19950918,0000,4074
19950919,0000,3714
19950920,0000,3528
19950921,0000,3568
19950922,0000,3486
19950923,0000,3368
19950924,0000,3525
19950925,0000,3473
19950926,0000,3487
19950927,0000,3283
19950928,0000,3645
19950929,0000,3622
19950930,0000,4348
19951001,0000,m
19951002,0000,4942
19951003,0000,4903
19951004,0000,4932
19951005,0000,4909
19951006,0000,4009
19951007,0000,3014
19951008,0000,2196
19951009,0000,1532
19951010,0000,1198
19951011,0000,2594
19951012,0000,2527
19951013,0000,2541
19951014,0000,2470
19951015,0000,2595
19951016,0000,2592
19951017,0000,2477
19951018,0000,2519
19951019,0000,2446
19951020,0000,2509
19951021,0000,2487
19951022,0000,2438
19951023,0000,2468
19951024,0000,2509
19951025,0000,2669
19951026,0000,2567
19951027,0000,2513
19951028,0000,2543
19951029,0000,2737
19951030,0000,2299
19951031,0000,2586
19951101,0000,2459
19951102,0000,2448
19951103,0000,2456
19951104,0000,2598
19951105,0000,2558
19951106,0000,2555
19951107,0000,2727
19951108,0000,2589
19951109,0000,m
19951110,0000,2360
19951111,0000,2651
19951112,0000,2519
19951113,0000,2688
19951114,0000,2703
19951115,0000,2399
19951116,0000,2471
19951117,0000,2536
19951118,0000,2513
19951119,0000,2492
19951120,0000,2350
19951121,0000,2721
19951122,0000,2519
19951123,0000,2519
19951124,0000,2574
19951125,0000,2628
19951126,0000,2408
19951127,0000,2421
19951128,0000,2472
19951129,0000,2595
19951130,0000,2252
19951201,0000,2549
19951202,0000,2666
19951203,0000,2598
19951204,0000,2443
19951205,0000,2536
19951206,0000,2676
19951207,0000,2493
19951208,0000,2228
19951209,0000,2711
19951210,0000,2436
19951211,0000,2431
19951212,0000,2751
19951213,0000,2408
19951214,0000,2473
19951215,0000,2743
19951216,0000,2463
19951217,0000,2382
19951218,0000,2491
19951219,0000,2557
19951220,0000,2572
19951221,0000,2513
19951222,0000,2554
19951223,0000,2585
19951224,0000,2525
19951225,0000,2533
19951226,0000,2442
19951227,0000,2530
19951228,0000,2542
19951229,0000,2531
19951230,0000,2625
19951231,0000,2393
19960101,0000,2518
19960102,0000,2433
19960103,0000,2413
19960104,0000,2241
19960105,0000,1993
19960106,0000,2097
19960107,0000,2059
19960108,0000,2002
19960109,0000,2078
19960110,0000,1913
19960111,0000,2011
19960112,0000,1932
19960113,0000,2099
19960114,0000,2041
19960115,0000,2028
19960116,0000,2140
19960117,0000,1960
19960118,0000,1917
19960119,0000,2134
19960120,0000,1950
19960121,0000,1990
19960122,0000,2135
19960123,0000,2053
19960124,0000,2349
19960125,0000,1933
19960126,0000,1965
19960127,0000,2126
19960128,0000,1863
19960129,0000,1971
19960130,0000,3896
19960131,0000,3950
19960201,0000,3541
19960202,0000,3089
19960203,0000,3065
19960204,0000,3390
19960205,0000,19106
19960206,0000,26688
19960207,0000,28002
19960208,0000,21825
19960209,0000,18029
19960210,0000,16085
19960211,0000,14034
19960212,0000,12341
19960213,0000,12169
19960214,0000,12131
19960215,0000,11571
19960216,0000,11647
19960217,0000,13024
19960218,0000,13345
19960219,0000,17502
19960220,0000,22860
19960221,0000,22390
19960222,0000,22131
19960223,0000,19185
19960224,0000,17133
19960225,0000,15102
19960226,0000,12250
19960227,0000,10355
19960228,0000,9313
19960229,0000,8229
19960301,0000,7386
19960302,0000,6773
19960303,0000,6334
19960304,0000,5849
19960305,0000,5592
19960306,0000,4000
19960307,0000,5082
19960308,0000,4470
19960309,0000,4423
19960310,0000,4298
19960311,0000,4541
19960312,0000,4914
19960313,0000,4430
19960314,0000,4381
19960315,0000,4343
19960317,0000,4350
19960318,0000,4418
19960319,0000,4763
19960320,0000,4555
19960321,0000,4493
19960322,0000,4520
19960323,0000,4880
19960324,0000,4672
19960325,0000,4316
19960326,0000,4532
19960327,0000,4914
19960328,0000,5085
19960329,0000,5074
19960330,0000,5012
19960331,0000,4895
19960401,0000,5421
19960402,0000,4835
19960403,0000,4837
19960404,0000,4435
19960405,0000,4691
19960406,0000,4560
19960407,0000,4391
19960408,0000,4510
19960409,0000,4526
19960410,0000,4506
19960411,0000,4516
19960412,0000,4489
19960413,0000,5262
19960414,0000,4917
19960415,0000,5538
19960416,0000,8023
19960417,0000,8057
19960418,0000,8066
19960419,0000,7842
19960420,0000,7391
19960421,0000,6890
19960422,0000,6455
19960423,0000,5883
19960424,0000,5497
19960425,0000,4914
19960426,0000,4276
19960427,0000,4459
19960428,0000,4482
19960429,0000,4586
19960430,0000,4590
19960501,0000,4693
19960502,0000,4589
19960503,0000,4634
19960504,0000,5431
19960505,0000,5472
19960506,0000,5376
19960507,0000,4669
19960508,0000,4455
19960509,0000,4513
19960510,0000,3903
19960511,0000,3928
19960512,0000,4063
19960513,0000,4120
19960514,0000,4126
19960515,0000,4317
19960516,0000,19167
19960517,0000,41349
19960518,0000,33900
19960519,0000,24536
19960520,0000,18568
19960521,0000,14310
19960522,0000,11846
19960523,0000,9832
19960524,0000,7512
19960525,0000,7380
19960526,0000,6858
19960527,0000,6152
19960528,0000,6194
19960529,0000,5906
19960530,0000,5363
19960531,0000,m
19960601,0000,4596
19960602,0000,4509
19960603,0000,4766
19960604,0000,5742
19960605,0000,5623
19960606,0000,5371
19960607,0000,5557
19960608,0000,5527
19960609,0000,5594
19960610,0000,5408
19960611,0000,5333
19960612,0000,5142
19960613,0000,5452
19960614,0000,5042
19960615,0000,4692
19960616,0000,4576
19960617,0000,4477
19960618,0000,4339
19960619,0000,4395
19960620,0000,4558
19960621,0000,4552
19960622,0000,4688
19960623,0000,4575
19960624,0000,4582
19960625,0000,4599
19960626,0000,4545
19960627,0000,4462
19960628,0000,4537
19960629,0000,4592
19960630,0000,4198
19960701,0000,3577
19960702,0000,3611
19960703,0000,2922
19960704,0000,2856
19960705,0000,2792
19960706,0000,2703
19960707,0000,2499
19960708,0000,2448
19960709,0000,2448
19960710,0000,2798
19960711,0000,2756
19960712,0000,2681
19960713,0000,3117
19960714,0000,2946
19960715,0000,3109
19960716,0000,3014
19960717,0000,2961
19960718,0000,2978
19960719,0000,3064
19960720,0000,2991
19960721,0000,3106
19960722,0000,3149
19960723,0000,2702
19960724,0000,2735
19960725,0000,2694
19960726,0000,2373
19960727,0000,2605
19960728,0000,2547
19960729,0000,2539
19960730,0000,2879
19960731,0000,2828
19960801,0000,2885
19960802,0000,2982
19960803,0000,3272
19960804,0000,3028
19960805,0000,2989
19960806,0000,2721
19960807,0000,2603
19960808,0000,2495
19960809,0000,2641
19960810,0000,2716
19960811,0000,2446
19960812,0000,3214
19960813,0000,3465
19960814,0000,3354
19960815,0000,3316
19960816,0000,2705
19960817,0000,2620
19960818,0000,2573
19960819,0000,2413
19960820,0000,2691
19960821,0000,2425
19960822,0000,2480
19960823,0000,2482
19960824,0000,2511
19960825,0000,2535
19960826,0000,2561
19960827,0000,2570
19960828,0000,2606
19960829,0000,2731
19960830,0000,2483
19960831,0000,2575
19960901,0000,2402
19960902,0000,2582
19960903,0000,2562
19960904,0000,2520
19960905,0000,2184
19960906,0000,2649
19960907,0000,2627
19960908,0000,2123
19960909,0000,1964
19960910,0000,1793
19960911,0000,2054
19960912,0000,1963
19960913,0000,2050
19960914,0000,2051
19960915,0000,2042
19960916,0000,2085
19960917,0000,2099
19960918,0000,1990
19960919,0000,1938
19960920,0000,1977
19960921,0000,2078
19960922,0000,2157
19960923,0000,2090
19960924,0000,1769
19960925,0000,1087
19960926,0000,2301
19960927,0000,2569
19960928,0000,2614
19960929,0000,2659
19960930,0000,2623
19961001,0000,2565
19961002,0000,2455
19961003,0000,2574
19961004,0000,2558
19961005,0000,2687
19961006,0000,2602
19961007,0000,2462
19961008,0000,2435
19961009,0000,2237
19961010,0000,2423
19961011,0000,2467
19961012,0000,2486
19961013,0000,2519
19961014,0000,2579
19961015,0000,2516
19961016,0000,2684
19961017,0000,2575
19961018,0000,2334
19961019,0000,2503
19961020,0000,2702
19961021,0000,2568
19961022,0000,2822
19961023,0000,2695
19961024,0000,2898
19961025,0000,3037
19961026,0000,2244
19961027,0000,3188
19961028,0000,2710
19961029,0000,2931
19961030,0000,2811
19961031,0000,2735
19961101,0000,2903
19961102,0000,3011
19961103,0000,2786
19961104,0000,2739
19961105,0000,2849
19961106,0000,2951
19961107,0000,2705
19961108,0000,m
19961109,0000,2737
19961110,0000,2797
19961111,0000,2687
19961112,0000,2897
19961113,0000,2995
19961114,0000,2727
19961115,0000,2708
19961116,0000,2759
19961117,0000,2704
19961118,0000,2672
19961119,0000,3800
19961120,0000,3943
19961121,0000,4315
19961122,0000,4960
19961123,0000,4589
19961124,0000,4428
19961125,0000,4503
19961126,0000,4596
19961127,0000,4664
19961128,0000,5103
19961129,0000,5120
19961130,0000,3983
19961201,0000,3035
19961202,0000,3014
19961203,0000,3232
19961204,0000,5578
19961205,0000,17469
19961206,0000,25433
19961207,0000,17097
19961208,0000,14517
19961209,0000,13952
19961210,0000,11231
19961211,0000,10278
19961212,0000,18359
19961213,0000,27939
19961214,0000,22552
19961215,0000,20248
19961216,0000,16181
19961217,0000,14151
19961218,0000,12057
19961219,0000,10367
19961220,0000,8852
19961221,0000,8514
19961222,0000,10224
19961223,0000,11201
19961224,0000,9737
19961225,0000,8555
19961226,0000,12347
19961227,0000,25323
19961228,0000,31554
19961229,0000,32291
19961230,0000,32885
19961231,0000,32967
19970101,0000,40200
19970102,0000,105553
19970103,0000,104688
19970104,0000,68562
19970105,0000,69237
19970106,0000,58606
19970107,0000,36916
19970108,0000,33681
19970109,0000,33839
19970110,0000,32695
19970111,0000,25420
19970112,0000,19620
19970113,0000,18118
19970114,0000,17044
19970115,0000,14599
19970116,0000,11629
19970117,0000,9153
19970118,0000,7507
19970119,0000,6848
19970120,0000,5855
19970121,0000,7624
19970122,0000,21832
19970123,0000,31386
19970124,0000,31541
19970125,0000,31796
19970126,0000,32006
19970127,0000,31699
19970128,0000,31836
19970129,0000,30105
19970130,0000,23987
19970131,0000,17994
19970201,0000,14678
19970202,0000,12673
19970203,0000,12298
19970204,0000,12380
19970205,0000,12515
19970206,0000,12434
19970207,0000,11637
19970208,0000,9992
19970209,0000,8301
19970210,0000,7200
19970211,0000,6028
19970212,0000,5207
19970213,0000,5153
19970214,0000,5011
19970215,0000,4734
19970216,0000,4522
19970217,0000,4115
19970218,0000,4033
19970219,0000,4042
19970220,0000,3967
19970221,0000,3986
19970222,0000,4100
19970223,0000,4035
19970224,0000,4170
19970225,0000,4796
19970226,0000,6813
19970227,0000,7056
19970228,0000,7189
19970301,0000,7236
19970302,0000,6068
19970303,0000,5315
19970304,0000,4658
19970305,0000,4626
19970306,0000,4458
19970307,0000,4283
19970308,0000,4549
19970309,0000,4379
19970310,0000,4295
19970311,0000,4274
19970312,0000,4535
19970313,0000,4265
19970314,0000,4272
19970315,0000,4411
19970316,0000,4193
19970317,0000,4036
19970318,0000,4089
19970319,0000,3828
19970320,0000,3914
19970321,0000,3937
19970322,0000,3803
19970323,0000,3613
19970324,0000,3556
19970325,0000,3472
19970326,0000,3609
19970327,0000,3673
19970328,0000,3133
19970329,0000,3323
19970330,0000,3522
19970331,0000,3301
19970401,0000,3330
19970402,0000,3243
19970403,0000,3131
19970404,0000,3201
19970405,0000,3113
19970406,0000,2938
19970407,0000,2740
19970408,0000,2575
19970409,0000,2570
19970410,0000,2548
19970411,0000,2494
19970412,0000,2456
19970413,0000,2412
19970414,0000,2563
19970415,0000,2579
19970416,0000,2486
19970417,0000,2577
19970418,0000,2534
19970419,0000,2590
19970420,0000,2458
19970421,0000,2586
19970422,0000,2380
19970423,0000,2444
19970424,0000,2450
19970425,0000,2616
19970426,0000,2609
19970427,0000,2730
19970428,0000,2745
19970429,0000,2466
19970430,0000,2424
19970501,0000,2449
19970502,0000,2370
19970503,0000,2451
19970504,0000,2724
19970505,0000,2747
19970506,0000,2606
19970507,0000,2481
19970508,0000,2530
19970509,0000,2660
19970510,0000,2498
19970511,0000,2572
19970512,0000,2640
19970513,0000,2438
19970514,0000,2434
19970515,0000,2648
19970516,0000,2533
19970517,0000,2057
19970518,0000,2124
19970519,0000,2230
19970520,0000,2470
19970521,0000,2552
19970522,0000,2993
19970523,0000,2962
19970524,0000,2469
19970525,0000,2516
19970526,0000,2527
19970527,0000,2542
19970528,0000,2573
19970529,0000,2474
19970530,0000,2847
19970531,0000,2647
19970601,0000,3211
19970602,0000,3098
19970603,0000,3015
19970604,0000,3057
19970605,0000,2639
19970606,0000,2582
19970607,0000,2032
19970608,0000,1948
19970609,0000,2312
19970610,0000,2578
19970611,0000,3068
19970612,0000,3032
19970613,0000,3081
19970614,0000,3062
19970615,0000,3141
19970616,0000,3067
19970617,0000,3236
19970618,0000,2677
19970619,0000,2454
19970620,0000,2175
19970621,0000,1931
19970622,0000,1964
19970623,0000,2075
19970624,0000,1983
19970625,0000,3002
19970626,0000,2975
19970627,0000,2988
19970628,0000,2929
19970629,0000,3169
19970630,0000,3034
19970701,0000,2963
19970702,0000,3069
19970703,0000,2849
19970704,0000,2651
19970705,0000,2605
19970706,0000,2857
19970707,0000,2641
19970708,0000,2210
19970709,0000,2244
19970710,0000,2256
19970711,0000,2218
19970712,0000,2385
19970713,0000,2211
19970714,0000,2338
19970715,0000,2380
19970716,0000,2270
19970717,0000,2214
19970718,0000,2392
19970719,0000,2223
19970720,0000,2136
19970721,0000,1967
19970722,0000,2551
19970723,0000,2182
19970724,0000,2234
19970725,0000,2067
19970726,0000,1820
19970727,0000,2061
19970728,0000,1977
19970729,0000,2082
19970730,0000,1975
19970731,0000,2090
19970801,0000,2112
19970802,0000,2072
19970803,0000,2050
19970804,0000,2015
19970805,0000,2143
19970806,0000,2019
19970807,0000,1863
19970808,0000,1982
19970809,0000,1883
19970810,0000,2092
19970811,0000,2112
19970812,0000,2113
19970813,0000,2003
19970814,0000,1985
19970815,0000,2067
19970816,0000,1947
19970817,0000,2227
19970818,0000,2186
19970819,0000,2079
19970820,0000,1911
19970821,0000,2024
19970822,0000,2030
19970823,0000,2045
19970824,0000,1992
19970825,0000,2065
19970826,0000,2149
19970827,0000,2090
19970828,0000,2002
19970829,0000,2032
19970830,0000,1990
19970831,0000,1827
19970901,0000,1928
19970902,0000,1965
19970903,0000,1720
19970904,0000,1848
19970905,0000,1840
19970906,0000,1791
19970907,0000,1728
19970908,0000,1831
19970909,0000,1748
19970910,0000,1765
19970911,0000,1862
19970912,0000,1726
19970913,0000,1726
19970914,0000,1923
19970915,0000,1050
19970916,0000,1076
19970917,0000,923
19970918,0000,671
19970919,0000,616
19970920,0000,1816
19970921,0000,1853
19970922,0000,1749
19970923,0000,1586
19970924,0000,1846
19970925,0000,1678
19970926,0000,1711
19970927,0000,1738
19970928,0000,1866
19970929,0000,1795
19970930,0000,1636
19971001,0000,1719
19971002,0000,1769
19971003,0000,2126
19971004,0000,2544
19971005,0000,2369
19971006,0000,2214
19971007,0000,2350
19971008,0000,2321
19971009,0000,2227
19971010,0000,2179
19971011,0000,2233
19971012,0000,2236
19971013,0000,2247
19971014,0000,2380
19971015,0000,2296
19971016,0000,2526
19971017,0000,2184
19971018,0000,2698
19971019,0000,2294
19971020,0000,2596
19971021,0000,2942
19971022,0000,3399
19971023,0000,3360
19971024,0000,3602
19971025,0000,2797
19971026,0000,2373
19971027,0000,2121
19971028,0000,2556
19971029,0000,2399
19971030,0000,2464
19971031,0000,2388
19971101,0000,2560
19971102,0000,2467
19971103,0000,2537
19971104,0000,2358
19971105,0000,2377
19971106,0000,2514
19971107,0000,2544
19971108,0000,2397
19971109,0000,2568
19971110,0000,2407
19971111,0000,2338
19971112,0000,2342
19971113,0000,2400
19971114,0000,2499
19971115,0000,2358
19971116,0000,2345
19971117,0000,2323
19971118,0000,2347
19971119,0000,2375
19971120,0000,2692
19971121,0000,2244
19971122,0000,2462
19971123,0000,2547
19971124,0000,2465
19971125,0000,2297
19971126,0000,2444
19971127,0000,2558
19971128,0000,2348
19971129,0000,2479
19971130,0000,2426
19971201,0000,2408
19971202,0000,2359
19971203,0000,2395
19971204,0000,2384
19971205,0000,2433
19971206,0000,2529
19971207,0000,2396
19971208,0000,2322
19971209,0000,2332
19971210,0000,2486
19971211,0000,2545
19971212,0000,2505
19971213,0000,2440
19971214,0000,2270
19971215,0000,2467
19971216,0000,2292
19971217,0000,2448
19971218,0000,2417
19971219,0000,m
19971220,0000,2433
19971221,0000,2612
19971222,0000,2410
19971223,0000,2150
19971224,0000,2530
19971225,0000,2555
19971226,0000,2439
19971227,0000,2340
19971228,0000,2458
19971229,0000,2440
19971230,0000,2547
19971231,0000,2352
19980101,0000,2399
19980102,0000,2404
19980103,0000,2435
19980104,0000,2561
19980105,0000,2396
19980106,0000,1445
19980107,0000,2164
19980108,0000,2265
19980109,0000,2313
19980110,0000,2170
19980111,0000,2489
19980112,0000,5286
19980113,0000,9264
19980114,0000,8618
19980115,0000,7402
19980116,0000,7384
19980117,0000,10492
19980118,0000,15145
19980119,0000,13861
19980120,0000,11241
19980121,0000,9361
19980122,0000,8062
19980123,0000,7011
19980124,0000,6114
19980125,0000,5477
19980126,0000,4817
19980127,0000,4473
19980128,0000,4483
19980129,0000,4640
19980130,0000,4395
19980131,0000,4630
19980201,0000,4281
19980202,0000,4898
19980203,0000,18641
19980204,0000,34570
19980205,0000,29704
19980206,0000,18851
19980207,0000,17630
19980208,0000,19082
19980209,0000,14191
19980210,0000,12283
19980211,0000,10578
19980212,0000,9448
19980213,0000,9524
19980214,0000,10904
19980215,0000,15741
19980216,0000,14552
19980217,0000,13555
19980218,0000,12509
19980219,0000,11503
19980220,0000,10401
19980221,0000,9744
19980222,0000,9404
19980223,0000,9322
19980224,0000,8120
19980225,0000,7424
19980226,0000,7483
19980227,0000,7027
19980228,0000,6024
19980301,0000,5948
19980302,0000,5378
19980303,0000,4728
19980304,0000,4430
19980305,0000,4513
19980306,0000,4491
19980307,0000,4363
19980308,0000,4309
19980309,0000,4289
19980310,0000,4483
19980311,0000,4599
19980312,0000,4635
19980313,0000,4540
19980314,0000,4520
19980315,0000,4515
19980316,0000,4629
19980317,0000,4587
19980318,0000,4907
19980319,0000,7902
19980320,0000,9988
19980321,0000,10252
19980322,0000,10111
19980323,0000,9791
19980324,0000,9556
19980325,0000,10797
19980326,0000,12147
19980327,0000,11936
19980328,0000,10876
19980329,0000,9340
19980330,0000,7747
19980331,0000,7409
19980401,0000,7442
19980402,0000,7450
19980403,0000,7278
19980404,0000,7520
19980405,0000,m
19980406,0000,7467
19980407,0000,7605
19980408,0000,7673
19980409,0000,7296
19980410,0000,7740
19980411,0000,7633
19980412,0000,7630
19980413,0000,7419
19980414,0000,7407
19980415,0000,7457
19980416,0000,7477
19980417,0000,7558
19980418,0000,7599
19980419,0000,7593
19980420,0000,7266
19980421,0000,7488
19980422,0000,7481
19980423,0000,7601
19980424,0000,8293
19980425,0000,9427
19980426,0000,8444
19980427,0000,9724
19980428,0000,9581
19980429,0000,10028
19980430,0000,10217
19980501,0000,10415
19980502,0000,10681
19980503,0000,10136
19980504,0000,11006
19980505,0000,10821
19980506,0000,11155
19980507,0000,11326
19980508,0000,11199
19980509,0000,10773
19980510,0000,9647
19980511,0000,8830
19980512,0000,9332
19980513,0000,10562
19980514,0000,11124
19980515,0000,10995
19980516,0000,11104
19980517,0000,11029
19980518,0000,10638
19980519,0000,10298
19980520,0000,8934
19980521,0000,7795
19980522,0000,6827
19980523,0000,6186
19980524,0000,6111
19980525,0000,5919
19980526,0000,5613
19980527,0000,7543
19980528,0000,8761
19980529,0000,8931
19980530,0000,8935
19980531,0000,8963
19980601,0000,9471
19980602,0000,8301
19980603,0000,7015
19980604,0000,6330
19980605,0000,5716
19980606,0000,5567
19980607,0000,5217
19980608,0000,5307
19980609,0000,5811
19980610,0000,6564
19980611,0000,6308
19980612,0000,6034
19980613,0000,5859
19980614,0000,6300
19980615,0000,7200
19980616,0000,9077
19980617,0000,10451
19980618,0000,9907
19980619,0000,8941
19980620,0000,8161
19980621,0000,8001
19980622,0000,8697
19980623,0000,9458
19980624,0000,9015
19980625,0000,8513
19980626,0000,8914
19980627,0000,9599
19980628,0000,8838
19980629,0000,8798
19980630,0000,8555
19980701,0000,7584
19980702,0000,6775
19980703,0000,5876
19980704,0000,5386
19980705,0000,4977
19980706,0000,4772
19980707,0000,4297
19980708,0000,4160
19980709,0000,3503
19980710,0000,4149
19980711,0000,4040
19980712,0000,4044
19980713,0000,4030
19980714,0000,4032
19980715,0000,4035
19980716,0000,4040
19980717,0000,4044
19980718,0000,4017
19980719,0000,4232
19980720,0000,3950
19980721,0000,3929
19980722,0000,4039
19980723,0000,4334
19980724,0000,3914
19980725,0000,m
19980726,0000,3989
19980727,0000,4059
19980728,0000,3812
19980729,0000,4040
19980730,0000,4055
19980731,0000,3897
19980801,0000,3994
19980802,0000,3987
19980803,0000,4050
19980804,0000,4002
19980805,0000,4009
19980806,0000,4178
19980807,0000,4139
19980808,0000,4119
19980809,0000,4054
19980810,0000,4086
19980811,0000,4123
19980812,0000,3966
19980813,0000,4083
19980814,0000,3849
19980815,0000,4001
19980816,0000,4094
19980817,0000,4191
19980818,0000,4074
19980819,0000,4066
19980820,0000,3932
19980821,0000,3509
19980822,0000,4468
19980823,0000,4208
19980824,0000,3990
19980825,0000,3573
19980826,0000,3969
19980827,0000,4330
19980828,0000,4259
19980829,0000,4261
19980830,0000,4067
19980831,0000,3854
19980901,0000,4053
19980902,0000,3864
19980903,0000,3956
19980904,0000,4098
19980905,0000,3987
19980906,0000,4153
19980907,0000,4193
19980908,0000,3585
19980909,0000,2231
19980910,0000,2404
19980911,0000,4014
19980912,0000,3985
19980913,0000,4045
19980914,0000,4020
19980915,0000,4048
19980916,0000,4081
19980917,0000,4079
19980918,0000,3989
19980919,0000,4040
19980920,0000,4046
19980921,0000,4082
19980922,0000,4531
19980923,0000,4537
19980924,0000,4409
19980925,0000,4516
19980926,0000,4639
19980927,0000,4639
19980928,0000,4712
19980929,0000,4637
19980930,0000,4607
19981001,0000,4140
19981002,0000,3626
19981003,0000,3026
19981004,0000,2570
19981005,0000,2484
19981006,0000,2750
19981007,0000,2743
19981008,0000,2265
19981009,0000,1816
19981010,0000,1919
19981011,0000,2067
19981012,0000,2034
19981013,0000,2062
19981014,0000,2025
19981015,0000,2012
19981016,0000,1985
19981017,0000,2018
19981018,0000,2219
19981019,0000,2019
19981020,0000,1867
19981021,0000,2008
19981022,0000,2331
19981023,0000,2064
19981024,0000,1776
19981025,0000,1920
19981026,0000,1983
19981027,0000,2124
19981028,0000,2069
19981029,0000,2362
19981030,0000,1900
19981031,0000,1983
19981101,0000,2129
19981102,0000,2175
19981103,0000,2154
19981104,0000,1959
19981105,0000,2028
19981106,0000,2017
19981107,0000,2256
19981108,0000,2052
19981109,0000,1887
19981110,0000,2114
19981111,0000,3037
19981112,0000,2938
19981113,0000,3029
19981114,0000,2986
19981115,0000,2861
19981116,0000,3187
19981117,0000,2936
19981118,0000,3038
19981119,0000,3044
19981120,0000,3062
19981121,0000,3311
19981122,0000,3085
19981123,0000,3102
19981124,0000,2911
19981125,0000,3032
19981126,0000,3102
19981127,0000,3253
19981128,0000,3281
19981129,0000,3241
19981130,0000,3075
19981201,0000,2833
19981202,0000,2975
19981203,0000,3185
19981204,0000,3069
19981205,0000,3134
19981206,0000,3125
19981207,0000,3069
19981208,0000,3261
19981209,0000,3107
19981210,0000,3262
19981211,0000,3176
19981212,0000,2955
19981213,0000,2919
19981214,0000,3172
19981215,0000,2916
19981216,0000,3247
19981217,0000,3049
19981218,0000,3025
19981219,0000,3092
19981220,0000,3172
19981221,0000,2853
19981222,0000,2988
19981223,0000,3246
19981224,0000,3246
19981225,0000,3136
19981226,0000,3127
19981227,0000,3161
19981228,0000,3242
19981229,0000,2712
19981230,0000,2390
19981231,0000,2419
19990101,0000,2435
19990102,0000,2448
19990103,0000,2619
19990104,0000,2629
19990105,0000,2705
19990106,0000,2510
19990107,0000,2514
19990108,0000,2604
19990109,0000,2569
19990110,0000,2583
19990111,0000,2475
19990112,0000,2491
19990113,0000,2420
19990114,0000,2544
19990115,0000,2533
19990116,0000,2501
19990117,0000,2490
19990118,0000,2732
19990119,0000,3261
19990120,0000,11875
19990121,0000,20358
19990122,0000,19582
19990123,0000,17550
19990124,0000,15095
19990125,0000,11909
19990126,0000,10420
19990127,0000,8956
19990128,0000,7647
19990129,0000,6558
19990130,0000,5763
19990131,0000,5533
19990201,0000,4695
19990202,0000,4357
19990203,0000,4118
19990204,0000,4284
19990205,0000,5218
19990206,0000,7651
19990207,0000,14200
19990208,0000,14505
19990209,0000,16434
19990210,0000,24747
19990211,0000,23639
19990212,0000,18782
19990213,0000,15881
19990214,0000,12829
19990215,0000,11128
19990216,0000,10639
19990217,0000,20616
19990218,0000,26163
19990219,0000,20816
19990220,0000,15733
19990221,0000,14114
19990222,0000,12994
19990223,0000,16084
19990224,0000,9884
19990225,0000,9602
19990226,0000,9458
19990227,0000,9464
19990228,0000,9636
19990301,0000,9729
19990302,0000,11100
19990303,0000,11171
19990304,0000,11005
19990305,0000,11052
19990306,0000,10472
19990307,0000,8804
19990308,0000,7368
19990309,0000,6564
19990310,0000,5940
19990311,0000,6554
19990312,0000,6451
19990313,0000,5953
19990314,0000,5168
19990315,0000,4836
19990316,0000,4452
19990317,0000,3896
19990318,0000,4030
19990319,0000,4020
19990320,0000,4199
19990321,0000,4027
19990322,0000,4063
19990323,0000,4067
19990324,0000,3995
19990325,0000,4145
19990326,0000,3677
19990327,0000,4084
19990328,0000,4018
19990329,0000,4213
19990330,0000,4023
19990331,0000,3959
19990401,0000,4070
19990402,0000,4008
19990403,0000,4136
19990404,0000,3922
19990405,0000,4154
19990406,0000,4081
19990407,0000,3972
19990408,0000,4089
19990409,0000,3996
19990410,0000,3641
19990411,0000,3941
19990412,0000,3892
19990413,0000,4199
19990414,0000,4170
19990415,0000,4021
19990416,0000,4633
19990417,0000,4515
19990418,0000,4508
19990419,0000,4509
19990420,0000,4482
19990421,0000,4582
19990422,0000,4338
19990423,0000,4321
19990424,0000,4658
19990425,0000,4822
19990426,0000,4791
19990427,0000,4442
19990428,0000,4485
19990429,0000,4427
19990430,0000,4378
19990501,0000,4603
19990502,0000,4764
19990503,0000,4649
19990504,0000,4478
19990505,0000,4522
19990506,0000,4435
19990507,0000,4554
19990508,0000,4395
19990509,0000,4331
19990510,0000,4241
19990511,0000,4317
19990512,0000,4257
19990513,0000,4210
19990514,0000,4323
19990515,0000,4123
19990516,0000,4418
19990517,0000,4197
19990518,0000,4407
19990519,0000,4204
19990520,0000,4513
19990521,0000,4380
19990522,0000,4325
19990523,0000,4244
19990524,0000,4113
19990525,0000,4162
19990526,0000,4448
19990527,0000,4184
19990528,0000,4151
19990529,0000,4395
19990530,0000,4313
19990531,0000,4179
19990601,0000,4253
19990602,0000,4413
19990603,0000,4366
19990604,0000,4285
19990605,0000,4219
19990606,0000,4236
19990607,0000,4299
19990608,0000,4110
19990609,0000,3819
19990610,0000,3561
19990611,0000,3418
19990612,0000,3514
19990613,0000,3656
19990614,0000,3702
19990615,0000,3743
19990616,0000,3616
19990617,0000,3345
19990618,0000,3260
19990619,0000,3645
19990620,0000,3610
19990621,0000,3640
19990622,0000,3444
19990623,0000,3487
19990624,0000,3540
19990625,0000,3672
19990626,0000,4734
19990627,0000,5433
19990628,0000,5180
19990629,0000,5058
19990630,0000,4966
19990701,0000,4387
19990702,0000,4351
19990703,0000,3931
19990704,0000,4030
19990705,0000,4258
19990706,0000,4362
19990707,0000,4035
19990708,0000,4173
19990709,0000,m
19990710,0000,4763
19990711,0000,4722
19990712,0000,4755
19990713,0000,4805
19990714,0000,4641
19990715,0000,4411
19990716,0000,4714
19990717,0000,4643
19990718,0000,4552
19990719,0000,4349
19990720,0000,4749
19990721,0000,4111
19990722,0000,4089
19990723,0000,4144
19990724,0000,4028
19990725,0000,4060
19990726,0000,3818
19990727,0000,4074
19990728,0000,4016
19990729,0000,3972
19990730,0000,3614
19990731,0000,3784
19990801,0000,3529
19990802,0000,3671
19990803,0000,3198
19990804,0000,2701
19990805,0000,2478
19990806,0000,m
19990807,0000,2591
19990808,0000,2513
19990809,0000,2638
19990810,0000,2553
19990811,0000,2286
19990812,0000,2520
19990813,0000,2379
19990814,0000,2701
19990815,0000,2668
19990816,0000,2630
19990817,0000,2488
19990818,0000,2085
19990819,0000,2334
19990820,0000,2345
19990821,0000,2296
19990822,0000,2302
19990823,0000,2305
19990824,0000,2364
19990825,0000,2001
19990826,0000,2321
19990827,0000,2281
19990828,0000,2344
19990829,0000,2377
19990830,0000,2356
19990831,0000,2420
19990901,0000,2326
19990902,0000,2233
19990903,0000,2185
19990904,0000,2398
19990905,0000,2323
19990906,0000,2324
19990907,0000,2373
19990908,0000,2114
19990909,0000,1988
19990910,0000,1984
19990911,0000,1996
19990912,0000,2060
19990913,0000,1080
19990914,0000,1017
19990915,0000,1392
19990916,0000,944
19990917,0000,1240
19990918,0000,2228
19990919,0000,2394
19990920,0000,2328
19990921,0000,1941
19990922,0000,2491
19990923,0000,2480
19990924,0000,2528
19990925,0000,2502
19990926,0000,1922
19990927,0000,2250
19990928,0000,2475
19990929,0000,2650
19990930,0000,2208
19991001,0000,2279
19991002,0000,2527
19991003,0000,2491
19991004,0000,2510
19991005,0000,2499
19991006,0000,2518
19991007,0000,2501
19991008,0000,2387
19991009,0000,2358
19991010,0000,2387
19991011,0000,2389
19991012,0000,2312
19991013,0000,2374
19991014,0000,2348
19991015,0000,2342
19991016,0000,2419
19991017,0000,2433
19991018,0000,2436
19991019,0000,2445
19991020,0000,2366
19991021,0000,2304
19991022,0000,2339
19991023,0000,2327
19991024,0000,2388
19991025,0000,2420
19991026,0000,2467
19991027,0000,2381
19991028,0000,2434
19991029,0000,2354
19991030,0000,2372
19991031,0000,2183
19991101,0000,2382
19991102,0000,2147
19991103,0000,2402
19991104,0000,2395
19991105,0000,2426
19991106,0000,2365
19991107,0000,2394
19991108,0000,2422
19991109,0000,2407
19991110,0000,2313
19991111,0000,2405
19991112,0000,2399
19991113,0000,2550
19991114,0000,2278
19991115,0000,2398
19991116,0000,2332
19991117,0000,2375
19991118,0000,2403
19991119,0000,2885
19991120,0000,1936
19991121,0000,2323
19991122,0000,2334
19991123,0000,2351
19991124,0000,2714
19991125,0000,2783
19991126,0000,2566
19991127,0000,2642
19991128,0000,1936
19991129,0000,2233
19991130,0000,2419
19991201,0000,1974
19991202,0000,2327
19991203,0000,2512
19991204,0000,2390
19991205,0000,2369
19991206,0000,2421
19991207,0000,2903
19991208,0000,2390
19991209,0000,2268
19991210,0000,2428
19991211,0000,2423
19991212,0000,2575
19991213,0000,2679
19991214,0000,2793
19991215,0000,2807
19991216,0000,2313
19991217,0000,2506
19991218,0000,2545
19991219,0000,2270
19991220,0000,2477
19991221,0000,2407
19991222,0000,2429
19991223,0000,2559
19991224,0000,2471
19991225,0000,2251
19991226,0000,2184
19991227,0000,2483
19991228,0000,2072
19991229,0000,1964
19991230,0000,2207
19991231,0000,2040
20000101,0000,2305
20000102,0000,1703
20000103,0000,1924
20000104,0000,1993
20000105,0000,2071
20000106,0000,2294
20000107,0000,2167
20000108,0000,1938
20000109,0000,2056
20000110,0000,2080
20000111,0000,2061
20000112,0000,2124
20000113,0000,2048
20000114,0000,2068
20000115,0000,2055
20000116,0000,2023
20000117,0000,2069
20000118,0000,2159
20000119,0000,2065
20000120,0000,1728
20000121,0000,2062
20000122,0000,2212
20000123,0000,2182
20000124,0000,4175
20000125,0000,8610
20000126,0000,10127
20000127,0000,10230
20000128,0000,10246
20000129,0000,9602
20000130,0000,8275
20000131,0000,7642
20000201,0000,6563
20000202,0000,5812
20000203,0000,5688
20000204,0000,4826
20000205,0000,3840
20000206,0000,4173
20000207,0000,3436
20000208,0000,3470
20000209,0000,3562
20000210,0000,3968
20000211,0000,3889
20000212,0000,5151
20000213,0000,10895
20000214,0000,20015
20000215,0000,23301
20000216,0000,23126
20000217,0000,22085
20000218,0000,17684
20000219,0000,14305
20000220,0000,12321
20000221,0000,10437
20000222,0000,9085
20000223,0000,7939
20000224,0000,8518
20000225,0000,10096
20000226,0000,10080
20000227,0000,11680
20000228,0000,15024
20000229,0000,14980
20000301,0000,12566
20000302,0000,11469
20000303,0000,10092
20000304,0000,8559
20000305,0000,7180
20000306,0000,6280
20000307,0000,6217
20000308,0000,6057
20000309,0000,6026
20000310,0000,6033
20000311,0000,6000
20000312,0000,6011
20000313,0000,5842
20000314,0000,5349
20000315,0000,4488
20000316,0000,4530
20000317,0000,4117
20000318,0000,4783
20000319,0000,4658
20000320,0000,4635
20000321,0000,4562
20000322,0000,4530
20000323,0000,4542
20000324,0000,4022
20000325,0000,3552
20000326,0000,3432
20000327,0000,3986
20000328,0000,3586
20000329,0000,3301
20000330,0000,3935
20000331,0000,3578
20000401,0000,3561
20000402,0000,3289
20000403,0000,3407
20000404,0000,3437
20000405,0000,3533
20000406,0000,3701
20000407,0000,3618
20000408,0000,3746
20000409,0000,3595
20000410,0000,3650
20000411,0000,3718
20000412,0000,3789
20000413,0000,4959
20000414,0000,5107
20000415,0000,5472
20000416,0000,5287
20000417,0000,5274
20000418,0000,4648
20000419,0000,4609
20000420,0000,4615
20000421,0000,4607
20000422,0000,4459
20000423,0000,4823
20000424,0000,4240
20000425,0000,4156
20000426,0000,4879
20000427,0000,4738
20000428,0000,4836
20000429,0000,5672
20000430,0000,5944
20000501,0000,6294
20000502,0000,6062
20000503,0000,6086
20000504,0000,5894
20000505,0000,5815
20000506,0000,5974
20000507,0000,6030
20000508,0000,5713
20000509,0000,5588
20000510,0000,4520
20000511,0000,4075
20000512,0000,3704
20000513,0000,3186
20000514,0000,2755
20000515,0000,2728
20000516,0000,2751
20000517,0000,2705
20000518,0000,2597
20000519,0000,2615
20000520,0000,2369
20000521,0000,2684
20000522,0000,2346
20000523,0000,2537
20000524,0000,2424
20000525,0000,2481
20000526,0000,2480
20000527,0000,2392
20000528,0000,2547
20000529,0000,2510
20000530,0000,2539
20000531,0000,2497
20000601,0000,2460
20000602,0000,2313
20000603,0000,2580
20000604,0000,2414
20000605,0000,2720
20000606,0000,2553
20000607,0000,2440
20000608,0000,2630
20000609,0000,2393
20000610,0000,2566
20000611,0000,2606
20000612,0000,2546
20000613,0000,2565
20000614,0000,2655
20000615,0000,2471
20000616,0000,2389
20000617,0000,2580
20000618,0000,2524
20000619,0000,2551
20000620,0000,2685
20000621,0000,2627
20000622,0000,2515
20000623,0000,2661
20000624,0000,3457
20000625,0000,3520
20000626,0000,3540
20000627,0000,3211
20000628,0000,3016
20000629,0000,3089
20000630,0000,3137
20000701,0000,2927
20000702,0000,2991
20000703,0000,3137
20000704,0000,3260
20000705,0000,3197
20000706,0000,2950
20000707,0000,2902
20000708,0000,3160
20000709,0000,2870
20000710,0000,3104
20000711,0000,2617
20000712,0000,2399
20000713,0000,2701
20000714,0000,3668
20000715,0000,3435
20000716,0000,3556
20000717,0000,3596
20000718,0000,3662
20000719,0000,3310
20000720,0000,3605
20000721,0000,3749
20000722,0000,3720
20000723,0000,4104
20000724,0000,4021
20000725,0000,4254
20000726,0000,3802
20000727,0000,3577
20000728,0000,3581
20000729,0000,3160
20000730,0000,2737
20000731,0000,3108
20000801,0000,3772
20000802,0000,2563
20000803,0000,2489
20000804,0000,2500
20000805,0000,2631
20000806,0000,2287
20000807,0000,2539
20000808,0000,2815
20000809,0000,1993
20000810,0000,1641
20000811,0000,2720
20000812,0000,1631
20000813,0000,1212
20000814,0000,2087
20000815,0000,1434
20000816,0000,1611
20000817,0000,1364
20000818,0000,1497
20000819,0000,1504
20000820,0000,1550
20000821,0000,1669
20000822,0000,1705
20000823,0000,1556
20000824,0000,1498
20000825,0000,1691
20000826,0000,1584
20000827,0000,1211
20000828,0000,1599
20000829,0000,1633
20000830,0000,1690
20000831,0000,1518
20000901,0000,1576
20000902,0000,1626
20000903,0000,1392
20000904,0000,1193
20000905,0000,1525
20000906,0000,1516
20000907,0000,1614
20000908,0000,1987
20000909,0000,1569
20000910,0000,1249
20000911,0000,1571
20000912,0000,1531
20000913,0000,1462
20000914,0000,1627
20000915,0000,1722
20000916,0000,1682
20000917,0000,1066
20000918,0000,1691
20000919,0000,1487
20000920,0000,2019
20000921,0000,1327
20000922,0000,1544
20000923,0000,1428
20000924,0000,1513
20000925,0000,1576
20000926,0000,1597
20000927,0000,1580
20000928,0000,1541
20000929,0000,1620
20000930,0000,1332
20001001,0000,1631
20001002,0000,1817
20001003,0000,1936
20001004,0000,1809
20001005,0000,1894
20001006,0000,1796
20001007,0000,1845
20001008,0000,1932
20001009,0000,1730
20001010,0000,1785
20001011,0000,1898
20001012,0000,1634
20001013,0000,1616
20001014,0000,2462
20001015,0000,2240
20001016,0000,2416
20001017,0000,2351
20001018,0000,2079
20001019,0000,2105
20001020,0000,2292
20001021,0000,2504
20001022,0000,2136
20001023,0000,2343
20001024,0000,2305
20001025,0000,2191
20001026,0000,2301
20001027,0000,2232
20001028,0000,2165
20001029,0000,2130
20001030,0000,2300
20001031,0000,2597
20001101,0000,2142
20001102,0000,2128
20001103,0000,1888
20001104,0000,1775
20001105,0000,1640
20001106,0000,1764
20001107,0000,1714
20001108,0000,1825
20001109,0000,1711
20001110,0000,1832
20001111,0000,1870
20001112,0000,1852
20001113,0000,1858
20001114,0000,2131
20001115,0000,1826
20001116,0000,2313
20001117,0000,2623
20001118,0000,2600
20001119,0000,2669
20001120,0000,2502
20001121,0000,2489
20001122,0000,2551
20001123,0000,2413
20001124,0000,2656
20001125,0000,2644
20001126,0000,2529
20001127,0000,2547
20001128,0000,2552
20001129,0000,2510
20001130,0000,2531
20001201,0000,2485
20001202,0000,2507
20001203,0000,2556
20001204,0000,2863
20001205,0000,2542
20001206,0000,2688
20001207,0000,2511
20001208,0000,2495
20001209,0000,2336
20001210,0000,2534
20001211,0000,2612
20001212,0000,2621
20001213,0000,2420
20001214,0000,2528
20001215,0000,2498
20001216,0000,2543
20001217,0000,2594
20001218,0000,2504
20001219,0000,2665
20001220,0000,2583
20001221,0000,2575
20001222,0000,2739
20001223,0000,2518
20001224,0000,2476
20001225,0000,2340
20001226,0000,2778
20001227,0000,2778
20001228,0000,2468
20001229,0000,2447
20001230,0000,2678
20001231,0000,2531
20010101,0000,2574
20010102,0000,2690
20010103,0000,2635
20010104,0000,2513
20010105,0000,2146
20010106,0000,2046
20010107,0000,2042
20010108,0000,2714
20010109,0000,2954
20010110,0000,3213
20010111,0000,3082
20010112,0000,2985
20010113,0000,2568
20010114,0000,2389
20010115,0000,2138
20010116,0000,1894
20010117,0000,2269
20010118,0000,2105
20010119,0000,1553
20010120,0000,1507
20010121,0000,1816
20010122,0000,1503
20010123,0000,1426
20010124,0000,1422
20010125,0000,1773
20010126,0000,1399
20010127,0000,1225
20010128,0000,1644
20010129,0000,1499
20010130,0000,1559
20010131,0000,1551
20010201,0000,1574
20010202,0000,1769
20010203,0000,1490
20010204,0000,1524
20010205,0000,1559
20010206,0000,1397
20010207,0000,1825
20010208,0000,1348
20010209,0000,1611
20010210,0000,1498
20010211,0000,1911
20010212,0000,1509
20010213,0000,1321
20010214,0000,1458
20010215,0000,1414
20010216,0000,1679
20010217,0000,1439
20010218,0000,1497
20010219,0000,1448
20010220,0000,1639
20010221,0000,1501
20010222,0000,1498
20010223,0000,1755
20010224,0000,1419
20010225,0000,1491
20010226,0000,1321
20010227,0000,1635
20010228,0000,1638
20010301,0000,1698
20010302,0000,1673
20010303,0000,1365
20010304,0000,1412
20010305,0000,1621
20010306,0000,1274
20010307,0000,1582
20010308,0000,1751
20010309,0000,1586
20010310,0000,1618
20010311,0000,1386
20010312,0000,1451
20010313,0000,1811
20010314,0000,1578
20010315,0000,1455
20010316,0000,1446
20010317,0000,1474
20010318,0000,1478
20010319,0000,1730
20010320,0000,1652
20010321,0000,1591
20010322,0000,1322
20010323,0000,1469
20010324,0000,1524
20010325,0000,1655
20010326,0000,1665
20010327,0000,1598
20010328,0000,1484
20010329,0000,1399
20010330,0000,1464
20010331,0000,1667
20010401,0000,1589
20010402,0000,1677
20010403,0000,1813
20010404,0000,2108
20010405,0000,2037
20010406,0000,2039
20010407,0000,1750
20010408,0000,1498
20010409,0000,1421
20010410,0000,1497
20010411,0000,1594
20010412,0000,1454
20010413,0000,1739
20010414,0000,1464
20010415,0000,1514
20010416,0000,1708
20010417,0000,1480
20010418,0000,1516
20010419,0000,1612
20010420,0000,1836
20010421,0000,1935
20010422,0000,1394
20010423,0000,1570
20010424,0000,1725
20010425,0000,1556
20010426,0000,1485
20010427,0000,1429
20010428,0000,1535
20010429,0000,1500
20010430,0000,1507
20010501,0000,1516
20010502,0000,1507
20010503,0000,1511
20010504,0000,1699
20010505,0000,1627
20010506,0000,1527
20010507,0000,1761
20010508,0000,1596
20010509,0000,1696
20010510,0000,1457
20010511,0000,1537
20010512,0000,1509
20010513,0000,1839
20010514,0000,1895
20010515,0000,1918
20010516,0000,2076
20010517,0000,1787
20010518,0000,1757
20010519,0000,1765
20010520,0000,1932
20010521,0000,2028
20010522,0000,1860
20010523,0000,1957
20010524,0000,2136
20010525,0000,1934
20010526,0000,1401
20010527,0000,1736
20010528,0000,2783
20010529,0000,2709
20010530,0000,2455
20010531,0000,2490
20010601,0000,2453
20010602,0000,3062
20010603,0000,3084
20010604,0000,3236
20010605,0000,3075
20010606,0000,2977
20010607,0000,3203
20010608,0000,3012
20010609,0000,2854
20010610,0000,2794
20010611,0000,2152
20010612,0000,2131
20010613,0000,2193
20010614,0000,1837
20010615,0000,1955
20010616,0000,1968
20010617,0000,2184
20010618,0000,2019
20010619,0000,2132
20010620,0000,2116
20010621,0000,2539
20010622,0000,2639
20010623,0000,2712
20010624,0000,2553
20010625,0000,2705
20010626,0000,2610
20010627,0000,2783
20010628,0000,2684
20010629,0000,2660
20010630,0000,2167
20010701,0000,2150
20010702,0000,2159
20010703,0000,2136
20010704,0000,2292
20010705,0000,2101
20010706,0000,2375
20010707,0000,1985
20010708,0000,2058
20010709,0000,2288
20010710,0000,2132
20010711,0000,2059
20010712,0000,2208
20010713,0000,2348
20010714,0000,2052
20010715,0000,2189
20010716,0000,2166
20010717,0000,2253
20010718,0000,2146
20010719,0000,2119
20010720,0000,2158
20010721,0000,2096
20010722,0000,2055
20010723,0000,2207
20010724,0000,2105
20010725,0000,2178
20010726,0000,2124
20010727,0000,2039
20010728,0000,2074
20010729,0000,2175
20010730,0000,2012
20010731,0000,1906
20010801,0000,1649
20010802,0000,1827
20010803,0000,1560
20010804,0000,1632
20010805,0000,1523
20010806,0000,1452
20010807,0000,1582
20010808,0000,1529
20010809,0000,1538
20010810,0000,1654
20010811,0000,1559
20010812,0000,1482
20010813,0000,1534
20010814,0000,1508
20010815,0000,1679
20010816,0000,1532
20010817,0000,1498
20010818,0000,1610
20010819,0000,1581
20010820,0000,1727
20010821,0000,1458
20010822,0000,1246
20010823,0000,1893
20010824,0000,1528
20010825,0000,1633
20010826,0000,1611
20010827,0000,1583
20010828,0000,1579
20010829,0000,1551
20010830,0000,1379
20010831,0000,1749
20010901,0000,1514
20010902,0000,1521
20010903,0000,1534
20010904,0000,1584
20010905,0000,1531
20010906,0000,1567
20010907,0000,1625
20010908,0000,1613
20010909,0000,1579
20010910,0000,1615
20010911,0000,1535
20010912,0000,1609
20010913,0000,1650
20010914,0000,1200
20010915,0000,1400
20010916,0000,1507
20010917,0000,1649
20010918,0000,1701
20010919,0000,1359
20010920,0000,1519
20010921,0000,1450
20010922,0000,1617
20010923,0000,1744
20010924,0000,1454
20010925,0000,1590
20010926,0000,1465
20010927,0000,1549
20010928,0000,1562
20010929,0000,1519
20010930,0000,1544
20011001,0000,1424
20011002,0000,1555
20011003,0000,1588
20011004,0000,1591
20011005,0000,1513
20011006,0000,1372
20011007,0000,1317
20011008,0000,1272
20011009,0000,1273
20011010,0000,1229
20011011,0000,1508
20011012,0000,1315
20011013,0000,1089
20011014,0000,1336
20011015,0000,1297
20011016,0000,1354
20011017,0000,1328
20011018,0000,1366
20011019,0000,1279
20011020,0000,1298
20011021,0000,1290
20011022,0000,1272
20011023,0000,1303
20011024,0000,1286
20011025,0000,1292
20011026,0000,1283
20011027,0000,1437
20011028,0000,1230
20011029,0000,1178
20011030,0000,1328
20011031,0000,1205
20011101,0000,1044
20011102,0000,1128
20011103,0000,961
20011104,0000,901
20011105,0000,1031
20011106,0000,1043
20011107,0000,1065
20011108,0000,1030
20011109,0000,1087
20011110,0000,916
20011111,0000,1064
20011112,0000,1193
20011113,0000,1042
20011114,0000,900
20011115,0000,914
20011116,0000,1046
20011117,0000,999
20011118,0000,1080
20011119,0000,982
20011120,0000,1059
20011121,0000,1068
20011122,0000,1054
20011123,0000,996
20011124,0000,1350
20011125,0000,760
20011126,0000,1049
20011127,0000,1388
20011128,0000,965
20011129,0000,798
20011130,0000,798
20011201,0000,1191
20011202,0000,1538
20011203,0000,1047
20011204,0000,1318
20011205,0000,1529
20011206,0000,1553
20011207,0000,1584
20011208,0000,1436
20011209,0000,1589
20011210,0000,1437
20011211,0000,1614
20011212,0000,1598
20011213,0000,1401
20011214,0000,1591
20011215,0000,1454
20011216,0000,1532
20011217,0000,1596
20011218,0000,1546
20011219,0000,1520
20011220,0000,1544
20011221,0000,1873
20011222,0000,1399
20011223,0000,1341
20011224,0000,1366
20011225,0000,1800
20011226,0000,1393
20011227,0000,1446
20011228,0000,1502
20011229,0000,1977
20011230,0000,1204
20011231,0000,1572
20020101,0000,1351
20020102,0000,1809
20020103,0000,1419
20020104,0000,1213
20020105,0000,1690
20020106,0000,1458
20020107,0000,1500
20020108,0000,1415
20020109,0000,1630
20020110,0000,1673
20020111,0000,1548
20020112,0000,1558
20020113,0000,1538
20020114,0000,1540
20020115,0000,1293
20020116,0000,1597
20020117,0000,1470
20020118,0000,1539
20020119,0000,1470
20020120,0000,1718
20020121,0000,1631
20020122,0000,1520
20020123,0000,1470
20020124,0000,1654
20020125,0000,1532
20020126,0000,1637
20020127,0000,1428
20020128,0000,1424
20020129,0000,1440
20020130,0000,1691
20020131,0000,1434
20020201,0000,1514
20020202,0000,1538
20020203,0000,1505
20020204,0000,1624
20020205,0000,1495
20020206,0000,1580
20020207,0000,1483
20020208,0000,1486
20020209,0000,1467
20020210,0000,1587
20020211,0000,1551
20020212,0000,1584
20020213,0000,1503
20020214,0000,1591
20020215,0000,1568
20020216,0000,1443
20020217,0000,1704
20020218,0000,1537
20020219,0000,1532
20020220,0000,1536
20020221,0000,1348
20020222,0000,1452
20020223,0000,1458
20020224,0000,1438
20020225,0000,1626
20020226,0000,1608
20020227,0000,1627
20020228,0000,1529
20020301,0000,1525
20020302,0000,1576
20020303,0000,2052
20020304,0000,2046
20020305,0000,2140
20020306,0000,2262
20020307,0000,1929
20020308,0000,3935
20020309,0000,3899
20020310,0000,4091
20020311,0000,4000
20020312,0000,3878
20020313,0000,3963
20020314,0000,3565
20020315,0000,3553
20020316,0000,3146
20020317,0000,2993
20020318,0000,2992
20020319,0000,3129
20020320,0000,3104
20020321,0000,3012
20020322,0000,3034
20020323,0000,2766
20020324,0000,3266
20020325,0000,2930
20020326,0000,2598
20020327,0000,2536
20020328,0000,2659
20020329,0000,2485
20020330,0000,2786
20020331,0000,2977
20020401,0000,2930
20020402,0000,3167
20020403,0000,2984
20020404,0000,3224
20020405,0000,3329
20020406,0000,3283
20020407,0000,3285
20020408,0000,3642
20020409,0000,3941
20020410,0000,4037
20020411,0000,4022
20020412,0000,3998
20020413,0000,3906
20020414,0000,4023
20020415,0000,4075
20020416,0000,4034
20020417,0000,4077
20020418,0000,4062
20020419,0000,4036
20020420,0000,3995
20020421,0000,4100
20020422,0000,4045
20020423,0000,3632
20020424,0000,3478
20020425,0000,3526
20020426,0000,3542
20020427,0000,3530
20020428,0000,3626
20020429,0000,3598
20020430,0000,3561
20020501,0000,3118
20020502,0000,3008
20020503,0000,2968
20020504,0000,2764
20020505,0000,3009
20020506,0000,2657
20020507,0000,2555
20020508,0000,2644
20020509,0000,2841
20020510,0000,2602
20020511,0000,2706
20020512,0000,2731
20020513,0000,3081
20020514,0000,2764
20020515,0000,2554
20020516,0000,2836
20020517,0000,2738
20020518,0000,2693
20020519,0000,2769
20020520,0000,2772
20020521,0000,2825
20020522,0000,2631
20020523,0000,2620
20020524,0000,2504
20020525,0000,2044
20020526,0000,2090
20020527,0000,2571
20020528,0000,2235
20020529,0000,2306
20020530,0000,2043
20020531,0000,2214
20020601,0000,2231
20020602,0000,2354
20020603,0000,2176
20020604,0000,2237
20020605,0000,2196
20020606,0000,2454
20020607,0000,2154
20020608,0000,2192
20020609,0000,2332
20020610,0000,2222
20020611,0000,2226
20020612,0000,2224
20020613,0000,3102
20020614,0000,3010
20020615,0000,3061
20020616,0000,3033
20020617,0000,3076
20020618,0000,3051
20020619,0000,3050
20020620,0000,2958
20020621,0000,3097
20020622,0000,3134
20020623,0000,3156
20020624,0000,2833
20020625,0000,2997
20020626,0000,3070
20020627,0000,3035
20020628,0000,3068
20020629,0000,3229
20020630,0000,2585
20020701,0000,2650
20020702,0000,2463
20020703,0000,2556
20020704,0000,2498
20020705,0000,2873
20020706,0000,3067
20020707,0000,3071
20020708,0000,3079
20020709,0000,3031
20020710,0000,3472
20020711,0000,3631
20020712,0000,3488
20020713,0000,3552
20020714,0000,3630
20020715,0000,3653
20020716,0000,3560
20020717,0000,3504
20020718,0000,3594
20020719,0000,3491
20020720,0000,3497
20020721,0000,3366
20020722,0000,3563
20020723,0000,4131
20020724,0000,4084
20020725,0000,4082
20020726,0000,3893
20020727,0000,3691
20020728,0000,3520
20020729,0000,3555
20020730,0000,3147
20020731,0000,2640
20020801,0000,2470
20020802,0000,2647
20020803,0000,2601
20020804,0000,2463
20020805,0000,2533
20020806,0000,2530
20020807,0000,2094
20020808,0000,2061
20020809,0000,2067
20020810,0000,2067
20020811,0000,2049
20020812,0000,2018
20020813,0000,2023
20020814,0000,1999
20020815,0000,2011
20020816,0000,2076
20020817,0000,2020
20020818,0000,2069
20020819,0000,2078
20020820,0000,1975
20020821,0000,1849
20020822,0000,1821
20020823,0000,1740
20020824,0000,1581
20020825,0000,1494
20020826,0000,1441
20020827,0000,1497
20020828,0000,1506
20020829,0000,1467
20020830,0000,1594
20020831,0000,1874
20020901,0000,1466
20020902,0000,1414
20020903,0000,1557
20020904,0000,1510
20020905,0000,1553
20020906,0000,1671
20020907,0000,1540
20020908,0000,1536
20020909,0000,1579
20020910,0000,1529
20020911,0000,1529
20020912,0000,1524
20020913,0000,1649
20020914,0000,1530
20020915,0000,1579
20020916,0000,1497
20020917,0000,1509
20020918,0000,1585
20020919,0000,1602
20020920,0000,1498
20020921,0000,1592
20020922,0000,1564
20020923,0000,1569
20020924,0000,1572
20020925,0000,1605
20020926,0000,1584
20020927,0000,1586
20020928,0000,1535
20020929,0000,1420
20020930,0000,1557
20021001,0000,1523
20021002,0000,1557
20021003,0000,1568
20021004,0000,1542
20021005,0000,1567
20021006,0000,1513
20021007,0000,1598
20021008,0000,1527
20021009,0000,1556
20021010,0000,1541
20021011,0000,1520
20021012,0000,1577
20021013,0000,1551
20021014,0000,1549
20021015,0000,1563
20021016,0000,1604
20021017,0000,1586
20021018,0000,1559
20021019,0000,1563
20021020,0000,1561
20021021,0000,1546
20021022,0000,1560
20021023,0000,1575
20021024,0000,1609
20021025,0000,1597
20021026,0000,1600
20021027,0000,1583
20021028,0000,1584
20021029,0000,1480
20021030,0000,1504
20021031,0000,1476
20021101,0000,1543
20021102,0000,1446
20021103,0000,1509
20021104,0000,1555
20021105,0000,1565
20021106,0000,1542
20021107,0000,1652
20021108,0000,1663
20021109,0000,1531
20021110,0000,1498
20021111,0000,1453
20021112,0000,1454
20021113,0000,1472
20021114,0000,1509
20021115,0000,1658
20021116,0000,1607
20021117,0000,1550
20021118,0000,1460
20021119,0000,1394
20021120,0000,1731
20021121,0000,1625
20021122,0000,1587
20021123,0000,1381
20021124,0000,2122
20021125,0000,1838
20021126,0000,1907
20021127,0000,1867
20021128,0000,1773
20021129,0000,1697
20021130,0000,1768
20021201,0000,1773
20021202,0000,1783
20021203,0000,1744
20021204,0000,1754
20021205,0000,1805
20021206,0000,1854
20021207,0000,1937
20021208,0000,1809
20021209,0000,1793
20021210,0000,1758
20021211,0000,1763
20021212,0000,1798
20021213,0000,1702
20021214,0000,1869
20021215,0000,1650
20021216,0000,1809
20021217,0000,1539
20021218,0000,1490
20021219,0000,1537
20021220,0000,1678
20021221,0000,1689
20021222,0000,1375
20021223,0000,1508
20021224,0000,1520
20021225,0000,1451
20021226,0000,1602
20021227,0000,1565
20021228,0000,1579
20021229,0000,1636
20021230,0000,1455
20021231,0000,1543
20030101,0000,1480
20030102,0000,1497
20030103,0000,1454
20030104,0000,1521
20030105,0000,1669
20030106,0000,1684
20030107,0000,1529
20030108,0000,1473
20030109,0000,1548
20030110,0000,1800
20030111,0000,1920
20030112,0000,2107
20030113,0000,2631
20030114,0000,2719
20030115,0000,2727
20030116,0000,2715
20030117,0000,2724
20030118,0000,2723
20030119,0000,2723
20030120,0000,2725
20030121,0000,2728
20030122,0000,2720
20030123,0000,3386
20030124,0000,3965
20030125,0000,4018
20030126,0000,4063
20030127,0000,4004
20030128,0000,4165
20030129,0000,4129
20030130,0000,4210
20030131,0000,4067
20030201,0000,3996
20030202,0000,4003
20030203,0000,3964
20030204,0000,4072
20030205,0000,4075
20030206,0000,4015
20030207,0000,4035
20030208,0000,4091
20030209,0000,4085
20030210,0000,5305
20030211,0000,5509
20030212,0000,5497
20030213,0000,5563
20030214,0000,5489
20030215,0000,5455
20030216,0000,5599
20030217,0000,5466
20030218,0000,5222
20030219,0000,5099
20030220,0000,4589
20030221,0000,3832
20030222,0000,3427
20030223,0000,3492
20030224,0000,3453
20030225,0000,3506
20030226,0000,3175
20030227,0000,2869
20030228,0000,2726
20030301,0000,2580
20030302,0000,2412
20030303,0000,2504
20030304,0000,2334
20030305,0000,2067
20030306,0000,1975
20030307,0000,1854
20030308,0000,2067
20030309,0000,2058
20030310,0000,2059
20030311,0000,2081
20030312,0000,2009
20030313,0000,1981
20030314,0000,2041
20030315,0000,2165
20030316,0000,1931
20030317,0000,1866
20030318,0000,2037
20030319,0000,2111
20030320,0000,2045
20030321,0000,2061
20030322,0000,2077
20030323,0000,2030
20030324,0000,2092
20030325,0000,1727
20030326,0000,1722
20030327,0000,1794
20030328,0000,1781
20030329,0000,1893
20030330,0000,1835
20030331,0000,1899
20030401,0000,1857
20030402,0000,1996
20030403,0000,1831
20030404,0000,1905
20030405,0000,1794
20030406,0000,1712
20030407,0000,1965
20030408,0000,1691
20030409,0000,1822
20030410,0000,1880
20030411,0000,1881
20030412,0000,2011
20030413,0000,1934
20030414,0000,1719
20030415,0000,1678
20030416,0000,1783
20030417,0000,1838
20030418,0000,1885
20030419,0000,1856
20030420,0000,1834
20030421,0000,1849
20030422,0000,1835
20030423,0000,1767
20030424,0000,1975
20030425,0000,1892
20030426,0000,2493
20030427,0000,2323
20030428,0000,2528
20030429,0000,3885
20030430,0000,5361
20030501,0000,5077
20030502,0000,5141
20030503,0000,5608
20030504,0000,5545
20030505,0000,5547
20030506,0000,5531
20030507,0000,5035
20030508,0000,5562
20030509,0000,5537
20030510,0000,5488
20030511,0000,5462
20030512,0000,5460
20030513,0000,5503
20030514,0000,5545
20030515,0000,5784
20030516,0000,6572
20030517,0000,6528
20030518,0000,6315
20030519,0000,6545
20030520,0000,6724
20030521,0000,6234
20030522,0000,6567
20030523,0000,6002
20030524,0000,5067
20030525,0000,4992
20030526,0000,4971
20030527,0000,5107
20030528,0000,5062
20030529,0000,5546
20030530,0000,5619
20030531,0000,5598
20030601,0000,5568
20030602,0000,6294
20030603,0000,6970
20030604,0000,7143
20030605,0000,6775
20030606,0000,6302
20030607,0000,5809
20030608,0000,5602
20030609,0000,5536
20030610,0000,5433
20030611,0000,4741
20030612,0000,4940
20030613,0000,4468
20030614,0000,3875
20030615,0000,3967
20030616,0000,4047
20030617,0000,3543
20030618,0000,3000
20030619,0000,3079
20030620,0000,3034
20030621,0000,3007
20030622,0000,3000
20030623,0000,3218
20030624,0000,3011
20030625,0000,2974
20030626,0000,2580
20030627,0000,2441
20030628,0000,2545
20030629,0000,2575
20030630,0000,2562
20030701,0000,2510
20030702,0000,2520
20030703,0000,2535
20030704,0000,2552
20030705,0000,2615
20030706,0000,2571
20030707,0000,2710
20030708,0000,3134
20030709,0000,3066
20030710,0000,3136
20030711,0000,2949
20030712,0000,3051
20030713,0000,2990
20030714,0000,3032
20030715,0000,3041
20030716,0000,3004
20030717,0000,3038
20030718,0000,3028
20030719,0000,2979
20030720,0000,3488
20030721,0000,3515
20030722,0000,3554
20030723,0000,4149
20030724,0000,4287
20030725,0000,4056
20030726,0000,4434
20030727,0000,4520
20030728,0000,4651
20030729,0000,4702
20030730,0000,4456
20030731,0000,4426
20030801,0000,4401
20030802,0000,4435
20030803,0000,4442
20030804,0000,4624
20030805,0000,4168
20030806,0000,4079
20030807,0000,3621
20030808,0000,3123
20030809,0000,2972
20030810,0000,2990
20030811,0000,3113
20030812,0000,2990
20030813,0000,2666
20030814,0000,2528
20030815,0000,2026
20030816,0000,2063
20030817,0000,2184
20030818,0000,2026
20030819,0000,2049
20030820,0000,2086
20030821,0000,1977
20030822,0000,2055
20030823,0000,2018
20030824,0000,2029
20030825,0000,2032
20030826,0000,2098
20030827,0000,2046
20030828,0000,2036
20030829,0000,1992
20030830,0000,2007
20030831,0000,2006
20030901,0000,1963
20030902,0000,2260
20030903,0000,2095
20030904,0000,1942
20030905,0000,2063
20030906,0000,1876
20030907,0000,1782
20030908,0000,1670
20030909,0000,2001
20030910,0000,1772
20030911,0000,1753
20030912,0000,1825
20030913,0000,1716
20030914,0000,1847
20030915,0000,1837
20030916,0000,1810
20030917,0000,1646
20030918,0000,1915
20030919,0000,1716
20030920,0000,1640
20030921,0000,1773
20030922,0000,1903
20030923,0000,1998
20030924,0000,1675
20030925,0000,1723
20030926,0000,1749
20030927,0000,1720
20030928,0000,1832
20030929,0000,1829
20030930,0000,1845
20031001,0000,1774
20031002,0000,1870
20031003,0000,1964
20031004,0000,1776
20031005,0000,1777
20031006,0000,1752
20031007,0000,1698
20031008,0000,2101
20031009,0000,2005
20031010,0000,2223
20031011,0000,2082
20031012,0000,1911
20031013,0000,2058
20031014,0000,1993
20031015,0000,2093
20031016,0000,2035
20031017,0000,2001
20031018,0000,2053
20031019,0000,2043
20031020,0000,2028
20031021,0000,2037
20031022,0000,2008
20031023,0000,2002
20031024,0000,2043
20031025,0000,2003
20031026,0000,2292
20031027,0000,2050
20031028,0000,2047
20031029,0000,2088
20031030,0000,2051
20031031,0000,2488
20031101,0000,2439
20031102,0000,2618
20031103,0000,2086
20031104,0000,1990
20031105,0000,1993
20031106,0000,2059
20031107,0000,2112
20031108,0000,1952
20031109,0000,2043
20031110,0000,2023
20031111,0000,2064
20031112,0000,2118
20031113,0000,2055
20031114,0000,2030
20031115,0000,2067
20031116,0000,2059
20031117,0000,2018
20031118,0000,2072
20031119,0000,2061
20031120,0000,2056
20031121,0000,2015
20031122,0000,1995
20031123,0000,2022
20031124,0000,2107
20031125,0000,2087
20031126,0000,2033
20031127,0000,2039
20031128,0000,1952
20031129,0000,2041
20031130,0000,2141
20031201,0000,2091
20031202,0000,2015
20031203,0000,2008
20031204,0000,2086
20031205,0000,2055
20031206,0000,2050
20031207,0000,2016
20031208,0000,2002
20031209,0000,2144
20031210,0000,2037
20031211,0000,2076
20031212,0000,1925
20031213,0000,2074
20031214,0000,2052
20031215,0000,1908
20031216,0000,1952
20031217,0000,2027
20031218,0000,2125
20031219,0000,2040
20031220,0000,2097
20031221,0000,2055
20031222,0000,2014
20031223,0000,1995
20031224,0000,2083
20031225,0000,1849
20031226,0000,1937
20031227,0000,2028
20031228,0000,2068
20031229,0000,2145
20031230,0000,2163
20031231,0000,2065
20040101,0000,2267
20040102,0000,1785
20040103,0000,1877
20040104,0000,2059
20040105,0000,1956
20040106,0000,2223
20040107,0000,3363
20040108,0000,3660
20040109,0000,3604
20040110,0000,3471
20040111,0000,3602
20040112,0000,3462
20040113,0000,3163
20040114,0000,2631
20040115,0000,3252
20040116,0000,3039
20040117,0000,2183
20040118,0000,2205
20040119,0000,2349
20040120,0000,2249
20040121,0000,2255
20040122,0000,2180
20040123,0000,2136
20040124,0000,2194
20040125,0000,2204
20040126,0000,2257
20040127,0000,2299
20040128,0000,2326
20040129,0000,2167
20040130,0000,2212
20040131,0000,2282
20040201,0000,2477
20040202,0000,2311
20040203,0000,2209
20040204,0000,2015
20040205,0000,2325
20040206,0000,2272
20040207,0000,2192
20040208,0000,2180
20040209,0000,2255
20040210,0000,2139
20040211,0000,2231
20040212,0000,2190
20040213,0000,2235
20040214,0000,2224
20040215,0000,2250
20040216,0000,2313
20040217,0000,2286
20040218,0000,2395
20040219,0000,4807
20040220,0000,7148
20040221,0000,7080
20040222,0000,7031
20040223,0000,6902
20040224,0000,7175
20040225,0000,5859
20040226,0000,6014
20040227,0000,5618
20040228,0000,5096
20040229,0000,3472
20040301,0000,3150
20040302,0000,3115
20040303,0000,3077
20040304,0000,2949
20040305,0000,3023
20040306,0000,3114
20040307,0000,3049
20040308,0000,3123
20040309,0000,3060
20040310,0000,3208
20040311,0000,3073
20040312,0000,3520
20040313,0000,3546
20040314,0000,3517
20040315,0000,3837
20040316,0000,3526
20040317,0000,3573
20040318,0000,3505
20040319,0000,3653
20040320,0000,3631
20040321,0000,3642
20040322,0000,3572
20040323,0000,4159
20040324,0000,4110
20040325,0000,3957
20040326,0000,3954
20040327,0000,4048
20040328,0000,4025
20040329,0000,3861
20040330,0000,4025
20040331,0000,3874
20040401,0000,3174
20040402,0000,3091
20040403,0000,3139
20040404,0000,3108
20040405,0000,3017
20040406,0000,5148
20040407,0000,8085
20040408,0000,8002
20040409,0000,7948
20040410,0000,6225
20040411,0000,5586
20040412,0000,5072
20040413,0000,4434
20040414,0000,5134
20040415,0000,5416
20040416,0000,5612
20040417,0000,5883
20040418,0000,5240
20040419,0000,5036
20040420,0000,4260
20040421,0000,3625
20040422,0000,3331
20040423,0000,2963
20040424,0000,3134
20040425,0000,2991
20040426,0000,2940
20040427,0000,2485
20040428,0000,2774
20040429,0000,2530
20040430,0000,2452
20040501,0000,2484
20040502,0000,2565
20040503,0000,3003
20040504,0000,2553
20040505,0000,2411
20040506,0000,2555
20040507,0000,m
20040508,0000,m
20040509,0000,2518
20040510,0000,2509
20040511,0000,2480
20040512,0000,2511
20040513,0000,2546
20040514,0000,2731
20040515,0000,2354
20040516,0000,2112
20040517,0000,2128
20040518,0000,2081
20040519,0000,2028
20040520,0000,1967
20040521,0000,1839
20040522,0000,1804
20040523,0000,1964
20040524,0000,1659
20040525,0000,1743
20040526,0000,1732
20040527,0000,1782
20040528,0000,1779
20040529,0000,1834
20040530,0000,1716
20040531,0000,1738
20040601,0000,1885
20040602,0000,1681
20040603,0000,1891
20040604,0000,1720
20040605,0000,1815
20040606,0000,1723
20040607,0000,2159
20040608,0000,2280
20040609,0000,2296
20040610,0000,2298
20040611,0000,2417
20040612,0000,2432
20040613,0000,2380
20040614,0000,2317
20040615,0000,2283
20040616,0000,2234
20040617,0000,2511
20040618,0000,2676
20040619,0000,2611
20040620,0000,2596
20040621,0000,2479
20040622,0000,2500
20040623,0000,2490
20040624,0000,2676
20040625,0000,2645
20040626,0000,2462
20040627,0000,2508
20040628,0000,2554
20040629,0000,2392
20040630,0000,3128
20040701,0000,2896
20040702,0000,3020
20040703,0000,3130
20040704,0000,3102
20040705,0000,3142
20040706,0000,3122
20040707,0000,3063
20040708,0000,2988
20040709,0000,3058
20040710,0000,3498
20040711,0000,3662
20040712,0000,3395
20040713,0000,3489
20040714,0000,3545
20040715,0000,3509
20040716,0000,3615
20040717,0000,3514
20040718,0000,3680
20040719,0000,3640
20040720,0000,3571
20040721,0000,3537
20040722,0000,3666
20040723,0000,3494
20040724,0000,3546
20040725,0000,3180
20040726,0000,2716
20040727,0000,2599
20040728,0000,2606
20040729,0000,2512
20040730,0000,2543
20040731,0000,2621
20040801,0000,2493
20040802,0000,2477
20040803,0000,2124
20040804,0000,2090
20040805,0000,2116
20040806,0000,2108
20040807,0000,2128
20040808,0000,2256
20040809,0000,2075
20040810,0000,1986
20040811,0000,1953
20040812,0000,2096
20040813,0000,2103
20040814,0000,2091
20040815,0000,2079
20040816,0000,2046
20040817,0000,2121
20040818,0000,2039
20040819,0000,1626
20040820,0000,1565
20040821,0000,1646
20040822,0000,1577
20040823,0000,1532
20040824,0000,1570
20040825,0000,1580
20040826,0000,1604
20040827,0000,1528
20040828,0000,1628
20040829,0000,1547
20040830,0000,1534
20040831,0000,1638
20040901,0000,1561
20040902,0000,1534
20040903,0000,1562
20040904,0000,1547
20040905,0000,1632
20040906,0000,1563
20040907,0000,1591
20040908,0000,1430
20040909,0000,1573
20040910,0000,1476
20040911,0000,1709
20040912,0000,1467
20040913,0000,1494
20040914,0000,1588
20040915,0000,1517
20040916,0000,1598
20040917,0000,1600
20040918,0000,1549
20040919,0000,1562
20040920,0000,1567
20040921,0000,1580
20040922,0000,1605
20040923,0000,1575
20040924,0000,1549
20040925,0000,1602
20040926,0000,1631
20040927,0000,1497
20040928,0000,1544
20040929,0000,1321
20040930,0000,1067
20041001,0000,1103
20041002,0000,1218
20041003,0000,1051
20041004,0000,944
20041005,0000,1067
20041006,0000,1066
20041007,0000,1100
20041008,0000,1274
20041009,0000,1608
20041010,0000,1585
20041011,0000,1604
20041012,0000,1609
20041013,0000,1597
20041014,0000,1622
20041015,0000,1613
20041016,0000,1567
20041017,0000,1631
20041018,0000,1573
20041019,0000,1781
20041020,0000,1302
20041021,0000,1551
20041022,0000,1586
20041023,0000,1666
20041024,0000,1575
20041025,0000,1604
20041026,0000,1601
20041027,0000,1516
20041028,0000,1474
20041029,0000,1550
20041030,0000,1558
20041031,0000,1614
20041101,0000,1709
20041102,0000,1581
20041103,0000,1684
20041104,0000,1578
20041105,0000,1538
20041106,0000,1496
20041107,0000,1547
20041108,0000,1667
20041109,0000,1595
20041110,0000,1654
20041111,0000,1503
20041112,0000,1478
20041113,0000,1486
20041114,0000,1573
20041115,0000,1577
20041116,0000,1585
20041117,0000,2053
20041118,0000,1889
20041119,0000,1755
20041120,0000,1799
20041121,0000,1755
20041122,0000,1785
20041123,0000,1824
20041124,0000,1832
20041125,0000,1775
20041126,0000,1774
20041127,0000,2039
20041128,0000,1675
20041129,0000,1730
20041130,0000,1797
20041201,0000,1729
20041202,0000,1812
20041203,0000,1903
20041204,0000,1689
20041205,0000,1654
20041206,0000,1662
20041207,0000,1773
20041208,0000,1978
20041209,0000,1549
20041210,0000,1719
20041211,0000,1775
20041212,0000,1791
20041213,0000,1761
20041214,0000,1902
20041215,0000,1813
20041216,0000,1799
20041217,0000,1782
20041218,0000,1877
20041219,0000,1892
20041220,0000,1708
20041221,0000,1908
20041222,0000,1890
20041223,0000,1508
20041224,0000,1476
20041225,0000,1504
20041226,0000,1503
20041227,0000,1706
20041228,0000,1470
20041229,0000,1494
20041230,0000,1909
20041231,0000,1265
20050101,0000,1688
20050102,0000,1794
20050103,0000,1178
20050104,0000,1616
20050105,0000,1545
20050106,0000,1281
20050107,0000,1611
20050108,0000,1456
20050109,0000,1788
20050110,0000,1589
20050111,0000,1829
20050112,0000,1686
20050113,0000,1474
20050114,0000,1401
20050115,0000,1432
20050116,0000,1247
20050117,0000,1318
20050118,0000,1823
20050119,0000,1560
20050120,0000,1337
20050121,0000,1501
20050122,0000,1770
20050123,0000,1441
20050124,0000,1594
20050125,0000,1603
20050126,0000,1393
20050127,0000,1858
20050128,0000,1781
20050129,0000,1374
20050130,0000,1365
20050131,0000,1546
20050201,0000,1967
20050202,0000,2530
20050203,0000,2553
20050204,0000,2903
20050205,0000,2512
20050206,0000,2519
20050207,0000,2590
20050208,0000,2601
20050209,0000,3335
20050210,0000,7644
20050211,0000,8019
20050212,0000,5946
20050213,0000,3624
20050214,0000,3445
20050215,0000,3285
20050216,0000,2301
20050217,0000,2578
20050218,0000,2490
20050219,0000,2510
20050220,0000,3218
20050221,0000,8118
20050222,0000,7655
20050223,0000,6030
20050224,0000,3874
20050225,0000,3623
20050226,0000,3038
20050227,0000,2941
20050228,0000,2787
20050301,0000,3401
20050302,0000,3298
20050303,0000,3053
20050304,0000,2977
20050305,0000,2887
20050306,0000,3087
20050307,0000,2962
20050308,0000,2941
20050309,0000,2819
20050310,0000,3167
20050311,0000,3827
20050312,0000,3718
20050313,0000,3815
20050314,0000,3854
20050315,0000,4154
20050316,0000,3526
20050317,0000,3981
20050318,0000,5955
20050319,0000,8046
20050320,0000,8232
20050321,0000,7827
20050322,0000,6709
20050323,0000,5906
20050324,0000,9139
20050325,0000,15030
20050326,0000,14871
20050327,0000,14787
20050328,0000,13979
20050329,0000,11289
20050330,0000,9848
20050331,0000,8413
20050401,0000,7143
20050402,0000,6206
20050403,0000,5015
20050404,0000,5134
20050405,0000,4315
20050406,0000,3686
20050407,0000,3868
20050408,0000,3306
20050409,0000,3295
20050410,0000,3618
20050411,0000,3683
20050412,0000,3621
20050413,0000,3905
20050414,0000,3780
20050415,0000,4061
20050416,0000,4198
20050417,0000,4232
20050418,0000,3984
20050419,0000,3929
20050420,0000,4217
20050421,0000,4150
20050422,0000,3938
20050423,0000,4152
20050424,0000,4281
20050425,0000,3859
20050426,0000,3992
20050427,0000,4226
20050428,0000,4021
20050429,0000,4212
20050430,0000,3826
20050501,0000,4274
20050502,0000,4254
20050503,0000,4066
20050504,0000,3587
20050505,0000,4504
20050506,0000,4051
20050507,0000,4152
20050508,0000,3977
20050509,0000,4236
20050510,0000,4503
20050511,0000,4976
20050512,0000,6292
20050513,0000,8621
20050514,0000,8322
20050515,0000,8254
20050516,0000,8225
20050517,0000,11063
20050518,0000,14907
20050519,0000,18935
20050520,0000,23260
20050521,0000,19873
20050522,0000,18247
20050523,0000,15285
20050524,0000,13051
20050525,0000,10946
20050526,0000,8720
20050527,0000,7204
20050528,0000,6527
20050529,0000,6201
20050530,0000,8589
20050531,0000,11983
20050601,0000,12401
20050602,0000,12286
20050603,0000,11748
20050604,0000,8948
20050605,0000,7722
20050606,0000,7940
20050607,0000,8112
20050608,0000,7269
20050609,0000,6392
20050610,0000,6232
20050611,0000,6144
20050612,0000,8049
20050613,0000,8120
20050614,0000,8098
20050615,0000,8104
20050616,0000,8302
20050617,0000,8531
20050618,0000,8547
20050619,0000,8492
20050620,0000,8522
20050621,0000,8532
20050622,0000,7265
20050623,0000,6899
20050624,0000,5040
20050625,0000,4304
20050626,0000,4284
20050627,0000,3876
20050628,0000,3901
20050629,0000,3692
20050630,0000,3438
20050701,0000,3469
20050702,0000,3337
20050703,0000,3557
20050704,0000,3587
20050705,0000,3576
20050706,0000,3266
20050707,0000,3730
20050708,0000,3620
20050709,0000,3717
20050710,0000,3603
20050711,0000,3532
20050712,0000,3730
20050713,0000,3547
20050714,0000,3342
20050715,0000,3804
20050716,0000,3710
20050717,0000,3494
20050718,0000,3648
20050719,0000,3738
20050720,0000,3539
20050721,0000,3550
20050722,0000,3633
20050723,0000,3633
20050724,0000,3606
20050725,0000,3523
20050726,0000,3667
20050727,0000,3513
20050728,0000,3671
20050729,0000,3461
20050730,0000,3650
20050731,0000,3741
20050801,0000,3518
20050802,0000,3528
20050803,0000,3649
20050804,0000,3440
20050805,0000,3602
20050806,0000,3735
20050807,0000,3511
20050808,0000,3626
20050809,0000,3573
20050810,0000,3541
20050811,0000,3576
20050812,0000,3207
20050813,0000,m
20050814,0000,3071
20050815,0000,3036
20050816,0000,3125
20050817,0000,3145
20050818,0000,3189
20050819,0000,3080
20050820,0000,2917
20050821,0000,3043
20050822,0000,3043
20050823,0000,2997
20050824,0000,3057
20050825,0000,3112
20050826,0000,3232
20050827,0000,3178
20050828,0000,3058
20050829,0000,2854
20050830,0000,3176
20050831,0000,3305
20050901,0000,2838
20050902,0000,2968
20050903,0000,2946
20050904,0000,3002
20050905,0000,3084
20050906,0000,3106
20050907,0000,2995
20050908,0000,2984
20050909,0000,2940
20050910,0000,2562
20050911,0000,2587
20050912,0000,2666
20050913,0000,2764
20050914,0000,2583
20050915,0000,1919
20050916,0000,2573
20050917,0000,2482
20050918,0000,2662
20050919,0000,2630
20050920,0000,2518
20050921,0000,2658
20050922,0000,2604
20050923,0000,2558
20050924,0000,2746
20050925,0000,2621
20050926,0000,2654
20050927,0000,2171
20050928,0000,2667
20050929,0000,2551
20050930,0000,2582
20051001,0000,2474
20051002,0000,2420
20051003,0000,2517
20051004,0000,2399
20051005,0000,2699
20051006,0000,2604
20051007,0000,2539
20051008,0000,2525
20051009,0000,2560
20051010,0000,2735
20051011,0000,2532
20051012,0000,2641
20051013,0000,2616
20051014,0000,2449
20051015,0000,2449
20051016,0000,2556
20051017,0000,2608
20051018,0000,2214
20051019,0000,2160
20051020,0000,2111
20051021,0000,2137
20051022,0000,1990
20051023,0000,1965
20051024,0000,2144
20051025,0000,2017
20051026,0000,1983
20051027,0000,2029
20051028,0000,2184
20051029,0000,2050
20051030,0000,2125
20051031,0000,2094
20051101,0000,2026
20051102,0000,2034
20051103,0000,2272
20051104,0000,2126
20051105,0000,2097
20051106,0000,2002
20051107,0000,1987
20051108,0000,1991
20051109,0000,2090
20051110,0000,2074
20051111,0000,2476
20051112,0000,2388
20051113,0000,2260
20051114,0000,2376
20051115,0000,2357
20051116,0000,2471
20051117,0000,2361
20051118,0000,2324
20051119,0000,2380
20051120,0000,2236
20051121,0000,2350
20051122,0000,2252
20051123,0000,2363
20051124,0000,2309
20051125,0000,2411
20051126,0000,2397
20051127,0000,2395
20051128,0000,2457
20051129,0000,2436
20051130,0000,2223
20051201,0000,2343
20051202,0000,2432
20051203,0000,2213
20051204,0000,2380
20051205,0000,2372
20051206,0000,2261
20051207,0000,2357
20051208,0000,2289
20051209,0000,2157
20051210,0000,2221
20051211,0000,2481
20051212,0000,2270
20051213,0000,2276
20051214,0000,2321
20051215,0000,2366
20051216,0000,2372
20051217,0000,2384
20051218,0000,2730
20051219,0000,2246
20051220,0000,2116
20051221,0000,2662
20051222,0000,3673
20051223,0000,3778
20051224,0000,8566
20051225,0000,20165
20051226,0000,25075
20051227,0000,32123
20051228,0000,32851
20051229,0000,33794
20051230,0000,34005
20051231,0000,35049
20060101,0000,34459
20060102,0000,35199
20060103,0000,34890
20060104,0000,34837
20060105,0000,34775
20060106,0000,27589
20060107,0000,20067
20060108,0000,20058
20060109,0000,20235
20060110,0000,20267
20060111,0000,19099
20060112,0000,14028
20060113,0000,12489
20060114,0000,10314
20060115,0000,8861
20060116,0000,8091
20060117,0000,7963
20060118,0000,7807
20060119,0000,6398
20060120,0000,5271
20060121,0000,5492
20060122,0000,4297
20060123,0000,4232
20060124,0000,3970
20060125,0000,4019
20060126,0000,4125
20060127,0000,3989
20060128,0000,3954
20060129,0000,3878
20060130,0000,4101
20060131,0000,5263
20060201,0000,7335
20060202,0000,7391
20060203,0000,7334
20060204,0000,8092
20060205,0000,15105
20060206,0000,15442
20060207,0000,15450
20060208,0000,15410
20060209,0000,15216
20060210,0000,15057
20060211,0000,13515
20060212,0000,7861
20060213,0000,5106
20060214,0000,4798
20060215,0000,5033
20060216,0000,4936
20060217,0000,5377
20060218,0000,4709
20060219,0000,4528
20060220,0000,4231
20060221,0000,4095
20060222,0000,3971
20060223,0000,3949
20060224,0000,4953
20060225,0000,7737
20060226,0000,7675
20060227,0000,7402
20060228,0000,7173
20060301,0000,7661
20060302,0000,7414
20060303,0000,6361
20060304,0000,5486
20060305,0000,5174
20060306,0000,4964
20060307,0000,4810
20060308,0000,4912
20060309,0000,5191
20060310,0000,4689
20060311,0000,5297
20060312,0000,5474
20060313,0000,7785
20060314,0000,7660
20060315,0000,7458
20060316,0000,7548
20060317,0000,7414
20060318,0000,7748
20060319,0000,7363
20060320,0000,7492
20060321,0000,7564
20060322,0000,7457
20060323,0000,7584
20060324,0000,8100
20060325,0000,8382
20060326,0000,8025
20060327,0000,7814
20060328,0000,8136
20060329,0000,8511
20060330,0000,10128
20060331,0000,11019
20060401,0000,13667
20060402,0000,15264
20060403,0000,22783
20060404,0000,34896
20060405,0000,34550
20060406,0000,32621
20060407,0000,27631
20060408,0000,25022
20060409,0000,24936
20060410,0000,22551
20060411,0000,20310
20060412,0000,20133
20060413,0000,20282
20060414,0000,20366
20060415,0000,20217
20060416,0000,20426
20060417,0000,20560
20060418,0000,19441
20060419,0000,14856
20060420,0000,12882
20060421,0000,12842
20060422,0000,12823
20060423,0000,12840
20060424,0000,12810
20060425,0000,12791
20060426,0000,12813
20060427,0000,12885
20060428,0000,12891
20060429,0000,12776
20060430,0000,13080
20060501,0000,12540
20060502,0000,12911
20060503,0000,13026
20060504,0000,13075
20060505,0000,13073
20060506,0000,13116
20060507,0000,12870
20060508,0000,12936
20060509,0000,13034
20060510,0000,12886
20060511,0000,12919
20060512,0000,11802
20060513,0000,11166
20060514,0000,11131
20060515,0000,11301
20060516,0000,11147
20060517,0000,11132
20060518,0000,11351
20060519,0000,11125
20060520,0000,11303
20060521,0000,10890
20060522,0000,10366
20060523,0000,7450
20060524,0000,6689
20060525,0000,6404
20060526,0000,5928
20060527,0000,5043
20060528,0000,5015
20060529,0000,5188
20060530,0000,4892
20060531,0000,5126
20060601,0000,4717
20060602,0000,4750
20060603,0000,5231
20060604,0000,5297
20060605,0000,6838
20060606,0000,6878
20060607,0000,6731
20060608,0000,6869
20060609,0000,6890
20060610,0000,5951
20060611,0000,5917
20060612,0000,6139
20060613,0000,6174
20060614,0000,6072
20060615,0000,6010
20060616,0000,5948
20060617,0000,6100
20060618,0000,6058
20060619,0000,6261
20060620,0000,6137
20060621,0000,5702
20060622,0000,5417
20060623,0000,5250
20060624,0000,4776
20060625,0000,5020
20060626,0000,4900
20060627,0000,5218
20060628,0000,4221
20060629,0000,4224
20060630,0000,3851
20060701,0000,4176
20060702,0000,3801
20060703,0000,3992
20060704,0000,4092
20060705,0000,4024
20060706,0000,3919
20060707,0000,3969
20060708,0000,4335
20060709,0000,3918
20060710,0000,3355
20060711,0000,3552
20060712,0000,3778
20060713,0000,3563
20060714,0000,3542
20060715,0000,3505
20060716,0000,3522
20060717,0000,3465
20060718,0000,3517
20060719,0000,3601
20060720,0000,3626
20060721,0000,3486
20060722,0000,3599
20060723,0000,3828
20060724,0000,3786
20060725,0000,3181
20060726,0000,3305
20060727,0000,3633
20060728,0000,3570
20060729,0000,3542
20060730,0000,3742
20060731,0000,3453
20060801,0000,3479
20060802,0000,3750
20060803,0000,3396
20060804,0000,3449
20060805,0000,3508
20060806,0000,3587
20060807,0000,2962
20060808,0000,3304
20060809,0000,2970
20060810,0000,3056
20060811,0000,2944
20060812,0000,3123
20060813,0000,3032
20060814,0000,2937
20060815,0000,3094
20060816,0000,2998
20060817,0000,3074
20060818,0000,3351
20060819,0000,3070
20060820,0000,3013
20060821,0000,3001
20060822,0000,3191
20060823,0000,2783
20060824,0000,3034
20060825,0000,3091
20060826,0000,2910
20060827,0000,3418
20060828,0000,2854
20060829,0000,2550
20060830,0000,2155
20060831,0000,3178
20060901,0000,3122
20060902,0000,2957
20060903,0000,3210
20060904,0000,3070
20060905,0000,2835
20060906,0000,2581
20060907,0000,2536
20060908,0000,2707
20060909,0000,2497
20060910,0000,2479
20060911,0000,2557
20060912,0000,2455
20060913,0000,2495
20060914,0000,2595
20060915,0000,2578
20060916,0000,2526
20060917,0000,2597
20060918,0000,2008
20060919,0000,2564
20060920,0000,2582
20060921,0000,2580
20060922,0000,2586
20060923,0000,2595
20060924,0000,2539
20060925,0000,2439
20060926,0000,2702
20060927,0000,2431
20060928,0000,2522
20060929,0000,2554
20060930,0000,2577
20061001,0000,2772
20061002,0000,2501
20061003,0000,2156
20061004,0000,2499
20061005,0000,2003
20061006,0000,2182
20061007,0000,2297
20061008,0000,2286
20061009,0000,2437
20061010,0000,2358
20061011,0000,2203
20061012,0000,2206
20061013,0000,2229
20061014,0000,2041
20061015,0000,2078
20061016,0000,2138
20061017,0000,2016
20061018,0000,1975
20061019,0000,1911
20061020,0000,2025
20061021,0000,2139
20061022,0000,1971
20061023,0000,2114
20061024,0000,2289
20061025,0000,1904
20061026,0000,2004
20061027,0000,1965
20061028,0000,2108
20061029,0000,1964
20061030,0000,2039
20061031,0000,2065
20061101,0000,1996
20061102,0000,2038
20061103,0000,2120
20061104,0000,2081
20061105,0000,2126
20061106,0000,2126
20061107,0000,2018
20061108,0000,2058
20061109,0000,2115
20061110,0000,2041
20061111,0000,2056
20061112,0000,2034
20061113,0000,2154
20061114,0000,2212
20061115,0000,2205
20061116,0000,1693
20061117,0000,2304
20061118,0000,2027
20061119,0000,1975
20061120,0000,2024
20061121,0000,2091
20061122,0000,2009
20061123,0000,1953
20061124,0000,2018
20061125,0000,2081
20061126,0000,2105
20061127,0000,2016
20061128,0000,2085
20061129,0000,1938
20061130,0000,1995
20061201,0000,2002
20061202,0000,2205
20061203,0000,2047
20061204,0000,2115
20061205,0000,2046
20061206,0000,1990
20061207,0000,1956
20061208,0000,2136
20061209,0000,2029
20061210,0000,2121
20061211,0000,1914
20061212,0000,2038
20061213,0000,2058
20061214,0000,1946
20061215,0000,1948
20061216,0000,1930
20061217,0000,1980
20061218,0000,1959
20061219,0000,2080
20061220,0000,1869
20061221,0000,1907
20061222,0000,2134
20061223,0000,2074
20061224,0000,2041
20061225,0000,1943
20061226,0000,2079
20061227,0000,2131
20061228,0000,2041
20061229,0000,2052
20061230,0000,1949
20061231,0000,2045
20070101,0000,2031
20070102,0000,2039
20070103,0000,1975
20070104,0000,2016
20070105,0000,2062
20070106,0000,2065
20070107,0000,1926
20070108,0000,1739
20070109,0000,1765
20070110,0000,1787
20070111,0000,m

