Date,PST,Outflow
19900101,0000,2559
19900102,0000,1810
19900103,0000,1275
19900104,0000,1293
19900105,0000,1287
19900106,0000,1283
19900107,0000,1282
19900108,0000,1263
19900109,0000,1267
19900110,0000,1270
19900111,0000,1259
19900112,0000,1268
19900113,0000,1254
19900114,0000,1281
19900115,0000,1293
19900116,0000,1278
19900117,0000,1272
19900118,0000,1286
19900119,0000,1269
19900120,0000,1254
19900121,0000,1273
19900122,0000,1269
19900123,0000,1260
19900124,0000,1289
19900125,0000,1279
19900126,0000,1291
19900127,0000,1291
19900128,0000,1286
19900129,0000,1254
19900130,0000,1255
19900131,0000,1255
19900201,0000,2195
19900202,0000,2257
19900203,0000,1600
19900204,0000,1503
19900205,0000,1502
19900206,0000,1254
19900207,0000,1254
19900208,0000,1247
19900209,0000,1254
19900210,0000,1252
19900211,0000,1262
19900212,0000,1269
19900213,0000,1276
19900214,0000,1284
19900215,0000,1262
19900216,0000,1255
19900217,0000,1276
19900218,0000,1289
19900219,0000,1281
19900220,0000,1255
19900221,0000,1018
19900222,0000,1036
19900223,0000,1023
19900224,0000,1044
19900225,0000,1047
19900226,0000,1025
19900227,0000,1005
19900228,0000,1008
19900301,0000,1030
19900302,0000,1025
19900303,0000,1005
19900304,0000,1039
19900305,0000,1048
19900306,0000,1019
19900307,0000,1006
19900308,0000,1005
19900309,0000,1005
19900310,0000,1004
19900311,0000,1024
19900312,0000,1015
19900313,0000,1037
19900314,0000,1004
19900315,0000,1018
19900316,0000,1033
19900317,0000,1027
19900318,0000,1047
19900319,0000,1043
19900320,0000,1024
19900321,0000,1006
19900322,0000,1014
19900323,0000,1038
19900324,0000,1031
19900325,0000,1025
19900326,0000,1044
19900327,0000,1047
19900328,0000,1027
19900329,0000,1007
19900330,0000,1032
19900331,0000,1041
19900401,0000,998
19900402,0000,1042
19900403,0000,1036
19900404,0000,1008
19900405,0000,1692
19900406,0000,2316
19900407,0000,2543
19900408,0000,2544
19900409,0000,2542
19900410,0000,2544
19900411,0000,2544
19900412,0000,2546
19900413,0000,2545
19900414,0000,2545
19900415,0000,2542
19900416,0000,2543
19900417,0000,2536
19900418,0000,2047
19900419,0000,2044
19900420,0000,1997
19900421,0000,1545
19900422,0000,1544
19900423,0000,1296
19900424,0000,1291
19900425,0000,1293
19900426,0000,1294
19900427,0000,1297
19900428,0000,1297
19900429,0000,1296
19900430,0000,1277
19900501,0000,1247
19900502,0000,803
19900503,0000,759
19900504,0000,755
19900505,0000,763
19900506,0000,770
19900507,0000,773
19900508,0000,1494
19900509,0000,1544
19900510,0000,1537
19900511,0000,2044
19900512,0000,1874
19900513,0000,1451
19900514,0000,1181
19900515,0000,776
19900516,0000,753
19900517,0000,783
19900518,0000,798
19900519,0000,785
19900520,0000,772
19900521,0000,780
19900522,0000,544
19900523,0000,537
19900524,0000,537
19900525,0000,536
19900526,0000,537
19900527,0000,536
19900528,0000,535
19900529,0000,514
19900530,0000,504
19900531,0000,336
19900601,0000,355
19900602,0000,441
19900603,0000,443
19900604,0000,442
19900605,0000,434
19900606,0000,443
19900607,0000,462
19900608,0000,1461
19900609,0000,2452
19900610,0000,2513
19900611,0000,2520
19900929,0000,767
19900930,0000,767
19931001,0000,m
19931002,0000,2125
19931003,0000,1561
19931004,0000,1052
19931005,0000,1011
19931006,0000,1014
19931007,0000,1011
19931008,0000,1008
19931009,0000,1939
19931010,0000,3421
19931011,0000,3518
19931012,0000,3517
19931013,0000,4904
19931014,0000,5007
19931015,0000,5007
19931016,0000,5015
19931017,0000,5009
19931018,0000,5010
19931019,0000,3607
19931020,0000,2688
19931021,0000,1830
19931022,0000,2002
19931023,0000,2017
19931024,0000,2015
19931025,0000,2024
19931026,0000,2051
19931027,0000,2012
19931028,0000,2013
19931029,0000,m
19931030,0000,2018
19931031,0000,2091
19931101,0000,2014
19931102,0000,2014
19931103,0000,2012
19931104,0000,2012
19931105,0000,m
19931106,0000,m
19931107,0000,2014
19931108,0000,1767
19931109,0000,1761
19931110,0000,1760
19931111,0000,1762
19931112,0000,1761
19931113,0000,1760
19931114,0000,1755
19931115,0000,1751
19931116,0000,1755
19931117,0000,1755
19931118,0000,1764
19931119,0000,1766
19931120,0000,1764
19931121,0000,1761
19931122,0000,1763
19931123,0000,1766
19931124,0000,1766
19931125,0000,1770
19931126,0000,1776
19931127,0000,1772
19931128,0000,1769
19931129,0000,1766
19931130,0000,1753
19931201,0000,1756
19931202,0000,1717
19931203,0000,1759
19931204,0000,1764
19931205,0000,1764
19931206,0000,1867
19931207,0000,2306
19931208,0000,2715
19931209,0000,2976
19931210,0000,4086
19931211,0000,4803
19931212,0000,5035
19931213,0000,4491
19931214,0000,3592
19931215,0000,2889
19931216,0000,2202
19931217,0000,1763
19931218,0000,1764
19931219,0000,1762
19931220,0000,1745
19931221,0000,1759
19931222,0000,1763
19931223,0000,1762
19931224,0000,1761
19931225,0000,1761
19931226,0000,1762
19931227,0000,1774
19931228,0000,1773
19931229,0000,1757
19931230,0000,1754
19931231,0000,1757
19940101,0000,1814
19940102,0000,1761
19940103,0000,1766
19940104,0000,1765
19940105,0000,1766
19940106,0000,1764
19940107,0000,1764
19940108,0000,1763
19940109,0000,1766
19940110,0000,1767
19940111,0000,1768
19940112,0000,1769
19940113,0000,1812
19940114,0000,1757
19940115,0000,1766
19940116,0000,1765
19940117,0000,1762
19940118,0000,1765
19940119,0000,1768
19940120,0000,1772
19940121,0000,1757
19940122,0000,1773
19940123,0000,1762
19940124,0000,1753
19940125,0000,1754
19940126,0000,1736
19940127,0000,1759
19940128,0000,1766
19940129,0000,1764
19940130,0000,1763
19940131,0000,1763
19940201,0000,1766
19940202,0000,1768
19940203,0000,1532
19940204,0000,1519
19940205,0000,1520
19940206,0000,1515
19940207,0000,1521
19940208,0000,1518
19940209,0000,1515
19940210,0000,1505
19940211,0000,1505
19940212,0000,1507
19940213,0000,1519
19940214,0000,1519
19940215,0000,1518
19940216,0000,1517
19940217,0000,1514
19940218,0000,1508
19940219,0000,1504
19940220,0000,1505
19940221,0000,m
19940222,0000,1503
19940223,0000,1507
19940224,0000,1505
19940225,0000,1524
19940226,0000,1519
19940227,0000,1521
19940228,0000,1474
19940301,0000,1462
19940302,0000,1462
19940303,0000,1448
19940304,0000,1486
19940305,0000,1519
19940306,0000,1520
19940307,0000,1512
19940308,0000,1514
19940309,0000,1512
19940310,0000,1515
19940311,0000,1518
19940312,0000,1521
19940313,0000,1522
19940314,0000,1530
19940315,0000,1521
19940316,0000,1518
19940317,0000,1522
19940318,0000,1517
19940319,0000,1520
19940320,0000,1520
19940321,0000,1501
19940322,0000,1473
19940323,0000,1563
19940324,0000,1525
19940325,0000,m
19940326,0000,m
19940327,0000,1466
19940328,0000,1477
19940329,0000,1498
19940330,0000,1525
19940331,0000,1533
19940401,0000,1523
19940402,0000,1521
19940403,0000,1412
19940404,0000,1310
19940405,0000,1220
19940406,0000,1198
19940407,0000,1118
19940408,0000,1126
19940409,0000,1034
19940410,0000,1044
19940411,0000,1048
19940412,0000,1049
19940413,0000,1049
19940414,0000,1039
19940415,0000,1033
19940416,0000,1034
19940417,0000,1036
19940418,0000,1035
19940419,0000,1095
19940420,0000,1534
19940421,0000,1530
19940422,0000,1281
19940423,0000,1030
19940424,0000,1022
19940425,0000,1047
19940426,0000,1063
19940427,0000,1066
19940428,0000,1060
19940429,0000,1046
19940430,0000,1034
19940501,0000,1033
19940502,0000,1034
19940503,0000,1070
19940504,0000,1285
19940505,0000,1046
19940506,0000,1273
19940507,0000,1285
19940508,0000,1044
19940509,0000,1028
19940510,0000,m
19940511,0000,1043
19940512,0000,1049
19940513,0000,1060
19940514,0000,1065
19940515,0000,1060
19940516,0000,1050
19940517,0000,1049
19940518,0000,1048
19940519,0000,1048
19940520,0000,1050
19940521,0000,1050
19940522,0000,1050
19940523,0000,1038
19940524,0000,1004
19940525,0000,1003
19940526,0000,1013
19940527,0000,1049
19940528,0000,1050
19940529,0000,1047
19940530,0000,1053
19940531,0000,1065
19940601,0000,1065
19940602,0000,1060
19940603,0000,824
19940604,0000,1009
19940605,0000,1067
19940606,0000,1319
19940607,0000,1661
19940608,0000,2234
19940609,0000,2272
19940610,0000,2289
19940611,0000,2067
19940612,0000,2064
19940613,0000,2064
19940614,0000,2065
19940615,0000,2063
19940616,0000,2394
19940617,0000,2796
19940618,0000,2795
19940619,0000,2796
19940620,0000,2118
19940621,0000,2065
19940622,0000,2062
19940623,0000,2064
19940624,0000,2064
19940625,0000,2308
19940626,0000,2315
19940627,0000,2069
19940628,0000,2063
19940629,0000,2065
19940630,0000,2064
19940701,0000,2063
19940702,0000,2062
19940703,0000,2091
19940704,0000,2560
19940705,0000,2561
19940706,0000,2562
19940707,0000,2586
19940708,0000,3968
19940709,0000,3811
19940710,0000,3089
19940711,0000,2287
19940712,0000,2074
19940713,0000,1824
19940714,0000,1815
19940715,0000,1813
19940716,0000,1814
19940717,0000,2056
19940718,0000,2066
19940719,0000,2063
19940720,0000,2022
19940721,0000,2065
19940722,0000,2066
19940723,0000,2065
19940724,0000,2065
19940725,0000,2066
19940726,0000,2065
19940727,0000,2065
19940728,0000,2066
19940729,0000,2064
19940730,0000,2066
19940731,0000,2066
19940801,0000,2060
19940802,0000,2014
19940803,0000,2065
19940804,0000,2065
19940805,0000,2032
19940806,0000,2066
19940807,0000,2067
19940808,0000,2065
19940809,0000,2065
19940810,0000,2061
19940811,0000,1984
19940812,0000,2064
19940813,0000,2065
19940814,0000,2064
19940815,0000,2065
19940816,0000,2065
19940817,0000,2061
19940818,0000,2065
19940819,0000,2064
19940820,0000,2067
19940821,0000,2064
19940822,0000,2064
19940823,0000,1606
19940824,0000,1324
19940825,0000,1025
19940826,0000,1065
19940827,0000,1063
19940828,0000,1064
19940829,0000,1064
19940830,0000,1064
19940831,0000,1066
19940901,0000,1063
19940902,0000,1064
19940903,0000,1060
19940904,0000,1054
19940905,0000,1054
19940906,0000,1053
19940907,0000,1054
19940908,0000,1053
19940909,0000,m
19940910,0000,m
19940911,0000,1055
19940912,0000,1058
19940913,0000,1065
19940914,0000,1061
19940915,0000,1064
19940916,0000,m
19940917,0000,m
19940918,0000,1055
19940919,0000,1055
19940920,0000,1054
19940921,0000,1052
19940922,0000,1054
19940923,0000,1056
19940924,0000,1059
19940925,0000,1062
19940926,0000,1062
19940927,0000,1058
19940928,0000,1044
19940929,0000,1034
19940930,0000,1036
19941001,0000,m
19941002,0000,855
19941003,0000,762
19941004,0000,573
19941005,0000,563
19941006,0000,565
19941007,0000,554
19941008,0000,555
19941009,0000,552
19941010,0000,554
19941011,0000,556
19941012,0000,565
19941013,0000,564
19941014,0000,565
19941015,0000,843
19941016,0000,855
19941017,0000,855
19941018,0000,856
19941019,0000,854
19941020,0000,856
19941021,0000,859
19941022,0000,861
19941023,0000,859
19941024,0000,859
19941025,0000,860
19941026,0000,858
19941027,0000,859
19941028,0000,859
19941029,0000,860
19941030,0000,941
19941031,0000,859
19941101,0000,859
19941102,0000,859
19941103,0000,862
19941104,0000,1488
19941105,0000,1560
19941106,0000,1561
19941107,0000,1545
19941108,0000,1536
19941109,0000,1535
19941110,0000,1533
19941111,0000,1535
19941112,0000,1532
19941113,0000,1554
19941114,0000,1554
19941115,0000,1554
19941116,0000,1554
19941117,0000,1555
19941118,0000,1541
19941119,0000,1554
19941120,0000,1553
19941121,0000,1554
19941122,0000,1555
19941123,0000,1529
19941124,0000,1553
19941125,0000,1552
19941126,0000,1538
19941127,0000,1534
19941128,0000,1535
19941129,0000,1533
19941130,0000,1538
19941201,0000,1552
19941202,0000,1553
19941203,0000,1555
19941204,0000,1548
19941205,0000,1533
19941206,0000,1537
19941207,0000,1534
19941208,0000,1536
19941209,0000,1539
19941210,0000,1544
19941211,0000,1554
19941212,0000,1554
19941213,0000,1556
19941214,0000,1556
19941215,0000,1555
19941216,0000,1554
19941217,0000,1554
19941218,0000,1554
19941219,0000,1554
19941220,0000,1555
19941221,0000,1537
19941222,0000,1553
19941223,0000,1554
19941224,0000,1554
19941225,0000,1554
19941226,0000,1553
19941227,0000,1554
19941228,0000,1553
19941229,0000,1555
19941230,0000,1554
19941231,0000,1554
19950101,0000,1609
19950102,0000,1609
19950103,0000,1550
19950104,0000,1538
19950105,0000,1538
19950106,0000,1525
19950107,0000,1530
19950108,0000,1519
19950109,0000,1532
19950110,0000,1676
19950111,0000,8332
19950112,0000,16913
19950113,0000,24137
19950114,0000,10390
19950115,0000,10390
19950116,0000,8976
19950117,0000,8488
19950118,0000,9233
19950119,0000,10001
19950120,0000,9975
19950121,0000,8843
19950122,0000,7845
19950123,0000,7952
19950124,0000,7731
19950125,0000,7757
19950126,0000,7912
19950127,0000,17660
19950128,0000,27657
19950129,0000,27657
19950130,0000,11708
19950131,0000,7993
19950201,0000,7873
19950202,0000,7828
19950203,0000,8893
19950204,0000,7948
19950205,0000,7960
19950206,0000,7960
19950207,0000,8010
19950208,0000,7984
19950209,0000,7966
19950210,0000,6936
19950211,0000,6936
19950212,0000,5534
19950213,0000,4492
19950214,0000,4093
19950215,0000,4150
19950216,0000,4150
19950217,0000,4094
19950218,0000,4017
19950219,0000,4048
19950220,0000,4029
19950221,0000,4067
19950222,0000,3840
19950223,0000,3840
19950224,0000,3662
19950225,0000,3568
19950226,0000,5038
19950227,0000,5038
19950228,0000,5070
19950301,0000,6013
19950302,0000,6013
19950303,0000,6071
19950304,0000,9202
19950305,0000,17114
19950306,0000,15826
19950307,0000,11611
19950308,0000,10087
19950309,0000,10102
19950310,0000,15636
19950311,0000,34779
19950312,0000,34700
19950313,0000,39905
19950314,0000,36846
19950315,0000,25000
19950316,0000,22622
19950317,0000,22029
19950318,0000,21172
19950319,0000,15085
19950320,0000,14931
19950321,0000,16081
19950322,0000,22559
19950323,0000,22586
19950324,0000,22728
19950325,0000,22619
19950326,0000,19932
19950327,0000,17564
19950328,0000,12380
19950329,0000,7813
19950330,0000,5419
19950331,0000,6859
19950401,0000,6183
19950402,0000,5657
19950403,0000,5038
19950404,0000,5065
19950405,0000,5000
19950406,0000,5033
19950407,0000,5053
19950408,0000,5042
19950409,0000,5035
19950410,0000,5032
19950411,0000,6592
19950412,0000,8158
19950413,0000,8116
19950414,0000,8129
19950415,0000,8114
19950416,0000,8104
19950417,0000,8106
19950418,0000,8090
19950419,0000,8083
19950420,0000,8089
19950421,0000,8077
19950422,0000,8077
19950423,0000,8091
19950424,0000,8098
19950425,0000,8097
19950426,0000,8042
19950427,0000,8029
19950428,0000,10749
19950429,0000,17162
19950430,0000,20030
19950501,0000,20107
19950502,0000,20143
19950503,0000,20029
19950504,0000,21322
19950505,0000,22175
19950506,0000,22442
19950507,0000,22571
19950508,0000,21417
19950509,0000,19992
19950510,0000,19271
19950511,0000,18082
19950512,0000,17703
19950513,0000,17128
19950514,0000,16614
19950515,0000,15605
19950516,0000,14762
19950517,0000,13769
19950518,0000,12680
19950519,0000,12231
19950520,0000,11919
19950521,0000,10749
19950522,0000,9673
19950523,0000,8637
19950524,0000,7796
19950525,0000,7349
19950526,0000,6832
19950527,0000,6403
19950528,0000,6089
19950529,0000,5005
19950530,0000,6080
19950531,0000,6028
19950601,0000,6076
19950602,0000,6086
19950603,0000,6060
19950604,0000,6055
19950605,0000,6057
19950606,0000,5848
19950607,0000,6041
19950608,0000,6063
19950609,0000,6078
19950610,0000,6060
19950611,0000,6061
19950612,0000,6100
19950613,0000,6091
19950614,0000,6034
19950615,0000,6080
19950616,0000,7478
19950617,0000,9979
19950618,0000,10005
19950619,0000,9812
19950620,0000,8998
19950621,0000,8510
19950622,0000,5828
19950623,0000,7371
19950624,0000,6741
19950625,0000,6013
19950626,0000,6548
19950627,0000,8969
19950628,0000,10083
19950629,0000,10040
19950630,0000,10096
19950701,0000,9375
19950702,0000,7927
19950703,0000,7589
19950704,0000,6288
19950705,0000,6330
19950706,0000,7052
19950707,0000,7014
19950708,0000,6592
19950709,0000,6733
19950710,0000,7874
19950711,0000,8167
19950712,0000,8217
19950713,0000,7824
19950714,0000,7283
19950715,0000,6683
19950716,0000,6602
19950717,0000,27856
19950718,0000,32581
19950719,0000,26834
19950720,0000,21584
19950721,0000,18193
19950722,0000,15471
19950723,0000,13214
19950724,0000,11311
19950725,0000,9921
19950726,0000,8738
19950727,0000,8108
19950728,0000,m
19950729,0000,7444
19950730,0000,6208
19950731,0000,5628
19950801,0000,4713
19950802,0000,4781
19950803,0000,4698
19950804,0000,4415
19950805,0000,3984
19950806,0000,3542
19950807,0000,3030
19950808,0000,3040
19950809,0000,2910
19950810,0000,2511
19950811,0000,m
19950812,0000,m
19950813,0000,2543
19950814,0000,2295
19950815,0000,2281
19950816,0000,2279
19950817,0000,2284
19950818,0000,2282
19950819,0000,2526
19950820,0000,2528
19950821,0000,2529
19950822,0000,2522
19950823,0000,2524
19950824,0000,2524
19950825,0000,2523
19950826,0000,m
19950827,0000,2526
19950828,0000,2528
19950829,0000,2528
19950830,0000,2767
19950831,0000,2775
19950901,0000,m
19950902,0000,m
19950903,0000,m
19950904,0000,3770
19950905,0000,3832
19950906,0000,3776
19950907,0000,3771
19950908,0000,3775
19950909,0000,3774
19950910,0000,3770
19950911,0000,3771
19950912,0000,3769
19950913,0000,4015
19950914,0000,4017
19950915,0000,4015
19950916,0000,4020
19950917,0000,4018
19950918,0000,4021
19950919,0000,3776
19950920,0000,3522
19950921,0000,3533
19950922,0000,3523
19950923,0000,3523
19950924,0000,3520
19950925,0000,3517
19950926,0000,3282
19950927,0000,3381
19950928,0000,3749
19950929,0000,3768
19950930,0000,4290
19951001,0000,m
19951002,0000,4866
19951003,0000,4869
19951004,0000,4863
19951005,0000,4741
19951006,0000,3977
19951007,0000,3095
19951008,0000,2336
19951009,0000,1605
19951010,0000,1150
19951011,0000,2414
19951012,0000,2496
19951013,0000,2520
19951014,0000,2522
19951015,0000,2518
19951016,0000,2514
19951017,0000,2513
19951018,0000,2512
19951019,0000,2508
19951020,0000,2516
19951021,0000,2514
19951022,0000,2516
19951023,0000,2513
19951024,0000,2518
19951025,0000,2534
19951026,0000,2518
19951027,0000,2522
19951028,0000,2518
19951029,0000,2629
19951030,0000,2515
19951031,0000,2530
19951101,0000,2518
19951102,0000,2527
19951103,0000,2536
19951104,0000,2553
19951105,0000,2528
19951106,0000,2537
19951107,0000,2555
19951108,0000,2513
19951109,0000,m
19951110,0000,2514
19951111,0000,2520
19951112,0000,2520
19951113,0000,2521
19951114,0000,2520
19951115,0000,2501
19951116,0000,2519
19951117,0000,2516
19951118,0000,2516
19951119,0000,2515
19951120,0000,2524
19951121,0000,2512
19951122,0000,2514
19951123,0000,2516
19951124,0000,2516
19951125,0000,2516
19951126,0000,2513
19951127,0000,2515
19951128,0000,2512
19951129,0000,2513
19951130,0000,2509
19951201,0000,2511
19951202,0000,2512
19951203,0000,2512
19951204,0000,2497
19951205,0000,2508
19951206,0000,2508
19951207,0000,2508
19951208,0000,2499
19951209,0000,2529
19951210,0000,2506
19951211,0000,2497
19951212,0000,2573
19951213,0000,2576
19951214,0000,2537
19951215,0000,2534
19951216,0000,2511
19951217,0000,2510
19951218,0000,2515
19951219,0000,2559
19951220,0000,2529
19951221,0000,2513
19951222,0000,2511
19951223,0000,2514
19951224,0000,2513
19951225,0000,2517
19951226,0000,2463
19951227,0000,2520
19951228,0000,2517
19951229,0000,2516
19951230,0000,2504
19951231,0000,2504
19960101,0000,2511
19960102,0000,2519
19960103,0000,2512
19960104,0000,2271
19960105,0000,2030
19960106,0000,2018
19960107,0000,2011
19960108,0000,2026
19960109,0000,2018
19960110,0000,2017
19960111,0000,2015
19960112,0000,2011
19960113,0000,2012
19960114,0000,2013
19960115,0000,2013
19960116,0000,2013
19960117,0000,2017
19960118,0000,2023
19960119,0000,2228
19960120,0000,2013
19960121,0000,2023
19960122,0000,2016
19960123,0000,2023
19960124,0000,2009
19960125,0000,2029
19960126,0000,2017
19960127,0000,2003
19960128,0000,2005
19960129,0000,2001
19960130,0000,3919
19960131,0000,3983
19960201,0000,3522
19960202,0000,3051
19960203,0000,3019
19960204,0000,3459
19960205,0000,19652
19960206,0000,26797
19960207,0000,27928
19960208,0000,21623
19960209,0000,18033
19960210,0000,16035
19960211,0000,14067
19960212,0000,12398
19960213,0000,12228
19960214,0000,11936
19960215,0000,11491
19960216,0000,11798
19960217,0000,13054
19960218,0000,13359
19960219,0000,17306
19960220,0000,23089
19960221,0000,22432
19960222,0000,4997
19960223,0000,19126
19960224,0000,17159
19960225,0000,15056
19960226,0000,12243
19960227,0000,10211
19960228,0000,9227
19960229,0000,8221
19960301,0000,7383
19960302,0000,6824
19960303,0000,6323
19960304,0000,5858
19960305,0000,5283
19960306,0000,4702
19960307,0000,4521
19960308,0000,4509
19960309,0000,4514
19960310,0000,4510
19960311,0000,4511
19960312,0000,4511
19960313,0000,4499
19960314,0000,4500
19960315,0000,4500
19960317,0000,4519
19960318,0000,4520
19960319,0000,4518
19960320,0000,4510
19960321,0000,4442
19960322,0000,4509
19960323,0000,4519
19960324,0000,4516
19960325,0000,4513
19960326,0000,4516
19960327,0000,4996
19960328,0000,5009
19960329,0000,5003
19960330,0000,5010
19960331,0000,5014
19960401,0000,5011
19960402,0000,5005
19960403,0000,5006
19960404,0000,4618
19960405,0000,4645
19960406,0000,4516
19960407,0000,4325
19960408,0000,4521
19960409,0000,4522
19960410,0000,4512
19960411,0000,4517
19960412,0000,4553
19960413,0000,5026
19960414,0000,5022
19960415,0000,5779
19960416,0000,8030
19960417,0000,8044
19960418,0000,8055
19960419,0000,7796
19960420,0000,7398
19960421,0000,6910
19960422,0000,6443
19960423,0000,5909
19960424,0000,5413
19960425,0000,4868
19960426,0000,4513
19960427,0000,4510
19960428,0000,4516
19960429,0000,4519
19960430,0000,4467
19960501,0000,4518
19960502,0000,4517
19960503,0000,4926
19960504,0000,5472
19960505,0000,5445
19960506,0000,5232
19960507,0000,4622
19960508,0000,4520
19960509,0000,4421
19960510,0000,4019
19960511,0000,4020
19960512,0000,4022
19960513,0000,4023
19960514,0000,4022
19960515,0000,4394
19960516,0000,19268
19960517,0000,41324
19960518,0000,33765
19960519,0000,24668
19960520,0000,18580
19960521,0000,14248
19960522,0000,11830
19960523,0000,9778
19960524,0000,7863
19960525,0000,7168
19960526,0000,6743
19960527,0000,6251
19960528,0000,6031
19960529,0000,5805
19960530,0000,5303
19960531,0000,m
19960601,0000,4678
19960602,0000,4533
19960603,0000,4805
19960604,0000,5547
19960605,0000,5545
19960606,0000,5546
19960607,0000,5545
19960608,0000,5543
19960609,0000,5554
19960610,0000,5552
19960611,0000,5550
19960612,0000,5407
19960613,0000,5040
19960614,0000,4831
19960615,0000,4548
19960616,0000,4538
19960617,0000,4541
19960618,0000,4544
19960619,0000,4542
19960620,0000,4547
19960621,0000,4541
19960622,0000,4545
19960623,0000,4547
19960624,0000,4540
19960625,0000,4501
19960626,0000,4534
19960627,0000,4504
19960628,0000,4533
19960629,0000,4536
19960630,0000,4143
19960701,0000,3617
19960702,0000,3537
19960703,0000,3138
19960704,0000,2810
19960705,0000,2761
19960706,0000,2580
19960707,0000,2552
19960708,0000,2554
19960709,0000,2554
19960710,0000,2553
19960711,0000,2553
19960712,0000,2791
19960713,0000,3051
19960714,0000,3049
19960715,0000,3041
19960716,0000,3037
19960717,0000,3039
19960718,0000,3036
19960719,0000,3028
19960720,0000,3036
19960721,0000,3032
19960722,0000,3093
19960723,0000,2825
19960724,0000,2573
19960725,0000,2542
19960726,0000,2546
19960727,0000,2541
19960728,0000,2543
19960729,0000,2545
19960730,0000,2724
19960731,0000,3042
19960801,0000,3042
19960802,0000,3039
19960803,0000,3037
19960804,0000,3036
19960805,0000,3037
19960806,0000,2809
19960807,0000,2570
19960808,0000,2544
19960809,0000,2547
19960810,0000,2494
19960811,0000,2561
19960812,0000,3107
19960813,0000,3550
19960814,0000,3548
19960815,0000,3147
19960816,0000,2655
19960817,0000,2543
19960818,0000,2548
19960819,0000,2546
19960820,0000,2541
19960821,0000,2537
19960822,0000,2543
19960823,0000,2549
19960824,0000,2547
19960825,0000,2542
19960826,0000,2545
19960827,0000,2542
19960828,0000,2536
19960829,0000,2540
19960830,0000,2536
19960831,0000,2543
19960901,0000,2548
19960902,0000,2549
19960903,0000,2546
19960904,0000,2541
19960905,0000,2318
19960906,0000,2533
19960907,0000,2544
19960908,0000,2144
19960909,0000,2045
19960910,0000,2044
19960911,0000,2041
19960912,0000,1998
19960913,0000,2029
19960914,0000,2036
19960915,0000,2032
19960916,0000,2037
19960917,0000,2044
19960918,0000,2044
19960919,0000,2041
19960920,0000,2043
19960921,0000,2044
19960922,0000,2044
19960923,0000,2044
19960924,0000,1755
19960925,0000,1080
19960926,0000,2355
19960927,0000,2544
19960928,0000,2546
19960929,0000,2541
19960930,0000,2539
19961001,0000,2532
19961002,0000,2531
19961003,0000,2531
19961004,0000,2533
19961005,0000,2533
19961006,0000,2531
19961007,0000,2532
19961008,0000,2580
19961009,0000,2475
19961010,0000,2469
19961011,0000,2420
19961012,0000,2447
19961013,0000,2513
19961014,0000,2541
19961015,0000,2542
19961016,0000,2537
19961017,0000,2570
19961018,0000,2526
19961019,0000,2492
19961020,0000,2531
19961021,0000,2558
19961022,0000,2827
19961023,0000,2832
19961024,0000,2825
19961025,0000,2834
19961026,0000,2623
19961027,0000,2883
19961028,0000,2843
19961029,0000,2809
19961030,0000,3013
19961031,0000,2920
19961101,0000,2861
19961102,0000,2790
19961103,0000,2785
19961104,0000,2776
19961105,0000,2780
19961106,0000,2781
19961107,0000,2776
19961108,0000,m
19961109,0000,2786
19961110,0000,2791
19961111,0000,2777
19961112,0000,2798
19961113,0000,2788
19961114,0000,2788
19961115,0000,2786
19961116,0000,2786
19961117,0000,2765
19961118,0000,2753
19961119,0000,3926
19961120,0000,4008
19961121,0000,4018
19961122,0000,4961
19961123,0000,4569
19961124,0000,4522
19961125,0000,4523
19961126,0000,4524
19961127,0000,4522
19961128,0000,4994
19961129,0000,4993
19961130,0000,4065
19961201,0000,3108
19961202,0000,3031
19961203,0000,3536
19961204,0000,5716
19961205,0000,17777
19961206,0000,24782
19961207,0000,17222
19961208,0000,14548
19961209,0000,13702
19961210,0000,11533
19961211,0000,10303
19961212,0000,18306
19961213,0000,28014
19961214,0000,22204
19961215,0000,20245
19961216,0000,16465
19961217,0000,14059
19961218,0000,12112
19961219,0000,10324
19961220,0000,8866
19961221,0000,8280
19961222,0000,10359
19961223,0000,11295
19961224,0000,9721
19961225,0000,8486
19961226,0000,12447
19961227,0000,25373
19961228,0000,31701
19961229,0000,32407
19961230,0000,32887
19961231,0000,32932
19970101,0000,39733
19970102,0000,105920
19970103,0000,104404
19970104,0000,68810
19970105,0000,69250
19970106,0000,58403
19970107,0000,37239
19970108,0000,33402
19970109,0000,33832
19970110,0000,32773
19970111,0000,25263
19970112,0000,19688
19970113,0000,18233
19970114,0000,16900
19970115,0000,14633
19970116,0000,11522
19970117,0000,9029
19970118,0000,7538
19970119,0000,6559
19970120,0000,5849
19970121,0000,8031
19970122,0000,21787
19970123,0000,31647
19970124,0000,31552
19970125,0000,31841
19970126,0000,31913
19970127,0000,31708
19970128,0000,31804
19970129,0000,30083
19970130,0000,23910
19970131,0000,18046
19970201,0000,14768
19970202,0000,12587
19970203,0000,12389
19970204,0000,12282
19970205,0000,12460
19970206,0000,12448
19970207,0000,11513
19970208,0000,9900
19970209,0000,8570
19970210,0000,7052
19970211,0000,6061
19970212,0000,5313
19970213,0000,5075
19970214,0000,4908
19970215,0000,4692
19970216,0000,4437
19970217,0000,4195
19970218,0000,4084
19970219,0000,4088
19970220,0000,4031
19970221,0000,4057
19970222,0000,4092
19970223,0000,4070
19970224,0000,4060
19970225,0000,4883
19970226,0000,6942
19970227,0000,7039
19970228,0000,7070
19970301,0000,6912
19970302,0000,6010
19970303,0000,5392
19970304,0000,4664
19970305,0000,4635
19970306,0000,4581
19970307,0000,4156
19970308,0000,4480
19970309,0000,4433
19970310,0000,4346
19970311,0000,4366
19970312,0000,4488
19970313,0000,4298
19970314,0000,4214
19970315,0000,4136
19970316,0000,4159
19970317,0000,4139
19970318,0000,4056
19970319,0000,4043
19970320,0000,3897
19970321,0000,3840
19970322,0000,3760
19970323,0000,3725
19970324,0000,3625
19970325,0000,3629
19970326,0000,3554
19970327,0000,3553
19970328,0000,3313
19970329,0000,3420
19970330,0000,3322
19970331,0000,3319
19970401,0000,3223
19970402,0000,3228
19970403,0000,3132
19970404,0000,3135
19970405,0000,3036
19970406,0000,2835
19970407,0000,2864
19970408,0000,2548
19970409,0000,2537
19970410,0000,2530
19970411,0000,2536
19970412,0000,2503
19970413,0000,2503
19970414,0000,2513
19970415,0000,2521
19970416,0000,2523
19970417,0000,2531
19970418,0000,2541
19970419,0000,2531
19970420,0000,2534
19970421,0000,2532
19970422,0000,2534
19970423,0000,2532
19970424,0000,2535
19970425,0000,2535
19970426,0000,2545
19970427,0000,2553
19970428,0000,2550
19970429,0000,2528
19970430,0000,2502
19970501,0000,2506
19970502,0000,2503
19970503,0000,2527
19970504,0000,2549
19970505,0000,2554
19970506,0000,2559
19970507,0000,2563
19970508,0000,2564
19970509,0000,2563
19970510,0000,2565
19970511,0000,2561
19970512,0000,2555
19970513,0000,2554
19970514,0000,2551
19970515,0000,2552
19970516,0000,2559
19970517,0000,2167
19970518,0000,2064
19970519,0000,2070
19970520,0000,2470
19970521,0000,2521
19970522,0000,2928
19970523,0000,3003
19970524,0000,2622
19970525,0000,2527
19970526,0000,2530
19970527,0000,2516
19970528,0000,2543
19970529,0000,2565
19970530,0000,2541
19970531,0000,2971
19970601,0000,3040
19970602,0000,3021
19970603,0000,3036
19970604,0000,3038
19970605,0000,2637
19970606,0000,2534
19970607,0000,2139
19970608,0000,2043
19970609,0000,2272
19970610,0000,2538
19970611,0000,3018
19970612,0000,3040
19970613,0000,3100
19970614,0000,3046
19970615,0000,3052
19970616,0000,3052
19970617,0000,3140
19970618,0000,2682
19970619,0000,2548
19970620,0000,2151
19970621,0000,2013
19970622,0000,2034
19970623,0000,2037
19970624,0000,1877
19970625,0000,2953
19970626,0000,3042
19970627,0000,3038
19970628,0000,3043
19970629,0000,3036
19970630,0000,3041
19970701,0000,3040
19970702,0000,2815
19970703,0000,2788
19970704,0000,2791
19970705,0000,2788
19970706,0000,2786
19970707,0000,2378
19970708,0000,2284
19970709,0000,2283
19970710,0000,2283
19970711,0000,2285
19970712,0000,2282
19970713,0000,2283
19970714,0000,2287
19970715,0000,2289
19970716,0000,2287
19970717,0000,2288
19970718,0000,2288
19970719,0000,2287
19970720,0000,2192
19970721,0000,2194
19970722,0000,2197
19970723,0000,2183
19970724,0000,2173
19970725,0000,2034
19970726,0000,2029
19970727,0000,2039
19970728,0000,2064
19970729,0000,2051
19970730,0000,2039
19970731,0000,2034
19970801,0000,2031
19970802,0000,2023
19970803,0000,2023
19970804,0000,2024
19970805,0000,2024
19970806,0000,2023
19970807,0000,2024
19970808,0000,2023
19970809,0000,2025
19970810,0000,2037
19970811,0000,2042
19970812,0000,2041
19970813,0000,2043
19970814,0000,2045
19970815,0000,2044
19970816,0000,2043
19970817,0000,2044
19970818,0000,2038
19970819,0000,2032
19970820,0000,2029
19970821,0000,2020
19970822,0000,2028
19970823,0000,2029
19970824,0000,2038
19970825,0000,2040
19970826,0000,2032
19970827,0000,2054
19970828,0000,2043
19970829,0000,2044
19970830,0000,2040
19970831,0000,2038
19970901,0000,2038
19970902,0000,1814
19970903,0000,1735
19970904,0000,1785
19970905,0000,1738
19970906,0000,1779
19970907,0000,1773
19970908,0000,1770
19970909,0000,1770
19970910,0000,1827
19970911,0000,1826
19970912,0000,1781
19970913,0000,1782
19970914,0000,1784
19970915,0000,1101
19970916,0000,938
19970917,0000,808
19970918,0000,669
19970919,0000,780
19970920,0000,1785
19970921,0000,1770
19970922,0000,1763
19970923,0000,1768
19970924,0000,1782
19970925,0000,1493
19970926,0000,1790
19970927,0000,1780
19970928,0000,1754
19970929,0000,1753
19970930,0000,1752
19971001,0000,1753
19971002,0000,1783
19971003,0000,2252
19971004,0000,2305
19971005,0000,2306
19971006,0000,2291
19971007,0000,2285
19971008,0000,2278
19971009,0000,2263
19971010,0000,2265
19971011,0000,2277
19971012,0000,2290
19971013,0000,2292
19971014,0000,2294
19971015,0000,2294
19971016,0000,2293
19971017,0000,2408
19971018,0000,2542
19971019,0000,2543
19971020,0000,2476
19971021,0000,2891
19971022,0000,3454
19971023,0000,3470
19971024,0000,3445
19971025,0000,2774
19971026,0000,2381
19971027,0000,2294
19971028,0000,2428
19971029,0000,2471
19971030,0000,2444
19971031,0000,2441
19971101,0000,2440
19971102,0000,2446
19971103,0000,2438
19971104,0000,2433
19971105,0000,2434
19971106,0000,2431
19971107,0000,2490
19971108,0000,2428
19971109,0000,2423
19971110,0000,2423
19971111,0000,2431
19971112,0000,2424
19971113,0000,2423
19971114,0000,2400
19971115,0000,2402
19971116,0000,2407
19971117,0000,2417
19971118,0000,2429
19971119,0000,2432
19971120,0000,2433
19971121,0000,2430
19971122,0000,2430
19971123,0000,2428
19971124,0000,2427
19971125,0000,2425
19971126,0000,2425
19971127,0000,2406
19971128,0000,2408
19971129,0000,2431
19971130,0000,2433
19971201,0000,2442
19971202,0000,2454
19971203,0000,2447
19971204,0000,2427
19971205,0000,2409
19971206,0000,2404
19971207,0000,2407
19971208,0000,2419
19971209,0000,2436
19971210,0000,2439
19971211,0000,2422
19971212,0000,2403
19971213,0000,2409
19971214,0000,2417
19971215,0000,2415
19971216,0000,2413
19971217,0000,2414
19971218,0000,2413
19971219,0000,m
19971220,0000,2418
19971221,0000,2431
19971222,0000,2433
19971223,0000,2430
19971224,0000,2421
19971225,0000,2418
19971226,0000,2421
19971227,0000,2423
19971228,0000,2424
19971229,0000,2421
19971230,0000,2424
19971231,0000,2430
19980101,0000,2440
19980102,0000,2423
19980103,0000,2425
19980104,0000,2421
19980105,0000,2413
19980106,0000,1504
19980107,0000,2225
19980108,0000,2256
19980109,0000,2252
19980110,0000,2271
19980111,0000,2276
19980112,0000,5486
19980113,0000,9560
19980114,0000,8416
19980115,0000,7595
19980116,0000,7479
19980117,0000,10514
19980118,0000,14914
19980119,0000,13855
19980120,0000,11204
19980121,0000,9364
19980122,0000,8035
19980123,0000,7034
19980124,0000,6018
19980125,0000,5307
19980126,0000,4793
19980127,0000,4520
19980128,0000,4527
19980129,0000,4528
19980130,0000,4529
19980131,0000,4513
19980201,0000,4499
19980202,0000,5072
19980203,0000,18795
19980204,0000,34425
19980205,0000,29612
19980206,0000,18786
19980207,0000,17714
19980208,0000,19081
19980209,0000,14252
19980210,0000,12178
19980211,0000,10403
19980212,0000,9603
19980213,0000,9493
19980214,0000,10911
19980215,0000,15835
19980216,0000,14565
19980217,0000,13450
19980218,0000,12513
19980219,0000,11485
19980220,0000,10375
19980221,0000,9651
19980222,0000,9600
19980223,0000,9243
19980224,0000,8111
19980225,0000,7513
19980226,0000,7340
19980227,0000,6845
19980228,0000,6293
19980301,0000,5762
19980302,0000,5299
19980303,0000,4611
19980304,0000,4524
19980305,0000,4541
19980306,0000,4498
19980307,0000,4495
19980308,0000,4494
19980309,0000,4513
19980310,0000,4533
19980311,0000,4528
19980312,0000,4529
19980313,0000,4523
19980314,0000,4512
19980315,0000,4517
19980316,0000,4517
19980317,0000,4516
19980318,0000,5141
19980319,0000,7932
19980320,0000,9957
19980321,0000,10042
19980322,0000,10091
19980323,0000,9913
19980324,0000,9495
19980325,0000,10884
19980326,0000,12017
19980327,0000,11960
19980328,0000,10941
19980329,0000,9428
19980330,0000,7985
19980331,0000,7441
19980401,0000,7437
19980402,0000,7443
19980403,0000,7388
19980404,0000,7510
19980405,0000,m
19980406,0000,7374
19980407,0000,7429
19980408,0000,7498
19980409,0000,7490
19980410,0000,7495
19980411,0000,7540
19980412,0000,7556
19980413,0000,7572
19980414,0000,7542
19980415,0000,7532
19980416,0000,7529
19980417,0000,7534
19980418,0000,7539
19980419,0000,7557
19980420,0000,7512
19980421,0000,7484
19980422,0000,7483
19980423,0000,7490
19980424,0000,8268
19980425,0000,9231
19980426,0000,8778
19980427,0000,9471
19980428,0000,9629
19980429,0000,9930
19980430,0000,10087
19980501,0000,10501
19980502,0000,10704
19980503,0000,9971
19980504,0000,11088
19980505,0000,10926
19980506,0000,11020
19980507,0000,11175
19980508,0000,11207
19980509,0000,10871
19980510,0000,9561
19980511,0000,9085
19980512,0000,9081
19980513,0000,10458
19980514,0000,11249
19980515,0000,11107
19980516,0000,11096
19980517,0000,11091
19980518,0000,10901
19980519,0000,10287
19980520,0000,8948
19980521,0000,7617
19980522,0000,6620
19980523,0000,6025
19980524,0000,6099
19980525,0000,5970
19980526,0000,6121
19980527,0000,7420
19980528,0000,8877
19980529,0000,8974
19980530,0000,8955
19980531,0000,8962
19980601,0000,9079
19980602,0000,8397
19980603,0000,7094
19980604,0000,6091
19980605,0000,5423
19980606,0000,5352
19980607,0000,5348
19980608,0000,5774
19980609,0000,6018
19980610,0000,6064
19980611,0000,6093
19980612,0000,6085
19980613,0000,6086
19980614,0000,6199
19980615,0000,7783
19980616,0000,9163
19980617,0000,10084
19980618,0000,9789
19980619,0000,8836
19980620,0000,8086
19980621,0000,8257
19980622,0000,8996
19980623,0000,9062
19980624,0000,8964
19980625,0000,9005
19980626,0000,8926
19980627,0000,9106
19980628,0000,8891
19980629,0000,8642
19980630,0000,8412
19980701,0000,7644
19980702,0000,6674
19980703,0000,5839
19980704,0000,5374
19980705,0000,5106
19980706,0000,4993
19980707,0000,4516
19980708,0000,4088
19980709,0000,3489
19980710,0000,4040
19980711,0000,4034
19980712,0000,4028
19980713,0000,4030
19980714,0000,4023
19980715,0000,4039
19980716,0000,4039
19980717,0000,4049
19980718,0000,4060
19980719,0000,4050
19980720,0000,3938
19980721,0000,3937
19980722,0000,4050
19980723,0000,4049
19980724,0000,4049
19980725,0000,m
19980726,0000,4036
19980727,0000,4037
19980728,0000,3764
19980729,0000,4039
19980730,0000,4021
19980731,0000,3908
19980801,0000,4052
19980802,0000,4054
19980803,0000,4045
19980804,0000,4048
19980805,0000,4030
19980806,0000,4043
19980807,0000,4043
19980808,0000,4049
19980809,0000,4047
19980810,0000,4048
19980811,0000,4044
19980812,0000,4031
19980813,0000,4042
19980814,0000,4040
19980815,0000,4042
19980816,0000,4052
19980817,0000,4042
19980818,0000,4046
19980819,0000,4052
19980820,0000,3874
19980821,0000,4045
19980822,0000,4050
19980823,0000,4051
19980824,0000,4048
19980825,0000,4027
19980826,0000,4023
19980827,0000,4033
19980828,0000,4040
19980829,0000,4046
19980830,0000,4049
19980831,0000,4048
19980901,0000,4043
19980902,0000,4037
19980903,0000,4042
19980904,0000,4041
19980905,0000,4042
19980906,0000,4039
19980907,0000,4032
19980908,0000,3525
19980909,0000,2112
19980910,0000,2530
19980911,0000,4030
19980912,0000,4031
19980913,0000,4028
19980914,0000,4044
19980915,0000,4055
19980916,0000,4063
19980917,0000,4065
19980918,0000,4057
19980919,0000,4057
19980920,0000,4059
19980921,0000,4058
19980922,0000,4559
19980923,0000,4558
19980924,0000,4557
19980925,0000,4564
19980926,0000,4546
19980927,0000,4535
19980928,0000,4539
19980929,0000,4564
19980930,0000,4578
19981001,0000,4146
19981002,0000,3644
19981003,0000,3151
19981004,0000,2598
19981005,0000,2571
19981006,0000,2554
19981007,0000,2550
19981008,0000,2176
19981009,0000,2049
19981010,0000,2048
19981011,0000,2043
19981012,0000,2043
19981013,0000,2044
19981014,0000,2043
19981015,0000,2044
19981016,0000,2039
19981017,0000,2043
19981018,0000,2051
19981019,0000,2053
19981020,0000,2042
19981021,0000,2036
19981022,0000,2041
19981023,0000,2039
19981024,0000,2037
19981025,0000,2113
19981026,0000,2031
19981027,0000,2040
19981028,0000,2040
19981029,0000,2030
19981030,0000,2037
19981031,0000,2118
19981101,0000,2096
19981102,0000,2059
19981103,0000,2034
19981104,0000,2044
19981105,0000,2032
19981106,0000,2035
19981107,0000,2028
19981108,0000,2022
19981109,0000,2023
19981110,0000,2072
19981111,0000,2944
19981112,0000,2980
19981113,0000,3024
19981114,0000,3033
19981115,0000,3042
19981116,0000,3037
19981117,0000,3063
19981118,0000,3102
19981119,0000,3103
19981120,0000,3105
19981121,0000,3111
19981122,0000,3113
19981123,0000,3116
19981124,0000,3114
19981125,0000,3104
19981126,0000,3099
19981127,0000,3103
19981128,0000,3101
19981129,0000,3105
19981130,0000,3027
19981201,0000,3042
19981202,0000,3149
19981203,0000,3103
19981204,0000,3105
19981205,0000,3110
19981206,0000,3099
19981207,0000,3107
19981208,0000,3110
19981209,0000,3112
19981210,0000,3115
19981211,0000,3115
19981212,0000,3110
19981213,0000,3099
19981214,0000,3106
19981215,0000,3102
19981216,0000,3105
19981217,0000,3101
19981218,0000,3086
19981219,0000,3094
19981220,0000,3081
19981221,0000,3040
19981222,0000,3065
19981223,0000,3092
19981224,0000,3113
19981225,0000,3107
19981226,0000,3108
19981227,0000,3096
19981228,0000,3099
19981229,0000,2651
19981230,0000,2533
19981231,0000,2537
19990101,0000,2523
19990102,0000,2547
19990103,0000,2550
19990104,0000,2546
19990105,0000,2551
19990106,0000,2555
19990107,0000,2552
19990108,0000,2542
19990109,0000,2535
19990110,0000,2534
19990111,0000,2535
19990112,0000,2533
19990113,0000,2531
19990114,0000,2536
19990115,0000,2537
19990116,0000,2534
19990117,0000,2537
19990118,0000,2535
19990119,0000,3598
19990120,0000,12135
19990121,0000,20046
19990122,0000,19549
19990123,0000,17363
19990124,0000,14998
19990125,0000,12158
19990126,0000,10361
19990127,0000,8878
19990128,0000,7639
19990129,0000,6562
19990130,0000,5811
19990131,0000,5332
19990201,0000,4625
19990202,0000,4534
19990203,0000,4133
19990204,0000,4502
19990205,0000,5015
19990206,0000,7797
19990207,0000,14193
19990208,0000,14404
19990209,0000,16698
19990210,0000,24765
19990211,0000,23374
19990212,0000,18985
19990213,0000,15660
19990214,0000,12801
19990215,0000,11246
19990216,0000,10601
19990217,0000,20758
19990218,0000,26129
19990219,0000,20679
19990220,0000,15714
19990221,0000,14208
19990222,0000,12965
19990223,0000,15955
19990224,0000,9987
19990225,0000,9608
19990226,0000,9477
19990227,0000,9486
19990228,0000,9479
19990301,0000,9907
19990302,0000,11039
19990303,0000,11103
19990304,0000,11068
19990305,0000,11046
19990306,0000,10344
19990307,0000,8784
19990308,0000,7449
19990309,0000,6647
19990310,0000,6305
19990311,0000,6211
19990312,0000,6197
19990313,0000,5782
19990314,0000,5324
19990315,0000,4840
19990316,0000,4536
19990317,0000,4140
19990318,0000,4031
19990319,0000,4029
19990320,0000,4032
19990321,0000,4021
19990322,0000,4007
19990323,0000,4016
19990324,0000,4015
19990325,0000,4025
19990326,0000,4030
19990327,0000,4030
19990328,0000,4025
19990329,0000,4028
19990330,0000,4028
19990331,0000,4018
19990401,0000,4021
19990402,0000,4027
19990403,0000,4030
19990404,0000,3846
19990405,0000,4031
19990406,0000,4023
19990407,0000,4026
19990408,0000,4013
19990409,0000,4023
19990410,0000,4033
19990411,0000,4038
19990412,0000,4045
19990413,0000,4037
19990414,0000,4030
19990415,0000,4026
19990416,0000,4508
19990417,0000,4532
19990418,0000,4528
19990419,0000,4532
19990420,0000,4535
19990421,0000,4535
19990422,0000,4544
19990423,0000,4537
19990424,0000,4552
19990425,0000,4550
19990426,0000,4544
19990427,0000,4558
19990428,0000,4534
19990429,0000,4531
19990430,0000,4529
19990501,0000,4529
19990502,0000,4536
19990503,0000,4530
19990504,0000,4530
19990505,0000,4530
19990506,0000,4540
19990507,0000,4539
19990508,0000,4315
19990509,0000,4268
19990510,0000,4285
19990511,0000,4288
19990512,0000,4292
19990513,0000,4292
19990514,0000,4294
19990515,0000,4293
19990516,0000,4288
19990517,0000,4287
19990518,0000,4287
19990519,0000,4281
19990520,0000,4283
19990521,0000,4280
19990522,0000,4280
19990523,0000,4278
19990524,0000,4279
19990525,0000,4279
19990526,0000,4288
19990527,0000,4297
19990528,0000,4287
19990529,0000,4286
19990530,0000,4278
19990531,0000,4285
19990601,0000,4280
19990602,0000,4270
19990603,0000,4277
19990604,0000,4287
19990605,0000,4296
19990606,0000,4301
19990607,0000,4299
19990608,0000,3904
19990609,0000,3788
19990610,0000,3541
19990611,0000,3538
19990612,0000,3535
19990613,0000,3534
19990614,0000,3587
19990615,0000,3608
19990616,0000,3580
19990617,0000,3562
19990618,0000,3537
19990619,0000,3524
19990620,0000,3545
19990621,0000,3548
19990622,0000,3554
19990623,0000,3547
19990624,0000,3542
19990625,0000,3766
19990626,0000,4600
19990627,0000,5097
19990628,0000,5151
19990629,0000,5150
19990630,0000,5179
19990701,0000,4677
19990702,0000,4175
19990703,0000,4070
19990704,0000,4066
19990705,0000,4069
19990706,0000,4117
19990707,0000,4129
19990708,0000,4355
19990709,0000,4597
19990710,0000,4617
19990711,0000,4655
19990712,0000,4671
19990713,0000,4675
19990714,0000,4656
19990715,0000,4570
19990716,0000,4640
19990717,0000,4663
19990718,0000,4639
19990719,0000,4550
19990720,0000,4446
19990721,0000,4137
19990722,0000,4157
19990723,0000,4053
19990724,0000,4046
19990725,0000,4048
19990726,0000,4048
19990727,0000,4034
19990728,0000,4034
19990729,0000,4044
19990730,0000,3644
19990731,0000,3628
19990801,0000,3545
19990802,0000,3547
19990803,0000,3126
19990804,0000,2653
19990805,0000,2559
19990806,0000,2553
19990807,0000,2550
19990808,0000,2551
19990809,0000,2548
19990810,0000,2549
19990811,0000,2551
19990812,0000,2550
19990813,0000,2552
19990814,0000,2552
19990815,0000,2552
19990816,0000,2550
19990817,0000,2322
19990818,0000,2298
19990819,0000,2298
19990820,0000,2300
19990821,0000,2306
19990822,0000,2304
19990823,0000,2306
19990824,0000,2307
19990825,0000,2311
19990826,0000,2308
19990827,0000,2273
19990828,0000,2308
19990829,0000,2303
19990830,0000,2307
19990831,0000,2307
19990901,0000,2306
19990902,0000,2306
19990903,0000,2301
19990904,0000,2296
19990905,0000,2295
19990906,0000,2302
19990907,0000,2304
19990908,0000,2102
19990909,0000,2057
19990910,0000,2054
19990911,0000,2051
19990912,0000,2027
19990913,0000,1150
19990914,0000,914
19990915,0000,1443
19990916,0000,977
19990917,0000,1273
19990918,0000,2300
19990919,0000,2293
19990920,0000,2299
19990921,0000,2293
19990922,0000,2297
19990923,0000,2388
19990924,0000,2397
19990925,0000,2394
19990926,0000,2395
19990927,0000,2395
19990928,0000,2303
19990929,0000,2400
19990930,0000,2395
19991001,0000,2392
19991002,0000,2397
19991003,0000,2393
19991004,0000,2397
19991005,0000,2398
19991006,0000,2394
19991007,0000,2390
19991008,0000,2388
19991009,0000,2389
19991010,0000,2391
19991011,0000,2388
19991012,0000,2391
19991013,0000,2392
19991014,0000,2389
19991015,0000,2389
19991016,0000,2392
19991017,0000,2392
19991018,0000,2389
19991019,0000,2390
19991020,0000,2390
19991021,0000,2391
19991022,0000,2388
19991023,0000,2389
19991024,0000,2391
19991025,0000,2391
19991026,0000,2391
19991027,0000,2391
19991028,0000,2390
19991029,0000,2389
19991030,0000,2389
19991031,0000,2546
19991101,0000,2389
19991102,0000,2391
19991103,0000,2391
19991104,0000,2388
19991105,0000,2392
19991106,0000,2390
19991107,0000,2389
19991108,0000,2386
19991109,0000,2384
19991110,0000,2385
19991111,0000,2386
19991112,0000,2384
19991113,0000,2388
19991114,0000,2384
19991115,0000,2383
19991116,0000,2387
19991117,0000,2381
19991118,0000,2383
19991119,0000,2383
19991120,0000,2306
19991121,0000,2385
19991122,0000,2319
19991123,0000,2380
19991124,0000,2383
19991125,0000,2462
19991126,0000,2441
19991127,0000,2460
19991128,0000,2319
19991129,0000,2390
19991130,0000,2371
19991201,0000,2352
19991202,0000,2439
19991203,0000,2426
19991204,0000,2397
19991205,0000,2378
19991206,0000,2383
19991207,0000,2356
19991208,0000,2390
19991209,0000,2362
19991210,0000,2390
19991211,0000,2662
19991212,0000,2443
19991213,0000,2487
19991214,0000,2692
19991215,0000,2834
19991216,0000,2469
19991217,0000,2543
19991218,0000,2388
19991219,0000,2385
19991220,0000,2384
19991221,0000,2409
19991222,0000,2397
19991223,0000,2409
19991224,0000,2490
19991225,0000,2384
19991226,0000,2447
19991227,0000,2416
19991228,0000,2127
19991229,0000,2029
19991230,0000,2175
19991231,0000,2011
20000101,0000,1959
20000102,0000,2035
20000103,0000,2035
20000104,0000,2035
20000105,0000,2035
20000106,0000,2095
20000107,0000,2098
20000108,0000,2095
20000109,0000,2065
20000110,0000,2093
20000111,0000,2066
20000112,0000,2064
20000113,0000,2089
20000114,0000,2040
20000115,0000,2023
20000116,0000,2048
20000117,0000,2009
20000118,0000,2000
20000119,0000,2084
20000120,0000,2027
20000121,0000,2039
20000122,0000,2039
20000123,0000,2048
20000124,0000,4293
20000125,0000,8917
20000126,0000,9998
20000127,0000,10155
20000128,0000,10202
20000129,0000,9488
20000130,0000,8341
20000131,0000,7616
20000201,0000,6542
20000202,0000,5874
20000203,0000,5429
20000204,0000,4829
20000205,0000,4394
20000206,0000,4000
20000207,0000,3523
20000208,0000,3523
20000209,0000,3518
20000210,0000,3571
20000211,0000,3571
20000212,0000,5523
20000213,0000,11025
20000214,0000,20214
20000215,0000,23183
20000216,0000,23051
20000217,0000,21945
20000218,0000,18020
20000219,0000,14324
20000220,0000,12011
20000221,0000,10458
20000222,0000,9002
20000223,0000,8128
20000224,0000,8525
20000225,0000,10040
20000226,0000,10054
20000227,0000,11839
20000228,0000,14927
20000229,0000,14975
20000301,0000,12485
20000302,0000,11573
20000303,0000,10005
20000304,0000,8483
20000305,0000,7289
20000306,0000,6393
20000307,0000,6075
20000308,0000,6062
20000309,0000,6050
20000310,0000,6015
20000311,0000,6004
20000312,0000,6014
20000313,0000,5789
20000314,0000,5269
20000315,0000,4604
20000316,0000,4467
20000317,0000,4506
20000318,0000,4587
20000319,0000,4581
20000320,0000,4605
20000321,0000,4500
20000322,0000,4505
20000323,0000,4507
20000324,0000,4180
20000325,0000,3654
20000326,0000,3616
20000327,0000,3714
20000328,0000,3506
20000329,0000,3507
20000330,0000,3586
20000331,0000,3567
20000401,0000,3551
20000402,0000,3513
20000403,0000,3510
20000404,0000,3545
20000405,0000,3551
20000406,0000,3633
20000407,0000,3591
20000408,0000,3592
20000409,0000,3535
20000410,0000,3537
20000411,0000,3537
20000412,0000,3654
20000413,0000,4956
20000414,0000,5304
20000415,0000,5513
20000416,0000,5443
20000417,0000,5239
20000418,0000,4731
20000419,0000,4537
20000420,0000,4541
20000421,0000,4551
20000422,0000,4515
20000423,0000,4574
20000424,0000,4547
20000425,0000,4445
20000426,0000,4569
20000427,0000,4545
20000428,0000,4820
20000429,0000,5776
20000430,0000,5992
20000501,0000,6045
20000502,0000,6107
20000503,0000,6070
20000504,0000,6049
20000505,0000,5992
20000506,0000,6025
20000507,0000,6056
20000508,0000,5812
20000509,0000,5358
20000510,0000,4719
20000511,0000,4202
20000512,0000,3696
20000513,0000,3201
20000514,0000,2703
20000515,0000,2565
20000516,0000,2571
20000517,0000,2680
20000518,0000,2513
20000519,0000,2563
20000520,0000,2480
20000521,0000,2476
20000522,0000,2474
20000523,0000,2476
20000524,0000,2487
20000525,0000,2525
20000526,0000,2499
20000527,0000,2487
20000528,0000,2532
20000529,0000,2492
20000530,0000,2508
20000531,0000,2548
20000601,0000,2504
20000602,0000,2472
20000603,0000,2479
20000604,0000,2468
20000605,0000,2482
20000606,0000,2498
20000607,0000,2508
20000608,0000,2526
20000609,0000,2542
20000610,0000,2531
20000611,0000,2533
20000612,0000,2527
20000613,0000,2494
20000614,0000,2486
20000615,0000,2484
20000616,0000,2591
20000617,0000,2618
20000618,0000,2618
20000619,0000,2617
20000620,0000,2642
20000621,0000,2538
20000622,0000,2442
20000623,0000,2914
20000624,0000,3497
20000625,0000,3482
20000626,0000,3343
20000627,0000,3153
20000628,0000,3035
20000629,0000,3080
20000630,0000,3070
20000701,0000,3091
20000702,0000,3034
20000703,0000,3056
20000704,0000,3031
20000705,0000,3105
20000706,0000,3044
20000707,0000,3025
20000708,0000,3006
20000709,0000,2989
20000710,0000,2980
20000711,0000,2650
20000712,0000,2558
20000713,0000,2752
20000714,0000,3555
20000715,0000,3493
20000716,0000,3567
20000717,0000,3522
20000718,0000,3523
20000719,0000,3611
20000720,0000,3543
20000721,0000,3595
20000722,0000,3597
20000723,0000,4027
20000724,0000,4109
20000725,0000,4258
20000726,0000,3728
20000727,0000,3564
20000728,0000,3603
20000729,0000,3191
20000730,0000,3042
20000731,0000,2742
20000801,0000,3664
20000802,0000,2568
20000803,0000,2580
20000804,0000,2652
20000805,0000,2598
20000806,0000,2557
20000807,0000,2509
20000808,0000,2528
20000809,0000,2202
20000810,0000,2142
20000811,0000,2061
20000812,0000,1701
20000813,0000,1556
20000814,0000,1533
20000815,0000,1564
20000816,0000,1541
20000817,0000,1549
20000818,0000,1546
20000819,0000,1545
20000820,0000,1558
20000821,0000,1569
20000822,0000,1555
20000823,0000,1553
20000824,0000,1576
20000825,0000,1564
20000826,0000,1545
20000827,0000,1558
20000828,0000,1552
20000829,0000,1563
20000830,0000,1538
20000831,0000,1542
20000901,0000,1547
20000902,0000,1545
20000903,0000,1541
20000904,0000,1569
20000905,0000,1571
20000906,0000,1564
20000907,0000,1519
20000908,0000,1519
20000909,0000,1654
20000910,0000,1643
20000911,0000,1521
20000912,0000,1518
20000913,0000,1447
20000914,0000,1438
20000915,0000,1508
20000916,0000,1547
20000917,0000,1546
20000918,0000,1554
20000919,0000,1561
20000920,0000,1557
20000921,0000,1552
20000922,0000,1538
20000923,0000,1534
20000924,0000,1533
20000925,0000,1585
20000926,0000,1576
20000927,0000,1540
20000928,0000,1532
20000929,0000,1556
20000930,0000,1534
20001001,0000,1538
20001002,0000,1791
20001003,0000,1912
20001004,0000,1816
20001005,0000,1801
20001006,0000,1843
20001007,0000,1819
20001008,0000,1771
20001009,0000,1798
20001010,0000,1790
20001011,0000,1807
20001012,0000,1777
20001013,0000,1770
20001014,0000,2277
20001015,0000,2299
20001016,0000,2264
20001017,0000,2240
20001018,0000,2275
20001019,0000,2283
20001020,0000,2266
20001021,0000,2262
20001022,0000,2254
20001023,0000,2270
20001024,0000,2262
20001025,0000,2209
20001026,0000,2235
20001027,0000,2267
20001028,0000,2256
20001029,0000,2433
20001030,0000,2282
20001031,0000,2272
20001101,0000,2175
20001102,0000,2154
20001103,0000,1854
20001104,0000,1801
20001105,0000,1805
20001106,0000,1791
20001107,0000,1776
20001108,0000,1815
20001109,0000,1685
20001110,0000,1750
20001111,0000,1788
20001112,0000,1813
20001113,0000,1821
20001114,0000,2034
20001115,0000,2051
20001116,0000,2269
20001117,0000,2509
20001118,0000,2554
20001119,0000,2620
20001120,0000,2587
20001121,0000,2559
20001122,0000,2545
20001123,0000,2582
20001124,0000,2566
20001125,0000,2606
20001126,0000,2550
20001127,0000,2552
20001128,0000,2517
20001129,0000,2524
20001130,0000,2493
20001201,0000,2551
20001202,0000,2538
20001203,0000,2544
20001204,0000,2574
20001205,0000,2592
20001206,0000,2533
20001207,0000,2547
20001208,0000,2565
20001209,0000,2548
20001210,0000,2531
20001211,0000,2537
20001212,0000,2626
20001213,0000,2558
20001214,0000,2559
20001215,0000,2540
20001216,0000,2567
20001217,0000,2535
20001218,0000,2600
20001219,0000,2546
20001220,0000,2568
20001221,0000,2585
20001222,0000,2562
20001223,0000,2572
20001224,0000,2580
20001225,0000,2547
20001226,0000,2683
20001227,0000,2555
20001228,0000,2586
20001229,0000,2492
20001230,0000,2548
20001231,0000,2566
20010101,0000,2628
20010102,0000,2602
20010103,0000,2593
20010104,0000,2569
20010105,0000,2369
20010106,0000,2098
20010107,0000,2042
20010108,0000,2370
20010109,0000,3031
20010110,0000,3088
20010111,0000,3061
20010112,0000,3086
20010113,0000,2578
20010114,0000,2170
20010115,0000,2190
20010116,0000,2051
20010117,0000,2057
20010118,0000,2130
20010119,0000,1770
20010120,0000,1590
20010121,0000,1554
20010122,0000,1544
20010123,0000,1530
20010124,0000,1536
20010125,0000,1539
20010126,0000,1581
20010127,0000,1557
20010128,0000,1543
20010129,0000,1553
20010130,0000,1552
20010131,0000,1569
20010201,0000,1531
20010202,0000,1593
20010203,0000,1539
20010204,0000,1511
20010205,0000,1516
20010206,0000,1504
20010207,0000,1512
20010208,0000,1559
20010209,0000,1539
20010210,0000,1530
20010211,0000,1648
20010212,0000,1572
20010213,0000,1533
20010214,0000,1509
20010215,0000,1500
20010216,0000,1501
20010217,0000,1512
20010218,0000,1506
20010219,0000,1513
20010220,0000,1506
20010221,0000,1501
20010222,0000,1516
20010223,0000,1538
20010224,0000,1541
20010225,0000,1579
20010226,0000,1530
20010227,0000,1507
20010228,0000,1534
20010301,0000,1554
20010302,0000,1589
20010303,0000,1579
20010304,0000,1481
20010305,0000,1532
20010306,0000,1643
20010307,0000,1522
20010308,0000,1528
20010309,0000,1549
20010310,0000,1555
20010311,0000,1541
20010312,0000,1506
20010313,0000,1538
20010314,0000,1565
20010315,0000,1553
20010316,0000,1551
20010317,0000,1519
20010318,0000,1520
20010319,0000,1545
20010320,0000,1567
20010321,0000,1542
20010322,0000,1560
20010323,0000,1544
20010324,0000,1550
20010325,0000,1522
20010326,0000,1567
20010327,0000,1616
20010328,0000,1533
20010329,0000,1537
20010330,0000,1537
20010331,0000,1535
20010401,0000,1534
20010402,0000,1542
20010403,0000,1950
20010404,0000,2012
20010405,0000,2013
20010406,0000,2025
20010407,0000,1654
20010408,0000,1501
20010409,0000,1529
20010410,0000,1545
20010411,0000,1625
20010412,0000,1524
20010413,0000,1585
20010414,0000,1537
20010415,0000,1532
20010416,0000,1561
20010417,0000,1561
20010418,0000,1581
20010419,0000,1545
20010420,0000,1555
20010421,0000,2116
20010422,0000,1625
20010423,0000,1511
20010424,0000,1560
20010425,0000,1542
20010426,0000,1562
20010427,0000,1531
20010428,0000,1526
20010429,0000,1526
20010430,0000,1539
20010501,0000,1550
20010502,0000,1554
20010503,0000,1526
20010504,0000,1542
20010505,0000,1553
20010506,0000,1532
20010507,0000,1542
20010508,0000,1652
20010509,0000,1530
20010510,0000,1566
20010511,0000,1544
20010512,0000,1830
20010513,0000,1851
20010514,0000,1854
20010515,0000,1855
20010516,0000,1855
20010517,0000,1847
20010518,0000,1851
20010519,0000,1865
20010520,0000,1855
20010521,0000,1947
20010522,0000,1852
20010523,0000,1947
20010524,0000,1947
20010525,0000,1837
20010526,0000,1847
20010527,0000,1850
20010528,0000,2529
20010529,0000,2525
20010530,0000,2631
20010531,0000,2538
20010601,0000,2520
20010602,0000,3111
20010603,0000,3047
20010604,0000,3036
20010605,0000,3030
20010606,0000,3045
20010607,0000,3057
20010608,0000,3046
20010609,0000,3063
20010610,0000,2656
20010611,0000,2104
20010612,0000,2044
20010613,0000,1981
20010614,0000,2005
20010615,0000,2050
20010616,0000,2047
20010617,0000,2128
20010618,0000,2020
20010619,0000,2047
20010620,0000,2183
20010621,0000,2594
20010622,0000,2633
20010623,0000,2641
20010624,0000,2621
20010625,0000,2735
20010626,0000,2641
20010627,0000,2746
20010628,0000,2651
20010629,0000,2651
20010630,0000,2275
20010701,0000,2168
20010702,0000,2124
20010703,0000,2133
20010704,0000,2177
20010705,0000,2108
20010706,0000,2139
20010707,0000,2169
20010708,0000,2115
20010709,0000,2169
20010710,0000,2153
20010711,0000,2158
20010712,0000,2129
20010713,0000,2144
20010714,0000,2127
20010715,0000,2146
20010716,0000,2113
20010717,0000,2212
20010718,0000,2148
20010719,0000,2134
20010720,0000,2127
20010721,0000,2130
20010722,0000,2128
20010723,0000,2136
20010724,0000,2130
20010725,0000,2125
20010726,0000,2146
20010727,0000,2129
20010728,0000,2123
20010729,0000,2153
20010730,0000,2153
20010731,0000,1865
20010801,0000,1734
20010802,0000,1719
20010803,0000,1602
20010804,0000,1538
20010805,0000,1543
20010806,0000,1534
20010807,0000,1584
20010808,0000,1573
20010809,0000,1545
20010810,0000,1554
20010811,0000,1600
20010812,0000,1557
20010813,0000,1557
20010814,0000,1559
20010815,0000,1520
20010816,0000,1571
20010817,0000,1546
20010818,0000,1575
20010819,0000,1554
20010820,0000,1584
20010821,0000,1571
20010822,0000,1561
20010823,0000,1638
20010824,0000,1565
20010825,0000,1561
20010826,0000,1566
20010827,0000,1563
20010828,0000,1545
20010829,0000,1546
20010830,0000,1557
20010831,0000,1557
20010901,0000,1569
20010902,0000,1542
20010903,0000,1531
20010904,0000,1566
20010905,0000,1566
20010906,0000,1561
20010907,0000,1568
20010908,0000,1546
20010909,0000,1552
20010910,0000,1562
20010911,0000,1538
20010912,0000,1552
20010913,0000,1537
20010914,0000,1549
20010915,0000,1531
20010916,0000,1540
20010917,0000,1540
20010918,0000,1539
20010919,0000,1441
20010920,0000,1544
20010921,0000,1545
20010922,0000,1553
20010923,0000,1557
20010924,0000,1536
20010925,0000,1534
20010926,0000,1526
20010927,0000,1523
20010928,0000,1538
20010929,0000,1546
20010930,0000,1526
20011001,0000,1534
20011002,0000,1574
20011003,0000,1522
20011004,0000,1537
20011005,0000,1544
20011006,0000,1320
20011007,0000,1291
20011008,0000,1300
20011009,0000,1290
20011010,0000,1294
20011011,0000,1299
20011012,0000,1293
20011013,0000,1293
20011014,0000,1299
20011015,0000,1291
20011016,0000,1300
20011017,0000,1291
20011018,0000,1308
20011019,0000,1294
20011020,0000,1298
20011021,0000,1305
20011022,0000,1292
20011023,0000,1287
20011024,0000,1290
20011025,0000,1298
20011026,0000,1295
20011027,0000,1320
20011028,0000,1348
20011029,0000,1297
20011030,0000,1236
20011031,0000,1147
20011101,0000,1062
20011102,0000,1038
20011103,0000,1018
20011104,0000,1030
20011105,0000,1033
20011106,0000,1042
20011107,0000,1046
20011108,0000,1056
20011109,0000,1049
20011110,0000,1061
20011111,0000,1032
20011112,0000,1030
20011113,0000,1021
20011114,0000,1004
20011115,0000,1005
20011116,0000,1009
20011117,0000,1029
20011118,0000,1045
20011119,0000,1053
20011120,0000,1025
20011121,0000,1033
20011122,0000,1037
20011123,0000,1036
20011124,0000,1031
20011125,0000,1044
20011126,0000,1030
20011127,0000,1025
20011128,0000,1025
20011129,0000,1029
20011130,0000,1027
20011201,0000,1023
20011202,0000,1257
20011203,0000,1226
20011204,0000,1325
20011205,0000,1526
20011206,0000,1532
20011207,0000,1530
20011208,0000,1533
20011209,0000,1558
20011210,0000,1541
20011211,0000,1538
20011212,0000,1531
20011213,0000,1536
20011214,0000,1558
20011215,0000,1544
20011216,0000,1539
20011217,0000,1556
20011218,0000,1556
20011219,0000,1541
20011220,0000,1502
20011221,0000,1542
20011222,0000,1530
20011223,0000,1546
20011224,0000,1529
20011225,0000,1521
20011226,0000,1549
20011227,0000,1528
20011228,0000,1523
20011229,0000,1541
20011230,0000,1528
20011231,0000,1529
20020101,0000,1524
20020102,0000,1520
20020103,0000,1495
20020104,0000,1494
20020105,0000,1538
20020106,0000,1529
20020107,0000,1518
20020108,0000,1519
20020109,0000,1528
20020110,0000,1520
20020111,0000,1538
20020112,0000,1544
20020113,0000,1528
20020114,0000,1538
20020115,0000,1541
20020116,0000,1547
20020117,0000,1522
20020118,0000,1573
20020119,0000,1520
20020120,0000,1514
20020121,0000,1546
20020122,0000,1555
20020123,0000,1552
20020124,0000,1547
20020125,0000,1537
20020126,0000,1552
20020127,0000,1518
20020128,0000,1508
20020129,0000,1522
20020130,0000,1532
20020131,0000,1532
20020201,0000,1511
20020202,0000,1559
20020203,0000,1500
20020204,0000,1508
20020205,0000,1504
20020206,0000,1498
20020207,0000,1528
20020208,0000,1546
20020209,0000,1542
20020210,0000,1530
20020211,0000,1528
20020212,0000,1540
20020213,0000,1574
20020214,0000,1557
20020215,0000,1559
20020216,0000,1547
20020217,0000,1522
20020218,0000,1530
20020219,0000,1548
20020220,0000,1529
20020221,0000,1442
20020222,0000,1495
20020223,0000,1567
20020224,0000,1553
20020225,0000,1560
20020226,0000,1544
20020227,0000,1518
20020228,0000,1522
20020301,0000,1509
20020302,0000,1516
20020303,0000,2064
20020304,0000,2076
20020305,0000,2027
20020306,0000,2009
20020307,0000,2015
20020308,0000,3875
20020309,0000,3997
20020310,0000,4006
20020311,0000,3975
20020312,0000,3969
20020313,0000,4018
20020314,0000,3622
20020315,0000,3593
20020316,0000,3120
20020317,0000,3003
20020318,0000,2999
20020319,0000,3072
20020320,0000,3078
20020321,0000,3037
20020322,0000,3034
20020323,0000,2990
20020324,0000,2966
20020325,0000,3002
20020326,0000,2627
20020327,0000,2511
20020328,0000,2516
20020329,0000,2518
20020330,0000,2952
20020331,0000,3008
20020401,0000,3045
20020402,0000,2961
20020403,0000,2993
20020404,0000,3241
20020405,0000,3335
20020406,0000,3346
20020407,0000,3334
20020408,0000,3328
20020409,0000,3942
20020410,0000,4022
20020411,0000,3980
20020412,0000,4026
20020413,0000,4024
20020414,0000,4032
20020415,0000,4030
20020416,0000,4027
20020417,0000,4030
20020418,0000,4044
20020419,0000,4046
20020420,0000,4034
20020421,0000,4035
20020422,0000,4045
20020423,0000,3645
20020424,0000,3546
20020425,0000,3554
20020426,0000,3544
20020427,0000,3537
20020428,0000,3541
20020429,0000,3548
20020430,0000,3537
20020501,0000,3135
20020502,0000,3044
20020503,0000,3048
20020504,0000,2774
20020505,0000,2742
20020506,0000,2741
20020507,0000,2731
20020508,0000,2738
20020509,0000,2734
20020510,0000,2741
20020511,0000,2747
20020512,0000,2744
20020513,0000,2745
20020514,0000,2744
20020515,0000,2737
20020516,0000,2731
20020517,0000,2740
20020518,0000,2739
20020519,0000,2731
20020520,0000,2744
20020521,0000,2739
20020522,0000,2745
20020523,0000,2735
20020524,0000,2296
20020525,0000,2238
20020526,0000,2222
20020527,0000,2233
20020528,0000,2235
20020529,0000,2232
20020530,0000,2241
20020531,0000,2246
20020601,0000,2236
20020602,0000,2239
20020603,0000,2239
20020604,0000,2247
20020605,0000,2248
20020606,0000,2238
20020607,0000,2239
20020608,0000,2239
20020609,0000,2237
20020610,0000,2251
20020611,0000,2245
20020612,0000,2260
20020613,0000,2929
20020614,0000,3051
20020615,0000,3042
20020616,0000,3050
20020617,0000,3054
20020618,0000,3051
20020619,0000,3060
20020620,0000,3041
20020621,0000,3029
20020622,0000,3059
20020623,0000,3067
20020624,0000,3058
20020625,0000,3043
20020626,0000,3038
20020627,0000,3039
20020628,0000,3048
20020629,0000,3043
20020630,0000,2670
20020701,0000,2541
20020702,0000,2538
20020703,0000,2523
20020704,0000,2540
20020705,0000,2940
20020706,0000,3060
20020707,0000,3048
20020708,0000,3042
20020709,0000,3044
20020710,0000,3442
20020711,0000,3552
20020712,0000,3547
20020713,0000,3543
20020714,0000,3552
20020715,0000,3542
20020716,0000,3559
20020717,0000,3555
20020718,0000,3545
20020719,0000,3547
20020720,0000,3545
20020721,0000,3547
20020722,0000,3548
20020723,0000,3965
20020724,0000,4032
20020725,0000,4044
20020726,0000,4038
20020727,0000,3642
20020728,0000,3537
20020729,0000,3541
20020730,0000,3107
20020731,0000,2625
20020801,0000,2538
20020802,0000,2543
20020803,0000,2541
20020804,0000,2543
20020805,0000,2544
20020806,0000,2539
20020807,0000,2152
20020808,0000,2046
20020809,0000,2049
20020810,0000,2048
20020811,0000,2051
20020812,0000,2049
20020813,0000,2035
20020814,0000,2039
20020815,0000,2049
20020816,0000,2037
20020817,0000,2047
20020818,0000,2047
20020819,0000,2045
20020820,0000,1818
20020821,0000,1798
20020822,0000,1795
20020823,0000,1794
20020824,0000,1569
20020825,0000,1549
20020826,0000,1552
20020827,0000,1554
20020828,0000,1550
20020829,0000,1543
20020830,0000,1545
20020831,0000,1549
20020901,0000,1548
20020902,0000,1547
20020903,0000,1548
20020904,0000,1545
20020905,0000,1546
20020906,0000,1553
20020907,0000,1549
20020908,0000,1550
20020909,0000,1553
20020910,0000,1550
20020911,0000,1548
20020912,0000,1553
20020913,0000,1548
20020914,0000,1549
20020915,0000,1546
20020916,0000,1473
20020917,0000,1550
20020918,0000,1545
20020919,0000,1553
20020920,0000,1555
20020921,0000,1544
20020922,0000,1553
20020923,0000,1546
20020924,0000,1551
20020925,0000,1549
20020926,0000,1552
20020927,0000,1548
20020928,0000,1548
20020929,0000,1544
20020930,0000,1545
20021001,0000,1550
20021002,0000,1548
20021003,0000,1549
20021004,0000,1547
20021005,0000,1547
20021006,0000,1550
20021007,0000,1554
20021008,0000,1550
20021009,0000,1548
20021010,0000,1546
20021011,0000,1548
20021012,0000,1549
20021013,0000,1551
20021014,0000,1558
20021015,0000,1561
20021016,0000,1557
20021017,0000,1554
20021018,0000,1561
20021019,0000,1557
20021020,0000,1553
20021021,0000,1557
20021022,0000,1551
20021023,0000,1555
20021024,0000,1552
20021025,0000,1553
20021026,0000,1553
20021027,0000,1600
20021028,0000,1533
20021029,0000,1533
20021030,0000,1532
20021031,0000,1541
20021101,0000,1534
20021102,0000,1539
20021103,0000,1549
20021104,0000,1540
20021105,0000,1544
20021106,0000,1544
20021107,0000,1546
20021108,0000,1549
20021109,0000,1551
20021110,0000,1544
20021111,0000,1544
20021112,0000,1543
20021113,0000,1547
20021114,0000,1551
20021115,0000,1550
20021116,0000,1549
20021117,0000,1552
20021118,0000,1547
20021119,0000,1555
20021120,0000,1554
20021121,0000,1548
20021122,0000,1548
20021123,0000,1778
20021124,0000,1798
20021125,0000,1796
20021126,0000,1795
20021127,0000,1793
20021128,0000,1792
20021129,0000,1799
20021130,0000,1793
20021201,0000,1796
20021202,0000,1798
20021203,0000,1790
20021204,0000,1791
20021205,0000,1792
20021206,0000,1791
20021207,0000,1795
20021208,0000,1799
20021209,0000,1797
20021210,0000,1792
20021211,0000,1794
20021212,0000,1793
20021213,0000,1789
20021214,0000,1760
20021215,0000,1745
20021216,0000,1754
20021217,0000,1784
20021218,0000,1558
20021219,0000,1551
20021220,0000,1562
20021221,0000,1548
20021222,0000,1545
20021223,0000,1548
20021224,0000,1540
20021225,0000,1533
20021226,0000,1523
20021227,0000,1501
20021228,0000,1503
20021229,0000,1501
20021230,0000,1524
20021231,0000,1536
20030101,0000,1531
20030102,0000,1537
20030103,0000,1547
20030104,0000,1544
20030105,0000,1544
20030106,0000,1544
20030107,0000,1550
20030108,0000,1544
20030109,0000,1541
20030110,0000,1810
20030111,0000,2051
20030112,0000,2214
20030113,0000,2540
20030114,0000,2720
20030115,0000,2731
20030116,0000,2735
20030117,0000,2738
20030118,0000,2725
20030119,0000,2739
20030120,0000,2736
20030121,0000,2728
20030122,0000,2734
20030123,0000,3216
20030124,0000,4026
20030125,0000,4036
20030126,0000,4033
20030127,0000,4027
20030128,0000,4041
20030129,0000,4041
20030130,0000,4093
20030131,0000,4044
20030201,0000,4028
20030202,0000,4034
20030203,0000,4008
20030204,0000,4033
20030205,0000,4030
20030206,0000,4023
20030207,0000,4038
20030208,0000,4046
20030209,0000,4036
20030210,0000,5218
20030211,0000,5543
20030212,0000,5529
20030213,0000,5539
20030214,0000,5528
20030215,0000,5530
20030216,0000,5538
20030217,0000,5563
20030218,0000,5366
20030219,0000,4880
20030220,0000,4512
20030221,0000,4013
20030222,0000,3542
20030223,0000,3536
20030224,0000,3534
20030225,0000,3540
20030226,0000,3156
20030227,0000,2640
20030228,0000,2497
20030301,0000,2498
20030302,0000,2501
20030303,0000,2506
20030304,0000,2411
20030305,0000,2028
20030306,0000,2037
20030307,0000,2036
20030308,0000,2028
20030309,0000,2036
20030310,0000,2032
20030311,0000,2028
20030312,0000,2032
20030313,0000,2034
20030314,0000,2032
20030315,0000,2020
20030316,0000,2024
20030317,0000,2027
20030318,0000,2021
20030319,0000,2035
20030320,0000,2031
20030321,0000,2028
20030322,0000,2023
20030323,0000,2041
20030324,0000,2028
20030325,0000,1844
20030326,0000,1837
20030327,0000,1835
20030328,0000,1828
20030329,0000,1833
20030330,0000,1828
20030331,0000,1831
20030401,0000,1843
20030402,0000,1836
20030403,0000,1828
20030404,0000,1838
20030405,0000,1839
20030406,0000,1832
20030407,0000,1831
20030408,0000,1830
20030409,0000,1834
20030410,0000,1828
20030411,0000,1832
20030412,0000,1848
20030413,0000,1842
20030414,0000,1842
20030415,0000,1840
20030416,0000,1837
20030417,0000,1849
20030418,0000,1845
20030419,0000,1844
20030420,0000,1856
20030421,0000,1833
20030422,0000,1831
20030423,0000,1825
20030424,0000,1849
20030425,0000,1853
20030426,0000,2416
20030427,0000,2541
20030428,0000,2516
20030429,0000,4066
20030430,0000,4874
20030501,0000,5032
20030502,0000,5315
20030503,0000,5551
20030504,0000,5564
20030505,0000,5565
20030506,0000,5539
20030507,0000,5431
20030508,0000,5544
20030509,0000,5502
20030510,0000,5491
20030511,0000,5507
20030512,0000,5505
20030513,0000,5536
20030514,0000,5537
20030515,0000,5620
20030516,0000,6218
20030517,0000,6622
20030518,0000,6568
20030519,0000,6537
20030520,0000,6568
20030521,0000,6542
20030522,0000,6542
20030523,0000,6033
20030524,0000,5048
20030525,0000,5024
20030526,0000,5025
20030527,0000,5029
20030528,0000,5050
20030529,0000,5510
20030530,0000,5533
20030531,0000,5521
20030601,0000,5529
20030602,0000,6230
20030603,0000,7057
20030604,0000,7067
20030605,0000,6801
20030606,0000,6163
20030607,0000,5746
20030608,0000,5577
20030609,0000,5569
20030610,0000,5368
20030611,0000,5035
20030612,0000,4897
20030613,0000,4411
20030614,0000,4046
20030615,0000,4033
20030616,0000,3930
20030617,0000,3413
20030618,0000,3042
20030619,0000,3049
20030620,0000,3032
20030621,0000,3043
20030622,0000,3043
20030623,0000,3048
20030624,0000,3047
20030625,0000,2908
20030626,0000,2554
20030627,0000,2566
20030628,0000,2540
20030629,0000,2537
20030630,0000,2541
20030701,0000,2551
20030702,0000,2549
20030703,0000,2542
20030704,0000,2556
20030705,0000,2542
20030706,0000,2550
20030707,0000,2537
20030708,0000,3015
20030709,0000,3044
20030710,0000,3055
20030711,0000,3047
20030712,0000,3049
20030713,0000,3048
20030714,0000,3046
20030715,0000,3040
20030716,0000,3028
20030717,0000,3039
20030718,0000,3035
20030719,0000,3049
20030720,0000,3524
20030721,0000,3557
20030722,0000,3546
20030723,0000,4039
20030724,0000,4048
20030725,0000,4050
20030726,0000,4513
20030727,0000,4531
20030728,0000,4535
20030729,0000,4541
20030730,0000,4541
20030731,0000,4624
20030801,0000,4542
20030802,0000,4543
20030803,0000,4551
20030804,0000,4413
20030805,0000,4050
20030806,0000,4044
20030807,0000,3674
20030808,0000,3164
20030809,0000,3051
20030810,0000,3052
20030811,0000,3047
20030812,0000,2892
20030813,0000,2544
20030814,0000,2539
20030815,0000,2125
20030816,0000,2041
20030817,0000,2043
20030818,0000,2060
20030819,0000,2047
20030820,0000,2050
20030821,0000,2050
20030822,0000,2045
20030823,0000,2045
20030824,0000,2043
20030825,0000,2047
20030826,0000,2049
20030827,0000,2051
20030828,0000,2049
20030829,0000,2043
20030830,0000,2056
20030831,0000,2053
20030901,0000,2045
20030902,0000,2042
20030903,0000,2048
20030904,0000,1997
20030905,0000,2043
20030906,0000,1844
20030907,0000,1803
20030908,0000,1798
20030909,0000,1789
20030910,0000,1810
20030911,0000,1792
20030912,0000,1800
20030913,0000,1795
20030914,0000,1800
20030915,0000,1802
20030916,0000,1800
20030917,0000,1645
20030918,0000,1797
20030919,0000,1804
20030920,0000,1801
20030921,0000,1797
20030922,0000,1795
20030923,0000,1791
20030924,0000,1794
20030925,0000,1798
20030926,0000,1799
20030927,0000,1798
20030928,0000,1797
20030929,0000,1777
20030930,0000,1793
20031001,0000,1796
20031002,0000,1799
20031003,0000,1793
20031004,0000,1799
20031005,0000,1800
20031006,0000,1800
20031007,0000,1805
20031008,0000,2037
20031009,0000,2056
20031010,0000,2043
20031011,0000,2044
20031012,0000,2046
20031013,0000,2041
20031014,0000,2050
20031015,0000,2052
20031016,0000,2033
20031017,0000,2032
20031018,0000,2025
20031019,0000,2020
20031020,0000,2021
20031021,0000,2020
20031022,0000,2023
20031023,0000,2026
20031024,0000,2034
20031025,0000,2025
20031026,0000,2193
20031027,0000,2038
20031028,0000,2064
20031029,0000,2048
20031030,0000,2036
20031031,0000,2529
20031101,0000,2537
20031102,0000,2528
20031103,0000,2067
20031104,0000,2051
20031105,0000,2044
20031106,0000,2051
20031107,0000,2049
20031108,0000,2044
20031109,0000,2051
20031110,0000,2051
20031111,0000,2044
20031112,0000,2053
20031113,0000,2042
20031114,0000,2046
20031115,0000,2052
20031116,0000,2044
20031117,0000,2040
20031118,0000,2047
20031119,0000,2039
20031120,0000,2046
20031121,0000,2043
20031122,0000,2044
20031123,0000,2047
20031124,0000,2044
20031125,0000,2049
20031126,0000,2051
20031127,0000,2054
20031128,0000,2042
20031129,0000,2041
20031130,0000,2049
20031201,0000,2048
20031202,0000,2048
20031203,0000,2047
20031204,0000,2048
20031205,0000,2050
20031206,0000,2048
20031207,0000,2040
20031208,0000,2048
20031209,0000,2043
20031210,0000,2034
20031211,0000,2037
20031212,0000,2039
20031213,0000,2034
20031214,0000,2041
20031215,0000,2028
20031216,0000,2039
20031217,0000,2048
20031218,0000,2043
20031219,0000,2049
20031220,0000,2045
20031221,0000,2044
20031222,0000,2037
20031223,0000,2031
20031224,0000,2012
20031225,0000,2016
20031226,0000,2019
20031227,0000,2018
20031228,0000,2036
20031229,0000,2032
20031230,0000,2042
20031231,0000,2034
20040101,0000,2035
20040102,0000,2017
20040103,0000,2031
20040104,0000,2035
20040105,0000,2047
20040106,0000,2037
20040107,0000,3334
20040108,0000,3537
20040109,0000,3531
20040110,0000,3526
20040111,0000,3542
20040112,0000,3535
20040113,0000,3082
20040114,0000,3034
20040115,0000,3039
20040116,0000,3018
20040117,0000,2318
20040118,0000,2236
20040119,0000,2235
20040120,0000,2244
20040121,0000,2224
20040122,0000,2223
20040123,0000,2233
20040124,0000,2241
20040125,0000,2244
20040126,0000,2239
20040127,0000,2195
20040128,0000,2241
20040129,0000,2242
20040130,0000,2243
20040131,0000,2244
20040201,0000,2233
20040202,0000,2245
20040203,0000,2244
20040204,0000,2238
20040205,0000,2232
20040206,0000,2231
20040207,0000,2236
20040208,0000,2254
20040209,0000,2247
20040210,0000,2235
20040211,0000,2228
20040212,0000,2234
20040213,0000,2234
20040214,0000,2235
20040215,0000,2249
20040216,0000,2249
20040217,0000,2233
20040218,0000,2223
20040219,0000,5100
20040220,0000,7019
20040221,0000,7037
20040222,0000,7064
20040223,0000,7070
20040224,0000,6944
20040225,0000,6031
20040226,0000,6054
20040227,0000,5788
20040228,0000,4972
20040229,0000,3339
20040301,0000,3066
20040302,0000,3060
20040303,0000,3060
20040304,0000,3066
20040305,0000,3171
20040306,0000,3059
20040307,0000,3086
20040308,0000,3077
20040309,0000,3091
20040310,0000,3061
20040311,0000,3080
20040312,0000,3539
20040313,0000,3575
20040314,0000,3584
20040315,0000,3601
20040316,0000,3553
20040317,0000,3558
20040318,0000,3603
20040319,0000,3601
20040320,0000,3610
20040321,0000,3626
20040322,0000,3841
20040323,0000,4062
20040324,0000,4056
20040325,0000,4043
20040326,0000,4040
20040327,0000,4026
20040328,0000,4030
20040329,0000,4027
20040330,0000,4002
20040331,0000,3636
20040401,0000,3180
20040402,0000,3084
20040403,0000,3109
20040404,0000,3187
20040405,0000,3070
20040406,0000,5042
20040407,0000,8072
20040408,0000,8033
20040409,0000,7626
20040410,0000,6428
20040411,0000,5619
20040412,0000,4967
20040413,0000,4663
20040414,0000,5020
20040415,0000,5515
20040416,0000,5596
20040417,0000,5588
20040418,0000,5357
20040419,0000,4809
20040420,0000,4306
20040421,0000,3816
20040422,0000,3305
20040423,0000,2984
20040424,0000,3060
20040425,0000,3045
20040426,0000,2845
20040427,0000,2542
20040428,0000,2552
20040429,0000,2574
20040430,0000,2561
20040501,0000,2561
20040502,0000,2561
20040503,0000,2925
20040504,0000,2558
20040505,0000,2542
20040506,0000,2532
20040507,0000,2425
20040508,0000,2520
20040509,0000,2510
20040510,0000,2525
20040511,0000,2523
20040512,0000,2535
20040513,0000,2556
20040514,0000,2678
20040515,0000,2264
20040516,0000,2070
20040517,0000,2076
20040518,0000,2068
20040519,0000,2081
20040520,0000,1974
20040521,0000,1825
20040522,0000,1828
20040523,0000,1825
20040524,0000,1785
20040525,0000,1812
20040526,0000,1813
20040527,0000,1736
20040528,0000,1804
20040529,0000,1808
20040530,0000,1798
20040531,0000,1805
20040601,0000,1796
20040602,0000,1788
20040603,0000,1798
20040604,0000,1802
20040605,0000,1797
20040606,0000,1792
20040607,0000,1982
20040608,0000,2299
20040609,0000,2275
20040610,0000,2288
20040611,0000,2316
20040612,0000,2329
20040613,0000,2331
20040614,0000,2315
20040615,0000,2305
20040616,0000,2307
20040617,0000,2552
20040618,0000,2551
20040619,0000,2541
20040620,0000,2544
20040621,0000,2548
20040622,0000,2534
20040623,0000,2538
20040624,0000,2536
20040625,0000,2542
20040626,0000,2535
20040627,0000,2537
20040628,0000,2534
20040629,0000,2543
20040630,0000,3039
20040701,0000,3039
20040702,0000,3049
20040703,0000,3054
20040704,0000,3054
20040705,0000,3054
20040706,0000,3054
20040707,0000,3058
20040708,0000,3054
20040709,0000,3051
20040710,0000,3518
20040711,0000,3542
20040712,0000,3503
20040713,0000,3534
20040714,0000,3540
20040715,0000,3501
20040716,0000,3544
20040717,0000,3577
20040718,0000,3581
20040719,0000,3580
20040720,0000,3581
20040721,0000,3582
20040722,0000,3580
20040723,0000,3578
20040724,0000,3581
20040725,0000,3195
20040726,0000,2662
20040727,0000,2562
20040728,0000,2576
20040729,0000,2574
20040730,0000,2572
20040731,0000,2574
20040801,0000,2566
20040802,0000,2564
20040803,0000,2178
20040804,0000,2075
20040805,0000,2074
20040806,0000,2073
20040807,0000,2075
20040808,0000,2077
20040809,0000,2075
20040810,0000,2066
20040811,0000,2067
20040812,0000,2067
20040813,0000,2068
20040814,0000,2070
20040815,0000,2070
20040816,0000,2064
20040817,0000,2082
20040818,0000,2062
20040819,0000,1674
20040820,0000,1561
20040821,0000,1562
20040822,0000,1559
20040823,0000,1565
20040824,0000,1562
20040825,0000,1567
20040826,0000,1565
20040827,0000,1574
20040828,0000,1567
20040829,0000,1562
20040830,0000,1568
20040831,0000,1569
20040901,0000,1567
20040902,0000,1577
20040903,0000,1582
20040904,0000,1570
20040905,0000,1566
20040906,0000,1585
20040907,0000,1563
20040908,0000,1525
20040909,0000,1550
20040910,0000,1457
20040911,0000,1538
20040912,0000,1539
20040913,0000,1548
20040914,0000,1561
20040915,0000,1570
20040916,0000,1576
20040917,0000,1575
20040918,0000,1578
20040919,0000,1570
20040920,0000,1571
20040921,0000,1560
20040922,0000,1557
20040923,0000,1558
20040924,0000,1557
20040925,0000,1561
20040926,0000,1563
20040927,0000,1568
20040928,0000,1574
20040929,0000,1340
20040930,0000,1103
20041001,0000,1083
20041002,0000,1082
20041003,0000,1079
20041004,0000,1078
20041005,0000,1077
20041006,0000,1078
20041007,0000,1081
20041008,0000,1336
20041009,0000,1582
20041010,0000,1584
20041011,0000,1592
20041012,0000,1618
20041013,0000,1568
20041014,0000,1573
20041015,0000,1571
20041016,0000,1579
20041017,0000,1575
20041018,0000,1576
20041019,0000,1580
20041020,0000,1573
20041021,0000,1573
20041022,0000,1570
20041023,0000,1573
20041024,0000,1540
20041025,0000,1575
20041026,0000,1576
20041027,0000,1617
20041028,0000,1575
20041029,0000,1577
20041030,0000,1602
20041031,0000,1634
20041101,0000,1568
20041102,0000,1595
20041103,0000,1576
20041104,0000,1572
20041105,0000,1573
20041106,0000,1571
20041107,0000,1584
20041108,0000,1581
20041109,0000,1586
20041110,0000,1581
20041111,0000,1574
20041112,0000,1573
20041113,0000,1570
20041114,0000,1572
20041115,0000,1574
20041116,0000,1625
20041117,0000,1829
20041118,0000,1829
20041119,0000,1814
20041120,0000,1798
20041121,0000,1786
20041122,0000,1791
20041123,0000,1795
20041124,0000,1805
20041125,0000,1809
20041126,0000,1811
20041127,0000,1812
20041128,0000,1800
20041129,0000,1798
20041130,0000,1786
20041201,0000,1809
20041202,0000,1766
20041203,0000,1798
20041204,0000,1754
20041205,0000,1691
20041206,0000,1724
20041207,0000,1719
20041208,0000,1798
20041209,0000,1777
20041210,0000,1798
20041211,0000,1801
20041212,0000,1812
20041213,0000,1811
20041214,0000,1818
20041215,0000,1790
20041216,0000,1815
20041217,0000,1781
20041218,0000,1779
20041219,0000,1785
20041220,0000,1765
20041221,0000,1839
20041222,0000,1791
20041223,0000,1567
20041224,0000,1550
20041225,0000,1556
20041226,0000,1560
20041227,0000,1563
20041228,0000,1546
20041229,0000,1567
20041230,0000,1574
20041231,0000,1567
20050101,0000,1561
20050102,0000,1555
20050103,0000,1546
20050104,0000,1601
20050105,0000,1578
20050106,0000,1546
20050107,0000,1580
20050108,0000,1566
20050109,0000,1543
20050110,0000,1540
20050111,0000,1571
20050112,0000,1585
20050113,0000,1570
20050114,0000,1549
20050115,0000,1534
20050116,0000,1531
20050117,0000,1520
20050118,0000,1514
20050119,0000,1528
20050120,0000,1507
20050121,0000,1539
20050122,0000,1554
20050123,0000,1559
20050124,0000,1550
20050125,0000,1547
20050126,0000,1544
20050127,0000,1524
20050128,0000,1502
20050129,0000,1532
20050130,0000,1507
20050131,0000,1509
20050201,0000,2339
20050202,0000,2538
20050203,0000,2527
20050204,0000,2548
20050205,0000,2562
20050206,0000,2545
20050207,0000,2553
20050208,0000,2554
20050209,0000,3018
20050210,0000,7947
20050211,0000,7787
20050212,0000,5837
20050213,0000,4026
20050214,0000,3484
20050215,0000,2982
20050216,0000,2532
20050217,0000,2544
20050218,0000,2548
20050219,0000,2562
20050220,0000,3177
20050221,0000,8154
20050222,0000,7709
20050223,0000,5864
20050224,0000,3987
20050225,0000,3520
20050226,0000,3056
20050227,0000,3044
20050228,0000,3043
20050301,0000,3045
20050302,0000,3027
20050303,0000,3069
20050304,0000,3085
20050305,0000,3093
20050306,0000,3040
20050307,0000,3070
20050308,0000,3088
20050309,0000,2991
20050310,0000,3026
20050311,0000,3552
20050312,0000,3861
20050313,0000,3856
20050314,0000,3822
20050315,0000,3857
20050316,0000,3729
20050317,0000,3824
20050318,0000,6048
20050319,0000,8019
20050320,0000,8085
20050321,0000,7573
20050322,0000,6878
20050323,0000,6024
20050324,0000,9181
20050325,0000,15092
20050326,0000,14931
20050327,0000,14908
20050328,0000,13829
20050329,0000,11265
20050330,0000,9634
20050331,0000,8284
20050401,0000,7229
20050402,0000,6174
20050403,0000,5326
20050404,0000,4831
20050405,0000,4365
20050406,0000,3861
20050407,0000,3555
20050408,0000,3554
20050409,0000,3568
20050410,0000,3583
20050411,0000,3571
20050412,0000,3561
20050413,0000,3834
20050414,0000,4065
20050415,0000,4068
20050416,0000,4072
20050417,0000,4060
20050418,0000,4063
20050419,0000,4061
20050420,0000,4077
20050421,0000,4076
20050422,0000,4084
20050423,0000,4088
20050424,0000,4058
20050425,0000,4054
20050426,0000,4074
20050427,0000,4075
20050428,0000,4081
20050429,0000,4064
20050430,0000,4066
20050501,0000,4068
20050502,0000,4073
20050503,0000,4058
20050504,0000,4052
20050505,0000,4081
20050506,0000,4066
20050507,0000,4072
20050508,0000,4097
20050509,0000,4067
20050510,0000,4616
20050511,0000,5039
20050512,0000,6524
20050513,0000,8317
20050514,0000,8366
20050515,0000,8350
20050516,0000,8314
20050517,0000,11212
20050518,0000,14926
20050519,0000,18840
20050520,0000,23432
20050521,0000,19793
20050522,0000,18139
20050523,0000,15288
20050524,0000,13202
20050525,0000,10732
20050526,0000,8781
20050527,0000,7427
20050528,0000,6376
20050529,0000,6297
20050530,0000,8648
20050531,0000,12092
20050601,0000,12166
20050602,0000,12056
20050603,0000,11759
20050604,0000,8700
20050605,0000,8093
20050606,0000,8019
20050607,0000,8082
20050608,0000,7237
20050609,0000,6338
20050610,0000,6054
20050611,0000,6332
20050612,0000,8041
20050613,0000,8016
20050614,0000,8011
20050615,0000,8050
20050616,0000,8280
20050617,0000,8516
20050618,0000,8488
20050619,0000,8513
20050620,0000,8507
20050621,0000,8487
20050622,0000,7361
20050623,0000,6824
20050624,0000,5237
20050625,0000,4369
20050626,0000,4047
20050627,0000,4050
20050628,0000,3718
20050629,0000,3572
20050630,0000,3589
20050701,0000,3583
20050702,0000,3571
20050703,0000,3501
20050704,0000,3516
20050705,0000,3564
20050706,0000,3501
20050707,0000,3601
20050708,0000,3582
20050709,0000,3560
20050710,0000,3549
20050711,0000,3566
20050712,0000,3541
20050713,0000,3559
20050714,0000,3567
20050715,0000,3584
20050716,0000,3580
20050717,0000,3583
20050718,0000,3650
20050719,0000,3578
20050720,0000,3580
20050721,0000,3643
20050722,0000,3587
20050723,0000,3575
20050724,0000,3568
20050725,0000,3588
20050726,0000,3594
20050727,0000,3612
20050728,0000,3590
20050729,0000,3589
20050730,0000,3586
20050731,0000,3557
20050801,0000,3579
20050802,0000,3573
20050803,0000,3578
20050804,0000,3541
20050805,0000,3552
20050806,0000,3549
20050807,0000,3592
20050808,0000,3586
20050809,0000,3579
20050810,0000,3592
20050811,0000,3605
20050812,0000,3193
20050813,0000,3036
20050814,0000,3056
20050815,0000,3073
20050816,0000,3017
20050817,0000,3025
20050818,0000,3013
20050819,0000,3018
20050820,0000,3006
20050821,0000,2985
20050822,0000,3093
20050823,0000,3027
20050824,0000,3063
20050825,0000,3082
20050826,0000,3062
20050827,0000,3073
20050828,0000,3067
20050829,0000,3075
20050830,0000,3076
20050831,0000,3157
20050901,0000,3064
20050902,0000,3050
20050903,0000,2981
20050904,0000,3051
20050905,0000,2940
20050906,0000,2978
20050907,0000,3049
20050908,0000,3041
20050909,0000,3029
20050910,0000,2587
20050911,0000,2552
20050912,0000,2555
20050913,0000,2565
20050914,0000,2576
20050915,0000,1950
20050916,0000,2571
20050917,0000,2592
20050918,0000,2574
20050919,0000,2574
20050920,0000,2573
20050921,0000,2572
20050922,0000,2639
20050923,0000,2537
20050924,0000,2675
20050925,0000,2681
20050926,0000,2590
20050927,0000,2488
20050928,0000,2589
20050929,0000,2593
20050930,0000,2569
20051001,0000,2555
20051002,0000,2569
20051003,0000,2490
20051004,0000,2533
20051005,0000,2521
20051006,0000,2562
20051007,0000,2548
20051008,0000,2562
20051009,0000,2441
20051010,0000,2563
20051011,0000,2569
20051012,0000,2571
20051013,0000,2569
20051014,0000,2549
20051015,0000,2554
20051016,0000,2537
20051017,0000,2580
20051018,0000,2215
20051019,0000,2095
20051020,0000,2085
20051021,0000,2088
20051022,0000,2096
20051023,0000,2093
20051024,0000,2097
20051025,0000,1944
20051026,0000,2071
20051027,0000,2076
20051028,0000,2072
20051029,0000,2075
20051030,0000,2110
20051031,0000,2105
20051101,0000,2070
20051102,0000,2058
20051103,0000,2081
20051104,0000,2075
20051105,0000,2066
20051106,0000,2051
20051107,0000,2059
20051108,0000,2085
20051109,0000,2094
20051110,0000,2090
20051111,0000,2321
20051112,0000,2339
20051113,0000,2335
20051114,0000,2327
20051115,0000,2327
20051116,0000,2321
20051117,0000,2378
20051118,0000,2399
20051119,0000,2323
20051120,0000,2408
20051121,0000,2348
20051122,0000,2269
20051123,0000,2402
20051124,0000,2433
20051125,0000,2389
20051126,0000,2345
20051127,0000,2347
20051128,0000,2345
20051129,0000,2345
20051130,0000,2335
20051201,0000,2340
20051202,0000,2339
20051203,0000,2341
20051204,0000,2346
20051205,0000,2341
20051206,0000,2333
20051207,0000,2338
20051208,0000,2326
20051209,0000,2327
20051210,0000,2331
20051211,0000,2336
20051212,0000,2331
20051213,0000,2345
20051214,0000,2350
20051215,0000,2317
20051216,0000,2349
20051217,0000,2354
20051218,0000,2408
20051219,0000,2418
20051220,0000,2291
20051221,0000,2299
20051222,0000,3728
20051223,0000,4027
20051224,0000,8617
20051225,0000,19968
20051226,0000,25203
20051227,0000,32372
20051228,0000,32812
20051229,0000,33966
20051230,0000,34028
20051231,0000,34966
20060101,0000,34396
20060102,0000,35063
20060103,0000,34926
20060104,0000,34869
20060105,0000,34800
20060106,0000,27615
20060107,0000,19982
20060108,0000,20184
20060109,0000,20003
20060110,0000,20195
20060111,0000,19041
20060112,0000,14227
20060113,0000,12380
20060114,0000,10308
20060115,0000,8956
20060116,0000,8116
20060117,0000,7926
20060118,0000,7469
20060119,0000,6687
20060120,0000,5633
20060121,0000,5160
20060122,0000,4557
20060123,0000,4108
20060124,0000,4034
20060125,0000,3988
20060126,0000,3972
20060127,0000,3997
20060128,0000,3957
20060129,0000,3925
20060130,0000,3970
20060131,0000,5470
20060201,0000,7289
20060202,0000,7335
20060203,0000,7335
20060204,0000,8186
20060205,0000,15071
20060206,0000,15311
20060207,0000,15375
20060208,0000,15345
20060209,0000,15212
20060210,0000,15079
20060211,0000,13611
20060212,0000,7756
20060213,0000,5152
20060214,0000,5088
20060215,0000,5060
20060216,0000,5067
20060217,0000,5015
20060218,0000,4876
20060219,0000,4447
20060220,0000,4093
20060221,0000,4149
20060222,0000,4102
20060223,0000,4100
20060224,0000,4706
20060225,0000,7589
20060226,0000,7666
20060227,0000,7577
20060228,0000,7075
20060301,0000,7575
20060302,0000,7433
20060303,0000,6296
20060304,0000,5582
20060305,0000,5042
20060306,0000,5057
20060307,0000,5042
20060308,0000,5051
20060309,0000,4995
20060310,0000,4997
20060311,0000,5035
20060312,0000,5563
20060313,0000,7512
20060314,0000,7628
20060315,0000,7598
20060316,0000,7571
20060317,0000,7563
20060318,0000,7544
20060319,0000,7554
20060320,0000,7490
20060321,0000,7447
20060322,0000,7339
20060323,0000,7705
20060324,0000,7982
20060325,0000,8229
20060326,0000,8128
20060327,0000,8004
20060328,0000,8024
20060329,0000,8489
20060330,0000,10136
20060331,0000,10939
20060401,0000,13760
20060402,0000,15166
20060403,0000,22992
20060404,0000,34771
20060405,0000,34662
20060406,0000,32428
20060407,0000,27631
20060408,0000,25235
20060409,0000,24999
20060410,0000,22382
20060411,0000,20369
20060412,0000,20160
20060413,0000,20220
20060414,0000,20342
20060415,0000,20291
20060416,0000,20305
20060417,0000,20514
20060418,0000,19472
20060419,0000,14860
20060420,0000,12906
20060421,0000,12914
20060422,0000,12810
20060423,0000,12847
20060424,0000,12781
20060425,0000,12817
20060426,0000,12815
20060427,0000,12832
20060428,0000,12868
20060429,0000,12846
20060430,0000,12912
20060501,0000,12685
20060502,0000,12840
20060503,0000,12969
20060504,0000,13053
20060505,0000,13047
20060506,0000,13082
20060507,0000,12976
20060508,0000,12976
20060509,0000,12987
20060510,0000,12974
20060511,0000,12749
20060512,0000,11819
20060513,0000,11201
20060514,0000,11193
20060515,0000,11215
20060516,0000,11191
20060517,0000,11155
20060518,0000,11156
20060519,0000,11235
20060520,0000,11201
20060521,0000,11145
20060522,0000,9912
20060523,0000,7783
20060524,0000,7016
20060525,0000,6403
20060526,0000,5680
20060527,0000,4947
20060528,0000,4926
20060529,0000,5058
20060530,0000,5099
20060531,0000,4974
20060601,0000,4845
20060602,0000,4877
20060603,0000,4951
20060604,0000,5369
20060605,0000,7057
20060606,0000,6987
20060607,0000,6895
20060608,0000,6700
20060609,0000,6394
20060610,0000,6082
20060611,0000,6055
20060612,0000,6091
20060613,0000,6061
20060614,0000,6061
20060615,0000,6066
20060616,0000,5941
20060617,0000,6065
20060618,0000,6227
20060619,0000,6067
20060620,0000,6064
20060621,0000,5906
20060622,0000,5421
20060623,0000,5322
20060624,0000,4884
20060625,0000,4848
20060626,0000,4986
20060627,0000,4926
20060628,0000,4422
20060629,0000,4079
20060630,0000,3937
20060701,0000,3920
20060702,0000,3990
20060703,0000,4005
20060704,0000,4020
20060705,0000,4025
20060706,0000,4026
20060707,0000,4023
20060708,0000,4026
20060709,0000,3946
20060710,0000,3536
20060711,0000,3538
20060712,0000,3564
20060713,0000,3539
20060714,0000,3531
20060715,0000,3533
20060716,0000,3532
20060717,0000,3533
20060718,0000,3523
20060719,0000,3537
20060720,0000,3540
20060721,0000,3551
20060722,0000,3572
20060723,0000,3608
20060724,0000,3723
20060725,0000,3420
20060726,0000,3508
20060727,0000,3567
20060728,0000,3558
20060729,0000,3561
20060730,0000,3565
20060731,0000,3554
20060801,0000,3535
20060802,0000,3562
20060803,0000,3550
20060804,0000,3540
20060805,0000,3536
20060806,0000,3451
20060807,0000,3044
20060808,0000,3045
20060809,0000,3042
20060810,0000,3040
20060811,0000,3048
20060812,0000,3048
20060813,0000,3047
20060814,0000,3043
20060815,0000,3038
20060816,0000,3049
20060817,0000,3051
20060818,0000,3049
20060819,0000,3036
20060820,0000,3042
20060821,0000,3046
20060822,0000,3077
20060823,0000,3043
20060824,0000,3041
20060825,0000,3046
20060826,0000,3037
20060827,0000,3102
20060828,0000,3048
20060829,0000,2585
20060830,0000,2301
20060831,0000,3050
20060901,0000,3048
20060902,0000,3065
20060903,0000,3062
20060904,0000,3065
20060905,0000,2973
20060906,0000,2569
20060907,0000,2550
20060908,0000,2552
20060909,0000,2548
20060910,0000,2548
20060911,0000,2550
20060912,0000,2498
20060913,0000,2485
20060914,0000,2550
20060915,0000,2549
20060916,0000,2534
20060917,0000,2537
20060918,0000,2127
20060919,0000,2549
20060920,0000,2548
20060921,0000,2539
20060922,0000,2544
20060923,0000,2544
20060924,0000,2560
20060925,0000,2554
20060926,0000,2554
20060927,0000,2556
20060928,0000,2560
20060929,0000,2555
20060930,0000,2551
20061001,0000,2549
20061002,0000,2508
20061003,0000,2307
20061004,0000,2293
20061005,0000,2261
20061006,0000,2291
20061007,0000,2273
20061008,0000,2296
20061009,0000,2293
20061010,0000,2297
20061011,0000,2287
20061012,0000,2289
20061013,0000,2252
20061014,0000,2048
20061015,0000,1921
20061016,0000,2038
20061017,0000,2043
20061018,0000,2027
20061019,0000,2013
20061020,0000,2053
20061021,0000,2050
20061022,0000,2051
20061023,0000,2044
20061024,0000,2042
20061025,0000,2043
20061026,0000,2051
20061027,0000,2046
20061028,0000,2052
20061029,0000,2054
20061030,0000,2062
20061031,0000,2057
20061101,0000,2031
20061102,0000,2003
20061103,0000,2068
20061104,0000,2050
20061105,0000,2044
20061106,0000,2051
20061107,0000,2057
20061108,0000,2060
20061109,0000,2068
20061110,0000,2057
20061111,0000,2069
20061112,0000,2060
20061113,0000,2071
20061114,0000,2074
20061115,0000,2059
20061116,0000,2067
20061117,0000,2058
20061118,0000,2052
20061119,0000,2046
20061120,0000,2058
20061121,0000,2056
20061122,0000,2043
20061123,0000,2050
20061124,0000,2048
20061125,0000,2044
20061126,0000,2050
20061127,0000,2042
20061128,0000,2057
20061129,0000,2037
20061130,0000,2058
20061201,0000,2057
20061202,0000,2060
20061203,0000,2065
20061204,0000,2057
20061205,0000,2065
20061206,0000,2060
20061207,0000,2041
20061208,0000,2047
20061209,0000,2010
20061210,0000,2002
20061211,0000,1997
20061212,0000,1907
20061213,0000,2003
20061214,0000,2013
20061215,0000,2037
20061216,0000,2033
20061217,0000,2032
20061218,0000,2025
20061219,0000,1944
20061220,0000,1888
20061221,0000,1895
20061222,0000,2082
20061223,0000,2045
20061224,0000,2041
20061225,0000,2040
20061226,0000,2046
20061227,0000,2027
20061228,0000,2022
20061229,0000,2028
20061230,0000,2030
20061231,0000,2030
20070101,0000,2026
20070102,0000,2026
20070103,0000,2029
20070104,0000,2016
20070105,0000,2031
20070106,0000,2031
20070107,0000,1987
20070108,0000,1778
20070109,0000,1767
20070110,0000,1778
20070111,0000,m

