Date,PST,Inflow
19940101,0000,m
19940102,0000,359
19940103,0000,424
19940104,0000,379
19940105,0000,454
19940106,0000,394
19940107,0000,m
19940108,0000,m
19940109,0000,260
19940110,0000,344
19940111,0000,330
19940112,0000,445
19940113,0000,340
19940114,0000,m
19940115,0000,m
19940116,0000,m
19940117,0000,260
19940118,0000,123
19940119,0000,302
19940120,0000,357
19940121,0000,m
19940122,0000,m
19940123,0000,287
19940124,0000,432
19940125,0000,532
19940126,0000,432
19940127,0000,423
19940128,0000,m
19940129,0000,m
19940130,0000,288
19940131,0000,338
19941101,0000,520
19941102,0000,520
19941103,0000,111
19941104,0000,111
19941105,0000,m
19941106,0000,512
19941107,0000,512
19941108,0000,332
19941109,0000,427
19941110,0000,531
19941111,0000,m
19941112,0000,m
19941113,0000,181
19941114,0000,181
19941115,0000,165
19941116,0000,140
19941117,0000,175
19941118,0000,155
19941119,0000,m
19941120,0000,297
19941121,0000,297
19941122,0000,202
19941123,0000,43
19941124,0000,m
19941125,0000,m
19941126,0000,m
19941127,0000,680
19941128,0000,680
19941129,0000,55
19941130,0000,55
19941201,0000,62
19941202,0000,m
19941203,0000,m
19941204,0000,639
19941205,0000,639
19941206,0000,389
19941207,0000,235
19941208,0000,89
19941209,0000,89
19941210,0000,m
19941211,0000,655
19941212,0000,655
19941213,0000,714
19941214,0000,741
19941215,0000,753
19941216,0000,658
19941217,0000,m
19941218,0000,602
19941219,0000,602
19941220,0000,571
19941221,0000,647
19941222,0000,642
19941223,0000,637
19941224,0000,m
19941225,0000,m
19941226,0000,732
19941227,0000,732
19941228,0000,682
19941229,0000,712
19941230,0000,692
19941231,0000,m
19950101,0000,m
19950102,0000,627
19950103,0000,627
19950104,0000,662
19950105,0000,662
19950106,0000,1129
19950107,0000,m
19950108,0000,1164
19950109,0000,1164
19950110,0000,1409
19950111,0000,4841
19950112,0000,1858
19950113,0000,1858
19950114,0000,m
19950115,0000,m
19950116,0000,2400
19950117,0000,2400
19950118,0000,1759
19950119,0000,1424
19950120,0000,1305
19950121,0000,m
19950122,0000,1296
19950123,0000,1296
19950124,0000,1351
19950125,0000,1646
19950126,0000,2610
19950127,0000,2130
19950128,0000,m
19950129,0000,1847
19950130,0000,1847
19950131,0000,1708
19950201,0000,1694
19950202,0000,1650
19950203,0000,1735
19950204,0000,m
19950205,0000,1445
19950206,0000,1445
19950207,0000,1405
19950208,0000,1383
19950209,0000,1363
19950210,0000,1316
19950211,0000,m
19950212,0000,m
19950213,0000,1252
19950214,0000,1252
19950215,0000,1316
19950216,0000,1217
19950217,0000,1071
19950218,0000,m
19950219,0000,m
19950220,0000,1166
19950221,0000,1166
19950222,0000,1144
19950223,0000,1111
19950224,0000,1205
19950225,0000,m
19950226,0000,1188
19950227,0000,1188
19950228,0000,1148
19950301,0000,1132
19950302,0000,1182
19950303,0000,1183
19950304,0000,m
19950305,0000,1763
19950306,0000,1763
19950307,0000,1578
19950308,0000,1413
19950309,0000,1449
19950310,0000,2785
19950311,0000,m
19950312,0000,6658
19950313,0000,6658
19950314,0000,4399
19950315,0000,4399
19950316,0000,3912
19950317,0000,3499
19950318,0000,m
19950319,0000,3231
19950320,0000,3231
19950321,0000,3435
19950322,0000,4050
19950323,0000,4340
19950324,0000,4912
19950325,0000,m
19950326,0000,2715
19950327,0000,2715
19950328,0000,2349
19950329,0000,2318
19950330,0000,2074
19950331,0000,2074
19950401,0000,m
19950402,0000,2158
19950403,0000,2195
19950404,0000,2219
19950405,0000,2414
19950406,0000,2361
19950407,0000,2361
19950408,0000,m
19950409,0000,2888
19950410,0000,2712
19950411,0000,2430
19950412,0000,2561
19950413,0000,2882
19950414,0000,2882
19950415,0000,m
19950416,0000,2328
19950417,0000,2211
19950418,0000,2172
19950419,0000,2023
19950420,0000,1765
19950421,0000,m
19950422,0000,m
19950423,0000,1935
19950424,0000,2038
19950425,0000,2144
19950426,0000,2175
19950427,0000,2453
19950428,0000,m
19950429,0000,m
19950430,0000,6368
19950501,0000,8457
19950502,0000,6762
19950503,0000,4913
19950504,0000,4273
19950505,0000,m
19950506,0000,m
19950507,0000,3488
19950508,0000,3284
19950509,0000,3157
19950510,0000,2856
19950511,0000,2971
19950512,0000,m
19950513,0000,m
19950514,0000,2846
19950515,0000,2760
19950516,0000,2658
19950517,0000,m
19950518,0000,2668
19950519,0000,m
19950520,0000,m
19950521,0000,4675
19950522,0000,5111
19950523,0000,4583
19950524,0000,4680
19950525,0000,4067
19950526,0000,m
19950527,0000,m
19950528,0000,m
19950529,0000,5161
19950530,0000,5702
19950531,0000,6179
19950601,0000,6796
19950602,0000,m
19950603,0000,m
19950604,0000,6149
19950605,0000,6879
19950606,0000,5127
19950607,0000,3947
19950608,0000,3274
19950609,0000,m
19950610,0000,m
19950611,0000,4910
19950612,0000,6056
19950613,0000,6018
19950614,0000,m
19950615,0000,5219
19950616,0000,m
19950617,0000,m
19950618,0000,3403
19950619,0000,3916
19950620,0000,4039
19950621,0000,m
19950622,0000,4164
19950623,0000,m
19950624,0000,m
19950625,0000,6310
19950626,0000,6151
19950627,0000,6027
19950628,0000,m
19950629,0000,5674
19950630,0000,m
19950701,0000,m
19950702,0000,5007
19950703,0000,m
19950704,0000,m
19950705,0000,4523
19950706,0000,4871
19950707,0000,m
19950708,0000,m
19950709,0000,4704
19950710,0000,4496
19950711,0000,4106
19950712,0000,3165
19950713,0000,2612
19950714,0000,m
19950715,0000,m
19950716,0000,2431
19950717,0000,2705
19950718,0000,3138
19950719,0000,2104
19950720,0000,1222
19950721,0000,m
19950722,0000,m
19950723,0000,m
19950724,0000,1698
19950725,0000,1256
19950726,0000,1207
19950727,0000,1179
19950728,0000,m
19950729,0000,m
19950730,0000,1851
19950731,0000,1633
19950801,0000,1166
19950802,0000,1013
19950803,0000,m
19950804,0000,m
19950805,0000,m
19950806,0000,890
19950807,0000,974
19950808,0000,946
19950809,0000,571
19950810,0000,425
19950811,0000,m
19950812,0000,m
19950813,0000,685
19950814,0000,643
19950815,0000,725
19950816,0000,925
19950817,0000,923
19950818,0000,m
19950819,0000,m
19950820,0000,880
19950821,0000,887
19950822,0000,892
19950823,0000,836
19950824,0000,596
19950825,0000,m
19950826,0000,m
19950827,0000,280
19950828,0000,558
19950829,0000,727
19950830,0000,653
19950831,0000,695
19950901,0000,m
19950902,0000,m
19950903,0000,m
19950904,0000,929
19950905,0000,878
19950906,0000,321
19950907,0000,m
19950908,0000,m
19950909,0000,m
19950910,0000,832
19950911,0000,891
19950912,0000,876
19950913,0000,862
19950914,0000,886
19950915,0000,m
19950916,0000,m
19950917,0000,903
19950918,0000,881
19950919,0000,889
19950920,0000,889
19950921,0000,825
19950922,0000,m
19950923,0000,m
19950924,0000,898
19950925,0000,888
19950926,0000,914
19950927,0000,868
19950928,0000,m
19950929,0000,m
19950930,0000,m
19951001,0000,330
19951002,0000,125
19951003,0000,388
19951004,0000,789
19951005,0000,805
19951006,0000,m
19951007,0000,m
19951008,0000,m
19951009,0000,744
19951010,0000,847
19951011,0000,867
19951012,0000,888
19951013,0000,m
19951014,0000,m
19951015,0000,899
19951016,0000,868
19951017,0000,861
19951018,0000,896
19951019,0000,824
19951020,0000,m
19951021,0000,m
19951022,0000,883
19951023,0000,906
19951024,0000,957
19951025,0000,881
19951026,0000,853
19951027,0000,m
19951028,0000,m
19951029,0000,904
19951030,0000,925
19951031,0000,925
19951101,0000,867
19951102,0000,775
19951103,0000,m
19951104,0000,m
19951105,0000,556
19951106,0000,576
19951107,0000,677
19951108,0000,152
19951109,0000,m
19951110,0000,m
19951111,0000,m
19951112,0000,1002
19951113,0000,598
19951114,0000,658
19951115,0000,653
19951116,0000,413
19951117,0000,m
19951118,0000,m
19951119,0000,624
19951120,0000,604
19951121,0000,479
19951122,0000,m
19951123,0000,m
19951124,0000,m
19951125,0000,m
19951126,0000,537
19951127,0000,632
19951128,0000,557
19951129,0000,351
19951130,0000,363
19951201,0000,m
19951202,0000,m
19951203,0000,574
19951204,0000,658
19951205,0000,703
19951206,0000,688
19951207,0000,533
19951208,0000,m
19951209,0000,m
19951210,0000,624
19951211,0000,799
19951212,0000,m
19951213,0000,1553
19951214,0000,488
19951215,0000,m
19951216,0000,m
19951217,0000,m
19951218,0000,m
19951219,0000,m
19951220,0000,m
19951221,0000,m
19951222,0000,m
19951223,0000,m
19951224,0000,m
19951225,0000,m
19951226,0000,m
19951227,0000,m
19951228,0000,m
19951229,0000,m
19951230,0000,m
19951231,0000,m
19960101,0000,m
19960102,0000,m
19960103,0000,m
19960104,0000,m
19960105,0000,m
19960106,0000,m
19960107,0000,468
19960108,0000,461
19960109,0000,522
19960110,0000,435
19960111,0000,346
19960112,0000,m
19960113,0000,m
19960114,0000,m
19960115,0000,396
19960116,0000,981
19960117,0000,1340
19960118,0000,545
19960119,0000,m
19960120,0000,m
19960121,0000,569
19960122,0000,611
19960123,0000,513
19960124,0000,921
19960125,0000,2218
19960126,0000,m
19960127,0000,m
19960128,0000,1734
19960129,0000,1251
19960130,0000,886
19960131,0000,731
19960201,0000,707
19960204,0000,1747
19960205,0000,4841
19960207,0000,1658
19960208,0000,2150
19960212,0000,1233
19960213,0000,1253
19960214,0000,1313
19960215,0000,1302
19960219,0000,2331
19960221,0000,4526
19960222,0000,3349
19960225,0000,2003
19960226,0000,1753
19960227,0000,1653
19960228,0000,1468
19960229,0000,1770
19960303,0000,1645
19960304,0000,2782
19960305,0000,4075
19960306,0000,2762
19960310,0000,2103
19960311,0000,2150
19960312,0000,2478
19960313,0000,2301
19960314,0000,2123
19960317,0000,1892
19960318,0000,1972
19960320,0000,2016
19960321,0000,2048
19960324,0000,1789
19960325,0000,1726
19960326,0000,1667
19960327,0000,1442
19960328,0000,2062
19960331,0000,1616
19960401,0000,2151
19960402,0000,2359
19960403,0000,m
19960404,0000,m
19960405,0000,m
19960406,0000,m
19960407,0000,1841
19960408,0000,1911
19960409,0000,m
19960410,0000,m
19960411,0000,1703
19960412,0000,m
19960413,0000,m
19960414,0000,1534
19960415,0000,m
19960416,0000,m
19960417,0000,2347
19960418,0000,2295
19960419,0000,m
19960420,0000,m
19960421,0000,1798
19960422,0000,1666
19960423,0000,1685
19960424,0000,1756
19960425,0000,m
19960426,0000,m
19960427,0000,m
19960428,0000,m
19960429,0000,1799
19960430,0000,m
19960501,0000,m
19960502,0000,2019
19960503,0000,m
19960504,0000,m
19960505,0000,1898
19960506,0000,1861
19960507,0000,m
19960508,0000,1880
19960509,0000,1830
19960510,0000,m
19960511,0000,m
19960512,0000,3602
19960513,0000,4127
19960514,0000,4069
19960515,0000,4321
19960516,0000,16287
19960517,0000,m
19960518,0000,m
19960519,0000,5228
19960520,0000,3357
19960521,0000,m
19960522,0000,3464
19960523,0000,m
19960524,0000,m
19960525,0000,m
19960526,0000,m
19960527,0000,2490
19960528,0000,2526
19960529,0000,2352
19960530,0000,2504
19960531,0000,m
19960601,0000,m
19960602,0000,2904
19960603,0000,3256
19960604,0000,m
19960605,0000,3250
19960606,0000,m
19960607,0000,m
19960608,0000,m
19960609,0000,m
19960610,0000,m
19960611,0000,m
19960612,0000,m
19960613,0000,1466
19960614,0000,m
19960615,0000,m
19960616,0000,1408
19960617,0000,1288
19960618,0000,1267
19960619,0000,1245
19960620,0000,m
19960621,0000,m
19960622,0000,m
19960623,0000,1106
19960624,0000,m
19960625,0000,m
19960626,0000,1139
19960627,0000,1063
19960628,0000,m
19960629,0000,m
19960630,0000,933
19960701,0000,913
19960702,0000,920
19960703,0000,m
19960704,0000,844
19960705,0000,m
19960706,0000,m
19960707,0000,767
19960708,0000,735
19960709,0000,810
19960710,0000,m
19960711,0000,m
19960712,0000,m
19960713,0000,m
19960714,0000,m
19960715,0000,m
19960716,0000,m
19960717,0000,m
19960718,0000,m
19960719,0000,m
19960720,0000,m
19960721,0000,m
19960722,0000,m
19960723,0000,m
19960724,0000,m
19960725,0000,m
19960726,0000,m
19960727,0000,m
19960728,0000,m
19960729,0000,m
19960730,0000,m
19960731,0000,m
19960801,0000,m
19960802,0000,m
19960803,0000,m
19960804,0000,m
19960805,0000,m
19960806,0000,m
19960807,0000,m
19960808,0000,m
19960809,0000,m
19960810,0000,m
19960811,0000,m
19960812,0000,m
19960813,0000,m
19960814,0000,m
19960815,0000,m
19960816,0000,m
19960817,0000,m
19960818,0000,m
19960819,0000,m
19960820,0000,m
19960821,0000,m
19960822,0000,221
19960823,0000,517
19960824,0000,738
19960825,0000,858
19960826,0000,912
19960827,0000,789
19960828,0000,810
19960829,0000,822
19960830,0000,787
19960831,0000,838
19960901,0000,630
19960902,0000,631
19960903,0000,613
19960904,0000,729
19960905,0000,628
19960906,0000,658
19960907,0000,653
19960908,0000,658
19960909,0000,618
19960910,0000,643
19960911,0000,588
19960912,0000,423
19960913,0000,487
19960914,0000,642
19960915,0000,717
19960916,0000,708
19960917,0000,652
19960918,0000,623
19960919,0000,695
19960920,0000,614
19960921,0000,634
19960922,0000,529
19960923,0000,349
19960924,0000,318
19960925,0000,489
19960926,0000,265
19960927,0000,252
19960928,0000,251
19960929,0000,351
19960930,0000,228
19961001,0000,342
19961002,0000,282
19961003,0000,343
19961004,0000,299
19961005,0000,220
19961006,0000,316
19961007,0000,271
19961008,0000,238
19961009,0000,259
19961010,0000,m
19961011,0000,243
19961012,0000,253
19961013,0000,233
19961014,0000,474
19961015,0000,629
19961016,0000,705
19961017,0000,731
19961018,0000,710
19961019,0000,627
19961020,0000,723
19961021,0000,687
19961022,0000,677
19961023,0000,768
19961024,0000,627
19961025,0000,638
19961026,0000,717
19961027,0000,665
19961028,0000,754
19961029,0000,598
19961030,0000,722
19961031,0000,776
19961101,0000,696
19961102,0000,696
19961103,0000,626
19961104,0000,676
19961105,0000,687
19961106,0000,687
19961107,0000,642
19961108,0000,677
19961109,0000,677
19961110,0000,617
19961111,0000,717
19961112,0000,638
19961113,0000,348
19961114,0000,709
19961115,0000,699
19961116,0000,650
19961117,0000,894
19961118,0000,1734
19961119,0000,1192
19961120,0000,1154
19961121,0000,1006
19961122,0000,1920
19961123,0000,1511
19961124,0000,1066
19961125,0000,1051
19961126,0000,859
19961127,0000,892
19961128,0000,851
19961129,0000,851
19961130,0000,875
19961201,0000,889
19961202,0000,893
19961203,0000,808
19961204,0000,827
19961205,0000,3187
19961206,0000,2033
19961207,0000,1486
19961208,0000,1233
19961209,0000,1293
19961210,0000,2576
19961211,0000,2532
19961212,0000,5891
19961213,0000,4186
19961214,0000,2685
19961215,0000,1965
19961216,0000,1715
19961217,0000,1534
19961218,0000,1399
19961219,0000,1340
19961220,0000,1192
19961221,0000,3314
19961222,0000,2533
19961223,0000,1270
19961224,0000,1163
19961225,0000,1091
19961226,0000,1363
19961227,0000,1363
19961228,0000,-9999
19961229,0000,-9999
19961230,0000,5184
19961231,0000,6237
19970101,0000,16670
19970102,0000,32759
19970103,0000,18581
19970104,0000,9795
19970105,0000,6812
19970106,0000,5008
19970107,0000,4150
19970108,0000,3592
19970109,0000,3326
19970110,0000,3326
19970111,0000,2490
19970112,0000,2497
19970113,0000,2222
19970114,0000,1981
19970115,0000,1964
19970116,0000,1963
19970117,0000,-9999
19970118,0000,1963
19970119,0000,-9999
19970120,0000,1995
19970121,0000,2165
19970122,0000,3493
19970123,0000,4983
19970124,0000,3233
19970125,0000,5668
19970126,0000,9537
19970127,0000,6163
19970128,0000,4607
19970129,0000,3906
19970130,0000,3289
19970131,0000,3129
19970201,0000,3000
19970202,0000,2919
19970203,0000,2685
19970204,0000,2581
19970205,0000,2330
19970206,0000,2192
19970207,0000,1937
19970208,0000,1825
19970209,0000,1866
19970210,0000,1789
19970211,0000,1618
19970212,0000,1752
19970213,0000,1759
19970214,0000,1666
19970215,0000,1554
19970216,0000,1618
19970217,0000,1710
19970218,0000,1677
19970219,0000,1611
19970220,0000,1763
19970221,0000,1699
19970222,0000,1716
19970223,0000,1609
19970224,0000,1598
19970225,0000,1582
19970226,0000,1569
19970227,0000,1482
19970228,0000,1588
19970301,0000,1571
19970302,0000,1510
19970303,0000,1493
19970304,0000,1467
19970305,0000,1454
19970306,0000,1338
19970307,0000,1533
19970308,0000,1387
19970309,0000,1404
19970310,0000,1491
19970311,0000,1401
19970312,0000,1476
19970313,0000,1392
19970314,0000,m
19970315,0000,m
19970316,0000,1525
19970317,0000,1495
19970318,0000,1418
19970319,0000,1432
19970320,0000,1576
19970321,0000,1504
19970322,0000,1432
19970323,0000,1549
19970324,0000,1540
19970325,0000,1613
19970326,0000,1588
19970327,0000,1615
19970328,0000,1614
19970329,0000,1488
19970330,0000,1548
19970331,0000,1444
19970401,0000,1510
19970402,0000,1367
19970403,0000,1346
19970404,0000,1272
19970405,0000,1362
19970406,0000,1275
19970407,0000,1318
19970408,0000,1255
19970409,0000,1317
19970410,0000,1236
19970411,0000,1307
19970412,0000,1188
19970413,0000,1253
19970414,0000,1326
19970415,0000,1268
19970416,0000,1339
19970417,0000,1393
19970418,0000,1492
19970419,0000,1803
19970420,0000,1734
19970421,0000,1654
19970422,0000,1711
19970423,0000,1711
19970424,0000,1598
19970425,0000,1611
19970426,0000,1477
19970427,0000,1564
19970428,0000,1564
19970429,0000,1764
19970430,0000,2525
19970501,0000,2904
19970502,0000,2793
19970503,0000,1935
19970504,0000,1885
19970505,0000,1894
19970506,0000,1730
19970507,0000,1560
19970508,0000,2068
19970509,0000,2113
19970510,0000,2605
19970511,0000,3107
19970512,0000,2113
19970513,0000,3302
19970514,0000,3557
19970515,0000,3583
19970516,0000,3853
19970517,0000,3319
19970518,0000,3158
19970519,0000,3662
19970520,0000,4025
19970521,0000,3702
19970522,0000,1585
19970523,0000,1585
19970524,0000,1769
19970525,0000,1523
19970526,0000,1396
19970527,0000,1396
19970528,0000,1116
19970529,0000,1402
19970530,0000,1835
19970531,0000,2305
19970601,0000,2210
19970602,0000,2211
19970603,0000,1903
19970604,0000,1823
19970605,0000,2123
19970606,0000,4925
19970607,0000,1697
19970608,0000,1306
19970609,0000,2984
19970610,0000,1496
19970611,0000,1190
19970612,0000,1072
19970613,0000,1034
19970614,0000,1005
19970615,0000,1209
19970616,0000,1006
19970617,0000,1205
19970618,0000,1074
19970619,0000,989
19970620,0000,1074
19970621,0000,1083
19970622,0000,930
19970623,0000,930
19970624,0000,1019
19970625,0000,948
19970626,0000,923
19970627,0000,870
19970628,0000,693
19970629,0000,628
19970630,0000,663
19970701,0000,663
19970702,0000,631
19970703,0000,663
19970704,0000,576
19970705,0000,406
19970706,0000,461
19970707,0000,461
19970708,0000,492
19970709,0000,614
19970710,0000,694
19970711,0000,543
19970712,0000,642
19970713,0000,592
19970714,0000,642
19970715,0000,617
19970716,0000,586
19970717,0000,431
19970718,0000,541
19970719,0000,655
19970720,0000,550
19970721,0000,621
19970722,0000,427
19970723,0000,628
19970724,0000,610
19970725,0000,587
19970726,0000,567
19970727,0000,632
19970728,0000,582
19970729,0000,659
19970730,0000,370
19970731,0000,567
19970801,0000,556
19970802,0000,581
19970803,0000,436
19970804,0000,588
19970805,0000,885
19970806,0000,1438
19970807,0000,840
19970808,0000,572
19970809,0000,554
19970810,0000,547
19970811,0000,591
19970812,0000,576
19970813,0000,650
19970814,0000,515
19970815,0000,575
19970816,0000,685
19970817,0000,565
19970818,0000,680
19970819,0000,597
19970820,0000,642
19970821,0000,577
19970822,0000,622
19970823,0000,537
19970824,0000,578
19970825,0000,681
19970826,0000,600
19970827,0000,620
19970828,0000,625
19970829,0000,462
19970830,0000,532
19970831,0000,522
19970901,0000,556
19970902,0000,654
19970903,0000,522
19970904,0000,624
19970905,0000,635
19970906,0000,561
19970907,0000,574
19970908,0000,643
19970909,0000,583
19970910,0000,622
19970911,0000,554
19970912,0000,600
19970913,0000,539
19970914,0000,581
19970915,0000,600
19970916,0000,521
19970917,0000,611
19970918,0000,528
19970919,0000,632
19970920,0000,597
19970921,0000,592
19970922,0000,680
19970923,0000,589
19970924,0000,393
19970925,0000,643
19970926,0000,582
19970927,0000,523
19970928,0000,628
19970929,0000,621
19970930,0000,505
19971001,0000,520
19971002,0000,715
19971003,0000,682
19971004,0000,527
19971005,0000,618
19971006,0000,578
19971007,0000,598
19971008,0000,423
19971009,0000,484
19971010,0000,776
19971011,0000,637
19971012,0000,658
19971013,0000,609
19971014,0000,609
19971015,0000,394
19971016,0000,395
19971017,0000,612
19971018,0000,586
19971019,0000,562
19971020,0000,633
19971021,0000,669
19971022,0000,627
19971023,0000,678
19971024,0000,727
19971025,0000,688
19971026,0000,629
19971027,0000,679
19971028,0000,623
19971029,0000,680
19971030,0000,554
19971031,0000,643
19971101,0000,550
19971102,0000,651
19971103,0000,671
19971104,0000,676
19971105,0000,568
19971106,0000,598
19971107,0000,680
19971108,0000,608
19971109,0000,538
19971110,0000,744
19971111,0000,624
19971112,0000,654
19971113,0000,720
19971114,0000,753
19971115,0000,723
19971116,0000,498
19971117,0000,634
19971118,0000,709
19971119,0000,664
19971120,0000,624
19971121,0000,700
19971122,0000,691
19971123,0000,691
19971124,0000,701
19971125,0000,682
19971126,0000,878
19971127,0000,939
19971128,0000,783
19971129,0000,673
19971130,0000,693
19971201,0000,170
19971202,0000,133
19971203,0000,122
19971204,0000,142
19971205,0000,606
19971206,0000,700
19971207,0000,885
19971208,0000,1010
19971209,0000,767
19971210,0000,636
19971211,0000,529
19971212,0000,622
19971213,0000,597
19971214,0000,607
19971215,0000,517
19971216,0000,578
19971217,0000,688
19971218,0000,338
19971219,0000,448
19971220,0000,368
19971221,0000,368
19971222,0000,418
19971223,0000,252
19971224,0000,332
19971225,0000,122
19971226,0000,223
19971227,0000,148
19971228,0000,214
19971229,0000,213
19971230,0000,182
19971231,0000,192
19980101,0000,222
19980102,0000,272
19980103,0000,332
19980104,0000,488
19980105,0000,253
19980106,0000,278
19980107,0000,273
19980108,0000,253
19980109,0000,335
19980110,0000,420
19980111,0000,895
19980112,0000,2186
19980113,0000,1525
19980114,0000,1069
19980115,0000,3648
19980116,0000,3081
19980117,0000,2398
19980118,0000,1968
19980119,0000,2258
19980120,0000,1559
19980121,0000,1121
19980122,0000,966
19980123,0000,1047
19980124,0000,853
19980125,0000,863
19980126,0000,793
19980127,0000,717
19980128,0000,494
19980129,0000,1395
19980130,0000,1081
19980131,0000,965
19980201,0000,653
19980202,0000,653
19980203,0000,7337
19980204,0000,3278
19980205,0000,2229
19980206,0000,2798
19980207,0000,3571
19980208,0000,3534
19980209,0000,2686
19980210,0000,2289
19980211,0000,2206
19980212,0000,1998
19980213,0000,1854
19980214,0000,2504
19980215,0000,2475
19980216,0000,2014
19980217,0000,1718
19980218,0000,1550
19980219,0000,1986
19980220,0000,1883
19980221,0000,1973
19980222,0000,2378
19980223,0000,2416
19980224,0000,2114
19980225,0000,1894
19980226,0000,1561
19980227,0000,1549
19980228,0000,1471
19980301,0000,1446
19980302,0000,1381
19980303,0000,1336
19980304,0000,1356
19980305,0000,1421
19980306,0000,1409
19980307,0000,1210
19980308,0000,1333
19980309,0000,1201
19980310,0000,1285
19980311,0000,1259
19980312,0000,1164
19980313,0000,1258
19980314,0000,1293
19980315,0000,1289
19980316,0000,1336
19980317,0000,1355
19980318,0000,1457
19980319,0000,1464
19980320,0000,1624
19980321,0000,1574
19980322,0000,1647
19980323,0000,1997
19980324,0000,5883
19980325,0000,7351
19980326,0000,4221
19980327,0000,3336
19980328,0000,2902
19980329,0000,2414
19980330,0000,2235
19980331,0000,2313
19980401,0000,2265
19980402,0000,2121
19980403,0000,2437
19980404,0000,2187
19980405,0000,1973
19980406,0000,2004
19980407,0000,2030
19980408,0000,1899
19980409,0000,1854
19980410,0000,1690
19980411,0000,1665
19980412,0000,1763
19980413,0000,2093
19980414,0000,2137
19980415,0000,1992
19980416,0000,1854
19980417,0000,1902
19980418,0000,1859
19980419,0000,1809
19980420,0000,2177
19980421,0000,2319
19980422,0000,2260
19980423,0000,2779
19980424,0000,2603
19980425,0000,2487
19980426,0000,2292
19980427,0000,2378
19980428,0000,2588
19980429,0000,2683
19980430,0000,2875
19980501,0000,2907
19980502,0000,3225
19980503,0000,3607
19980504,0000,3216
19980505,0000,3372
19980506,0000,3167
19980507,0000,2862
19980508,0000,2690
19980509,0000,2710
19980510,0000,2819
19980511,0000,2626
19980512,0000,2543
19980513,0000,2577
19980514,0000,2410
19980515,0000,2093
19980516,0000,2353
19980517,0000,2597
19980518,0000,2456
19980519,0000,2529
19980520,0000,2493
19980521,0000,2544
19980522,0000,2482
19980523,0000,2560
19980524,0000,2563
19980525,0000,3024
19980526,0000,3041
19980527,0000,2554
19980528,0000,2742
19980529,0000,2800
19980530,0000,2561
19980531,0000,2494
19980601,0000,2925
19980602,0000,3004
19980603,0000,3024
19980604,0000,3276
19980605,0000,3327
19980606,0000,3534
19980607,0000,4559
19980608,0000,4182
19980609,0000,4878
19980610,0000,4866
19980611,0000,5359
19980612,0000,5130
19980613,0000,5644
19980614,0000,5497
19980615,0000,5371
19980616,0000,5369
19980617,0000,4770
19980618,0000,4512
19980619,0000,6228
19980620,0000,6268
19980621,0000,6034
19980622,0000,6097
19980623,0000,5441
19980624,0000,4850
19980625,0000,5268
19980626,0000,5798
19980627,0000,5093
19980628,0000,4709
19980629,0000,5003
19980630,0000,4896
19980701,0000,4155
19980702,0000,3996
19980703,0000,4131
19980704,0000,3793
19980705,0000,3791
19980706,0000,3555
19980707,0000,3909
19980708,0000,3383
19980709,0000,3396
19980710,0000,3086
19980711,0000,2975
19980712,0000,2487
19980713,0000,1977
19980714,0000,1748
19980715,0000,1916
19980716,0000,1071
19980717,0000,1071
19980718,0000,1155
19980719,0000,1168
19980720,0000,1089
19980721,0000,1061
19980722,0000,1133
19980723,0000,987
19980724,0000,965
19980725,0000,982
19980726,0000,951
19980727,0000,931
19980728,0000,825
19980729,0000,956
19980730,0000,834
19980731,0000,866
19980801,0000,933
19980802,0000,921
19980803,0000,908
19980804,0000,710
19980805,0000,864
19980806,0000,849
19980807,0000,819
19980808,0000,m
19980809,0000,815
19980810,0000,924
19980811,0000,926
19980812,0000,m
19980813,0000,889
19980814,0000,867
19980815,0000,873
19980816,0000,870
19980817,0000,879
19980818,0000,876
19980819,0000,847
19980820,0000,916
19980821,0000,861
19980822,0000,911
19980823,0000,m
19980824,0000,866
19980825,0000,886
19980826,0000,880
19980827,0000,876
19980828,0000,915
19980829,0000,922
19980830,0000,922
19980831,0000,856
19980901,0000,899
19980902,0000,847
19980903,0000,904
19980904,0000,851
19980905,0000,850
19980906,0000,906
19980907,0000,878
19980908,0000,910
19980909,0000,844
19980910,0000,896
19980911,0000,820
19980912,0000,850
19980913,0000,807
19980914,0000,909
19980915,0000,879
19980916,0000,826
19980917,0000,829
19980918,0000,668
19980919,0000,651
19980920,0000,674
19980921,0000,728
19980922,0000,729
19980923,0000,724
19980924,0000,610
19980925,0000,609
19980926,0000,671
19980927,0000,681
19980928,0000,767
19980929,0000,681
19980930,0000,649
19981001,0000,808
19981002,0000,739
19981003,0000,688
19981004,0000,699
19981005,0000,691
19981006,0000,788
19981007,0000,662
19981008,0000,810
19981009,0000,706
19981010,0000,692
19981011,0000,709
19981012,0000,734
19981013,0000,679
19981014,0000,394
19981015,0000,676
19981016,0000,596
19981017,0000,747
19981018,0000,597
19981019,0000,647
19981020,0000,653
19981021,0000,425
19981022,0000,421
19981023,0000,576
19981024,0000,740
19981025,0000,615
19981026,0000,725
19981027,0000,607
19981028,0000,767
19981029,0000,650
19981030,0000,640
19981031,0000,610
19981101,0000,630
19981102,0000,660
19981103,0000,620
19981104,0000,610
19981105,0000,632
19981106,0000,610
19981107,0000,657
19981108,0000,555
19981109,0000,613
19981110,0000,609
19981111,0000,709
19981112,0000,592
19981113,0000,697
19981114,0000,618
19981115,0000,608
19981116,0000,688
19981117,0000,716
19981118,0000,679
19981119,0000,609
19981120,0000,748
19981121,0000,608
19981122,0000,688
19981123,0000,747
19981124,0000,627
19981125,0000,676
19981126,0000,666
19981127,0000,785
19981128,0000,786
19981129,0000,667
19981130,0000,498
19981201,0000,1285
19981202,0000,868
19981203,0000,907
19981204,0000,834
19981205,0000,826
19981206,0000,699
19981207,0000,591
19981208,0000,656
19981209,0000,648
19981210,0000,740
19981211,0000,736
19981212,0000,744
19981213,0000,735
19981214,0000,743
19981215,0000,665
19981216,0000,789
19981217,0000,625
19981218,0000,803
19981219,0000,684
19981220,0000,713
19981221,0000,689
19981222,0000,768
19981223,0000,582
19981224,0000,742
19981225,0000,691
19981226,0000,m
19981227,0000,790
19981228,0000,670
19981229,0000,700
19981230,0000,621
19981231,0000,673
19990101,0000,659
19990102,0000,739
19990103,0000,640
19990104,0000,725
19990105,0000,691
19990106,0000,729
19990107,0000,620
19990108,0000,630
19990109,0000,610
19990110,0000,515
19990111,0000,505
19990112,0000,505
19990113,0000,850
19990114,0000,515
19990115,0000,622
19990116,0000,711
19990117,0000,862
19990118,0000,1001
19990119,0000,2130
19990120,0000,3535
19990121,0000,2122
19990122,0000,1847
19990123,0000,1871
19990124,0000,1811
19990125,0000,1087
19990126,0000,962
19990127,0000,1076
19990128,0000,1003
19990129,0000,1115
19990130,0000,1058
19990131,0000,1107
19990201,0000,978
19990202,0000,950
19990203,0000,990
19990204,0000,977
19990205,0000,929
19990206,0000,990
19990207,0000,3669
19990208,0000,4146
19990209,0000,7778
19990210,0000,3655
19990211,0000,2419
19990212,0000,2287
19990213,0000,1952
19990214,0000,1720
19990215,0000,1618
19990216,0000,1612
19990217,0000,2981
19990218,0000,2338
19990219,0000,2258
19990220,0000,2222
19990221,0000,2423
19990222,0000,1721
19990223,0000,1966
19990224,0000,1861
19990225,0000,2093
19990226,0000,1988
19990227,0000,1833
19990228,0000,1746
19990301,0000,1691
19990302,0000,1743
19990303,0000,2070
19990304,0000,1927
19990305,0000,1827
19990306,0000,1639
19990307,0000,1536
19990308,0000,1492
19990309,0000,1418
19990310,0000,1497
19990311,0000,1364
19990312,0000,1314
19990313,0000,1310
19990314,0000,1318
19990315,0000,1192
19990316,0000,1187
19990317,0000,1224
19990318,0000,1227
19990319,0000,1252
19990320,0000,1394
19990321,0000,1354
19990322,0000,1246
19990323,0000,1215
19990324,0000,1237
19990325,0000,1229
19990326,0000,1187
19990327,0000,1217
19990328,0000,1249
19990329,0000,1224
19990330,0000,1160
19990331,0000,1162
19990401,0000,1094
19990402,0000,1068
19990403,0000,1113
19990404,0000,1081
19990405,0000,1084
19990406,0000,1096
19990407,0000,1047
19990408,0000,1156
19990409,0000,958
19990410,0000,955
19990411,0000,966
19990412,0000,1034
19990413,0000,1143
19990414,0000,1314
19990415,0000,1551
19990416,0000,1614
19990417,0000,1551
19990418,0000,1785
19990419,0000,m
19990420,0000,1856
19990421,0000,1776
19990422,0000,1667
19990423,0000,1623
19990424,0000,1561
19990425,0000,1400
19990426,0000,m
19990427,0000,1556
19990428,0000,1699
19990429,0000,1443
19990430,0000,1397
19990501,0000,1448
19990502,0000,1581
19990503,0000,1876
19990504,0000,1583
19990505,0000,1531
19990506,0000,1456
19990507,0000,1415
19990508,0000,1416
19990509,0000,1512
19990510,0000,1458
19990511,0000,1265
19990512,0000,1483
19990513,0000,1531
19990514,0000,1411
19990515,0000,1557
19990516,0000,1365
19990517,0000,1418
19990518,0000,1626
19990519,0000,1586
19990520,0000,1761
19990521,0000,2077
19990522,0000,2408
19990523,0000,2770
19990524,0000,2972
19990525,0000,2708
19990526,0000,2858
19990527,0000,2723
19990528,0000,2386
19990529,0000,2635
19990530,0000,2122
19990531,0000,2528
19990601,0000,3097
19990602,0000,3350
19990603,0000,3032
19990604,0000,2333
19990605,0000,1909
19990606,0000,1913
19990607,0000,2508
19990608,0000,2823
19990609,0000,2533
19990610,0000,2441
19990611,0000,2425
19990612,0000,2988
19990613,0000,3412
19990614,0000,3622
19990615,0000,3654
19990616,0000,3538
19990617,0000,3151
19990618,0000,2864
19990619,0000,2886
19990620,0000,2339
19990621,0000,1400
19990622,0000,1967
19990623,0000,3002
19990624,0000,2521
19990625,0000,1630
19990626,0000,1368
19990627,0000,1507
19990628,0000,1173
19990629,0000,1109
19990630,0000,1113
19990701,0000,1117
19990702,0000,1205
19990703,0000,1014
19990704,0000,1097
19990705,0000,1114
19990706,0000,1000
19990707,0000,968
19990708,0000,1014
19990709,0000,751
19990710,0000,978
19990711,0000,876
19990712,0000,935
19990713,0000,867
19990714,0000,838
19990715,0000,945
19990716,0000,785
19990717,0000,880
19990718,0000,880
19990719,0000,870
19990720,0000,834
19990721,0000,869
19990722,0000,870
19990723,0000,814
19990724,0000,849
19990725,0000,869
19990726,0000,868
19990727,0000,833
19990728,0000,897
19990729,0000,863
19990730,0000,880
19990731,0000,870
19990801,0000,845
19990802,0000,859
19990803,0000,811
19990804,0000,820
19990805,0000,834
19990806,0000,834
19990807,0000,845
19990808,0000,830
19990809,0000,845
19990810,0000,653
19990811,0000,482
19990812,0000,491
19990813,0000,724
19990814,0000,589
19990815,0000,629
19990816,0000,534
19990817,0000,590
19990818,0000,444
19990819,0000,549
19990820,0000,574
19990821,0000,351
19990822,0000,556
19990823,0000,491
19990824,0000,466
19990825,0000,526
19990826,0000,536
19990827,0000,511
19990828,0000,606
19990829,0000,501
19990830,0000,517
19990831,0000,438
19990901,0000,607
19990902,0000,581
19990903,0000,626
19990904,0000,596
19990905,0000,607
19990906,0000,595
19990907,0000,639
19990908,0000,604
19990909,0000,368
19990910,0000,719
19990911,0000,689
19990912,0000,609
19990913,0000,579
19990914,0000,599
19990915,0000,579
19990916,0000,544
19990917,0000,525
19990918,0000,546
19990919,0000,520
19990920,0000,615
19990921,0000,501
19990922,0000,565
19990923,0000,535
19990924,0000,549
19990925,0000,570
19990926,0000,560
19990927,0000,543
19990928,0000,577
19990929,0000,546
19990930,0000,591
19991001,0000,636
19991002,0000,540
19991003,0000,621
19991004,0000,555
19991005,0000,622
19991006,0000,567
19991007,0000,525
19991008,0000,558
19991009,0000,599
19991010,0000,628
19991011,0000,341
19991012,0000,645
19991013,0000,679
19991014,0000,573
19991015,0000,587
19991016,0000,553
19991017,0000,570
19991018,0000,543
19991019,0000,477
19991020,0000,578
19991021,0000,549
19991022,0000,603
19991023,0000,528
19991024,0000,669
19991025,0000,132
19991026,0000,17
19991027,0000,21
19991028,0000,265
19991029,0000,700
19991030,0000,623
19991031,0000,569
19991101,0000,625
19991102,0000,614
19991103,0000,567
19991104,0000,662
19991105,0000,640
19991106,0000,591
19991107,0000,680
19991108,0000,628
19991109,0000,658
19991110,0000,678
19991111,0000,688
19991112,0000,548
19991113,0000,519
19991114,0000,679
19991115,0000,620
19991116,0000,614
19991117,0000,559
19991118,0000,714
19991119,0000,714
19991120,0000,719
19991121,0000,649
19991122,0000,674
19991123,0000,575
19991124,0000,575
19991125,0000,685
19991126,0000,705
19991127,0000,665
19991128,0000,730
19991129,0000,689
19991130,0000,669
19991201,0000,671
19991202,0000,611
19991203,0000,693
19991204,0000,697
19991205,0000,706
19991206,0000,661
19991207,0000,736
19991208,0000,686
19991209,0000,676
19991210,0000,646
19991211,0000,452
19991212,0000,457
19991213,0000,612
19991214,0000,538
19991215,0000,529
19991216,0000,611
19991217,0000,684
19991218,0000,496
19991219,0000,567
19991220,0000,459
19991221,0000,458
19991222,0000,474
19991223,0000,439
19991224,0000,460
19991225,0000,496
19991226,0000,368
19991227,0000,392
19991228,0000,507
19991229,0000,438
19991230,0000,330
19991231,0000,234
20000101,0000,559
20000102,0000,314
20000103,0000,254
20000104,0000,264
20000105,0000,339
20000106,0000,323
20000107,0000,433
20000108,0000,284
20000109,0000,283
20000110,0000,274
20000111,0000,323
20000112,0000,404
20000113,0000,264
20000114,0000,253
20000115,0000,294
20000116,0000,398
20000117,0000,484
20000118,0000,854
20000119,0000,1048
20000120,0000,850
20000121,0000,750
20000122,0000,731
20000123,0000,831
20000124,0000,3222
20000125,0000,5413
20000126,0000,2179
20000127,0000,1305
20000128,0000,843
20000129,0000,769
20000130,0000,786
20000131,0000,873
20000201,0000,865
20000202,0000,632
20000203,0000,769
20000204,0000,702
20000205,0000,708
20000206,0000,523
20000207,0000,695
20000208,0000,527
20000209,0000,395
20000210,0000,395
20000211,0000,1020
20000212,0000,1618
20000213,0000,2227
20000214,0000,5734
20000215,0000,3111
20000216,0000,2195
20000217,0000,1677
20000218,0000,1447
20000219,0000,1306
20000220,0000,1313
20000221,0000,1329
20000222,0000,1315
20000223,0000,2305
20000224,0000,1647
20000225,0000,1256
20000226,0000,1124
20000227,0000,2994
20000228,0000,2516
20000229,0000,1855
20000301,0000,1295
20000302,0000,2038
20000303,0000,1816
20000304,0000,1661
20000305,0000,1936
20000306,0000,1784
20000307,0000,1652
20000308,0000,1595
20000309,0000,1450
20000310,0000,1330
20000311,0000,1431
20000312,0000,1363
20000313,0000,1305
20000314,0000,1325
20000315,0000,1478
20000316,0000,1463
20000317,0000,1459
20000318,0000,1494
20000319,0000,1449
20000320,0000,1387
20000321,0000,1304
20000322,0000,1280
20000323,0000,1337
20000324,0000,1395
20000325,0000,1274
20000326,0000,1346
20000327,0000,1324
20000328,0000,1327
20000329,0000,1447
20000330,0000,1227
20000331,0000,1237
20000401,0000,1182
20000402,0000,1179
20000403,0000,1175
20000404,0000,1060
20000405,0000,996
20000406,0000,1049
20000407,0000,1022
20000408,0000,905
20000409,0000,959
20000410,0000,938
20000411,0000,991
20000412,0000,980
20000413,0000,1292
20000414,0000,1400
20000415,0000,1200
20000416,0000,1061
20000417,0000,1389
20000418,0000,1300
20000419,0000,1195
20000420,0000,1114
20000421,0000,1068
20000422,0000,1061
20000423,0000,1201
20000424,0000,1049
20000425,0000,814
20000426,0000,878
20000427,0000,878
20000428,0000,922
20000429,0000,890
20000430,0000,864
20000501,0000,812
20000502,0000,844
20000503,0000,856
20000504,0000,860
20000505,0000,865
20000506,0000,945
20000507,0000,1075
20000508,0000,2013
20000509,0000,1592
20000510,0000,1391
20000511,0000,1496
20000512,0000,1455
20000513,0000,1310
20000514,0000,1341
20000515,0000,1523
20000516,0000,1602
20000517,0000,1565
20000518,0000,m
20000519,0000,1902
20000520,0000,2197
20000521,0000,2774
20000522,0000,3917
20000523,0000,3808
20000524,0000,2586
20000525,0000,4002
20000526,0000,3806
20000527,0000,2810
20000528,0000,3455
20000529,0000,2950
20000530,0000,2737
20000531,0000,2058
20000601,0000,1717
20000602,0000,1966
20000603,0000,1742
20000604,0000,1997
20000605,0000,2059
20000606,0000,1832
20000607,0000,1785
20000608,0000,1674
20000609,0000,1692
20000610,0000,1238
20000611,0000,1295
20000612,0000,1185
20000613,0000,1283
20000614,0000,1461
20000615,0000,1411
20000616,0000,1243
20000617,0000,1235
20000618,0000,1106
20000619,0000,1084
20000620,0000,1172
20000621,0000,987
20000622,0000,927
20000623,0000,815
20000624,0000,933
20000625,0000,909
20000626,0000,925
20000627,0000,814
20000628,0000,937
20000629,0000,803
20000630,0000,1019
20000701,0000,880
20000702,0000,873
20000703,0000,870
20000704,0000,840
20000705,0000,933
20000706,0000,803
20000707,0000,804
20000708,0000,867
20000709,0000,857
20000710,0000,887
20000711,0000,761
20000712,0000,958
20000713,0000,806
20000714,0000,643
20000715,0000,701
20000716,0000,502
20000717,0000,756
20000718,0000,593
20000719,0000,683
20000720,0000,661
20000721,0000,628
20000722,0000,508
20000723,0000,531
20000724,0000,658
20000725,0000,567
20000726,0000,620
20000727,0000,574
20000728,0000,571
20000729,0000,453
20000730,0000,617
20000731,0000,595
20000801,0000,783
20000802,0000,774
20000803,0000,762
20000804,0000,688
20000805,0000,616
20000806,0000,494
20000807,0000,553
20000808,0000,574
20000809,0000,530
20000810,0000,574
20000811,0000,588
20000812,0000,527
20000813,0000,560
20000814,0000,466
20000815,0000,551
20000816,0000,627
20000817,0000,562
20000818,0000,508
20000819,0000,471
20000820,0000,558
20000821,0000,610
20000822,0000,630
20000823,0000,570
20000824,0000,533
20000825,0000,522
20000826,0000,532
20000827,0000,619
20000828,0000,583
20000829,0000,422
20000830,0000,743
20000831,0000,563
20000901,0000,574
20000902,0000,529
20000903,0000,750
20000904,0000,596
20000905,0000,552
20000906,0000,673
20000907,0000,585
20000908,0000,541
20000909,0000,574
20000910,0000,606
20000911,0000,585
20000912,0000,574
20000913,0000,621
20000914,0000,634
20000915,0000,679
20000916,0000,506
20000917,0000,473
20000918,0000,602
20000919,0000,597
20000920,0000,514
20000921,0000,594
20000922,0000,m
20000923,0000,609
20000924,0000,516
20000925,0000,122
20000926,0000,68
20000927,0000,78
20000928,0000,78
20000929,0000,71
20000930,0000,80
20001001,0000,69
20001002,0000,63
20001003,0000,80
20001004,0000,70
20001005,0000,72
20001006,0000,77
20001007,0000,430
20001008,0000,634
20001009,0000,614
20001010,0000,687
20001011,0000,719
20001012,0000,636
20001013,0000,606
20001014,0000,584
20001015,0000,638
20001016,0000,619
20001017,0000,618
20001018,0000,707
20001019,0000,596
20001020,0000,648
20001021,0000,624
20001022,0000,471
20001023,0000,455
20001024,0000,466
20001025,0000,642
20001026,0000,639
20001027,0000,722
20001028,0000,553
20001029,0000,831
20001030,0000,617
20001031,0000,598
20001101,0000,614
20001102,0000,648
20001103,0000,637
20001104,0000,613
20001105,0000,641
20001106,0000,627
20001107,0000,566
20001108,0000,503
20001109,0000,593
20001110,0000,478
20001111,0000,534
20001112,0000,463
20001113,0000,143
20001114,0000,204
20001115,0000,522
20001116,0000,574
20001117,0000,559
20001118,0000,533
20001119,0000,577
20001120,0000,559
20001121,0000,624
20001122,0000,650
20001123,0000,631
20001124,0000,596
20001125,0000,587
20001126,0000,647
20001127,0000,528
20001128,0000,663
20001129,0000,630
20001130,0000,601
20001201,0000,501
20001202,0000,563
20001203,0000,583
20001204,0000,502
20001205,0000,422
20001206,0000,546
20001207,0000,440
20001208,0000,451
20001209,0000,423
20001210,0000,478
20001211,0000,573
20001212,0000,685
20001213,0000,674
20001214,0000,657
20001215,0000,630
20001216,0000,526
20001217,0000,531
20001218,0000,464
20001219,0000,548
20001220,0000,530
20001221,0000,331
20001222,0000,430
20001223,0000,476
20001224,0000,436
20001225,0000,506
20001226,0000,329
20001227,0000,481
20001228,0000,622
20001229,0000,669
20001230,0000,566
20001231,0000,506
20010101,0000,301
20010102,0000,301
20010103,0000,271
20010104,0000,221
20010105,0000,381
20010106,0000,261
20010107,0000,351
20010108,0000,395
20010109,0000,371
20010110,0000,361
20010111,0000,497
20010112,0000,340
20010113,0000,357
20010114,0000,305
20010115,0000,402
20010116,0000,202
20010117,0000,261
20010118,0000,352
20010119,0000,242
20010120,0000,151
20010121,0000,250
20010122,0000,177
20010123,0000,201
20010124,0000,382
20010125,0000,347
20010126,0000,321
20010127,0000,342
20010128,0000,282
20010129,0000,202
20010130,0000,197
20010131,0000,322
20010201,0000,212
20010202,0000,202
20010203,0000,142
20010204,0000,117
20010205,0000,134
20010206,0000,173
20010207,0000,188
20010208,0000,197
20010209,0000,242
20010210,0000,267
20010211,0000,402
20010212,0000,327
20010213,0000,237
20010214,0000,192
20010215,0000,227
20010216,0000,197
20010217,0000,222
20010218,0000,247
20010219,0000,397
20010220,0000,468
20010221,0000,422
20010222,0000,582
20010223,0000,594
20010224,0000,621
20010225,0000,656
20010226,0000,592
20010227,0000,588
20010228,0000,463
20010301,0000,347
20010302,0000,367
20010303,0000,307
20010304,0000,432
20010305,0000,796
20010306,0000,767
20010307,0000,561
20010308,0000,537
20010309,0000,617
20010310,0000,602
20010311,0000,592
20010312,0000,471
20010313,0000,603
20010314,0000,450
20010315,0000,455
20010316,0000,515
20010317,0000,406
20010318,0000,496
20010319,0000,483
20010320,0000,331
20010321,0000,666
20010322,0000,541
20010323,0000,722
20010324,0000,812
20010325,0000,983
20010326,0000,898
20010327,0000,793
20010328,0000,760
20010329,0000,321
20010330,0000,321
20010331,0000,321
20010401,0000,321
20010402,0000,645
20010403,0000,769
20010404,0000,627
20010405,0000,767
20010406,0000,629
20010407,0000,771
20010408,0000,553
20010409,0000,696
20010410,0000,701
20010411,0000,707
20010412,0000,647
20010413,0000,537
20010414,0000,612
20010415,0000,318
20010416,0000,324
20010417,0000,319
20010418,0000,321
20010419,0000,321
20010420,0000,336
20010421,0000,343
20010422,0000,336
20010423,0000,309
20010424,0000,305
20010425,0000,327
20010426,0000,671
20010427,0000,1417
20010428,0000,1646
20010429,0000,1647
20010430,0000,m
20010501,0000,m
20010502,0000,1649
20010503,0000,1665
20010504,0000,1646
20010505,0000,1630
20010506,0000,1622
20010507,0000,1621
20010508,0000,738
20010509,0000,335
20010510,0000,m
20010511,0000,m
20010512,0000,405
20010513,0000,405
20010514,0000,m
20010515,0000,392
20010516,0000,390
20010517,0000,395
20010518,0000,391
20010519,0000,386
20010520,0000,384
20010521,0000,388
20010522,0000,392
20010523,0000,424
20010524,0000,445
20010525,0000,m
20010526,0000,429
20010527,0000,427
20010528,0000,427
20010529,0000,391
20010530,0000,514
20010531,0000,443
20010601,0000,464
20010602,0000,460
20010603,0000,457
20010604,0000,465
20010605,0000,482
20010606,0000,466
20010607,0000,448
20010608,0000,406
20010609,0000,395
20010610,0000,387
20010611,0000,402
20010612,0000,411
20010613,0000,403
20010614,0000,408
20010615,0000,398
20010616,0000,397
20010617,0000,395
20010618,0000,406
20010619,0000,401
20010620,0000,407
20010621,0000,409
20010622,0000,388
20010623,0000,376
20010624,0000,368
20010625,0000,368
20010626,0000,387
20010627,0000,400
20010628,0000,407
20010629,0000,410
20010630,0000,m
20010701,0000,m
20010702,0000,m
20010703,0000,404
20010704,0000,408
20010705,0000,656
20010706,0000,787
20010707,0000,792
20010708,0000,791
20010709,0000,764
20010710,0000,738
20010711,0000,729
20010712,0000,728
20010713,0000,431
20010714,0000,397
20010715,0000,399
20010716,0000,399
20010717,0000,396
20010718,0000,672
20010719,0000,752
20010720,0000,415
20010721,0000,394
20010722,0000,392
20010723,0000,680
20010724,0000,760
20010725,0000,768
20010726,0000,410
20010727,0000,391
20010728,0000,385
20010729,0000,380
20010730,0000,631
20010731,0000,374
20010801,0000,362
20010802,0000,374
20010803,0000,371
20010804,0000,370
20010805,0000,372
20010806,0000,m
20010807,0000,m
20010808,0000,713
20010809,0000,388
20010810,0000,372
20010811,0000,358
20010812,0000,350
20010813,0000,359
20010814,0000,377
20010815,0000,378
20010816,0000,379
20010817,0000,368
20010818,0000,359
20010819,0000,350
20010820,0000,359
20010821,0000,624
20010822,0000,m
20010823,0000,393
20010824,0000,378
20010825,0000,m
20010826,0000,m
20010827,0000,840
20010828,0000,955
20010829,0000,m
20010830,0000,388
20010831,0000,m
20010901,0000,m
20010902,0000,m
20010903,0000,372
20010904,0000,365
20010905,0000,374
20010906,0000,366
20010907,0000,367
20010908,0000,362
20010909,0000,360
20010910,0000,369
20010911,0000,357
20010912,0000,349
20010913,0000,359
20010914,0000,361
20010915,0000,353
20010916,0000,366
20010917,0000,367
20010918,0000,m
20010919,0000,371
20010920,0000,370
20010921,0000,374
20010922,0000,370
20010923,0000,372
20010924,0000,364
20010925,0000,315
20010926,0000,309
20010927,0000,531
20010928,0000,616
20010929,0000,347
20010930,0000,319
20011001,0000,914
20011002,0000,1112
20011003,0000,1122
20011004,0000,1124
20011005,0000,1106
20011006,0000,872
20011007,0000,571
20011008,0000,1146
20011009,0000,1122
20011010,0000,1129
20011011,0000,1128
20011012,0000,1137
20011013,0000,568
20011014,0000,541
20011015,0000,525
20011016,0000,525
20011017,0000,547
20011018,0000,532
20011019,0000,530
20011020,0000,532
20011021,0000,528
20011022,0000,528
20011023,0000,528
20011024,0000,528
20011025,0000,530
20011026,0000,514
20011027,0000,526
20011028,0000,524
20011029,0000,526
20011030,0000,531
20011031,0000,521
20011101,0000,m
20011102,0000,265
20011103,0000,259
20011104,0000,251
20011105,0000,251
20011106,0000,251
20011107,0000,251
20011108,0000,264
20011109,0000,258
20011110,0000,254
20011111,0000,265
20011112,0000,275
20011113,0000,280
20011114,0000,320
20011115,0000,320
20011116,0000,298
20011117,0000,m
20011118,0000,m
20011119,0000,m
20011120,0000,m
20011121,0000,m
20011122,0000,m
20011123,0000,m
20011124,0000,m
20011125,0000,m
20011126,0000,m
20011127,0000,280
20011128,0000,279
20011129,0000,m
20011130,0000,279
20011201,0000,553
20011202,0000,1099
20011203,0000,1152
20011204,0000,978
20011205,0000,944
20011206,0000,916
20011207,0000,901
20011208,0000,901
20011209,0000,542
20011210,0000,617
20011211,0000,586
20011212,0000,585
20011213,0000,575
20011214,0000,580
20011215,0000,574
20011216,0000,257
20011217,0000,220
20011218,0000,220
20011219,0000,221
20011220,0000,231
20011221,0000,234
20011222,0000,240
20011223,0000,237
20011224,0000,233
20011225,0000,233
20011226,0000,509
20011227,0000,620
20011228,0000,814
20011229,0000,836
20011230,0000,450
20011231,0000,993
20020101,0000,1452
20020102,0000,1460
20020103,0000,1473
20020104,0000,1473
20020105,0000,1461
20020106,0000,524
20020107,0000,1090
20020108,0000,1089
20020109,0000,1131
20020110,0000,1139
20020111,0000,1140
20020112,0000,1123
20020113,0000,458
20020114,0000,1091
20020115,0000,1103
20020116,0000,m
20020117,0000,1108
20020118,0000,1119
20020119,0000,1121
20020120,0000,224
20020121,0000,186
20020122,0000,1040
20020123,0000,1165
20020124,0000,1180
20020125,0000,1167
20020126,0000,1110
20020127,0000,282
20020128,0000,193
20020129,0000,744
20020130,0000,m
20020131,0000,848
20020201,0000,854
20020202,0000,259
20020203,0000,218
20020204,0000,222
20020205,0000,216
20020206,0000,222
20020207,0000,220
20020208,0000,234
20020209,0000,222
20020210,0000,233
20020211,0000,215
20020212,0000,218
20020213,0000,226
20020214,0000,227
20020215,0000,215
20020216,0000,210
20020217,0000,238
20020218,0000,240
20020219,0000,245
20020220,0000,274
20020221,0000,291
20020222,0000,331
20020223,0000,327
20020224,0000,331
20020225,0000,318
20020226,0000,867
20020227,0000,1243
20020228,0000,1199
20020301,0000,1141
20020302,0000,1151
20020303,0000,486
20020304,0000,1139
20020305,0000,1145
20020306,0000,1103
20020307,0000,1194
20020308,0000,1192
20020309,0000,1169
20020310,0000,1487
20020311,0000,392
20020312,0000,1068
20020313,0000,1476
20020314,0000,1523
20020315,0000,1580
20020316,0000,1577
20020317,0000,668
20020318,0000,1456
20020319,0000,1330
20020320,0000,1251
20020321,0000,1261
20020322,0000,1276
20020323,0000,1275
20020324,0000,395
20020325,0000,348
20020326,0000,1185
20020327,0000,1264
20020328,0000,1273
20020329,0000,1266
20020330,0000,1265
20020331,0000,590
20020401,0000,1280
20020402,0000,1289
20020403,0000,1293
20020404,0000,1310
20020405,0000,1317
20020406,0000,1313
20020407,0000,603
20020408,0000,1295
20020409,0000,m
20020410,0000,1329
20020411,0000,1374
20020412,0000,1369
20020413,0000,1375
20020414,0000,676
20020415,0000,1358
20020416,0000,1398
20020417,0000,1388
20020418,0000,1386
20020419,0000,1386
20020420,0000,1390
20020421,0000,420
20020422,0000,411
20020423,0000,m
20020424,0000,1358
20020425,0000,1376
20020426,0000,1387
20020427,0000,1370
20020428,0000,425
20020429,0000,351
20020430,0000,387
20020501,0000,593
20020502,0000,676
20020503,0000,693
20020504,0000,m
20020505,0000,m
20020506,0000,669
20020507,0000,686
20020508,0000,693
20020509,0000,675
20020510,0000,677
20020511,0000,666
20020512,0000,337
20020513,0000,312
20020514,0000,312
20020515,0000,320
20020516,0000,317
20020517,0000,316
20020518,0000,320
20020519,0000,322
20020520,0000,332
20020521,0000,334
20020522,0000,342
20020523,0000,m
20020524,0000,345
20020525,0000,367
20020526,0000,354
20020527,0000,385
20020528,0000,348
20020529,0000,1070
20020530,0000,1583
20020531,0000,1602
20020601,0000,1632
20020602,0000,1634
20020603,0000,1218
20020604,0000,1306
20020605,0000,1498
20020606,0000,1569
20020607,0000,1562
20020608,0000,1569
20020609,0000,m
20020610,0000,m
20020611,0000,m
20020612,0000,m
20020613,0000,m
20020614,0000,m
20020615,0000,m
20020616,0000,m
20020617,0000,m
20020618,0000,m
20020619,0000,698
20020620,0000,698
20020621,0000,695
20020622,0000,689
20020623,0000,579
20020624,0000,673
20020625,0000,675
20020626,0000,681
20020627,0000,681
20020628,0000,683
20020629,0000,690
20020630,0000,395
20020701,0000,330
20020702,0000,385
20020703,0000,384
20020704,0000,396
20020705,0000,389
20020706,0000,386
20020707,0000,392
20020708,0000,412
20020709,0000,647
20020710,0000,953
20020711,0000,951
20020712,0000,m
20020713,0000,m
20020714,0000,m
20020715,0000,401
20020716,0000,398
20020717,0000,379
20020718,0000,m
20020719,0000,373
20020720,0000,383
20020721,0000,m
20020722,0000,396
20020723,0000,394
20020724,0000,396
20020725,0000,391
20020726,0000,396
20020727,0000,397
20020728,0000,366
20020729,0000,366
20020730,0000,m
20020731,0000,373
20020801,0000,371
20020802,0000,363
20020803,0000,366
20020804,0000,m
20020805,0000,370
20020806,0000,380
20020807,0000,370
20020808,0000,366
20020809,0000,370
20020810,0000,366
20020811,0000,364
20020812,0000,350
20020813,0000,345
20020814,0000,345
20020815,0000,345
20020816,0000,360
20020817,0000,362
20020818,0000,364
20020819,0000,374
20020820,0000,371
20020821,0000,370
20020822,0000,365
20020823,0000,372
20020824,0000,367
20020825,0000,360
20020826,0000,835
20020827,0000,915
20020828,0000,924
20020829,0000,910
20020830,0000,377
20020831,0000,386
20020901,0000,378
20020902,0000,371
20020903,0000,363
20020904,0000,364
20020905,0000,346
20020906,0000,346
20020907,0000,346
20020908,0000,359
20020909,0000,366
20020910,0000,363
20020911,0000,372
20020912,0000,365
20020913,0000,361
20020914,0000,366
20020915,0000,369
20020916,0000,366
20020917,0000,365
20020918,0000,364
20020919,0000,361
20020920,0000,366
20020921,0000,369
20020922,0000,358
20020923,0000,835
20020924,0000,926
20020925,0000,920
20020926,0000,922
20020927,0000,925
20020928,0000,925
20020929,0000,598
20020930,0000,671
20021001,0000,681
20021002,0000,598
20021003,0000,460
20021004,0000,596
20021005,0000,582
20021006,0000,356
20021007,0000,796
20021008,0000,960
20021009,0000,950
20021010,0000,941
20021011,0000,954
20021012,0000,941
20021013,0000,620
20021014,0000,931
20021015,0000,937
20021016,0000,947
20021017,0000,948
20021018,0000,938
20021019,0000,948
20021020,0000,620
20021021,0000,686
20021022,0000,1110
20021023,0000,1056
20021024,0000,m
20021025,0000,m
20021026,0000,m
20021027,0000,m
20021028,0000,m
20021029,0000,m
20021030,0000,m
20021031,0000,m
20021101,0000,m
20021102,0000,m
20021103,0000,m
20021104,0000,m
20021105,0000,m
20021106,0000,m
20021107,0000,m
20021108,0000,m
20021109,0000,m
20021110,0000,m
20021111,0000,m
20021112,0000,m
20021113,0000,m
20021114,0000,0
20021115,0000,m
20021116,0000,m
20021117,0000,m
20021118,0000,5
20021119,0000,5
20021120,0000,m
20021121,0000,m
20021122,0000,m
20021123,0000,m
20021124,0000,m
20021125,0000,m
20021126,0000,m
20021127,0000,m
20021128,0000,m
20021129,0000,m
20021130,0000,m
20021201,0000,m
20021202,0000,m
20021203,0000,m
20021204,0000,m
20021205,0000,m
20021206,0000,651
20021207,0000,700
20021208,0000,675
20021209,0000,169
20021210,0000,530
20021211,0000,1044
20021212,0000,769
20021213,0000,599
20021214,0000,712
20021215,0000,668
20021216,0000,463
20021217,0000,763
20021218,0000,1256
20021219,0000,1228
20021220,0000,525
20021221,0000,968
20021222,0000,784
20021223,0000,520
20021224,0000,899
20021225,0000,762
20021226,0000,396
20021227,0000,777
20021228,0000,715
20021229,0000,698
20021230,0000,330
20021231,0000,1000
20030101,0000,699
20030102,0000,546
20030103,0000,912
20030104,0000,728
20030105,0000,747
20030106,0000,566
20030107,0000,890
20030108,0000,823
20030109,0000,740
20030110,0000,749
20030111,0000,809
20030112,0000,855
20030113,0000,521
20030114,0000,965
20030115,0000,614
20030116,0000,708
20030117,0000,918
20030118,0000,816
20030119,0000,950
20030120,0000,667
20030121,0000,1203
20030122,0000,984
20030123,0000,1170
20030124,0000,954
20030125,0000,m
20030126,0000,m
20030127,0000,602
20030128,0000,m
20030129,0000,m
20030130,0000,m
20030131,0000,m
20030201,0000,m
20030202,0000,m
20030203,0000,m
20030204,0000,m
20030205,0000,m
20030206,0000,m
20030207,0000,m
20030208,0000,m
20030209,0000,m
20030210,0000,m
20030211,0000,m
20030212,0000,m
20030213,0000,m
20030214,0000,m
20030215,0000,m
20030216,0000,m
20030217,0000,m
20030218,0000,m
20030219,0000,m
20030220,0000,m
20030221,0000,m
20030222,0000,m
20030223,0000,m
20030224,0000,m
20030225,0000,643
20030226,0000,893
20030227,0000,845
20030228,0000,926
20030301,0000,922
20030302,0000,907
20030303,0000,805
20030304,0000,716
20030305,0000,m
20030306,0000,689
20030307,0000,749
20030308,0000,690
20030309,0000,751
20030310,0000,656
20030311,0000,740
20030312,0000,696
20030313,0000,767
20030314,0000,628
20030315,0000,666
20030316,0000,789
20030317,0000,834
20030318,0000,782
20030319,0000,760
20030320,0000,765
20030321,0000,799
20030322,0000,786
20030323,0000,675
20030324,0000,606
20030325,0000,486
20030326,0000,647
20030327,0000,913
20030328,0000,706
20030329,0000,503
20030330,0000,403
20030331,0000,328
20030401,0000,418
20030402,0000,623
20030403,0000,724
20030404,0000,711
20030405,0000,584
20030406,0000,527
20030407,0000,545
20030408,0000,609
20030409,0000,584
20030410,0000,660
20030411,0000,725
20030412,0000,866
20030413,0000,3093
20030414,0000,1895
20030415,0000,1370
20030416,0000,1133
20030417,0000,1153
20030418,0000,474
20030419,0000,407
20030420,0000,905
20030421,0000,758
20030422,0000,782
20030423,0000,745
20030424,0000,760
20030425,0000,1063
20030426,0000,1360
20030427,0000,1111
20030428,0000,1318
20030429,0000,1419
20030430,0000,1296
20030501,0000,1223
20030502,0000,1201
20030503,0000,1294
20030504,0000,1785
20030505,0000,1533
20030506,0000,1439
20030507,0000,1385
20030508,0000,1421
20030509,0000,1647
20030510,0000,1676
20030511,0000,1645
20030512,0000,1616
20030513,0000,1524
20030514,0000,1674
20030515,0000,1675
20030516,0000,1670
20030517,0000,1606
20030518,0000,1630
20030519,0000,1546
20030520,0000,1525
20030521,0000,1720
20030522,0000,1668
20030523,0000,1780
20030524,0000,1782
20030525,0000,1828
20030526,0000,1691
20030527,0000,1704
20030528,0000,1811
20030529,0000,1787
20030530,0000,1803
20030531,0000,1873
20030601,0000,2029
20030602,0000,3120
20030603,0000,3784
20030604,0000,3843
20030605,0000,3575
20030606,0000,3343
20030607,0000,3479
20030608,0000,3303
20030609,0000,3162
20030610,0000,2914
20030611,0000,2264
20030612,0000,1705
20030613,0000,1532
20030614,0000,1211
20030615,0000,1487
20030616,0000,1553
20030617,0000,1408
20030618,0000,1347
20030619,0000,1577
20030620,0000,1141
20030621,0000,1092
20030622,0000,1033
20030623,0000,994
20030624,0000,924
20030625,0000,884
20030626,0000,780
20030627,0000,731
20030628,0000,728
20030629,0000,728
20030630,0000,655
20030701,0000,688
20030702,0000,663
20030703,0000,571
20030704,0000,597
20030705,0000,537
20030706,0000,435
20030707,0000,529
20030708,0000,285
20030709,0000,528
20030710,0000,483
20030711,0000,473
20030712,0000,493
20030713,0000,509
20030714,0000,503
20030715,0000,333
20030716,0000,143
20030717,0000,113
20030718,0000,418
20030719,0000,462
20030720,0000,508
20030721,0000,493
20030722,0000,558
20030723,0000,583
20030724,0000,603
20030725,0000,573
20030726,0000,579
20030727,0000,573
20030728,0000,583
20030729,0000,593
20030730,0000,573
20030731,0000,594
20030801,0000,639
20030802,0000,564
20030803,0000,584
20030804,0000,517
20030805,0000,539
20030806,0000,534
20030807,0000,503
20030808,0000,473
20030809,0000,478
20030810,0000,462
20030811,0000,453
20030812,0000,417
20030813,0000,163
20030814,0000,62
20030815,0000,113
20030816,0000,553
20030817,0000,553
20030818,0000,538
20030819,0000,513
20030820,0000,493
20030821,0000,462
20030822,0000,523
20030823,0000,509
20030824,0000,539
20030825,0000,477
20030826,0000,598
20030827,0000,513
20030828,0000,499
20030829,0000,453
20030830,0000,464
20030831,0000,420
20030901,0000,485
20030902,0000,560
20030903,0000,484
20030904,0000,508
20030905,0000,616
20030906,0000,656
20030907,0000,310
20030908,0000,425
20030909,0000,506
20030910,0000,488
20030911,0000,504
20030912,0000,530
20030913,0000,444
20030914,0000,450
20030915,0000,641
20030916,0000,627
20030917,0000,636
20030918,0000,635
20030919,0000,666
20030920,0000,648
20030921,0000,597
20030922,0000,396
20030923,0000,151
20030924,0000,107
20030925,0000,438
20030926,0000,325
20030927,0000,614
20030928,0000,548
20030929,0000,502
20030930,0000,515
20031001,0000,545
20031002,0000,554
20031003,0000,541
20031004,0000,579
20031005,0000,556
20031006,0000,581
20031007,0000,590
20031008,0000,557
20031009,0000,540
20031010,0000,533
20031011,0000,587
20031012,0000,570
20031013,0000,533
20031014,0000,573
20031015,0000,553
20031016,0000,570
20031017,0000,551
20031018,0000,563
20031019,0000,m
20031020,0000,510
20031021,0000,548
20031022,0000,528
20031023,0000,510
20031024,0000,489
20031025,0000,499
20031026,0000,502
20031027,0000,497
20031028,0000,500
20031029,0000,449
20031030,0000,507
20031031,0000,533
20031101,0000,450
20031102,0000,459
20031103,0000,308
20031104,0000,237
20031105,0000,314
20031106,0000,217
20031107,0000,277
20031108,0000,507
20031109,0000,567
20031110,0000,531
20031111,0000,566
20031112,0000,540
20031113,0000,554
20031114,0000,350
20031115,0000,604
20031116,0000,620
20031117,0000,578
20031118,0000,578
20031119,0000,568
20031120,0000,587
20031121,0000,462
20031122,0000,479
20031123,0000,493
20031124,0000,575
20031125,0000,575
20031126,0000,575
20031127,0000,569
20031128,0000,602
20031129,0000,595
20031130,0000,598
20031201,0000,638
20031202,0000,564
20031203,0000,492
20031204,0000,573
20031205,0000,604
20031206,0000,625
20031207,0000,870
20031208,0000,779
20031209,0000,635
20031210,0000,735
20031211,0000,769
20031212,0000,673
20031213,0000,713
20031214,0000,825
20031215,0000,674
20031216,0000,603
20031217,0000,536
20031218,0000,777
20031219,0000,681
20031220,0000,756
20031221,0000,793
20031222,0000,780
20031223,0000,627
20031224,0000,673
20031225,0000,1542
20031226,0000,1104
20031227,0000,913
20031228,0000,825
20031229,0000,922
20031230,0000,942
20031231,0000,868
20040101,0000,1357
20040102,0000,1338
20040103,0000,1072
20040104,0000,918
20040105,0000,868
20040106,0000,754
20040107,0000,800
20040108,0000,806
20040109,0000,799
20040110,0000,809
20040111,0000,845
20040112,0000,816
20040113,0000,832
20040114,0000,828
20040115,0000,755
20040116,0000,803
20040117,0000,779
20040118,0000,771
20040119,0000,778
20040120,0000,797
20040121,0000,777
20040122,0000,718
20040123,0000,733
20040124,0000,727
20040125,0000,716
20040126,0000,778
20040127,0000,863
20040128,0000,784
20040129,0000,748
20040130,0000,738
20040131,0000,688
20040201,0000,730
20040202,0000,741
20040203,0000,799
20040204,0000,848
20040205,0000,759
20040206,0000,637
20040207,0000,648
20040208,0000,689
20040209,0000,657
20040210,0000,m
20040211,0000,647
20040212,0000,399
20040213,0000,611
20040214,0000,413
20040215,0000,384
20040216,0000,377
20040217,0000,840
20040218,0000,1018
20040219,0000,973
20040220,0000,1010
20040221,0000,910
20040222,0000,880
20040223,0000,868
20040224,0000,738
20040225,0000,1286
20040226,0000,2849
20040227,0000,1891
20040228,0000,1398
20040229,0000,1207
20040301,0000,1134
20040302,0000,1154
20040303,0000,1069
20040304,0000,1118
20040305,0000,799
20040306,0000,740
20040307,0000,780
20040308,0000,866
20040309,0000,1064
20040310,0000,1208
20040311,0000,1379
20040312,0000,1419
20040313,0000,1354
20040314,0000,1363
20040315,0000,1477
20040316,0000,1511
20040317,0000,1511
20040318,0000,1445
20040319,0000,1571
20040320,0000,1523
20040321,0000,1546
20040322,0000,1600
20040323,0000,1684
20040324,0000,1537
20040325,0000,1480
20040326,0000,1421
20040327,0000,1417
20040328,0000,1245
20040329,0000,1204
20040330,0000,1085
20040331,0000,1036
20040401,0000,1024
20040402,0000,1009
20040403,0000,973
20040404,0000,1034
20040405,0000,976
20040406,0000,857
20040407,0000,823
20040408,0000,804
20040409,0000,896
20040410,0000,937
20040411,0000,938
20040412,0000,928
20040413,0000,939
20040414,0000,929
20040415,0000,953
20040416,0000,946
20040417,0000,854
20040418,0000,771
20040419,0000,742
20040420,0000,783
20040421,0000,843
20040422,0000,820
20040423,0000,751
20040424,0000,362
20040425,0000,336
20040426,0000,345
20040427,0000,372
20040428,0000,357
20040429,0000,377
20040430,0000,354
20040501,0000,393
20040502,0000,359
20040503,0000,400
20040504,0000,379
20040505,0000,384
20040506,0000,329
20040507,0000,254
20040508,0000,164
20040509,0000,268
20040510,0000,221
20040511,0000,354
20040512,0000,389
20040513,0000,304
20040514,0000,169
20040515,0000,219
20040516,0000,217
20040517,0000,314
20040518,0000,248
20040519,0000,312
20040520,0000,299
20040521,0000,239
20040522,0000,254
20040523,0000,334
20040524,0000,599
20040525,0000,635
20040526,0000,871
20040527,0000,700
20040528,0000,737
20040529,0000,748
20040530,0000,808
20040531,0000,849
20040601,0000,749
20040602,0000,645
20040603,0000,645
20040604,0000,895
20040605,0000,997
20040606,0000,1027
20040607,0000,968
20040608,0000,968
20040609,0000,979
20040610,0000,1019
20040611,0000,877
20040612,0000,879
20040613,0000,840
20040614,0000,890
20040615,0000,791
20040616,0000,681
20040617,0000,682
20040618,0000,m
20040619,0000,786
20040620,0000,559
20040621,0000,674
20040622,0000,614
20040623,0000,557
20040624,0000,254
20040625,0000,449
20040626,0000,520
20040627,0000,585
20040628,0000,530
20040629,0000,495
20040630,0000,526
20040701,0000,577
20040702,0000,607
20040703,0000,542
20040704,0000,553
20040705,0000,500
20040706,0000,470
20040707,0000,527
20040708,0000,542
20040709,0000,469
20040710,0000,343
20040711,0000,481
20040712,0000,572
20040713,0000,407
20040714,0000,589
20040715,0000,470
20040716,0000,121
20040717,0000,516
20040718,0000,442
20040719,0000,527
20040720,0000,442
20040721,0000,352
20040722,0000,437
20040723,0000,489
20040724,0000,492
20040725,0000,573
20040726,0000,397
20040727,0000,72
20040728,0000,42
20040729,0000,56
20040730,0000,515
20040731,0000,572
20040801,0000,537
20040802,0000,537
20040803,0000,552
20040804,0000,551
20040805,0000,554
20040806,0000,533
20040807,0000,533
20040808,0000,552
20040809,0000,537
20040810,0000,520
20040811,0000,531
20040812,0000,514
20040813,0000,543
20040814,0000,543
20040815,0000,397
20040816,0000,547
20040817,0000,427
20040818,0000,67
20040819,0000,534
20040820,0000,521
20040821,0000,241
20040822,0000,446
20040823,0000,552
20040824,0000,527
20040825,0000,498
20040826,0000,461
20040827,0000,447
20040828,0000,482
20040829,0000,471
20040830,0000,371
20040831,0000,50
20040901,0000,80
20040902,0000,560
20040903,0000,465
20040904,0000,475
20040905,0000,615
20040906,0000,530
20040907,0000,465
20040908,0000,495
20040909,0000,522
20040910,0000,567
20040911,0000,493
20040912,0000,486
20040913,0000,501
20040914,0000,541
20040915,0000,466
20040916,0000,544
20040917,0000,464
20040918,0000,446
20040919,0000,625
20040920,0000,546
20040921,0000,121
20040922,0000,77
20040923,0000,59
20040924,0000,225
20040925,0000,530
20040926,0000,592
20040927,0000,522
20040928,0000,536
20040929,0000,615
20040930,0000,479
20041001,0000,531
20041002,0000,516
20041003,0000,581
20041004,0000,563
20041005,0000,415
20041006,0000,366
20041007,0000,426
20041008,0000,440
20041009,0000,495
20041010,0000,496
20041011,0000,463
20041012,0000,91
20041013,0000,46
20041014,0000,420
20041015,0000,67
20041016,0000,48
20041017,0000,164
20041018,0000,184
20041019,0000,-94
20041020,0000,602
20041021,0000,253
20041022,0000,73
20041023,0000,79
20041024,0000,53
20041025,0000,94
20041026,0000,362
20041027,0000,286
20041028,0000,212
20041029,0000,156
20041030,0000,159
20041031,0000,119
20041101,0000,126
20041102,0000,189
20041103,0000,354
20041104,0000,350
20041105,0000,596
20041106,0000,621
20041107,0000,581
20041108,0000,601
20041109,0000,612
20041110,0000,587
20041111,0000,723
20041112,0000,648
20041113,0000,643
20041114,0000,628
20041115,0000,563
20041116,0000,539
20041117,0000,606
20041118,0000,581
20041119,0000,570
20041120,0000,615
20041121,0000,450
20041122,0000,159
20041123,0000,586
20041124,0000,600
20041125,0000,604
20041126,0000,603
20041127,0000,647
20041128,0000,623
20041129,0000,571
20041130,0000,586
20041201,0000,567
20041202,0000,417
20041203,0000,679
20041204,0000,609
20041205,0000,584
20041206,0000,420
20041207,0000,500
20041208,0000,849
20041209,0000,750
20041210,0000,800
20041211,0000,730
20041212,0000,728
20041213,0000,700
20041214,0000,741
20041215,0000,720
20041216,0000,724
20041217,0000,712
20041218,0000,635
20041219,0000,643
20041220,0000,663
20041221,0000,608
20041222,0000,617
20041223,0000,532
20041224,0000,593
20041225,0000,623
20041226,0000,567
20041227,0000,783
20041228,0000,693
20041229,0000,748
20041230,0000,730
20041231,0000,1328
20050101,0000,1189
20050102,0000,1082
20050103,0000,943
20050104,0000,786
20050105,0000,836
20050106,0000,906
20050107,0000,1092
20050108,0000,2290
20050109,0000,2309
20050110,0000,3568
20050111,0000,2201
20050112,0000,1915
20050113,0000,1533
20050114,0000,1250
20050115,0000,1193
20050116,0000,1146
20050117,0000,1109
20050118,0000,1117
20050119,0000,1054
20050120,0000,1075
20050121,0000,1131
20050122,0000,1103
20050123,0000,1094
20050124,0000,1052
20050125,0000,1199
20050126,0000,1224
20050127,0000,1459
20050128,0000,1909
20050129,0000,1594
20050130,0000,1313
20050131,0000,1247
20050201,0000,1087
20050202,0000,1161
20050203,0000,1073
20050204,0000,1010
20050205,0000,1181
20050206,0000,1132
20050207,0000,1116
20050208,0000,1038
20050209,0000,1125
20050210,0000,1231
20050211,0000,1129
20050212,0000,1100
20050213,0000,1150
20050214,0000,1107
20050215,0000,1187
20050216,0000,1482
20050217,0000,1638
20050218,0000,1711
20050219,0000,1599
20050220,0000,2139
20050221,0000,2094
20050222,0000,1976
20050223,0000,1846
20050224,0000,1604
20050225,0000,1565
20050226,0000,1585
20050227,0000,1596
20050228,0000,1546
20050301,0000,1516
20050302,0000,1561
20050303,0000,1481
20050304,0000,1448
20050305,0000,1387
20050306,0000,1452
20050307,0000,1268
20050308,0000,1244
20050309,0000,1346
20050310,0000,1466
20050311,0000,1750
20050312,0000,2032
20050313,0000,2024
20050314,0000,1889
20050315,0000,1590
20050316,0000,1426
20050317,0000,1567
20050318,0000,1428
20050319,0000,1543
20050320,0000,1842
20050321,0000,2052
20050322,0000,2978
20050323,0000,5450
20050324,0000,3370
20050325,0000,1752
20050326,0000,1880
20050327,0000,1886
20050328,0000,2970
20050329,0000,6295
20050330,0000,2628
20050331,0000,2365
20050401,0000,2210
20050402,0000,2119
20050403,0000,2010
20050404,0000,1839
20050405,0000,1825
20050406,0000,1744
20050407,0000,1984
20050408,0000,2517
20050409,0000,2436
20050410,0000,2015
20050411,0000,1695
20050412,0000,1597
20050413,0000,1848
20050414,0000,1953
20050415,0000,1913
20050416,0000,1636
20050417,0000,1993
20050418,0000,2482
20050419,0000,2423
20050420,0000,1653
20050421,0000,1353
20050422,0000,1814
20050423,0000,1875
20050424,0000,1900
20050425,0000,1890
20050426,0000,1677
20050427,0000,1503
20050428,0000,2444
20050429,0000,2725
20050430,0000,2356
20050501,0000,2186
20050502,0000,2093
20050503,0000,2319
20050504,0000,2343
20050505,0000,2596
20050506,0000,2694
20050507,0000,2612
20050508,0000,2578
20050509,0000,3367
20050510,0000,2984
20050511,0000,2959
20050512,0000,2490
20050513,0000,2226
20050514,0000,2300
20050515,0000,2408
20050516,0000,4407
20050517,0000,3433
20050518,0000,3081
20050519,0000,3017
20050520,0000,2745
20050521,0000,2737
20050522,0000,2784
20050523,0000,2909
20050524,0000,2701
20050525,0000,2543
20050526,0000,2608
20050527,0000,2602
20050528,0000,2619
20050529,0000,2419
20050530,0000,2171
20050531,0000,2038
20050601,0000,2236
20050602,0000,1870
20050603,0000,2082
20050604,0000,2341
20050605,0000,2312
20050606,0000,2024
20050607,0000,1912
20050608,0000,2230
20050609,0000,3196
20050610,0000,3495
20050611,0000,3406
20050612,0000,3461
20050613,0000,3309
20050614,0000,3979
20050615,0000,3978
20050616,0000,4062
20050617,0000,3564
20050618,0000,3076
20050619,0000,2993
20050620,0000,2162
20050621,0000,2023
20050622,0000,2468
20050623,0000,2718
20050624,0000,2607
20050625,0000,2557
20050626,0000,2492
20050627,0000,2408
20050628,0000,1867
20050629,0000,1757
20050630,0000,1742
20050701,0000,1913
20050702,0000,1815
20050703,0000,1526
20050704,0000,1356
20050705,0000,1132
20050706,0000,1186
20050707,0000,1162
20050708,0000,1437
20050709,0000,1435
20050710,0000,1225
20050711,0000,1153
20050712,0000,921
20050713,0000,966
20050714,0000,1014
20050715,0000,1096
20050716,0000,1068
20050717,0000,1094
20050718,0000,1050
20050719,0000,1066
20050720,0000,913
20050721,0000,936
20050722,0000,888
20050723,0000,926
20050724,0000,910
20050725,0000,866
20050726,0000,930
20050727,0000,921
20050728,0000,896
20050729,0000,905
20050730,0000,907
20050731,0000,857
20050801,0000,750
20050802,0000,469
20050803,0000,421
20050804,0000,466
20050805,0000,965
20050806,0000,832
20050807,0000,1112
20050808,0000,757
20050809,0000,870
20050810,0000,869
20050811,0000,817
20050812,0000,893
20050813,0000,760
20050814,0000,816
20050815,0000,793
20050816,0000,835
20050817,0000,819
20050818,0000,731
20050819,0000,688
20050820,0000,795
20050821,0000,744
20050822,0000,729
20050823,0000,386
20050824,0000,274
20050825,0000,296
20050826,0000,544
20050827,0000,645
20050828,0000,533
20050829,0000,826
20050830,0000,865
20050831,0000,835
20050901,0000,866
20050902,0000,733
20050903,0000,704
20050904,0000,818
20050905,0000,861
20050906,0000,773
20050907,0000,784
20050908,0000,m
20050909,0000,775
20050910,0000,665
20050911,0000,721
20050912,0000,653
20050913,0000,499
20050914,0000,234
20050915,0000,240
20050916,0000,260
20050917,0000,554
20050918,0000,525
20050919,0000,694
20050920,0000,591
20050921,0000,574
20050922,0000,287
20050923,0000,461
20050924,0000,612
20050925,0000,647
20050926,0000,657
20050927,0000,602
20050928,0000,658
20050929,0000,533
20050930,0000,587
20051001,0000,343
20051002,0000,365
20051003,0000,493
20051004,0000,576
20051005,0000,476
20051006,0000,466
20051007,0000,389
20051008,0000,545
20051009,0000,447
20051010,0000,472
20051011,0000,419
20051012,0000,429
20051013,0000,430
20051014,0000,468
20051015,0000,571
20051016,0000,512
20051017,0000,526
20051018,0000,510
20051019,0000,520
20051020,0000,530
20051021,0000,449
20051022,0000,558
20051023,0000,526
20051024,0000,511
20051025,0000,554
20051026,0000,579
20051027,0000,496
20051028,0000,563
20051029,0000,603
20051030,0000,526
20051031,0000,517
20051101,0000,655
20051102,0000,543
20051103,0000,575
20051104,0000,484
20051105,0000,634
20051106,0000,572
20051107,0000,514
20051108,0000,592
20051109,0000,615
20051110,0000,565
20051111,0000,543
20051112,0000,583
20051113,0000,594
20051114,0000,541
20051115,0000,597
20051116,0000,573
20051117,0000,570
20051118,0000,553
20051119,0000,533
20051120,0000,572
20051121,0000,522
20051122,0000,663
20051123,0000,562
20051124,0000,552
20051125,0000,624
20051126,0000,653
20051127,0000,573
20051128,0000,673
20051129,0000,591
20051130,0000,698
20051201,0000,1012
20051202,0000,1747
20051203,0000,987
20051204,0000,726
20051205,0000,692
20051206,0000,687
20051207,0000,715
20051208,0000,740
20051209,0000,811
20051210,0000,762
20051211,0000,764
20051212,0000,780
20051213,0000,841
20051214,0000,678
20051215,0000,736
20051216,0000,747
20051217,0000,738
20051218,0000,941
20051219,0000,1259
20051220,0000,1145
20051221,0000,911
20051222,0000,2330
20051223,0000,2604
20051224,0000,1486
20051225,0000,1386
20051226,0000,2143
20051227,0000,1544
20051228,0000,2248
20051229,0000,2422
20051230,0000,1809
20051231,0000,11962
20060101,0000,3229
20060102,0000,4554
20060103,0000,3505
20060104,0000,2247
20060105,0000,2329
20060106,0000,1884
20060107,0000,2377
20060108,0000,1673
20060109,0000,1472
20060110,0000,1695
20060111,0000,1377
20060112,0000,1412
20060113,0000,1182
20060114,0000,2173
20060115,0000,1611
20060116,0000,1358
20060117,0000,1304
20060118,0000,1546
20060119,0000,1492
20060120,0000,1321
20060121,0000,1328
20060122,0000,1301
20060123,0000,1318
20060124,0000,1276
20060125,0000,1370
20060126,0000,1251
20060127,0000,1140
20060128,0000,1006
20060129,0000,1082
20060130,0000,1090
20060131,0000,1207
20060201,0000,1292
20060202,0000,1281
20060203,0000,1708
20060204,0000,1449
20060205,0000,1509
20060206,0000,1413
20060207,0000,1405
20060208,0000,1257
20060209,0000,1359
20060210,0000,1402
20060211,0000,1298
20060212,0000,1359
20060213,0000,1191
20060214,0000,1255
20060215,0000,1223
20060216,0000,1204
20060217,0000,1271
20060218,0000,1284
20060219,0000,1191
20060220,0000,1046
20060221,0000,1181
20060222,0000,1228
20060223,0000,1244
20060224,0000,1241
20060225,0000,1301
20060226,0000,1263
20060227,0000,1339
20060228,0000,4810
20060301,0000,2416
20060302,0000,2480
20060303,0000,2845
20060304,0000,2387
20060305,0000,2100
20060306,0000,2481
20060307,0000,2543
20060308,0000,2377
20060309,0000,2337
20060310,0000,2306
20060311,0000,2445
20060312,0000,2287
20060313,0000,2208
20060314,0000,2286
20060315,0000,2295
20060316,0000,2204
20060317,0000,2391
20060318,0000,2249
20060319,0000,2121
20060320,0000,2188
20060321,0000,2132
20060322,0000,1817
20060323,0000,1833
20060324,0000,2054
20060325,0000,3688
20060326,0000,3157
20060327,0000,2997
20060328,0000,3062
20060329,0000,3127
20060330,0000,2885
20060331,0000,3002
20060401,0000,3433
20060402,0000,3039
20060403,0000,5429
20060404,0000,11971
20060405,0000,8547
20060406,0000,5449
20060407,0000,4564
20060408,0000,4396
20060409,0000,4011
20060410,0000,4115
20060411,0000,4153
20060412,0000,4881
20060413,0000,3820
20060414,0000,4244
20060415,0000,4630
20060416,0000,5056
20060417,0000,4963
20060418,0000,4298
20060419,0000,3996
20060420,0000,3900
20060421,0000,3946
20060422,0000,4041
20060423,0000,3874
20060424,0000,3781
20060425,0000,3698
20060426,0000,3749
20060427,0000,4078
20060428,0000,4398
20060429,0000,4689
20060430,0000,4504
20060501,0000,4312
20060502,0000,4060
20060503,0000,4455
20060504,0000,4739
20060505,0000,4823
20060506,0000,4437
20060507,0000,4139
20060508,0000,4021
20060509,0000,4133
20060510,0000,4013
20060511,0000,4330
20060512,0000,4731
20060513,0000,4625
20060514,0000,4324
20060515,0000,4439
20060516,0000,4552
20060517,0000,4776
20060518,0000,6041
20060519,0000,6436
20060520,0000,6410
20060521,0000,6087
20060522,0000,6705
20060523,0000,5397
20060524,0000,4922
20060525,0000,4394
20060526,0000,4547
20060527,0000,4608
20060528,0000,3626
20060529,0000,3108
20060530,0000,3120
20060531,0000,3363
20060601,0000,3470
20060602,0000,3859
20060603,0000,4177
20060604,0000,4417
20060605,0000,4712
20060606,0000,4932
20060607,0000,5017
20060608,0000,4623
20060609,0000,4351
20060610,0000,3906
20060611,0000,3294
20060612,0000,2675
20060613,0000,3341
20060614,0000,3190
20060615,0000,2881
20060616,0000,2531
20060617,0000,2494
20060618,0000,2260
20060619,0000,2524
20060620,0000,2385
20060621,0000,2231
20060622,0000,1955
20060623,0000,2007
20060624,0000,2027
20060625,0000,2010
20060626,0000,1734
20060627,0000,1869
20060628,0000,1811
20060629,0000,1777
20060630,0000,1707
20060701,0000,1704
20060702,0000,1335
20060703,0000,1339
20060704,0000,1240
20060705,0000,1123
20060706,0000,1086
20060707,0000,1090
20060708,0000,1103
20060709,0000,1041
20060710,0000,1029
20060711,0000,1056
20060712,0000,1040
20060713,0000,1106
20060714,0000,1008
20060715,0000,1054
20060716,0000,1040
20060717,0000,1232
20060718,0000,987
20060719,0000,1019
20060720,0000,972
20060721,0000,1039
20060722,0000,999
20060723,0000,1057
20060724,0000,941
20060725,0000,969
20060726,0000,969
20060727,0000,965
20060728,0000,952
20060729,0000,953
20060730,0000,1015
20060731,0000,957
20060801,0000,764
20060802,0000,558
20060803,0000,692
20060804,0000,690
20060805,0000,687
20060806,0000,647
20060807,0000,1454
20060808,0000,927
20060809,0000,922
20060810,0000,803
20060811,0000,936
20060812,0000,906
20060813,0000,902
20060814,0000,876
20060815,0000,898
20060816,0000,870
20060817,0000,870
20060818,0000,873
20060819,0000,940
20060820,0000,897
20060821,0000,849
20060822,0000,859
20060823,0000,912
20060824,0000,790
20060825,0000,793
20060826,0000,671
20060827,0000,723
20060828,0000,747
20060829,0000,488
20060830,0000,352
20060831,0000,622
20060901,0000,741
20060902,0000,827
20060903,0000,914
20060904,0000,825
20060905,0000,866
20060906,0000,782
20060907,0000,813
20060908,0000,737
20060909,0000,708
20060910,0000,438
20060911,0000,146
20060912,0000,96
20060913,0000,83
20060914,0000,77
20060915,0000,100
20060916,0000,66
20060917,0000,85
20060918,0000,80
20060919,0000,95
20060920,0000,144
20060921,0000,540
20060922,0000,624
20060923,0000,499
20060924,0000,545
20060925,0000,606
20060926,0000,545
20060927,0000,600
20060928,0000,m
20060929,0000,603
20060930,0000,568
20061001,0000,605
20061002,0000,589
20061003,0000,621
20061004,0000,581
20061005,0000,665
20061006,0000,699
20061007,0000,630
20061008,0000,622
20061009,0000,615
20061010,0000,602
20061011,0000,612
20061012,0000,549
20061013,0000,565
20061014,0000,648
20061015,0000,577
20061016,0000,593
20061017,0000,553
20061018,0000,550
20061019,0000,464
20061020,0000,579
20061021,0000,1025
20061022,0000,568
20061023,0000,572
20061024,0000,51
20061025,0000,510
20061026,0000,527
20061027,0000,547
20061028,0000,516
20061029,0000,158
20061030,0000,92
20061031,0000,82
20061101,0000,117
20061102,0000,193
20061103,0000,237
20061104,0000,202
20061105,0000,182
20061106,0000,196
20061107,0000,596
20061108,0000,688
20061109,0000,707
20061110,0000,672
20061111,0000,697
20061112,0000,674
20061113,0000,760
20061114,0000,1079
20061115,0000,934
20061116,0000,750
20061117,0000,709
20061118,0000,699
20061119,0000,684
20061120,0000,684
20061121,0000,701
20061122,0000,763
20061123,0000,687
20061124,0000,679
20061125,0000,698
20061126,0000,698
20061127,0000,710
20061128,0000,616
20061129,0000,627
20061130,0000,687
20061201,0000,673
20061202,0000,688
20061203,0000,673
20061204,0000,770
20061205,0000,712
20061206,0000,700
20061207,0000,700
20061208,0000,684
20061209,0000,653
20061210,0000,581
20061211,0000,1006
20061212,0000,776
20061213,0000,745
20061214,0000,813
20061215,0000,1006
20061216,0000,678
20061217,0000,651
20061218,0000,710
20061219,0000,731
20061220,0000,727
20061221,0000,802
20061222,0000,836
20061223,0000,826
20061224,0000,786
20061225,0000,745
20061226,0000,727
20061227,0000,872
20061228,0000,628
20061229,0000,647
20061230,0000,665
20061231,0000,766
20070101,0000,797
20070102,0000,765
20070103,0000,829
20070104,0000,491
20070105,0000,898
20070106,0000,996
20070107,0000,542
20070108,0000,749
20070109,0000,583
20070110,0000,534
20070111,0000,m

