Date,PST,Inflow
19940101,0000,m
19940102,0000,28
19940103,0000,43
19940104,0000,65
19940105,0000,33
19940106,0000,34
19940107,0000,19
19940108,0000,55
19940109,0000,55
19940110,0000,13
19940111,0000,47
19940112,0000,11
19940113,0000,23
19940114,0000,12
19940115,0000,59
19940116,0000,24
19940117,0000,35
19940118,0000,-4
19940119,0000,12
19940120,0000,12
19940121,0000,62
19940122,0000,330
19940123,0000,1120
19940124,0000,1856
19940125,0000,1325
19940126,0000,723
19940127,0000,439
19940128,0000,284
19940129,0000,226
19940130,0000,164
19940131,0000,140
19941030,0000,0
19941031,0000,0
19941101,0000,m
19941102,0000,-3
19941103,0000,-3
19941104,0000,11
19941105,0000,26
19941106,0000,196
19941107,0000,47
19941108,0000,36
19941109,0000,-33
19941110,0000,524
19941111,0000,22
19941112,0000,-15
19941113,0000,-12
19941114,0000,-25
19941115,0000,-5
19941116,0000,8
19941117,0000,8
19941118,0000,26
19941119,0000,27
19941120,0000,25
19941121,0000,36
19941122,0000,27
19941123,0000,50
19941124,0000,26
19941125,0000,91
19941126,0000,148
19941127,0000,148
19941128,0000,90
19941129,0000,72
19941130,0000,48
19941201,0000,23
19941202,0000,22
19941203,0000,-1
19941204,0000,1024
19941205,0000,228
19941206,0000,125
19941207,0000,90
19941208,0000,80
19941209,0000,35
19941210,0000,-182
19941211,0000,45
19941212,0000,158
19941213,0000,158
19941214,0000,515
19941215,0000,515
19941216,0000,299
19941217,0000,183
19941218,0000,139
19941219,0000,139
19941220,0000,83
19941221,0000,95
19941222,0000,72
19941223,0000,60
19941224,0000,64
19941225,0000,206
19941226,0000,109
19941227,0000,90
19941228,0000,131
19941229,0000,182
19941230,0000,110
19941231,0000,97
19950101,0000,m
19950102,0000,m
19950103,0000,166
19950104,0000,m
19950105,0000,m
19950106,0000,m
19950107,0000,m
19950108,0000,m
19950109,0000,16386
19950110,0000,m
19950111,0000,6574
19950112,0000,4278
19950113,0000,4464
19950114,0000,9095
19950115,0000,6188
19950116,0000,2669
19950117,0000,m
19950118,0000,707
19950119,0000,741
19950120,0000,996
19950121,0000,526
19950122,0000,481
19950123,0000,2510
19950124,0000,2697
19950125,0000,3751
19950126,0000,2318
19950127,0000,2482
19950128,0000,1913
19950129,0000,2035
19950130,0000,m
19950131,0000,2515
19950201,0000,1682
19950202,0000,m
19950203,0000,889
19950204,0000,703
19950205,0000,565
19950206,0000,477
19950207,0000,m
19950208,0000,-5
19950209,0000,210
19950210,0000,m
19950211,0000,70
19950212,0000,110
19950213,0000,81
19950214,0000,m
19950215,0000,63
19950216,0000,m
19950217,0000,45
19950218,0000,47
19950219,0000,141
19950220,0000,m
19950221,0000,79
19950222,0000,106
19950223,0000,103
19950224,0000,170
19950225,0000,141
19950226,0000,127
19950227,0000,m
19950228,0000,132
19950301,0000,129
19950302,0000,111
19950303,0000,759
19950304,0000,m
19950305,0000,220
19950306,0000,198
19950307,0000,170
19950308,0000,94
19950309,0000,3320
19950310,0000,14104
19950311,0000,6924
19950312,0000,4666
19950313,0000,2376
19950314,0000,6284
19950315,0000,7101
19950316,0000,3353
19950317,0000,m
19950318,0000,501
19950319,0000,513
19950320,0000,361
19950321,0000,2602
19950322,0000,m
19950323,0000,3699
19950324,0000,2759
19950325,0000,1542
19950326,0000,942
19950327,0000,623
19950328,0000,280
19950329,0000,-150
19950330,0000,231
19950331,0000,98
19950401,0000,-1201
19950402,0000,-638
19950403,0000,-638
19950404,0000,-18
19950405,0000,-18
19950406,0000,277
19950407,0000,696
19950408,0000,908
19950409,0000,1032
19950410,0000,m
19950411,0000,243
19950412,0000,273
19950413,0000,405
19950414,0000,286
19950415,0000,297
19950416,0000,304
19950417,0000,236
19950418,0000,226
19950419,0000,222
19950420,0000,205
19950421,0000,216
19950422,0000,194
19950423,0000,m
19950424,0000,161
19950425,0000,167
19950426,0000,133
19950427,0000,229
19950428,0000,279
19950429,0000,830
19950430,0000,433
19950501,0000,1854
19950502,0000,794
19950503,0000,276
19950504,0000,-184
19950505,0000,112
19950506,0000,279
19950507,0000,m
19950508,0000,237
19950509,0000,404
19950510,0000,264
19950511,0000,181
19950512,0000,233
19950513,0000,196
19950514,0000,m
19950515,0000,268
19950516,0000,154
19950517,0000,155
19950518,0000,154
19950519,0000,118
19950520,0000,86
19950521,0000,110
19950522,0000,141
19950523,0000,90
19950524,0000,86
19950525,0000,124
19950526,0000,81
19950527,0000,121
19950528,0000,112
19950529,0000,56
19950530,0000,m
19950531,0000,81
19950601,0000,m
19950602,0000,59
19950603,0000,24
19950604,0000,32
19950605,0000,29
19950606,0000,2
19950607,0000,66
19950608,0000,11
19950609,0000,19
19950610,0000,-17
19950611,0000,0
19950612,0000,m
19950613,0000,4
19950614,0000,105
19950615,0000,36
19950616,0000,55
19950617,0000,42
19950618,0000,26
19950619,0000,40
19950620,0000,92
19950621,0000,42
19950622,0000,m
19950623,0000,m
19950624,0000,m
19950625,0000,30
19950626,0000,m
19950627,0000,-19
19950628,0000,8
19950629,0000,-4
19950630,0000,5
19950701,0000,20
19950702,0000,-4
19950703,0000,m
19950704,0000,25
19950705,0000,m
19950706,0000,m
19950707,0000,47
19950708,0000,-38
19950709,0000,-13
19950710,0000,m
19950711,0000,m
19950712,0000,m
19950713,0000,68
19950714,0000,96
19950715,0000,21
19950716,0000,m
19950717,0000,-31
19950718,0000,m
19950719,0000,m
19950720,0000,-19
19950721,0000,m
19950722,0000,m
19950723,0000,m
19950724,0000,m
19950725,0000,m
19950726,0000,103
19950727,0000,-27
19950728,0000,-55
19950729,0000,109
19950730,0000,53
19950731,0000,-39
19950801,0000,39
19950802,0000,m
19950803,0000,-23
19950804,0000,-11
19950805,0000,-28
19950806,0000,m
19950807,0000,23
19950808,0000,81
19950809,0000,-60
19950810,0000,-27
19950811,0000,59
19950812,0000,52
19950813,0000,35
19950814,0000,m
19950815,0000,-82
19950816,0000,-28
19950817,0000,m
19950818,0000,48
19950819,0000,41
19950820,0000,-69
19950821,0000,2
19950822,0000,m
19950823,0000,m
19950824,0000,m
19950825,0000,m
19950826,0000,22
19950827,0000,-17
19950828,0000,-4
19950829,0000,22
19950830,0000,54
19950831,0000,-38
19950901,0000,m
19950902,0000,15
19950903,0000,-49
19950904,0000,16
19950905,0000,m
19950906,0000,21
19950907,0000,-6
19950908,0000,m
19950909,0000,m
19950910,0000,m
19950911,0000,48
19950912,0000,m
19950913,0000,-15
19950914,0000,30
19950915,0000,m
19950916,0000,m
19950917,0000,38
19950918,0000,35
19950919,0000,-27
19950920,0000,-54
19950921,0000,-28
19950922,0000,m
19950923,0000,m
19950924,0000,15
19950925,0000,m
19950926,0000,m
19950927,0000,-3
19950928,0000,m
19950929,0000,m
19950930,0000,m
19951001,0000,m
19951002,0000,m
19951003,0000,-53
19951004,0000,44
19951005,0000,-11
19951006,0000,m
19951007,0000,-32
19951008,0000,m
19951009,0000,37
19951010,0000,34
19951011,0000,-82
19951012,0000,9
19951013,0000,m
19951014,0000,m
19951015,0000,m
19951016,0000,29
19951017,0000,-43
19951018,0000,21
19951019,0000,m
19951020,0000,m
19951021,0000,m
19951022,0000,m
19951023,0000,-11
19951024,0000,-8
19951025,0000,-4
19951026,0000,m
19951027,0000,m
19951028,0000,-29
19951029,0000,-16
19951030,0000,-6
19951031,0000,11
19951101,0000,20
19951102,0000,-5
19951103,0000,m
19951104,0000,m
19951105,0000,-2
19951106,0000,-7
19951107,0000,m
19951108,0000,-24
19951109,0000,m
19951110,0000,m
19951111,0000,10
19951112,0000,35
19951113,0000,m
19951114,0000,-23
19951115,0000,m
19951116,0000,10
19951117,0000,m
19951118,0000,m
19951119,0000,-1
19951120,0000,-21
19951121,0000,m
19951122,0000,29
19951123,0000,-17
19951124,0000,10
19951125,0000,-3
19951126,0000,-11
19951127,0000,2
19951128,0000,25
19951129,0000,-24
19951130,0000,34
19951201,0000,m
19951202,0000,m
19951203,0000,m
19951204,0000,30
19951205,0000,40
19951206,0000,-54
19951207,0000,m
19951208,0000,1
19951209,0000,12
19951210,0000,84
19951211,0000,1338
19951212,0000,5225
19951213,0000,898
19951214,0000,513
19951215,0000,1240
19951216,0000,437
19951217,0000,210
19951218,0000,m
19951219,0000,142
19951220,0000,m
19951221,0000,m
19951222,0000,-1804
19951223,0000,182
19951224,0000,306
19951225,0000,955
19951226,0000,83
19951227,0000,1958
19951228,0000,93
19951229,0000,865
19951230,0000,902
19951231,0000,471
19960101,0000,305
19960102,0000,m
19960103,0000,199
19960104,0000,m
19960105,0000,167
19960106,0000,122
19960107,0000,123
19960108,0000,90
19960109,0000,90
19960110,0000,95
19960111,0000,36
19960112,0000,45
19960113,0000,75
19960114,0000,m
19960115,0000,259
19960116,0000,m
19960117,0000,m
19960118,0000,2296
19960119,0000,1333
19960120,0000,m
19960121,0000,1196
19960122,0000,m
19960123,0000,674
19960124,0000,3111
19960125,0000,2164
19960126,0000,999
19960127,0000,3537
19960128,0000,1470
19960129,0000,833
19960130,0000,m
19960131,0000,1343
19960201,0000,711
19960202,0000,457
19960203,0000,815
19960204,0000,6718
19960206,0000,1497
19960207,0000,809
19960209,0000,378
19960211,0000,230
19960212,0000,139
19960214,0000,127
19960216,0000,529
19960217,0000,676
19960219,0000,2618
19960220,0000,3027
19960221,0000,3795
19960222,0000,1752
19960223,0000,1091
19960224,0000,864
19960225,0000,631
19960227,0000,519
19960228,0000,1038
19960229,0000,2238
19960301,0000,1299
19960302,0000,1043
19960303,0000,562
19960304,0000,1769
19960305,0000,1511
19960306,0000,875
19960312,0000,1487
19960314,0000,450
19960316,0000,461
19960317,0000,380
19960318,0000,352
19960319,0000,477
19960320,0000,294
19960321,0000,249
19960322,0000,1692
19960324,0000,207
19960325,0000,197
19960326,0000,189
19960327,0000,190
19960329,0000,148
19960330,0000,139
19960331,0000,161
19960401,0000,746
19960402,0000,466
19960403,0000,241
19960404,0000,m
19960405,0000,195
19960406,0000,m
19960407,0000,m
19960408,0000,123
19960409,0000,155
19960410,0000,115
19960411,0000,112
19960412,0000,75
19960413,0000,1285
19960414,0000,m
19960415,0000,105
19960416,0000,327
19960417,0000,m
19960418,0000,m
19960419,0000,344
19960420,0000,329
19960421,0000,212
19960422,0000,-41
19960423,0000,197
19960424,0000,m
19960425,0000,m
19960426,0000,m
19960427,0000,2589
19960428,0000,166
19960429,0000,151
19960430,0000,105
19960501,0000,m
19960502,0000,m
19960503,0000,m
19960504,0000,m
19960505,0000,80
19960506,0000,m
19960507,0000,91
19960508,0000,47
19960509,0000,m
19960510,0000,m
19960511,0000,62
19960512,0000,91
19960513,0000,56
19960514,0000,32
19960515,0000,174
19960516,0000,175
19960517,0000,m
19960518,0000,200
19960519,0000,122
19960520,0000,110
19960521,0000,423
19960522,0000,256
19960523,0000,196
19960524,0000,171
19960525,0000,133
19960526,0000,25
19960527,0000,91
19960528,0000,31
19960529,0000,10
19960530,0000,-43
19960531,0000,109
19960601,0000,108
19960602,0000,107
19960603,0000,73
19960604,0000,m
19960605,0000,79
19960606,0000,37
19960607,0000,6
19960608,0000,73
19960609,0000,-33
19960610,0000,6
19960611,0000,33
19960612,0000,30
19960613,0000,56
19960614,0000,11
19960615,0000,36
19960616,0000,30
19960617,0000,44
19960618,0000,28
19960619,0000,16
19960620,0000,273
19960621,0000,30
19960622,0000,m
19960623,0000,9
19960624,0000,-19
19960625,0000,106
19960626,0000,67
19960627,0000,3
19960628,0000,3
19960629,0000,-13
19960630,0000,m
19960701,0000,-67
19960702,0000,8
19960703,0000,49
19960704,0000,2
19960705,0000,6
19960706,0000,45
19960707,0000,-12
19960708,0000,13
19960709,0000,44
19960710,0000,1
19960711,0000,26
19960712,0000,m
19960713,0000,-15
19960714,0000,m
19960715,0000,0
19960716,0000,36
19960717,0000,5
19960718,0000,30
19960719,0000,24
19960720,0000,29
19960721,0000,17
19960722,0000,-16
19960723,0000,m
19960724,0000,m
19960725,0000,m
19960726,0000,m
19960727,0000,m
19960728,0000,m
19960729,0000,m
19960730,0000,4
19960731,0000,m
19960801,0000,m
19960802,0000,4
19960803,0000,m
19960804,0000,m
19960805,0000,3
19960806,0000,-18
19960807,0000,11
19960808,0000,m
19960809,0000,m
19960810,0000,m
19960811,0000,m
19960812,0000,m
19960813,0000,m
19960814,0000,m
19960815,0000,m
19960816,0000,m
19960817,0000,m
19960818,0000,m
19960819,0000,m
19960820,0000,m
19960821,0000,m
19960822,0000,12
19960823,0000,-10
19960824,0000,-18
19960825,0000,21
19960826,0000,-5
19960827,0000,23
19960828,0000,15
19960829,0000,3
19960830,0000,3
19960831,0000,-15
19960901,0000,10
19960902,0000,-2
19960903,0000,-26
19960904,0000,-8
19960905,0000,23
19960906,0000,17
19960907,0000,0
19960908,0000,23
19960909,0000,-12
19960910,0000,48
19960911,0000,-12
19960912,0000,19
19960913,0000,-15
19960914,0000,17
19960915,0000,16
19960916,0000,-9
19960917,0000,-14
19960918,0000,26
19960919,0000,14
19960920,0000,8
19960921,0000,-4
19960922,0000,7
19960923,0000,-17
19960924,0000,17
19960925,0000,-7
19960926,0000,5
19960927,0000,-8
19960928,0000,17
19960929,0000,-20
19960930,0000,4
19961001,0000,-11
19961002,0000,19
19961003,0000,21
19961004,0000,21
19961005,0000,11
19961006,0000,0
19961007,0000,26
19961008,0000,19
19961009,0000,-43
19961010,0000,m
19961011,0000,-8
19961012,0000,17
19961013,0000,-13
19961014,0000,14
19961015,0000,-12
19961016,0000,-14
19961017,0000,1
19961018,0000,16
19961019,0000,-23
19961020,0000,8
19961021,0000,-11
19961022,0000,14
19961023,0000,2
19961024,0000,26
19961025,0000,-24
19961026,0000,-18
19961027,0000,14
19961028,0000,-22
19961029,0000,107
19961030,0000,17
19961031,0000,33
19961101,0000,-14
19961102,0000,-22
19961103,0000,9
19961104,0000,10
19961105,0000,2
19961106,0000,-8
19961107,0000,m
19961108,0000,-9
19961109,0000,16
19961110,0000,-17
19961111,0000,16
19961112,0000,4
19961113,0000,-1
19961114,0000,11
19961115,0000,-6
19961116,0000,18
19961117,0000,153
19961118,0000,m
19961119,0000,806
19961120,0000,191
19961121,0000,71
19961122,0000,264
19961123,0000,104
19961124,0000,124
19961125,0000,53
19961126,0000,m
19961127,0000,12
19961128,0000,-4
19961129,0000,-56
19961130,0000,-24
19961201,0000,14
19961202,0000,-21
19961203,0000,71
19961204,0000,1053
19961205,0000,1477
19961206,0000,297
19961207,0000,501
19961208,0000,660
19961209,0000,3719
19961210,0000,4466
19961211,0000,1345
19961212,0000,904
19961213,0000,663
19961214,0000,440
19961215,0000,278
19961216,0000,241
19961217,0000,208
19961218,0000,148
19961219,0000,121
19961220,0000,175
19961221,0000,428
19961222,0000,763
19961223,0000,512
19961224,0000,369
19961225,0000,281
19961226,0000,1184
19961227,0000,1591
19961228,0000,1336
19961229,0000,7386
19961230,0000,6886
19961231,0000,11670
19970101,0000,12567
19970102,0000,4496
19970103,0000,1976
19970104,0000,948
19970105,0000,517
19970106,0000,100
19970107,0000,9
19970108,0000,17
19970109,0000,21
19970110,0000,16
19970111,0000,14
19970112,0000,12
19970113,0000,13
19970114,0000,18
19970115,0000,13
19970116,0000,73
19970117,0000,185
19970118,0000,212
19970119,0000,198
19970120,0000,371
19970121,0000,545
19970122,0000,4972
19970123,0000,1728
19970124,0000,1400
19970125,0000,7647
19970126,0000,4847
19970127,0000,1827
19970128,0000,1076
19970129,0000,658
19970130,0000,457
19970131,0000,340
19970201,0000,267
19970202,0000,146
19970203,0000,131
19970204,0000,385
19970205,0000,632
19970206,0000,324
19970207,0000,250
19970208,0000,285
19970209,0000,303
19970210,0000,288
19970211,0000,228
19970212,0000,202
19970213,0000,269
19970214,0000,190
19970215,0000,160
19970216,0000,171
19970217,0000,193
19970218,0000,152
19970219,0000,148
19970220,0000,125
19970221,0000,139
19970222,0000,127
19970223,0000,143
19970224,0000,112
19970225,0000,155
19970226,0000,116
19970227,0000,109
19970228,0000,74
19970301,0000,104
19970302,0000,235
19970303,0000,106
19970304,0000,83
19970305,0000,104
19970306,0000,107
19970307,0000,69
19970308,0000,84
19970309,0000,98
19970310,0000,108
19970311,0000,43
19970312,0000,92
19970313,0000,70
19970314,0000,65
19970315,0000,78
19970316,0000,840
19970317,0000,270
19970318,0000,124
19970319,0000,113
19970320,0000,113
19970321,0000,69
19970322,0000,82
19970323,0000,82
19970324,0000,79
19970325,0000,106
19970326,0000,56
19970327,0000,87
19970328,0000,61
19970329,0000,65
19970330,0000,57
19970331,0000,69
19970401,0000,44
19970402,0000,98
19970403,0000,22
19970404,0000,33
19970405,0000,7
19970406,0000,35
19970407,0000,12
19970408,0000,22
19970409,0000,20
19970410,0000,36
19970411,0000,31
19970412,0000,13
19970413,0000,49
19970414,0000,58
19970415,0000,74
19970416,0000,28
19970417,0000,29
19970418,0000,97
19970419,0000,97
19970420,0000,71
19970421,0000,45
19970422,0000,65
19970423,0000,65
19970424,0000,26
19970425,0000,71
19970426,0000,106
19970427,0000,3
19970428,0000,4
19970429,0000,-1
19970430,0000,41
19970501,0000,29
19970502,0000,31
19970503,0000,31
19970504,0000,19
19970505,0000,19
19970506,0000,59
19970507,0000,6
19970508,0000,34
19970509,0000,24
19970510,0000,20
19970511,0000,14
19970512,0000,24
19970513,0000,85
19970514,0000,-10
19970515,0000,18
19970516,0000,13
19970517,0000,65
19970518,0000,54
19970519,0000,44
19970520,0000,73
19970521,0000,42
19970522,0000,25
19970523,0000,18
19970524,0000,1
19970525,0000,1
19970526,0000,23
19970527,0000,30
19970528,0000,96
19970529,0000,8
19970530,0000,34
19970531,0000,49
19970601,0000,11
19970602,0000,37
19970603,0000,4
19970604,0000,48
19970605,0000,21
19970606,0000,17
19970607,0000,27
19970608,0000,-3
19970609,0000,8
19970610,0000,4
19970611,0000,6
19970612,0000,28
19970613,0000,1
19970614,0000,0
19970615,0000,7
19970616,0000,11
19970617,0000,26
19970618,0000,18
19970619,0000,33
19970620,0000,16
19970621,0000,-33
19970622,0000,-25
19970623,0000,6
19970624,0000,27
19970625,0000,32
19970626,0000,4
19970627,0000,11
19970628,0000,8
19970629,0000,8
19970630,0000,8
19970701,0000,14
19970702,0000,22
19970703,0000,27
19970704,0000,-3
19970705,0000,42
19970706,0000,7
19970707,0000,7
19970708,0000,4
19970709,0000,5
19970710,0000,4
19970711,0000,3
19970712,0000,-3
19970713,0000,18
19970714,0000,-4
19970715,0000,0
19970716,0000,15
19970717,0000,20
19970718,0000,14
19970719,0000,4
19970720,0000,-2
19970721,0000,10
19970722,0000,-60
19970723,0000,10
19970724,0000,23
19970725,0000,20
19970726,0000,-38
19970727,0000,1
19970728,0000,4
19970729,0000,-3
19970730,0000,22
19970731,0000,12
19970801,0000,16
19970802,0000,18
19970803,0000,13
19970804,0000,23
19970805,0000,-5
19970806,0000,14
19970807,0000,12
19970808,0000,15
19970809,0000,-11
19970810,0000,21
19970811,0000,-7
19970812,0000,18
19970813,0000,9
19970814,0000,-2
19970815,0000,-9
19970816,0000,-6
19970817,0000,-4
19970818,0000,-8
19970819,0000,5
19970820,0000,109
19970821,0000,-4
19970822,0000,-7
19970823,0000,-22
19970824,0000,6
19970825,0000,-7
19970826,0000,-8
19970827,0000,-14
19970828,0000,-13
19970829,0000,-7
19970830,0000,-16
19970831,0000,-14
19970901,0000,1
19970902,0000,-14
19970903,0000,1
19970904,0000,-7
19970905,0000,3
19970906,0000,0
19970907,0000,-25
19970908,0000,13
19970909,0000,-18
19970910,0000,-6
19970911,0000,-2
19970912,0000,-26
19970913,0000,-26
19970914,0000,18
19970915,0000,23
19970916,0000,-7
19970917,0000,-21
19970918,0000,0
19970919,0000,9
19970920,0000,2
19970921,0000,-42
19970922,0000,23
19970923,0000,2
19970924,0000,-26
19970925,0000,15
19970926,0000,2
19970927,0000,12
19970928,0000,7
19970929,0000,-14
19970930,0000,-5
19971001,0000,20
19971002,0000,32
19971003,0000,16
19971004,0000,4
19971005,0000,0
19971006,0000,-25
19971007,0000,-23
19971008,0000,110
19971009,0000,16
19971010,0000,10
19971011,0000,0
19971012,0000,12
19971013,0000,0
19971014,0000,10
19971015,0000,12
19971016,0000,1
19971017,0000,-2
19971018,0000,-2
19971019,0000,-4
19971020,0000,-14
19971021,0000,-5
19971022,0000,5
19971023,0000,-2
19971024,0000,-2
19971025,0000,-2
19971026,0000,-32
19971027,0000,9
19971028,0000,-23
19971029,0000,-25
19971030,0000,-2
19971031,0000,5
19971101,0000,22
19971102,0000,-1
19971103,0000,11
19971104,0000,-4
19971105,0000,-20
19971106,0000,4
19971107,0000,-11
19971108,0000,-8
19971109,0000,-23
19971110,0000,92
19971111,0000,0
19971112,0000,-22
19971113,0000,102
19971114,0000,67
19971115,0000,261
19971116,0000,610
19971117,0000,320
19971118,0000,229
19971119,0000,392
19971120,0000,106
19971121,0000,71
19971122,0000,82
19971123,0000,70
19971124,0000,436
19971125,0000,276
19971126,0000,2225
19971127,0000,601
19971128,0000,252
19971129,0000,476
19971130,0000,483
19971201,0000,242
19971202,0000,160
19971203,0000,254
19971204,0000,217
19971205,0000,437
19971206,0000,248
19971207,0000,770
19971208,0000,647
19971209,0000,387
19971210,0000,267
19971211,0000,185
19971212,0000,149
19971213,0000,172
19971214,0000,951
19971215,0000,474
19971216,0000,360
19971217,0000,361
19971218,0000,265
19971219,0000,201
19971220,0000,160
19971221,0000,166
19971222,0000,143
19971223,0000,86
19971224,0000,92
19971225,0000,84
19971226,0000,83
19971227,0000,69
19971228,0000,44
19971229,0000,67
19971230,0000,62
19971231,0000,60
19980101,0000,133
19980102,0000,529
19980103,0000,957
19980104,0000,1384
19980105,0000,673
19980106,0000,709
19980107,0000,860
19980108,0000,565
19980109,0000,468
19980110,0000,731
19980111,0000,2463
19980112,0000,3834
19980113,0000,m
19980114,0000,2350
19980115,0000,2580
19980116,0000,1757
19980117,0000,1416
19980118,0000,3191
19980119,0000,2366
19980120,0000,1212
19980121,0000,900
19980122,0000,752
19980123,0000,646
19980124,0000,177
19980125,0000,298
19980126,0000,2950
19980127,0000,2150
19980128,0000,1360
19980129,0000,2900
19980130,0000,1160
19980131,0000,323
19980201,0000,2341
19980202,0000,4746
19980203,0000,6365
19980204,0000,2747
19980205,0000,8343
19980206,0000,10082
19980207,0000,7186
19980208,0000,3662
19980209,0000,1692
19980210,0000,1247
19980211,0000,1247
19980212,0000,1252
19980213,0000,891
19980214,0000,1933
19980215,0000,986
19980216,0000,1768
19980217,0000,1723
19980218,0000,959
19980219,0000,6519
19980220,0000,3191
19980221,0000,5312
19980222,0000,2541
19980223,0000,2281
19980224,0000,1020
19980225,0000,512
19980226,0000,173
19980227,0000,421
19980228,0000,280
19980301,0000,132
19980302,0000,200
19980303,0000,402
19980304,0000,406
19980305,0000,470
19980306,0000,360
19980307,0000,305
19980308,0000,291
19980309,0000,257
19980310,0000,219
19980311,0000,234
19980312,0000,519
19980313,0000,740
19980314,0000,404
19980315,0000,324
19980316,0000,324
19980317,0000,273
19980318,0000,279
19980319,0000,231
19980320,0000,238
19980321,0000,291
19980322,0000,909
19980323,0000,2105
19980324,0000,1390
19980325,0000,779
19980326,0000,643
19980327,0000,643
19980328,0000,465
19980329,0000,371
19980330,0000,367
19980331,0000,664
19980401,0000,478
19980402,0000,415
19980403,0000,718
19980404,0000,563
19980405,0000,495
19980406,0000,465
19980407,0000,405
19980408,0000,390
19980409,0000,440
19980410,0000,390
19980411,0000,302
19980412,0000,382
19980413,0000,483
19980414,0000,382
19980415,0000,339
19980416,0000,303
19980417,0000,289
19980418,0000,249
19980419,0000,238
19980420,0000,237
19980421,0000,197
19980422,0000,197
19980423,0000,m
19980424,0000,183
19980425,0000,182
19980426,0000,165
19980427,0000,161
19980428,0000,143
19980429,0000,136
19980430,0000,141
19980501,0000,317
19980502,0000,238
19980503,0000,144
19980504,0000,145
19980505,0000,162
19980506,0000,147
19980507,0000,136
19980508,0000,132
19980509,0000,108
19980510,0000,119
19980511,0000,96
19980512,0000,209
19980513,0000,121
19980514,0000,102
19980515,0000,95
19980516,0000,80
19980517,0000,100
19980518,0000,77
19980519,0000,90
19980520,0000,72
19980521,0000,68
19980522,0000,73
19980523,0000,48
19980524,0000,96
19980525,0000,58
19980526,0000,67
19980527,0000,104
19980528,0000,658
19980529,0000,3275
19980530,0000,1103
19980531,0000,610
19980601,0000,429
19980602,0000,329
19980603,0000,288
19980604,0000,253
19980605,0000,213
19980606,0000,194
19980607,0000,194
19980608,0000,153
19980609,0000,154
19980610,0000,161
19980611,0000,118
19980612,0000,108
19980613,0000,121
19980614,0000,130
19980615,0000,124
19980616,0000,93
19980617,0000,73
19980618,0000,86
19980619,0000,61
19980620,0000,74
19980621,0000,72
19980622,0000,75
19980623,0000,67
19980624,0000,70
19980625,0000,70
19980626,0000,94
19980627,0000,70
19980628,0000,48
19980629,0000,82
19980630,0000,41
19980701,0000,51
19980702,0000,37
19980703,0000,51
19980704,0000,35
19980705,0000,45
19980706,0000,51
19980707,0000,50
19980708,0000,25
19980709,0000,31
19980710,0000,37
19980711,0000,51
19980712,0000,30
19980713,0000,25
19980714,0000,43
19980715,0000,42
19980716,0000,42
19980717,0000,33
19980718,0000,33
19980719,0000,19
19980720,0000,-3
19980721,0000,7
19980722,0000,-1
19980723,0000,9
19980724,0000,23
19980725,0000,19
19980726,0000,6
19980727,0000,19
19980728,0000,8
19980729,0000,19
19980730,0000,6
19980731,0000,19
19980801,0000,23
19980802,0000,10
19980803,0000,44
19980804,0000,45
19980805,0000,-1
19980806,0000,-13
19980807,0000,35
19980808,0000,-30
19980809,0000,22
19980810,0000,-48
19980811,0000,m
19980812,0000,m
19980813,0000,m
19980814,0000,-2
19980815,0000,m
19980816,0000,m
19980817,0000,-16
19980818,0000,-1
19980819,0000,-30
19980820,0000,10
19980821,0000,2
19980822,0000,m
19980823,0000,m
19980824,0000,10
19980825,0000,-27
19980826,0000,-10
19980827,0000,-10
19980828,0000,37
19980829,0000,-11
19980830,0000,-19
19980831,0000,1
19980901,0000,12
19980902,0000,-10
19980903,0000,6
19980904,0000,22
19980905,0000,-14
19980906,0000,11
19980907,0000,8
19980908,0000,8
19980909,0000,m
19980910,0000,-18
19980911,0000,18
19980912,0000,2
19980913,0000,1
19980914,0000,10
19980915,0000,-8
19980916,0000,-9
19980917,0000,m
19980918,0000,12
19980919,0000,0
19980920,0000,37
19980921,0000,-8
19980922,0000,-10
19980923,0000,-2
19980924,0000,11
19980925,0000,-12
19980926,0000,13
19980927,0000,14
19980928,0000,2
19980929,0000,38
19980930,0000,m
19981001,0000,-34
19981002,0000,4
19981003,0000,-6
19981004,0000,-1
19981005,0000,52
19981006,0000,33
19981007,0000,-13
19981008,0000,3
19981009,0000,14
19981010,0000,9
19981011,0000,2
19981012,0000,2
19981013,0000,9
19981014,0000,28
19981015,0000,5
19981016,0000,7
19981017,0000,18
19981018,0000,m
19981019,0000,25
19981020,0000,35
19981021,0000,36
19981022,0000,m
19981023,0000,-7
19981024,0000,-10
19981025,0000,m
19981026,0000,19
19981027,0000,1
19981028,0000,-17
19981029,0000,15
19981030,0000,-6
19981031,0000,12
19981101,0000,-30
19981102,0000,22
19981103,0000,-11
19981104,0000,6
19981105,0000,-21
19981106,0000,9
19981107,0000,50
19981108,0000,132
19981109,0000,63
19981110,0000,-9
19981111,0000,m
19981112,0000,14
19981113,0000,2
19981114,0000,-9
19981115,0000,1
19981116,0000,23
19981117,0000,-8
19981118,0000,39
19981119,0000,14
19981120,0000,-154
19981121,0000,m
19981122,0000,34
19981123,0000,34
19981124,0000,1416
19981125,0000,330
19981126,0000,83
19981127,0000,197
19981128,0000,98
19981129,0000,64
19981130,0000,543
19981201,0000,2150
19981202,0000,598
19981203,0000,503
19981204,0000,1017
19981205,0000,385
19981206,0000,401
19981207,0000,261
19981208,0000,221
19981209,0000,209
19981210,0000,147
19981211,0000,131
19981212,0000,118
19981213,0000,80
19981214,0000,160
19981215,0000,122
19981216,0000,108
19981217,0000,80
19981218,0000,67
19981219,0000,94
19981220,0000,m
19981221,0000,m
19981222,0000,m
19981223,0000,40
19981224,0000,39
19981225,0000,39
19981226,0000,52
19981227,0000,26
19981228,0000,40
19981229,0000,55
19981230,0000,30
19981231,0000,41
19990101,0000,m
19990102,0000,m
19990103,0000,m
19990104,0000,17
19990105,0000,20
19990106,0000,41
19990107,0000,26
19990108,0000,31
19990109,0000,m
19990110,0000,m
19990111,0000,31
19990112,0000,44
19990113,0000,m
19990114,0000,44
19990115,0000,33
19990116,0000,70
19990117,0000,m
19990118,0000,m
19990119,0000,186
19990120,0000,703
19990121,0000,778
19990122,0000,512
19990123,0000,933
19990124,0000,m
19990125,0000,1145
19990126,0000,365
19990127,0000,324
19990128,0000,223
19990129,0000,187
19990130,0000,159
19990131,0000,162
19990201,0000,240
19990202,0000,123
19990203,0000,122
19990204,0000,117
19990205,0000,88
19990206,0000,2418
19990207,0000,4292
19990208,0000,2383
19990209,0000,5055
19990210,0000,1370
19990211,0000,493
19990212,0000,269
19990213,0000,186
19990214,0000,119
19990215,0000,42
19990216,0000,2252
19990217,0000,2199
19990218,0000,1676
19990219,0000,909
19990220,0000,1073
19990221,0000,1278
19990222,0000,1006
19990223,0000,855
19990224,0000,1285
19990225,0000,1671
19990226,0000,907
19990227,0000,617
19990228,0000,1218
19990301,0000,987
19990302,0000,949
19990303,0000,930
19990304,0000,669
19990305,0000,581
19990306,0000,517
19990307,0000,430
19990308,0000,1067
19990309,0000,1152
19990310,0000,737
19990311,0000,619
19990312,0000,484
19990313,0000,412
19990314,0000,859
19990315,0000,600
19990316,0000,447
19990317,0000,386
19990318,0000,346
19990319,0000,373
19990320,0000,356
19990321,0000,330
19990322,0000,378
19990323,0000,474
19990324,0000,3255
19990325,0000,2318
19990326,0000,1118
19990327,0000,754
19990328,0000,557
19990329,0000,475
19990330,0000,589
19990331,0000,534
19990401,0000,410
19990402,0000,329
19990403,0000,311
19990404,0000,231
19990405,0000,350
19990406,0000,272
19990407,0000,221
19990408,0000,405
19990409,0000,m
19990410,0000,m
19990411,0000,m
19990412,0000,m
19990413,0000,m
19990414,0000,m
19990415,0000,m
19990416,0000,m
19990417,0000,m
19990418,0000,m
19990419,0000,m
19990420,0000,m
19990421,0000,m
19990422,0000,m
19990423,0000,m
19990424,0000,m
19990425,0000,m
19990426,0000,m
19990427,0000,m
19990428,0000,m
19990429,0000,m
19990430,0000,m
19990501,0000,m
19990502,0000,m
19990503,0000,m
19990504,0000,87
19990505,0000,105
19990506,0000,116
19990507,0000,69
19990508,0000,95
19990509,0000,60
19990510,0000,83
19990511,0000,101
19990512,0000,103
19990513,0000,51
19990514,0000,80
19990515,0000,59
19990516,0000,72
19990517,0000,72
19990518,0000,85
19990519,0000,73
19990520,0000,56
19990521,0000,68
19990522,0000,55
19990523,0000,50
19990524,0000,54
19990525,0000,69
19990526,0000,54
19990527,0000,42
19990528,0000,76
19990529,0000,28
19990530,0000,27
19990531,0000,71
19990601,0000,16
19990602,0000,37
19990603,0000,35
19990604,0000,49
19990605,0000,63
19990606,0000,25
19990607,0000,18
19990608,0000,30
19990609,0000,50
19990610,0000,26
19990611,0000,17
19990612,0000,33
19990613,0000,48
19990614,0000,34
19990615,0000,49
19990616,0000,21
19990617,0000,34
19990618,0000,22
19990619,0000,38
19990620,0000,36
19990621,0000,21
19990622,0000,-3
19990623,0000,41
19990624,0000,36
19990625,0000,14
19990626,0000,26
19990627,0000,27
19990628,0000,13
19990629,0000,27
19990630,0000,36
19990701,0000,1
19990702,0000,9
19990703,0000,5
19990704,0000,2
19990705,0000,17
19990706,0000,25
19990707,0000,20
19990708,0000,-7
19990709,0000,28
19990710,0000,26
19990711,0000,15
19990712,0000,20
19990713,0000,14
19990714,0000,10
19990715,0000,9
19990716,0000,1
19990717,0000,6
19990718,0000,10
19990719,0000,-3
19990720,0000,-3
19990721,0000,16
19990722,0000,8
19990723,0000,6
19990724,0000,9
19990725,0000,-20
19990726,0000,12
19990727,0000,0
19990728,0000,m
19990729,0000,22
19990730,0000,7
19990731,0000,13
19990801,0000,20
19990802,0000,26
19990803,0000,25
19990804,0000,-1
19990805,0000,4
19990806,0000,11
19990807,0000,7
19990808,0000,m
19990809,0000,21
19990810,0000,12
19990811,0000,28
19990812,0000,12
19990813,0000,17
19990814,0000,23
19990815,0000,18
19990816,0000,18
19990817,0000,4
19990818,0000,29
19990819,0000,35
19990820,0000,8
19990821,0000,49
19990822,0000,18
19990823,0000,-9
19990824,0000,23
19990825,0000,56
19990826,0000,14
19990827,0000,-26
19990828,0000,17
19990829,0000,29
19990830,0000,-20
19990831,0000,22
19990901,0000,-13
19990902,0000,11
19990903,0000,11
19990904,0000,9
19990905,0000,47
19990906,0000,13
19990907,0000,1
19990908,0000,10
19990909,0000,6
19990910,0000,8
19990911,0000,16
19990912,0000,9
19990913,0000,3
19990914,0000,18
19990915,0000,2
19990916,0000,22
19990917,0000,18
19990918,0000,-13
19990919,0000,13
19990920,0000,10
19990921,0000,m
19990922,0000,7
19990923,0000,1
19990924,0000,16
19990925,0000,46
19990926,0000,35
19990927,0000,23
19990928,0000,26
19990929,0000,-1
19990930,0000,m
19991001,0000,-21
19991002,0000,2
19991003,0000,11
19991004,0000,3
19991005,0000,-18
19991006,0000,26
19991007,0000,44
19991008,0000,17
19991009,0000,9
19991010,0000,17
19991011,0000,-11
19991012,0000,50
19991013,0000,-15
19991014,0000,16
19991015,0000,39
19991016,0000,21
19991017,0000,-22
19991018,0000,-15
19991019,0000,6
19991020,0000,25
19991021,0000,5
19991022,0000,-25
19991023,0000,3
19991024,0000,11
19991025,0000,-4
19991026,0000,2
19991027,0000,124
19991028,0000,22
19991029,0000,5
19991030,0000,18
19991031,0000,7
19991101,0000,-5
19991102,0000,-5
19991103,0000,3
19991104,0000,15
19991105,0000,-22
19991106,0000,-1
19991107,0000,189
19991108,0000,79
19991109,0000,-14
19991110,0000,248
19991111,0000,100
19991112,0000,26
19991113,0000,24
19991114,0000,13
19991115,0000,104
19991116,0000,224
19991117,0000,85
19991118,0000,50
19991119,0000,551
19991120,0000,219
19991121,0000,86
19991122,0000,69
19991123,0000,35
19991124,0000,35
19991125,0000,25
19991126,0000,17
19991127,0000,35
19991128,0000,0
19991129,0000,178
19991130,0000,369
19991201,0000,213
19991202,0000,133
19991203,0000,71
19991204,0000,59
19991205,0000,59
19991206,0000,34
19991207,0000,52
19991208,0000,8
19991209,0000,179
19991210,0000,97
19991211,0000,36
19991212,0000,48
19991213,0000,49
19991214,0000,50
19991215,0000,24
19991216,0000,35
19991217,0000,24
19991218,0000,39
19991219,0000,37
19991220,0000,38
19991221,0000,33
19991222,0000,15
19991223,0000,13
19991224,0000,15
19991225,0000,23
19991226,0000,13
19991227,0000,31
19991228,0000,14
19991229,0000,25
19991230,0000,13
19991231,0000,0
20000101,0000,26
20000102,0000,2
20000103,0000,25
20000104,0000,35
20000105,0000,43
20000106,0000,10
20000107,0000,28
20000108,0000,26
20000109,0000,19
20000110,0000,73
20000111,0000,541
20000112,0000,143
20000113,0000,294
20000114,0000,540
20000115,0000,589
20000116,0000,1539
20000117,0000,451
20000118,0000,979
20000119,0000,1381
20000120,0000,835
20000121,0000,597
20000122,0000,425
20000123,0000,1026
20000124,0000,1142
20000125,0000,828
20000126,0000,559
20000127,0000,385
20000128,0000,296
20000129,0000,233
20000130,0000,1377
20000131,0000,1018
20000201,0000,843
20000202,0000,595
20000203,0000,607
20000204,0000,647
20000205,0000,2932
20000206,0000,1377
20000207,0000,809
20000208,0000,560
20000209,0000,443
20000210,0000,647
20000211,0000,1542
20000212,0000,1689
20000213,0000,4672
20000214,0000,5268
20000215,0000,1960
20000216,0000,1140
20000217,0000,596
20000218,0000,464
20000219,0000,341
20000220,0000,716
20000221,0000,813
20000222,0000,2276
20000223,0000,1826
20000224,0000,1056
20000225,0000,856
20000226,0000,2150
20000227,0000,3424
20000228,0000,1736
20000229,0000,2110
20000301,0000,1265
20000302,0000,1135
20000303,0000,743
20000304,0000,708
20000305,0000,697
20000306,0000,548
20000307,0000,657
20000308,0000,1129
20000309,0000,1304
20000310,0000,986
20000311,0000,870
20000312,0000,682
20000313,0000,554
20000314,0000,505
20000315,0000,411
20000316,0000,327
20000317,0000,303
20000318,0000,270
20000319,0000,249
20000320,0000,230
20000321,0000,190
20000322,0000,177
20000323,0000,163
20000324,0000,145
20000325,0000,144
20000326,0000,150
20000327,0000,154
20000328,0000,135
20000329,0000,138
20000330,0000,142
20000331,0000,114
20000401,0000,115
20000402,0000,109
20000403,0000,88
20000404,0000,100
20000405,0000,99
20000406,0000,84
20000407,0000,80
20000408,0000,88
20000409,0000,83
20000410,0000,47
20000411,0000,87
20000412,0000,87
20000413,0000,128
20000414,0000,115
20000415,0000,64
20000416,0000,765
20000417,0000,1023
20000418,0000,304
20000419,0000,210
20000420,0000,204
20000421,0000,183
20000422,0000,148
20000423,0000,124
20000424,0000,107
20000425,0000,117
20000426,0000,106
20000427,0000,99
20000428,0000,110
20000429,0000,116
20000430,0000,107
20000501,0000,114
20000502,0000,208
20000503,0000,93
20000504,0000,54
20000505,0000,68
20000506,0000,24
20000507,0000,145
20000508,0000,71
20000509,0000,57
20000510,0000,49
20000511,0000,62
20000512,0000,26
20000513,0000,46
20000514,0000,237
20000515,0000,m
20000516,0000,65
20000517,0000,49
20000518,0000,60
20000519,0000,43
20000520,0000,42
20000521,0000,49
20000522,0000,61
20000523,0000,m
20000524,0000,m
20000525,0000,m
20000526,0000,32
20000527,0000,58
20000528,0000,m
20000529,0000,22
20000530,0000,11
20000531,0000,27
20000601,0000,27
20000602,0000,14
20000603,0000,26
20000604,0000,17
20000605,0000,30
20000606,0000,20
20000607,0000,44
20000608,0000,20
20000609,0000,38
20000610,0000,-1
20000611,0000,25
20000612,0000,25
20000613,0000,56
20000614,0000,m
20000615,0000,1
20000616,0000,19
20000617,0000,19
20000618,0000,18
20000619,0000,6
20000620,0000,41
20000621,0000,3
20000622,0000,15
20000623,0000,1
20000624,0000,1
20000625,0000,27
20000626,0000,m
20000627,0000,13
20000628,0000,m
20000629,0000,16
20000630,0000,-1
20000701,0000,0
20000702,0000,-14
20000703,0000,28
20000704,0000,2
20000705,0000,-9
20000706,0000,-2
20000707,0000,-1
20000708,0000,12
20000709,0000,-1
20000710,0000,14
20000711,0000,0
20000712,0000,16
20000713,0000,0
20000714,0000,m
20000715,0000,12
20000716,0000,-1
20000717,0000,m
20000718,0000,12
20000719,0000,6
20000720,0000,7
20000721,0000,m
20000722,0000,26
20000723,0000,0
20000724,0000,m
20000725,0000,21
20000726,0000,-22
20000727,0000,10
20000728,0000,-8
20000729,0000,-238
20000730,0000,m
20000731,0000,28
20000801,0000,3
20000802,0000,9
20000803,0000,-2
20000804,0000,m
20000805,0000,8
20000806,0000,-4
20000807,0000,7
20000808,0000,-11
20000809,0000,19
20000810,0000,14
20000811,0000,m
20000812,0000,m
20000813,0000,m
20000814,0000,m
20000815,0000,m
20000816,0000,8
20000817,0000,4
20000818,0000,-18
20000819,0000,19
20000820,0000,19
20000821,0000,-12
20000822,0000,m
20000823,0000,5
20000824,0000,26
20000825,0000,m
20000826,0000,m
20000827,0000,m
20000828,0000,6
20000829,0000,3
20000830,0000,-2
20000831,0000,-9
20000901,0000,8
20000902,0000,20
20000903,0000,-5
20000904,0000,-5
20000905,0000,20
20000906,0000,22
20000907,0000,28
20000908,0000,-14
20000909,0000,-1
20000910,0000,12
20000911,0000,29
20000912,0000,38
20000913,0000,-21
20000914,0000,9
20000915,0000,7
20000916,0000,19
20000917,0000,32
20000918,0000,38
20000919,0000,138
20000920,0000,-141
20000921,0000,7
20000922,0000,-6
20000923,0000,5
20000924,0000,6
20000925,0000,6
20000926,0000,-26
20000927,0000,2
20000928,0000,11
20000929,0000,10
20000930,0000,9
20001001,0000,-26
20001002,0000,m
20001003,0000,-1
20001004,0000,0
20001005,0000,-9
20001006,0000,8
20001007,0000,8
20001008,0000,7
20001009,0000,8
20001010,0000,m
20001011,0000,-5
20001012,0000,13
20001013,0000,10
20001014,0000,-14
20001015,0000,22
20001016,0000,9
20001017,0000,1
20001018,0000,9
20001019,0000,3
20001020,0000,-3
20001021,0000,12
20001022,0000,3
20001023,0000,39
20001024,0000,-25
20001025,0000,136
20001026,0000,88
20001027,0000,6
20001028,0000,151
20001029,0000,45
20001030,0000,78
20001031,0000,38
20001101,0000,m
20001102,0000,-9
20001103,0000,26
20001104,0000,-7
20001105,0000,4
20001106,0000,16
20001107,0000,8
20001108,0000,-22
20001109,0000,-11
20001110,0000,3
20001111,0000,2
20001112,0000,1
20001113,0000,12
20001114,0000,16
20001115,0000,15
20001116,0000,30
20001117,0000,-12
20001118,0000,2
20001119,0000,1
20001120,0000,-2
20001121,0000,11
20001122,0000,13
20001123,0000,0
20001124,0000,1
20001125,0000,24
20001126,0000,-12
20001127,0000,11
20001128,0000,2
20001129,0000,141
20001130,0000,23
20001201,0000,12
20001202,0000,12
20001203,0000,12
20001204,0000,0
20001205,0000,0
20001206,0000,-1
20001207,0000,12
20001208,0000,1
20001209,0000,11
20001210,0000,11
20001211,0000,45
20001212,0000,15
20001213,0000,33
20001214,0000,68
20001215,0000,49
20001216,0000,17
20001217,0000,34
20001218,0000,13
20001219,0000,12
20001220,0000,0
20001221,0000,10
20001222,0000,22
20001223,0000,14
20001224,0000,38
20001225,0000,-12
20001226,0000,14
20001227,0000,16
20001228,0000,11
20001229,0000,2
20001230,0000,12
20001231,0000,2
20010101,0000,0
20010102,0000,24
20010103,0000,10
20010104,0000,12
20010105,0000,12
20010106,0000,1
20010107,0000,57
20010108,0000,114
20010109,0000,78
20010110,0000,685
20010111,0000,919
20010112,0000,309
20010113,0000,140
20010114,0000,93
20010115,0000,52
20010116,0000,46
20010117,0000,38
20010118,0000,33
20010119,0000,45
20010120,0000,20
20010121,0000,33
20010122,0000,20
20010123,0000,496
20010124,0000,497
20010125,0000,1265
20010126,0000,897
20010127,0000,370
20010128,0000,206
20010129,0000,184
20010130,0000,125
20010131,0000,101
20010201,0000,74
20010202,0000,78
20010203,0000,89
20010204,0000,54
20010205,0000,66
20010206,0000,24
20010207,0000,66
20010208,0000,17
20010209,0000,265
20010210,0000,356
20010211,0000,666
20010212,0000,953
20010213,0000,528
20010214,0000,323
20010215,0000,240
20010216,0000,208
20010217,0000,855
20010218,0000,581
20010219,0000,1669
20010220,0000,3274
20010221,0000,2335
20010222,0000,2312
20010223,0000,1755
20010224,0000,2086
20010225,0000,2772
20010226,0000,1359
20010227,0000,839
20010228,0000,625
20010301,0000,m
20010302,0000,415
20010303,0000,348
20010304,0000,4298
20010305,0000,m
20010306,0000,1116
20010307,0000,772
20010308,0000,541
20010309,0000,405
20010310,0000,318
20010311,0000,257
20010312,0000,251
20010313,0000,270
20010314,0000,218
20010315,0000,192
20010316,0000,158
20010317,0000,155
20010318,0000,142
20010319,0000,141
20010320,0000,115
20010321,0000,127
20010322,0000,113
20010323,0000,100
20010324,0000,179
20010325,0000,161
20010326,0000,107
20010327,0000,99
20010328,0000,108
20010329,0000,87
20010330,0000,71
20010331,0000,77
20010401,0000,63
20010402,0000,48
20010403,0000,44
20010404,0000,68
20010405,0000,44
20010406,0000,78
20010407,0000,64
20010408,0000,65
20010409,0000,60
20010410,0000,m
20010411,0000,43
20010412,0000,32
20010413,0000,56
20010414,0000,43
20010415,0000,37
20010416,0000,42
20010417,0000,72
20010418,0000,57
20010419,0000,49
20010420,0000,112
20010421,0000,47
20010422,0000,59
20010423,0000,27
20010424,0000,m
20010425,0000,32
20010426,0000,33
20010427,0000,46
20010428,0000,33
20010429,0000,33
20010430,0000,m
20010501,0000,30
20010502,0000,29
20010503,0000,44
20010504,0000,50
20010505,0000,23
20010506,0000,63
20010507,0000,27
20010508,0000,43
20010509,0000,4
20010510,0000,31
20010511,0000,2
20010512,0000,m
20010513,0000,29
20010514,0000,11
20010515,0000,36
20010516,0000,18
20010517,0000,11
20010518,0000,35
20010519,0000,9
20010520,0000,48
20010521,0000,m
20010522,0000,3
20010523,0000,23
20010524,0000,1
20010525,0000,m
20010526,0000,21
20010527,0000,34
20010528,0000,8
20010529,0000,12
20010530,0000,28
20010531,0000,7
20010601,0000,42
20010602,0000,-22
20010603,0000,3
20010604,0000,11
20010605,0000,-6
20010606,0000,m
20010607,0000,m
20010608,0000,3
20010609,0000,4
20010610,0000,4
20010611,0000,9
20010612,0000,-25
20010613,0000,27
20010614,0000,m
20010615,0000,20
20010616,0000,7
20010617,0000,-6
20010618,0000,m
20010619,0000,10
20010620,0000,27
20010621,0000,16
20010622,0000,-14
20010623,0000,37
20010624,0000,-1
20010625,0000,m
20010626,0000,-11
20010627,0000,117
20010628,0000,m
20010629,0000,24
20010630,0000,m
20010701,0000,m
20010702,0000,22
20010703,0000,-4
20010704,0000,14
20010705,0000,m
20010706,0000,9
20010707,0000,-3
20010708,0000,7
20010709,0000,-5
20010710,0000,9
20010711,0000,8
20010712,0000,10
20010713,0000,9
20010714,0000,-3
20010715,0000,34
20010716,0000,m
20010717,0000,21
20010718,0000,7
20010719,0000,-15
20010720,0000,m
20010721,0000,-1
20010722,0000,-4
20010723,0000,10
20010724,0000,23
20010725,0000,-4
20010726,0000,11
20010727,0000,-4
20010728,0000,21
20010729,0000,-16
20010730,0000,-9
20010731,0000,10
20010801,0000,0
20010802,0000,m
20010803,0000,10
20010804,0000,-2
20010805,0000,12
20010806,0000,3
20010807,0000,18
20010808,0000,4
20010809,0000,-4
20010810,0000,8
20010811,0000,9
20010812,0000,-4
20010813,0000,5
20010814,0000,8
20010815,0000,17
20010816,0000,22
20010817,0000,-1
20010818,0000,10
20010819,0000,-25
20010820,0000,12
20010821,0000,-5
20010822,0000,12
20010823,0000,15
20010824,0000,25
20010825,0000,m
20010826,0000,18
20010827,0000,14
20010828,0000,-3
20010829,0000,-11
20010830,0000,18
20010831,0000,1
20010901,0000,m
20010902,0000,27
20010903,0000,3
20010904,0000,8
20010905,0000,21
20010906,0000,12
20010907,0000,m
20010908,0000,8
20010909,0000,20
20010910,0000,7
20010911,0000,3
20010912,0000,-10
20010913,0000,13
20010914,0000,m
20010915,0000,-1
20010916,0000,-2
20010917,0000,8
20010918,0000,2
20010919,0000,-10
20010920,0000,-6
20010921,0000,4
20010922,0000,13
20010923,0000,-8
20010924,0000,6
20010925,0000,m
20010926,0000,m
20010927,0000,-23
20010928,0000,m
20010929,0000,m
20010930,0000,10
20011001,0000,-5
20011002,0000,-24
20011003,0000,1
20011004,0000,m
20011005,0000,-40
20011006,0000,-13
20011007,0000,-1
20011008,0000,7
20011009,0000,14
20011010,0000,24
20011011,0000,m
20011012,0000,31
20011013,0000,-3
20011014,0000,-4
20011015,0000,-242
20011016,0000,22
20011017,0000,8
20011018,0000,19
20011019,0000,-2
20011020,0000,-24
20011021,0000,m
20011022,0000,-13
20011023,0000,-1
20011024,0000,1
20011025,0000,-8
20011026,0000,-19
20011027,0000,m
20011028,0000,15
20011029,0000,5
20011030,0000,155
20011031,0000,m
20011101,0000,m
20011102,0000,15
20011103,0000,m
20011104,0000,-4
20011105,0000,-14
20011106,0000,-5
20011107,0000,-2
20011108,0000,-2
20011109,0000,-6
20011110,0000,96
20011111,0000,175
20011112,0000,544
20011113,0000,m
20011114,0000,97
20011115,0000,m
20011116,0000,m
20011117,0000,53
20011118,0000,15
20011119,0000,72
20011120,0000,72
20011121,0000,608
20011122,0000,415
20011123,0000,105
20011124,0000,1338
20011125,0000,349
20011126,0000,177
20011127,0000,106
20011128,0000,1270
20011129,0000,1287
20011130,0000,426
20011201,0000,2948
20011202,0000,2066
20011203,0000,1148
20011204,0000,567
20011205,0000,787
20011206,0000,m
20011207,0000,491
20011208,0000,378
20011209,0000,265
20011210,0000,m
20011211,0000,m
20011212,0000,144
20011213,0000,389
20011214,0000,914
20011215,0000,353
20011216,0000,403
20011217,0000,m
20011218,0000,m
20011219,0000,m
20011220,0000,m
20011221,0000,m
20011222,0000,1455
20011223,0000,967
20011224,0000,648
20011225,0000,587
20011226,0000,483
20011227,0000,549
20011228,0000,1024
20011229,0000,1172
20011230,0000,1748
20011231,0000,1736
20020101,0000,m
20020102,0000,m
20020103,0000,1970
20020104,0000,748
20020105,0000,1166
20020106,0000,1492
20020107,0000,1780
20020108,0000,1507
20020109,0000,1240
20020110,0000,1039
20020111,0000,630
20020112,0000,410
20020113,0000,357
20020114,0000,280
20020115,0000,279
20020116,0000,263
20020117,0000,221
20020118,0000,m
20020119,0000,m
20020120,0000,m
20020121,0000,179
20020122,0000,m
20020123,0000,163
20020124,0000,139
20020125,0000,138
20020126,0000,244
20020127,0000,137
20020128,0000,180
20020129,0000,123
20020130,0000,124
20020131,0000,m
20020201,0000,123
20020202,0000,123
20020203,0000,109
20020204,0000,112
20020205,0000,94
20020206,0000,97
20020207,0000,229
20020208,0000,171
20020209,0000,117
20020210,0000,110
20020211,0000,97
20020212,0000,m
20020213,0000,94
20020214,0000,59
20020215,0000,102
20020216,0000,180
20020217,0000,166
20020218,0000,101
20020219,0000,313
20020220,0000,376
20020221,0000,258
20020222,0000,222
20020223,0000,235
20020224,0000,182
20020225,0000,169
20020226,0000,144
20020227,0000,156
20020228,0000,130
20020301,0000,119
20020302,0000,106
20020303,0000,108
20020304,0000,90
20020305,0000,130
20020306,0000,207
20020307,0000,205
20020308,0000,148
20020309,0000,201
20020310,0000,401
20020311,0000,229
20020312,0000,180
20020313,0000,m
20020314,0000,173
20020315,0000,140
20020316,0000,124
20020317,0000,144
20020318,0000,121
20020319,0000,m
20020320,0000,101
20020321,0000,100
20020322,0000,273
20020323,0000,m
20020324,0000,m
20020325,0000,238
20020326,0000,m
20020327,0000,195
20020328,0000,m
20020329,0000,155
20020330,0000,181
20020331,0000,129
20020401,0000,143
20020402,0000,141
20020403,0000,97
20020404,0000,80
20020405,0000,75
20020406,0000,m
20020407,0000,47
20020408,0000,61
20020409,0000,69
20020410,0000,56
20020411,0000,45
20020412,0000,45
20020413,0000,45
20020414,0000,71
20020415,0000,-21
20020416,0000,49
20020417,0000,37
20020418,0000,m
20020419,0000,33
20020420,0000,7
20020421,0000,m
20020422,0000,26
20020423,0000,25
20020424,0000,23
20020425,0000,7
20020426,0000,24
20020427,0000,-18
20020428,0000,22
20020429,0000,27
20020430,0000,29
20020501,0000,4
20020502,0000,1
20020503,0000,14
20020504,0000,14
20020505,0000,1
20020506,0000,25
20020507,0000,-4
20020508,0000,-9
20020509,0000,-6
20020510,0000,9
20020511,0000,-4
20020512,0000,9
20020513,0000,16
20020514,0000,37
20020515,0000,12
20020516,0000,41
20020517,0000,27
20020518,0000,28
20020519,0000,69
20020520,0000,164
20020521,0000,47
20020522,0000,27
20020523,0000,34
20020524,0000,37
20020525,0000,37
20020526,0000,24
20020527,0000,36
20020528,0000,40
20020529,0000,34
20020530,0000,29
20020531,0000,27
20020601,0000,28
20020602,0000,40
20020603,0000,13
20020604,0000,17
20020605,0000,47
20020606,0000,17
20020607,0000,22
20020608,0000,9
20020609,0000,-3
20020610,0000,25
20020611,0000,21
20020612,0000,26
20020613,0000,21
20020614,0000,26
20020615,0000,11
20020616,0000,13
20020617,0000,4
20020618,0000,17
20020619,0000,17
20020620,0000,6
20020621,0000,7
20020622,0000,23
20020623,0000,14
20020624,0000,15
20020625,0000,m
20020626,0000,13
20020627,0000,m
20020628,0000,m
20020629,0000,m
20020630,0000,-9
20020701,0000,11
20020702,0000,11
20020703,0000,30
20020704,0000,m
20020705,0000,6
20020706,0000,19
20020707,0000,19
20020708,0000,m
20020709,0000,21
20020710,0000,6
20020711,0000,26
20020712,0000,m
20020713,0000,m
20020714,0000,m
20020715,0000,0
20020716,0000,12
20020717,0000,m
20020718,0000,29
20020719,0000,4
20020720,0000,8
20020721,0000,-16
20020722,0000,8
20020723,0000,12
20020724,0000,12
20020725,0000,2
20020726,0000,13
20020727,0000,0
20020728,0000,10
20020729,0000,13
20020730,0000,6
20020731,0000,16
20020801,0000,10
20020802,0000,8
20020803,0000,8
20020804,0000,5
20020805,0000,-6
20020806,0000,m
20020807,0000,2
20020808,0000,17
20020809,0000,14
20020810,0000,m
20020811,0000,m
20020812,0000,15
20020813,0000,4
20020814,0000,m
20020815,0000,1
20020816,0000,15
20020817,0000,15
20020818,0000,-1
20020819,0000,13
20020820,0000,m
20020821,0000,m
20020822,0000,m
20020823,0000,m
20020824,0000,7
20020825,0000,-5
20020826,0000,m
20020827,0000,3
20020828,0000,-4
20020829,0000,12
20020830,0000,-2
20020831,0000,22
20020901,0000,-1
20020902,0000,-1
20020903,0000,m
20020904,0000,2
20020905,0000,-6
20020906,0000,5
20020907,0000,6
20020908,0000,-7
20020909,0000,m
20020910,0000,7
20020911,0000,7
20020912,0000,3
20020913,0000,-1
20020914,0000,11
20020915,0000,0
20020916,0000,1
20020917,0000,-16
20020918,0000,m
20020919,0000,9
20020920,0000,0
20020921,0000,0
20020922,0000,12
20020923,0000,41
20020924,0000,-15
20020925,0000,4
20020926,0000,-24
20020927,0000,-23
20020928,0000,-2
20020929,0000,-10
20020930,0000,-9
20021001,0000,m
20021002,0000,m
20021003,0000,m
20021004,0000,m
20021005,0000,m
20021006,0000,m
20021007,0000,m
20021008,0000,m
20021009,0000,-36
20021010,0000,6
20021011,0000,0
20021012,0000,12
20021013,0000,-21
20021014,0000,-8
20021015,0000,-13
20021016,0000,-30
20021017,0000,-16
20021018,0000,-4
20021019,0000,m
20021020,0000,30
20021021,0000,-14
20021022,0000,m
20021023,0000,-13
20021024,0000,-13
20021025,0000,15
20021026,0000,m
20021027,0000,-3
20021028,0000,2
20021029,0000,-14
20021030,0000,7
20021031,0000,1
20021101,0000,m
20021102,0000,-14
20021103,0000,-4
20021104,0000,-16
20021105,0000,-5
20021106,0000,-15
20021107,0000,410
20021108,0000,225
20021109,0000,99
20021110,0000,122
20021111,0000,41
20021112,0000,38
20021113,0000,13
20021114,0000,19
20021115,0000,-1
20021116,0000,-1
20021117,0000,10
20021118,0000,-4
20021119,0000,-1
20021120,0000,10
20021121,0000,0
20021122,0000,m
20021123,0000,-3
20021124,0000,-3
20021125,0000,-13
20021126,0000,m
20021127,0000,-8
20021128,0000,m
20021129,0000,-11
20021130,0000,-11
20021201,0000,-10
20021202,0000,1
20021203,0000,m
20021204,0000,11
20021205,0000,-11
20021206,0000,23
20021207,0000,-11
20021208,0000,2
20021209,0000,43
20021210,0000,45
20021211,0000,m
20021212,0000,m
20021213,0000,2800
20021214,0000,6558
20021215,0000,m
20021216,0000,m
20021217,0000,m
20021218,0000,578
20021219,0000,1387
20021220,0000,3537
20021221,0000,2301
20021222,0000,1050
20021223,0000,701
20021224,0000,m
20021225,0000,m
20021226,0000,648
20021227,0000,2303
20021228,0000,3852
20021229,0000,2930
20021230,0000,m
20021231,0000,4191
20030101,0000,m
20030102,0000,1321
20030103,0000,1004
20030104,0000,698
20030105,0000,597
20030106,0000,575
20030107,0000,457
20030108,0000,277
20030109,0000,374
20030110,0000,461
20030111,0000,406
20030112,0000,1960
20030113,0000,3811
20030114,0000,1958
20030115,0000,1278
20030116,0000,971
20030117,0000,841
20030118,0000,640
20030119,0000,421
20030120,0000,418
20030121,0000,409
20030122,0000,1340
20030123,0000,1026
20030124,0000,723
20030125,0000,570
20030126,0000,501
20030127,0000,412
20030128,0000,386
20030129,0000,387
20030130,0000,270
20030131,0000,263
20030201,0000,222
20030202,0000,191
20030203,0000,198
20030204,0000,175
20030205,0000,160
20030206,0000,161
20030207,0000,135
20030208,0000,132
20030209,0000,117
20030210,0000,104
20030211,0000,113
20030212,0000,193
20030213,0000,218
20030214,0000,113
20030215,0000,520
20030216,0000,781
20030217,0000,344
20030218,0000,273
20030219,0000,285
20030220,0000,209
20030221,0000,199
20030222,0000,186
20030223,0000,158
20030224,0000,171
20030225,0000,157
20030226,0000,139
20030227,0000,128
20030228,0000,130
20030301,0000,117
20030302,0000,91
20030303,0000,111
20030304,0000,99
20030305,0000,100
20030306,0000,80
20030307,0000,88
20030308,0000,75
20030309,0000,74
20030310,0000,75
20030311,0000,74
20030312,0000,75
20030313,0000,246
20030314,0000,888
20030315,0000,2691
20030316,0000,850
20030317,0000,695
20030318,0000,830
20030319,0000,787
20030320,0000,546
20030321,0000,300
20030322,0000,261
20030323,0000,269
20030324,0000,217
20030325,0000,184
20030326,0000,222
20030327,0000,162
20030328,0000,177
20030329,0000,133
20030330,0000,147
20030331,0000,121
20030401,0000,113
20030402,0000,135
20030403,0000,113
20030404,0000,228
20030405,0000,105
20030406,0000,118
20030407,0000,102
20030408,0000,108
20030409,0000,105
20030410,0000,88
20030411,0000,78
20030412,0000,791
20030413,0000,831
20030414,0000,496
20030415,0000,516
20030416,0000,582
20030417,0000,414
20030418,0000,323
20030419,0000,284
20030420,0000,240
20030421,0000,245
20030422,0000,267
20030423,0000,274
20030424,0000,939
20030425,0000,1035
20030426,0000,828
20030427,0000,798
20030428,0000,1678
20030429,0000,2456
20030430,0000,1631
20030501,0000,1218
20030502,0000,1026
20030503,0000,743
20030504,0000,623
20030505,0000,521
20030506,0000,363
20030507,0000,340
20030508,0000,261
20030509,0000,250
20030510,0000,222
20030511,0000,200
20030512,0000,222
20030513,0000,176
20030514,0000,184
20030515,0000,155
20030516,0000,143
20030517,0000,129
20030518,0000,126
20030519,0000,126
20030520,0000,126
20030521,0000,110
20030522,0000,106
20030523,0000,93
20030524,0000,102
20030525,0000,88
20030526,0000,107
20030527,0000,60
20030528,0000,82
20030529,0000,50
20030530,0000,89
20030531,0000,72
20030601,0000,77
20030602,0000,47
20030603,0000,98
20030604,0000,12
20030605,0000,65
20030606,0000,34
20030607,0000,49
20030608,0000,51
20030609,0000,49
20030610,0000,33
20030611,0000,48
20030612,0000,39
20030613,0000,52
20030614,0000,25
20030615,0000,26
20030616,0000,36
20030617,0000,78
20030618,0000,14
20030619,0000,43
20030620,0000,m
20030621,0000,2
20030622,0000,4
20030623,0000,18
20030624,0000,-8
20030625,0000,36
20030626,0000,26
20030627,0000,14
20030628,0000,-7
20030629,0000,45
20030630,0000,44
20030701,0000,33
20030702,0000,-14
20030703,0000,48
20030704,0000,43
20030705,0000,-2
20030706,0000,-66
20030707,0000,60
20030708,0000,34
20030709,0000,-39
20030710,0000,-2
20030711,0000,14
20030712,0000,-9
20030713,0000,14
20030714,0000,20
20030715,0000,1
20030716,0000,29
20030717,0000,16
20030718,0000,4
20030719,0000,10
20030720,0000,-7
20030721,0000,19
20030722,0000,9
20030723,0000,-11
20030724,0000,-16
20030725,0000,13
20030726,0000,31
20030727,0000,-28
20030728,0000,10
20030729,0000,-4
20030730,0000,4
20030731,0000,m
20030801,0000,-6
20030802,0000,9
20030803,0000,0
20030804,0000,40
20030805,0000,-8
20030806,0000,-8
20030807,0000,-9
20030808,0000,25
20030809,0000,12
20030810,0000,12
20030811,0000,-32
20030812,0000,12
20030813,0000,-2
20030814,0000,6
20030815,0000,19
20030816,0000,-19
20030817,0000,0
20030818,0000,-5
20030819,0000,m
20030820,0000,8
20030821,0000,9
20030822,0000,-3
20030823,0000,8
20030824,0000,37
20030825,0000,11
20030826,0000,-30
20030827,0000,-5
20030828,0000,3
20030829,0000,-11
20030830,0000,-10
20030831,0000,5
20030901,0000,9
20030902,0000,-6
20030903,0000,-7
20030904,0000,m
20030905,0000,62
20030906,0000,16
20030907,0000,-7
20030908,0000,24
20030909,0000,10
20030910,0000,24
20030911,0000,9
20030912,0000,29
20030913,0000,24
20030914,0000,21
20030915,0000,18
20030916,0000,-2
20030917,0000,34
20030918,0000,5
20030919,0000,4
20030920,0000,8
20030921,0000,10
20030922,0000,1
20030923,0000,-41
20030924,0000,10
20030925,0000,-12
20030926,0000,-5
20030927,0000,-7
20030928,0000,11
20030929,0000,8
20030930,0000,-10
20031001,0000,3
20031002,0000,-38
20031003,0000,3
20031004,0000,2
20031005,0000,24
20031006,0000,-4
20031007,0000,1
20031008,0000,2
20031009,0000,-17
20031010,0000,14
20031011,0000,-2
20031012,0000,16
20031013,0000,15
20031014,0000,-15
20031015,0000,6
20031016,0000,-2
20031017,0000,-10
20031018,0000,-14
20031019,0000,15
20031020,0000,11
20031021,0000,0
20031022,0000,8
20031023,0000,25
20031024,0000,14
20031025,0000,19
20031026,0000,12
20031027,0000,14
20031028,0000,-13
20031029,0000,4
20031030,0000,-35
20031031,0000,-11
20031101,0000,-28
20031102,0000,10
20031103,0000,-6
20031104,0000,-10
20031105,0000,10
20031106,0000,-167
20031107,0000,26
20031108,0000,322
20031109,0000,90
20031110,0000,19
20031111,0000,4
20031112,0000,-21
20031113,0000,-26
20031114,0000,56
20031115,0000,10
20031116,0000,10
20031117,0000,13
20031118,0000,0
20031119,0000,1
20031120,0000,4
20031121,0000,-9
20031122,0000,3
20031123,0000,-12
20031124,0000,-1
20031125,0000,-10
20031126,0000,1
20031127,0000,-13
20031128,0000,21
20031129,0000,33
20031130,0000,103
20031201,0000,467
20031202,0000,209
20031203,0000,70
20031204,0000,83
20031205,0000,162
20031206,0000,1074
20031207,0000,327
20031208,0000,130
20031209,0000,448
20031210,0000,1042
20031211,0000,604
20031212,0000,438
20031213,0000,943
20031214,0000,1929
20031215,0000,469
20031216,0000,286
20031217,0000,189
20031218,0000,128
20031219,0000,285
20031220,0000,634
20031221,0000,m
20031222,0000,309
20031223,0000,846
20031224,0000,3932
20031225,0000,m
20031226,0000,600
20031227,0000,m
20031228,0000,m
20031229,0000,5214
20031230,0000,1643
20031231,0000,m
20040101,0000,3770
20040102,0000,1720
20040103,0000,1251
20040104,0000,947
20040105,0000,780
20040106,0000,523
20040107,0000,467
20040108,0000,592
20040109,0000,1289
20040110,0000,967
20040111,0000,703
20040112,0000,m
20040113,0000,565
20040114,0000,623
20040115,0000,431
20040116,0000,304
20040117,0000,273
20040118,0000,257
20040119,0000,218
20040120,0000,m
20040121,0000,220
20040122,0000,186
20040123,0000,179
20040124,0000,210
20040125,0000,133
20040126,0000,181
20040127,0000,326
20040128,0000,230
20040129,0000,204
20040130,0000,225
20040131,0000,138
20040201,0000,219
20040202,0000,1640
20040203,0000,1345
20040204,0000,948
20040205,0000,672
20040206,0000,491
20040207,0000,444
20040208,0000,351
20040209,0000,363
20040210,0000,351
20040211,0000,328
20040212,0000,260
20040213,0000,256
20040214,0000,216
20040215,0000,282
20040216,0000,4139
20040217,0000,9430
20040218,0000,4446
20040219,0000,1877
20040220,0000,1494
20040221,0000,1412
20040222,0000,1180
20040223,0000,982
20040224,0000,1217
20040225,0000,5186
20040226,0000,3016
20040227,0000,2368
20040228,0000,2068
20040229,0000,1766
20040301,0000,1723
20040302,0000,1315
20040303,0000,1046
20040304,0000,634
20040305,0000,434
20040306,0000,393
20040307,0000,327
20040308,0000,319
20040309,0000,320
20040310,0000,296
20040311,0000,299
20040312,0000,228
20040313,0000,195
20040314,0000,209
20040315,0000,191
20040316,0000,176
20040317,0000,158
20040318,0000,137
20040319,0000,154
20040320,0000,141
20040321,0000,154
20040322,0000,132
20040323,0000,147
20040324,0000,116
20040325,0000,284
20040326,0000,159
20040327,0000,161
20040328,0000,111
20040329,0000,114
20040330,0000,98
20040331,0000,101
20040401,0000,85
20040402,0000,78
20040403,0000,73
20040404,0000,98
20040405,0000,78
20040406,0000,79
20040407,0000,82
20040408,0000,m
20040409,0000,69
20040410,0000,47
20040411,0000,56
20040412,0000,70
20040413,0000,57
20040414,0000,84
20040415,0000,74
20040416,0000,81
20040417,0000,88
20040418,0000,70
20040419,0000,163
20040420,0000,127
20040421,0000,107
20040422,0000,123
20040423,0000,70
20040424,0000,64
20040425,0000,81
20040426,0000,89
20040427,0000,98
20040428,0000,67
20040429,0000,71
20040430,0000,33
20040501,0000,69
20040502,0000,43
20040503,0000,59
20040504,0000,70
20040505,0000,22
20040506,0000,51
20040507,0000,77
20040508,0000,48
20040509,0000,63
20040510,0000,30
20040511,0000,34
20040512,0000,45
20040513,0000,49
20040514,0000,42
20040515,0000,29
20040516,0000,60
20040517,0000,16
20040518,0000,61
20040519,0000,29
20040520,0000,50
20040521,0000,44
20040522,0000,29
20040523,0000,29
20040524,0000,40
20040525,0000,41
20040526,0000,35
20040527,0000,31
20040528,0000,50
20040529,0000,35
20040530,0000,30
20040531,0000,60
20040601,0000,22
20040602,0000,16
20040603,0000,44
20040604,0000,30
20040605,0000,20
20040606,0000,24
20040607,0000,22
20040608,0000,13
20040609,0000,23
20040610,0000,38
20040611,0000,15
20040612,0000,38
20040613,0000,17
20040614,0000,44
20040615,0000,18
20040616,0000,23
20040617,0000,19
20040618,0000,39
20040619,0000,12
20040620,0000,45
20040621,0000,21
20040622,0000,19
20040623,0000,23
20040624,0000,42
20040625,0000,4
20040626,0000,13
20040627,0000,10
20040628,0000,19
20040629,0000,24
20040630,0000,24
20040701,0000,18
20040702,0000,27
20040703,0000,22
20040704,0000,18
20040705,0000,32
20040706,0000,11
20040707,0000,23
20040708,0000,18
20040709,0000,11
20040710,0000,34
20040711,0000,15
20040712,0000,38
20040713,0000,1
20040714,0000,40
20040715,0000,31
20040716,0000,18
20040717,0000,18
20040718,0000,27
20040719,0000,34
20040720,0000,16
20040721,0000,36
20040722,0000,9
20040723,0000,27
20040724,0000,22
20040725,0000,32
20040726,0000,31
20040727,0000,16
20040728,0000,18
20040729,0000,15
20040730,0000,15
20040731,0000,27
20040801,0000,14
20040802,0000,35
20040803,0000,8
20040804,0000,36
20040805,0000,34
20040806,0000,23
20040807,0000,25
20040808,0000,12
20040809,0000,23
20040810,0000,35
20040811,0000,27
20040812,0000,15
20040813,0000,25
20040814,0000,38
20040815,0000,30
20040816,0000,29
20040817,0000,32
20040818,0000,5
20040819,0000,22
20040820,0000,19
20040821,0000,30
20040822,0000,2
20040823,0000,51
20040824,0000,17
20040825,0000,27
20040826,0000,38
20040827,0000,37
20040828,0000,47
20040829,0000,4
20040830,0000,16
20040831,0000,34
20040901,0000,147
20040902,0000,-63
20040903,0000,81
20040904,0000,5
20040905,0000,17
20040906,0000,4
20040907,0000,22
20040908,0000,-53
20040909,0000,-18
20040910,0000,9
20040911,0000,-1
20040912,0000,4
20040913,0000,-5
20040914,0000,22
20040915,0000,-9
20040916,0000,2
20040917,0000,-1
20040918,0000,-21
20040919,0000,-7
20040920,0000,16
20040921,0000,16
20040922,0000,61
20040923,0000,-56
20040924,0000,-19
20040925,0000,-8
20040926,0000,9
20040927,0000,-10
20040928,0000,-2
20040929,0000,1
20040930,0000,-4
20041001,0000,-3
20041002,0000,-6
20041003,0000,6
20041004,0000,-6
20041005,0000,21
20041006,0000,10
20041007,0000,-13
20041008,0000,7
20041009,0000,0
20041010,0000,3
20041011,0000,23
20041012,0000,0
20041013,0000,12
20041014,0000,-4
20041015,0000,-3
20041016,0000,-17
20041017,0000,50
20041018,0000,-12
20041019,0000,346
20041020,0000,58
20041021,0000,7
20041022,0000,4
20041023,0000,25
20041024,0000,19
20041025,0000,64
20041026,0000,111
20041027,0000,25
20041028,0000,2
20041029,0000,2
20041030,0000,30
20041031,0000,17
20041101,0000,-4
20041102,0000,10
20041103,0000,13
20041104,0000,-9
20041105,0000,15
20041106,0000,-21
20041107,0000,2
20041108,0000,2
20041109,0000,14
20041110,0000,129
20041111,0000,192
20041112,0000,76
20041113,0000,30
20041114,0000,13
20041115,0000,2
20041116,0000,12
20041117,0000,24
20041118,0000,-11
20041119,0000,24
20041120,0000,-3
20041121,0000,7
20041122,0000,-9
20041123,0000,12
20041124,0000,-33
20041125,0000,11
20041126,0000,13
20041127,0000,126
20041128,0000,12
20041129,0000,-2
20041130,0000,21
20041201,0000,1
20041202,0000,1
20041203,0000,9
20041204,0000,-4
20041205,0000,0
20041206,0000,579
20041207,0000,1001
20041208,0000,3215
20041209,0000,531
20041210,0000,242
20041211,0000,157
20041212,0000,124
20041213,0000,102
20041214,0000,77
20041215,0000,54
20041216,0000,66
20041217,0000,43
20041218,0000,30
20041219,0000,43
20041220,0000,29
20041221,0000,35
20041222,0000,21
20041223,0000,19
20041224,0000,19
20041225,0000,8
20041226,0000,721
20041227,0000,2387
20041228,0000,1064
20041229,0000,785
20041230,0000,1223
20041231,0000,890
20050101,0000,979
20050102,0000,1005
20050103,0000,862
20050104,0000,570
20050105,0000,423
20050106,0000,318
20050107,0000,1030
20050108,0000,1189
20050109,0000,976
20050110,0000,994
20050111,0000,1855
20050112,0000,904
20050113,0000,597
20050114,0000,434
20050115,0000,342
20050116,0000,277
20050117,0000,238
20050118,0000,201
20050119,0000,173
20050120,0000,161
20050121,0000,148
20050122,0000,135
20050123,0000,110
20050124,0000,109
20050125,0000,266
20050126,0000,733
20050127,0000,689
20050128,0000,1784
20050129,0000,840
20050130,0000,574
20050131,0000,443
20050201,0000,369
20050202,0000,273
20050203,0000,246
20050204,0000,217
20050205,0000,208
20050206,0000,151
20050207,0000,167
20050208,0000,166
20050209,0000,139
20050210,0000,125
20050211,0000,114
20050212,0000,109
20050213,0000,109
20050214,0000,123
20050215,0000,111
20050216,0000,139
20050217,0000,124
20050218,0000,340
20050219,0000,511
20050220,0000,874
20050221,0000,1054
20050222,0000,625
20050223,0000,456
20050224,0000,396
20050225,0000,388
20050226,0000,358
20050227,0000,1349
20050228,0000,1156
20050301,0000,1071
20050302,0000,1127
20050303,0000,783
20050304,0000,636
20050305,0000,506
20050306,0000,421
20050307,0000,358
20050308,0000,306
20050309,0000,274
20050310,0000,233
20050311,0000,199
20050312,0000,172
20050313,0000,197
20050314,0000,152
20050315,0000,133
20050316,0000,130
20050317,0000,116
20050318,0000,206
20050319,0000,1101
20050320,0000,979
20050321,0000,1359
20050322,0000,2919
20050323,0000,1974
20050324,0000,1323
20050325,0000,1023
20050326,0000,837
20050327,0000,1674
20050328,0000,1460
20050329,0000,1081
20050330,0000,772
20050331,0000,647
20050401,0000,563
20050402,0000,469
20050403,0000,792
20050404,0000,585
20050405,0000,470
20050406,0000,387
20050407,0000,476
20050408,0000,791
20050409,0000,634
20050410,0000,513
20050411,0000,464
20050412,0000,451
20050413,0000,620
20050414,0000,408
20050415,0000,116
20050416,0000,216
20050417,0000,203
20050418,0000,205
20050419,0000,180
20050420,0000,188
20050421,0000,195
20050422,0000,144
20050423,0000,184
20050424,0000,128
20050425,0000,128
20050426,0000,118
20050427,0000,103
20050428,0000,107
20050429,0000,106
20050430,0000,92
20050501,0000,94
20050502,0000,96
20050503,0000,61
20050504,0000,215
20050505,0000,145
20050506,0000,85
20050507,0000,76
20050508,0000,308
20050509,0000,333
20050510,0000,163
20050511,0000,141
20050512,0000,123
20050513,0000,103
20050514,0000,104
20050515,0000,105
20050516,0000,134
20050517,0000,87
20050518,0000,2803
20050519,0000,1279
20050520,0000,756
20050521,0000,503
20050522,0000,399
20050523,0000,344
20050524,0000,304
20050525,0000,271
20050526,0000,255
20050527,0000,202
20050528,0000,179
20050529,0000,147
20050530,0000,151
20050531,0000,158
20050601,0000,118
20050602,0000,119
20050603,0000,106
20050604,0000,108
20050605,0000,121
20050606,0000,78
20050607,0000,70
20050608,0000,162
20050609,0000,139
20050610,0000,92
20050611,0000,75
20050612,0000,92
20050613,0000,70
20050614,0000,70
20050615,0000,38
20050616,0000,124
20050617,0000,92
20050618,0000,89
20050619,0000,61
20050620,0000,62
20050621,0000,52
20050622,0000,67
20050623,0000,41
20050624,0000,59
20050625,0000,50
20050626,0000,51
20050627,0000,41
20050628,0000,52
20050629,0000,57
20050630,0000,38
20050701,0000,58
20050702,0000,31
20050703,0000,32
20050704,0000,20
20050705,0000,34
20050706,0000,26
20050707,0000,36
20050708,0000,18
20050709,0000,33
20050710,0000,33
20050711,0000,39
20050712,0000,23
20050713,0000,23
20050714,0000,23
20050715,0000,34
20050716,0000,21
20050717,0000,21
20050718,0000,19
20050719,0000,17
20050720,0000,21
20050721,0000,13
20050722,0000,15
20050723,0000,12
20050724,0000,19
20050725,0000,45
20050726,0000,-48
20050727,0000,17
20050728,0000,3
20050729,0000,5
20050730,0000,17
20050731,0000,17
20050801,0000,-7
20050802,0000,6
20050803,0000,6
20050804,0000,20
20050805,0000,9
20050806,0000,20
20050807,0000,7
20050808,0000,5
20050809,0000,0
20050810,0000,5
20050811,0000,5
20050812,0000,3
20050813,0000,m
20050814,0000,7
20050815,0000,14
20050816,0000,-8
20050817,0000,9
20050818,0000,2
20050819,0000,4
20050820,0000,16
20050821,0000,7
20050822,0000,7
20050823,0000,9
20050824,0000,6
20050825,0000,22
20050826,0000,8
20050827,0000,12
20050828,0000,10
20050829,0000,63
20050830,0000,13
20050831,0000,28
20050901,0000,-17
20050902,0000,7
20050903,0000,6
20050904,0000,m
20050905,0000,-2
20050906,0000,-3
20050907,0000,8
20050908,0000,-2
20050909,0000,-2
20050910,0000,-2
20050911,0000,19
20050912,0000,-21
20050913,0000,3
20050914,0000,-5
20050915,0000,-9
20050916,0000,8
20050917,0000,-13
20050918,0000,8
20050919,0000,9
20050920,0000,-30
20050921,0000,8
20050922,0000,-7
20050923,0000,11
20050924,0000,-5
20050925,0000,-4
20050926,0000,-32
20050927,0000,-9
20050928,0000,8
20050929,0000,6
20050930,0000,-16
20051001,0000,-18
20051002,0000,-5
20051003,0000,-15
20051004,0000,6
20051005,0000,-4
20051006,0000,-7
20051007,0000,-7
20051008,0000,-18
20051009,0000,-3
20051010,0000,-3
20051011,0000,-9
20051012,0000,-10
20051013,0000,7
20051014,0000,-20
20051015,0000,7
20051016,0000,18
20051017,0000,-8
20051018,0000,-34
20051019,0000,0
20051020,0000,4
20051021,0000,-10
20051022,0000,3
20051023,0000,-9
20051024,0000,-24
20051025,0000,3
20051026,0000,39
20051027,0000,4
20051028,0000,107
20051029,0000,13
20051030,0000,1
20051031,0000,-10
20051101,0000,-11
20051102,0000,16
20051103,0000,38
20051104,0000,23
20051105,0000,-5
20051106,0000,11
20051107,0000,246
20051108,0000,116
20051109,0000,15
20051110,0000,35
20051111,0000,10
20051112,0000,4
20051113,0000,-1
20051114,0000,2
20051115,0000,12
20051116,0000,-2
20051117,0000,-3
20051118,0000,-2
20051119,0000,-1
20051120,0000,-2
20051121,0000,-5
20051122,0000,9
20051123,0000,-18
20051124,0000,-5
20051125,0000,127
20051126,0000,9
20051127,0000,8
20051128,0000,125
20051129,0000,144
20051130,0000,77
20051201,0000,1533
20051202,0000,363
20051203,0000,161
20051204,0000,53
20051205,0000,51
20051206,0000,39
20051207,0000,27
20051208,0000,40
20051209,0000,17
20051210,0000,28
20051211,0000,14
20051212,0000,15
20051213,0000,14
20051214,0000,16
20051215,0000,3
20051216,0000,3
20051217,0000,61
20051218,0000,2045
20051219,0000,2005
20051220,0000,1287
20051221,0000,2090
20051222,0000,3125
20051223,0000,1216
20051224,0000,612
20051225,0000,687
20051226,0000,1749
20051227,0000,4590
20051228,0000,6876
20051229,0000,1913
20051230,0000,7858
20051231,0000,10236
20060101,0000,5613
20060102,0000,3089
20060103,0000,2514
20060104,0000,2933
20060105,0000,2696
20060106,0000,2488
20060107,0000,2135
20060108,0000,1798
20060109,0000,1739
20060110,0000,1734
20060111,0000,1685
20060112,0000,1503
20060113,0000,1403
20060114,0000,1655
20060115,0000,1329
20060116,0000,1213
20060117,0000,1361
20060118,0000,1276
20060119,0000,797
20060120,0000,659
20060121,0000,673
20060122,0000,m
20060123,0000,446
20060124,0000,402
20060125,0000,362
20060126,0000,299
20060127,0000,368
20060128,0000,622
20060129,0000,504
20060130,0000,877
20060131,0000,709
20060201,0000,1103
20060202,0000,999
20060203,0000,768
20060204,0000,717
20060205,0000,541
20060206,0000,474
20060207,0000,423
20060208,0000,341
20060209,0000,329
20060210,0000,275
20060211,0000,275
20060212,0000,243
20060213,0000,208
20060214,0000,192
20060215,0000,183
20060216,0000,152
20060217,0000,177
20060218,0000,164
20060219,0000,152
20060220,0000,152
20060221,0000,137
20060222,0000,130
20060223,0000,128
20060224,0000,114
20060225,0000,99
20060226,0000,326
20060227,0000,4692
20060228,0000,3168
20060301,0000,1905
20060302,0000,2075
20060303,0000,2406
20060304,0000,1667
20060305,0000,5583
20060306,0000,4469
20060307,0000,2762
20060308,0000,2253
20060309,0000,1970
20060310,0000,1788
20060311,0000,1530
20060312,0000,1483
20060313,0000,1833
20060314,0000,2366
20060315,0000,1737
20060316,0000,2525
20060317,0000,1933
20060318,0000,1253
20060319,0000,988
20060320,0000,896
20060321,0000,723
20060322,0000,587
20060323,0000,505
20060324,0000,818
20060325,0000,924
20060326,0000,676
20060327,0000,712
20060328,0000,912
20060329,0000,1646
20060330,0000,1217
20060331,0000,2632
20060401,0000,2362
20060402,0000,2118
20060403,0000,3111
20060404,0000,2311
20060405,0000,1949
20060406,0000,1495
20060407,0000,1274
20060408,0000,1072
20060409,0000,965
20060410,0000,876
20060411,0000,3008
20060412,0000,8147
20060413,0000,3136
20060414,0000,2067
20060415,0000,1709
20060416,0000,1774
20060417,0000,1415
20060418,0000,1242
20060419,0000,1114
20060420,0000,1020
20060421,0000,738
20060422,0000,545
20060423,0000,457
20060424,0000,411
20060425,0000,386
20060426,0000,371
20060427,0000,313
20060428,0000,265
20060429,0000,277
20060430,0000,245
20060501,0000,205
20060502,0000,184
20060503,0000,168
20060504,0000,166
20060505,0000,168
20060506,0000,165
20060507,0000,151
20060508,0000,117
20060509,0000,154
20060510,0000,110
20060511,0000,98
20060512,0000,113
20060513,0000,126
20060514,0000,102
20060515,0000,55
20060516,0000,88
20060517,0000,59
20060518,0000,72
20060519,0000,102
20060520,0000,83
20060521,0000,108
20060522,0000,86
20060523,0000,82
20060524,0000,117
20060525,0000,78
20060526,0000,64
20060527,0000,77
20060528,0000,78
20060529,0000,91
20060530,0000,65
20060531,0000,70
20060601,0000,62
20060602,0000,79
20060603,0000,79
20060604,0000,67
20060605,0000,54
20060606,0000,92
20060607,0000,47
20060608,0000,38
20060609,0000,37
20060610,0000,35
20060611,0000,58
20060612,0000,50
20060613,0000,42
20060614,0000,42
20060615,0000,69
20060616,0000,62
20060617,0000,62
20060618,0000,49
20060619,0000,29
20060620,0000,66
20060621,0000,63
20060622,0000,23
20060623,0000,13
20060624,0000,28
20060625,0000,26
20060626,0000,55
20060627,0000,9
20060628,0000,34
20060629,0000,29
20060630,0000,15
20060701,0000,16
20060702,0000,3
20060703,0000,15
20060704,0000,12
20060705,0000,6
20060706,0000,8
20060707,0000,8
20060708,0000,20
20060709,0000,-6
20060710,0000,6
20060711,0000,13
20060712,0000,-4
20060713,0000,52
20060714,0000,13
20060715,0000,13
20060716,0000,26
20060717,0000,14
20060718,0000,3
20060719,0000,-3
20060720,0000,26
20060721,0000,3
20060722,0000,30
20060723,0000,5
20060724,0000,-11
20060725,0000,1
20060726,0000,1
20060727,0000,-14
20060728,0000,-1
20060729,0000,-1
20060730,0000,26
20060731,0000,-29
20060801,0000,-15
20060802,0000,-15
20060803,0000,-3
20060804,0000,-3
20060805,0000,-4
20060806,0000,-5
20060807,0000,-4
20060808,0000,37
20060809,0000,4
20060810,0000,-13
20060811,0000,-4
20060812,0000,-16
20060813,0000,0
20060814,0000,-4
20060815,0000,8
20060816,0000,10
20060817,0000,-12
20060818,0000,-16
20060819,0000,10
20060820,0000,-3
20060821,0000,-3
20060822,0000,12
20060823,0000,15
20060824,0000,-17
20060825,0000,-6
20060826,0000,-4
20060827,0000,-4
20060828,0000,-3
20060829,0000,11
20060830,0000,19
20060831,0000,3
20060901,0000,-2
20060902,0000,-2
20060903,0000,-1
20060904,0000,-2
20060905,0000,25
20060906,0000,-2
20060907,0000,-13
20060908,0000,16
20060909,0000,-9
20060910,0000,18
20060911,0000,6
20060912,0000,22
20060913,0000,4
20060914,0000,9
20060915,0000,-18
20060916,0000,-1
20060917,0000,4
20060918,0000,1
20060919,0000,1
20060920,0000,16
20060921,0000,-20
20060922,0000,-20
20060923,0000,4
20060924,0000,3
20060925,0000,15
20060926,0000,-39
20060927,0000,-15
20060928,0000,-7
20060929,0000,-7
20060930,0000,5
20061001,0000,6
20061002,0000,9
20061003,0000,69
20061004,0000,13
20061005,0000,26
20061006,0000,-43
20061007,0000,18
20061008,0000,21
20061009,0000,-16
20061010,0000,-18
20061011,0000,23
20061012,0000,-19
20061013,0000,-6
20061014,0000,-6
20061015,0000,6
20061016,0000,10
20061017,0000,11
20061018,0000,-1
20061019,0000,9
20061020,0000,12
20061021,0000,11
20061022,0000,8
20061023,0000,9
20061024,0000,7
20061025,0000,2
20061026,0000,-3
20061027,0000,7
20061028,0000,7
20061029,0000,-19
20061030,0000,-22
20061031,0000,-9
20061101,0000,4
20061102,0000,85
20061103,0000,2
20061104,0000,2
20061105,0000,15
20061106,0000,0
20061107,0000,-5
20061108,0000,10
20061109,0000,17
20061110,0000,-16
20061111,0000,74
20061112,0000,1
20061113,0000,120
20061114,0000,26
20061115,0000,-11
20061116,0000,23
20061117,0000,14
20061118,0000,2
20061119,0000,0
20061120,0000,-1
20061121,0000,12
20061122,0000,23
20061123,0000,-11
20061124,0000,-13
20061125,0000,-2
20061126,0000,116
20061127,0000,54
20061128,0000,13
20061129,0000,-1
20061130,0000,12
20061201,0000,0
20061202,0000,-23
20061203,0000,12
20061204,0000,-12
20061205,0000,-11
20061206,0000,11
20061207,0000,-11
20061208,0000,92
20061209,0000,293
20061210,0000,257
20061211,0000,366
20061212,0000,445
20061213,0000,152
20061214,0000,132
20061215,0000,142
20061216,0000,60
20061217,0000,60
20061218,0000,36
20061219,0000,25
20061220,0000,14
20061221,0000,496
20061222,0000,236
20061223,0000,107
20061224,0000,84
20061225,0000,48
20061226,0000,2362
20061227,0000,1371
20061228,0000,412
20061229,0000,213
20061230,0000,153
20061231,0000,105
20070101,0000,105
20070102,0000,77
20070103,0000,111
20070104,0000,122
20070105,0000,74
20070106,0000,66
20070107,0000,67
20070108,0000,56
20070109,0000,64
20070110,0000,42
20070111,0000,m

