Date,PST,Inflow
19940101,0000,m
19940102,0000,841
19940103,0000,1567
19940104,0000,1307
19940105,0000,1454
19940106,0000,953
19940107,0000,-2519
19940108,0000,1300
19940109,0000,1300
19940110,0000,1576
19940111,0000,1376
19940112,0000,1418
19940113,0000,1339
19940114,0000,1080
19940115,0000,1361
19940116,0000,m
19940117,0000,1485
19940118,0000,1232
19940119,0000,1626
19940120,0000,905
19940121,0000,m
19940122,0000,m
19940123,0000,208
19940124,0000,1417
19940125,0000,839
19940126,0000,970
19940127,0000,814
19940128,0000,1033
19940129,0000,536
19940130,0000,811
19940131,0000,918
19941030,0000,55
19941031,0000,55
19941101,0000,708
19941102,0000,708
19941103,0000,690
19941104,0000,712
19941105,0000,632
19941106,0000,769
19941107,0000,778
19941108,0000,714
19941109,0000,547
19941110,0000,998
19941111,0000,374
19941112,0000,581
19941113,0000,951
19941114,0000,809
19941115,0000,715
19941116,0000,850
19941117,0000,712
19941118,0000,506
19941119,0000,1057
19941120,0000,500
19941121,0000,484
19941122,0000,925
19941123,0000,865
19941124,0000,594
19941125,0000,498
19941126,0000,744
19941127,0000,751
19941128,0000,806
19941129,0000,489
19941130,0000,640
19941201,0000,946
19941202,0000,882
19941203,0000,426
19941204,0000,1851
19941205,0000,6546
19941206,0000,2130
19941207,0000,887
19941208,0000,618
19941209,0000,448
19941210,0000,367
19941211,0000,320
19941212,0000,285
19941213,0000,338
19941214,0000,443
19941215,0000,443
19941216,0000,364
19941217,0000,364
19941218,0000,323
19941219,0000,340
19941220,0000,330
19941221,0000,292
19941222,0000,262
19941223,0000,359
19941224,0000,736
19941225,0000,372
19941226,0000,468
19941227,0000,833
19941228,0000,540
19941229,0000,819
19941230,0000,864
19941231,0000,1003
19950101,0000,981
19950102,0000,981
19950103,0000,756
19950104,0000,1204
19950105,0000,842
19950106,0000,843
19950107,0000,843
19950108,0000,2864
19950109,0000,5337
19950110,0000,20875
19950111,0000,20875
19950112,0000,8919
19950113,0000,5831
19950114,0000,15077
19950115,0000,21070
19950116,0000,11651
19950117,0000,5816
19950118,0000,5816
19950119,0000,5095
19950120,0000,4812
19950121,0000,4557
19950122,0000,4452
19950123,0000,4568
19950124,0000,5207
19950125,0000,5375
19950126,0000,5496
19950127,0000,5801
19950128,0000,6172
19950129,0000,5858
19950130,0000,4906
19950131,0000,4906
19950201,0000,5271
19950202,0000,6602
19950203,0000,6602
19950204,0000,6959
19950205,0000,6710
19950206,0000,6483
19950207,0000,4132
19950208,0000,4132
19950209,0000,4114
19950210,0000,4011
19950211,0000,4011
19950212,0000,3967
19950213,0000,3935
19950214,0000,4121
19950215,0000,4121
19950216,0000,3843
19950217,0000,3843
19950218,0000,3813
19950219,0000,3776
19950220,0000,3776
19950221,0000,3767
19950222,0000,3762
19950223,0000,3720
19950224,0000,3722
19950225,0000,3729
19950226,0000,3726
19950227,0000,3712
19950228,0000,3712
19950301,0000,3681
19950302,0000,3698
19950303,0000,4320
19950304,0000,5213
19950305,0000,5213
19950306,0000,4689
19950307,0000,4373
19950308,0000,4127
19950309,0000,4063
19950310,0000,16968
19950311,0000,32186
19950312,0000,28282
19950313,0000,22023
19950314,0000,23076
19950315,0000,23267
19950316,0000,22058
19950317,0000,13168
19950318,0000,13168
19950319,0000,12926
19950320,0000,12247
19950321,0000,14318
19950322,0000,14280
19950323,0000,14280
19950324,0000,11007
19950325,0000,11007
19950326,0000,7946
19950327,0000,7191
19950328,0000,5799
19950329,0000,4956
19950330,0000,4794
19950331,0000,4794
19950401,0000,4636
19950402,0000,4473
19950403,0000,4473
19950404,0000,4654
19950405,0000,4654
19950406,0000,4736
19950407,0000,6601
19950408,0000,7437
19950409,0000,5939
19950410,0000,5322
19950411,0000,4990
19950412,0000,4849
19950413,0000,6254
19950414,0000,5597
19950415,0000,5114
19950416,0000,4882
19950417,0000,4647
19950418,0000,4603
19950419,0000,4482
19950420,0000,4564
19950421,0000,4441
19950422,0000,4391
19950423,0000,4338
19950424,0000,4336
19950425,0000,4315
19950426,0000,4381
19950427,0000,4379
19950428,0000,4832
19950429,0000,8415
19950430,0000,18057
19950501,0000,29251
19950502,0000,31392
19950503,0000,20628
19950504,0000,12976
19950505,0000,12419
19950506,0000,11773
19950507,0000,10994
19950508,0000,9842
19950509,0000,8135
19950510,0000,7581
19950511,0000,6606
19950512,0000,5581
19950513,0000,5569
19950514,0000,4983
19950515,0000,4844
19950516,0000,4165
19950517,0000,4318
19950518,0000,4317
19950519,0000,m
19950520,0000,5800
19950521,0000,6142
19950522,0000,6399
19950523,0000,6990
19950524,0000,8158
19950525,0000,8586
19950526,0000,8766
19950527,0000,9205
19950528,0000,9292
19950529,0000,9433
19950530,0000,9778
19950531,0000,10157
19950601,0000,m
19950602,0000,m
19950603,0000,m
19950604,0000,10224
19950605,0000,10866
19950606,0000,8393
19950607,0000,6503
19950608,0000,5533
19950609,0000,5624
19950610,0000,5428
19950611,0000,6292
19950612,0000,7095
19950613,0000,7198
19950614,0000,7570
19950615,0000,9775
19950616,0000,9856
19950617,0000,7069
19950618,0000,6403
19950619,0000,6682
19950620,0000,6270
19950621,0000,5811
19950622,0000,5159
19950623,0000,5365
19950624,0000,6091
19950625,0000,6881
19950626,0000,m
19950627,0000,8227
19950628,0000,8364
19950629,0000,7367
19950630,0000,6693
19950701,0000,6171
19950702,0000,m
19950703,0000,5437
19950704,0000,5157
19950705,0000,4647
19950706,0000,4435
19950707,0000,3880
19950708,0000,4174
19950709,0000,4233
19950710,0000,4223
19950711,0000,3847
19950712,0000,3932
19950713,0000,3148
19950714,0000,3210
19950715,0000,3610
19950716,0000,3202
19950717,0000,2877
19950718,0000,3053
19950719,0000,3339
19950720,0000,3022
19950721,0000,2848
19950722,0000,2869
19950723,0000,3031
19950724,0000,2863
19950725,0000,2413
19950726,0000,2373
19950727,0000,2555
19950728,0000,m
19950729,0000,m
19950730,0000,1940
19950731,0000,1860
19950801,0000,2477
19950802,0000,1638
19950803,0000,m
19950804,0000,2238
19950805,0000,2012
19950806,0000,1880
19950807,0000,2191
19950808,0000,1808
19950809,0000,1986
19950810,0000,1888
19950811,0000,2297
19950812,0000,m
19950813,0000,1874
19950814,0000,2048
19950815,0000,2234
19950816,0000,1741
19950817,0000,1851
19950818,0000,2120
19950819,0000,m
19950820,0000,1871
19950821,0000,2022
19950822,0000,2224
19950823,0000,1563
19950824,0000,m
19950825,0000,1658
19950826,0000,2048
19950827,0000,2128
19950828,0000,1790
19950829,0000,2348
19950830,0000,2144
19950831,0000,2102
19950901,0000,1700
19950902,0000,1881
19950903,0000,1927
19950904,0000,2184
19950905,0000,2058
19950906,0000,1956
19950907,0000,1631
19950908,0000,2272
19950909,0000,1584
19950910,0000,588
19950911,0000,732
19950912,0000,731
19950913,0000,853
19950914,0000,680
19950915,0000,724
19950916,0000,676
19950917,0000,683
19950918,0000,751
19950919,0000,723
19950920,0000,886
19950921,0000,559
19950922,0000,435
19950923,0000,206
19950924,0000,m
19950925,0000,324
19950926,0000,1023
19950927,0000,810
19950928,0000,969
19950929,0000,581
19950930,0000,483
19951001,0000,1447
19951002,0000,m
19951003,0000,1470
19951004,0000,871
19951005,0000,1631
19951006,0000,713
19951007,0000,677
19951008,0000,1077
19951009,0000,1129
19951010,0000,1226
19951011,0000,1319
19951012,0000,1337
19951013,0000,1326
19951014,0000,1322
19951015,0000,1323
19951016,0000,1331
19951017,0000,1324
19951018,0000,1328
19951019,0000,1327
19951020,0000,1327
19951021,0000,1332
19951022,0000,m
19951023,0000,1321
19951024,0000,m
19951025,0000,m
19951026,0000,m
19951027,0000,1330
19951028,0000,1324
19951029,0000,1355
19951030,0000,1259
19951031,0000,1318
19951101,0000,1327
19951102,0000,1330
19951103,0000,1329
19951104,0000,1323
19951105,0000,1324
19951106,0000,1346
19951107,0000,1122
19951108,0000,343
19951109,0000,1070
19951110,0000,1325
19951111,0000,1312
19951112,0000,1208
19951113,0000,1220
19951114,0000,1495
19951115,0000,1280
19951116,0000,1439
19951117,0000,903
19951118,0000,1530
19951119,0000,m
19951120,0000,1576
19951121,0000,1039
19951122,0000,1039
19951123,0000,1168
19951124,0000,1425
19951125,0000,947
19951126,0000,912
19951127,0000,1378
19951128,0000,1069
19951129,0000,1142
19951130,0000,1144
19951201,0000,1173
19951202,0000,1097
19951203,0000,1075
19951204,0000,1309
19951205,0000,872
19951206,0000,1257
19951207,0000,1227
19951208,0000,989
19951209,0000,1034
19951210,0000,1132
19951211,0000,1175
19951212,0000,7031
19951213,0000,5008
19951214,0000,3879
19951215,0000,3482
19951216,0000,3995
19951217,0000,4101
19951218,0000,4016
19951219,0000,3884
19951220,0000,1864
19951221,0000,m
19951222,0000,1711
19951223,0000,m
19951224,0000,m
19951225,0000,1705
19951226,0000,1707
19951227,0000,m
19951228,0000,1700
19951229,0000,m
19951230,0000,m
19951231,0000,m
19960101,0000,m
19960102,0000,m
19960103,0000,1441
19960104,0000,2071
19960105,0000,1691
19960106,0000,m
19960107,0000,1715
19960108,0000,1826
19960109,0000,1791
19960110,0000,1452
19960111,0000,1531
19960112,0000,2027
19960113,0000,1652
19960114,0000,m
19960115,0000,m
19960116,0000,m
19960117,0000,2393
19960118,0000,3254
19960119,0000,2965
19960120,0000,m
19960121,0000,m
19960122,0000,3276
19960123,0000,3131
19960124,0000,4917
19960125,0000,5422
19960126,0000,2303
19960127,0000,6556
19960128,0000,m
19960129,0000,4135
19960130,0000,3827
19960131,0000,3842
19960201,0000,3764
19960202,0000,3654
19960203,0000,3641
19960204,0000,11007
19960205,0000,15997
19960208,0000,7324
19960209,0000,7337
19960210,0000,7053
19960211,0000,6786
19960212,0000,6434
19960213,0000,6221
19960214,0000,6253
19960215,0000,6083
19960216,0000,6043
19960217,0000,6832
19960218,0000,9895
19960219,0000,17411
19960220,0000,22800
19960221,0000,24521
19960222,0000,18648
19960223,0000,14058
19960225,0000,10461
19960226,0000,7745
19960227,0000,5901
19960228,0000,5324
19960229,0000,4853
19960301,0000,4145
19960302,0000,3126
19960303,0000,3160
19960304,0000,5112
19960305,0000,6134
19960306,0000,2140
19960310,0000,4396
19960311,0000,4910
19960312,0000,5411
19960314,0000,5316
19960316,0000,4369
19960317,0000,4321
19960318,0000,4108
19960319,0000,4344
19960320,0000,4323
19960321,0000,4248
19960324,0000,4110
19960325,0000,4070
19960326,0000,4013
19960327,0000,4013
19960328,0000,4477
19960329,0000,4201
19960330,0000,3523
19960331,0000,3582
19960401,0000,5577
19960402,0000,5275
19960403,0000,m
19960404,0000,m
19960405,0000,3387
19960406,0000,m
19960407,0000,m
19960408,0000,3892
19960409,0000,m
19960410,0000,m
19960411,0000,4087
19960412,0000,4230
19960413,0000,m
19960414,0000,3062
19960415,0000,3720
19960416,0000,4500
19960417,0000,3720
19960418,0000,4753
19960419,0000,2750
19960420,0000,3143
19960421,0000,4286
19960422,0000,4458
19960423,0000,2295
19960424,0000,m
19960425,0000,3753
19960426,0000,4046
19960427,0000,m
19960428,0000,4005
19960429,0000,4097
19960430,0000,4758
19960501,0000,m
19960502,0000,5104
19960503,0000,4611
19960504,0000,4603
19960505,0000,4386
19960506,0000,4242
19960507,0000,4218
19960508,0000,4105
19960509,0000,3554
19960510,0000,4450
19960511,0000,4211
19960512,0000,4380
19960513,0000,4573
19960514,0000,4969
19960515,0000,m
19960516,0000,24716
19960517,0000,m
19960518,0000,m
19960519,0000,21940
19960520,0000,21940
19960521,0000,10046
19960522,0000,11131
19960523,0000,9520
19960524,0000,m
19960525,0000,m
19960526,0000,m
19960527,0000,5284
19960528,0000,5040
19960529,0000,4512
19960530,0000,4561
19960531,0000,m
19960601,0000,m
19960602,0000,m
19960603,0000,4609
19960604,0000,m
19960605,0000,4556
19960606,0000,4389
19960607,0000,m
19960608,0000,m
19960609,0000,3093
19960610,0000,3000
19960611,0000,3007
19960612,0000,3433
19960613,0000,1243
19960614,0000,m
19960615,0000,m
19960616,0000,m
19960617,0000,1664
19960618,0000,1500
19960619,0000,m
19960620,0000,m
19960621,0000,m
19960622,0000,m
19960623,0000,2072
19960624,0000,2284
19960625,0000,1798
19960626,0000,m
19960627,0000,m
19960628,0000,m
19960629,0000,m
19960630,0000,m
19960701,0000,2025
19960702,0000,1313
19960703,0000,m
19960704,0000,m
19960705,0000,m
19960706,0000,m
19960707,0000,1943
19960708,0000,2023
19960709,0000,1694
19960710,0000,m
19960711,0000,2299
19960712,0000,m
19960713,0000,1624
19960714,0000,m
19960715,0000,2070
19960716,0000,1918
19960717,0000,2275
19960718,0000,2294
19960719,0000,m
19960720,0000,2128
19960721,0000,2152
19960722,0000,2142
19960723,0000,m
19960724,0000,m
19960725,0000,2265
19960726,0000,2707
19960727,0000,1279
19960728,0000,2377
19960729,0000,2663
19960730,0000,2631
19960731,0000,m
19960801,0000,m
19960802,0000,m
19960803,0000,m
19960804,0000,m
19960805,0000,2514
19960806,0000,2604
19960807,0000,2577
19960808,0000,m
19960809,0000,m
19960810,0000,m
19960811,0000,m
19960812,0000,2858
19960813,0000,m
19960814,0000,m
19960815,0000,m
19960816,0000,m
19960817,0000,m
19960818,0000,m
19960819,0000,m
19960820,0000,m
19960821,0000,m
19960822,0000,1724
19960823,0000,1945
19960824,0000,1933
19960825,0000,1807
19960826,0000,2229
19960827,0000,1808
19960828,0000,1599
19960829,0000,2224
19960830,0000,2205
19960831,0000,2208
19960901,0000,2464
19960902,0000,2378
19960903,0000,2509
19960904,0000,2481
19960905,0000,2656
19960906,0000,2241
19960907,0000,2385
19960908,0000,1300
19960909,0000,919
19960910,0000,620
19960911,0000,648
19960912,0000,521
19960913,0000,1024
19960914,0000,596
19960915,0000,518
19960916,0000,903
19960917,0000,816
19960918,0000,163
19960919,0000,833
19960920,0000,948
19960921,0000,335
19960922,0000,629
19960923,0000,800
19960924,0000,567
19960925,0000,539
19960926,0000,721
19960927,0000,621
19960928,0000,878
19960929,0000,1686
19960930,0000,1955
19961001,0000,2052
19961002,0000,1838
19961003,0000,2120
19961004,0000,1654
19961005,0000,1783
19961006,0000,1396
19961007,0000,1328
19961008,0000,1435
19961009,0000,1543
19961010,0000,m
19961011,0000,1357
19961012,0000,1239
19961013,0000,1202
19961014,0000,1940
19961015,0000,1391
19961016,0000,1353
19961017,0000,1467
19961018,0000,1408
19961019,0000,1151
19961020,0000,1504
19961021,0000,1478
19961022,0000,1358
19961023,0000,1378
19961024,0000,1538
19961025,0000,1347
19961026,0000,938
19961027,0000,1596
19961028,0000,1440
19961029,0000,1507
19961030,0000,1375
19961031,0000,1208
19961101,0000,1580
19961102,0000,1241
19961103,0000,1589
19961104,0000,941
19961105,0000,1562
19961106,0000,1322
19961107,0000,m
19961108,0000,1442
19961109,0000,1113
19961110,0000,1278
19961111,0000,1333
19961112,0000,1461
19961113,0000,1249
19961114,0000,1491
19961115,0000,1350
19961116,0000,1126
19961117,0000,1089
19961118,0000,m
19961119,0000,675
19961120,0000,1145
19961121,0000,1253
19961122,0000,1508
19961123,0000,720
19961124,0000,304
19961125,0000,1295
19961126,0000,m
19961127,0000,1386
19961128,0000,970
19961129,0000,1694
19961130,0000,1260
19961201,0000,1281
19961202,0000,985
19961203,0000,1386
19961204,0000,1559
19961205,0000,6367
19961206,0000,1538
19961207,0000,373
19961208,0000,1562
19961209,0000,2856
19961210,0000,5695
19961211,0000,5162
19961212,0000,10398
19961213,0000,5470
19961214,0000,2913
19961215,0000,1808
19961216,0000,1961
19961217,0000,3418
19961218,0000,3858
19961219,0000,3890
19961220,0000,3980
19961221,0000,4435
19961222,0000,3963
19961223,0000,3558
19961224,0000,3843
19961225,0000,3760
19961226,0000,5914
19961227,0000,19243
19961228,0000,25014
19961229,0000,23661
19961230,0000,31577
19961231,0000,54879
19970101,0000,110097
19970102,0000,132109
19970103,0000,79522
19970104,0000,26951
19970105,0000,35106
19970106,0000,25627
19970107,0000,17207
19970108,0000,12414
19970109,0000,10466
19970110,0000,9174
19970111,0000,8738
19970112,0000,8197
19970113,0000,7178
19970114,0000,5873
19970115,0000,5870
19970116,0000,5094
19970117,0000,5015
19970118,0000,5015
19970119,0000,4924
19970120,0000,5097
19970121,0000,5296
19970122,0000,13539
19970123,0000,13994
19970124,0000,10844
19970125,0000,18137
19970126,0000,21025
19970127,0000,17147
19970128,0000,15971
19970129,0000,14482
19970130,0000,11259
19970131,0000,9657
19970201,0000,8515
19970202,0000,8518
19970203,0000,8006
19970204,0000,7661
19970205,0000,7396
19970206,0000,7320
19970207,0000,6766
19970208,0000,6163
19970209,0000,5929
19970210,0000,5472
19970211,0000,4916
19970212,0000,4854
19970213,0000,4809
19970214,0000,4287
19970215,0000,4510
19970216,0000,4576
19970217,0000,4514
19970218,0000,4639
19970219,0000,4276
19970220,0000,4155
19970221,0000,4341
19970222,0000,4134
19970223,0000,3573
19970224,0000,4290
19970225,0000,4227
19970226,0000,3898
19970227,0000,3914
19970228,0000,4263
19970301,0000,2998
19970302,0000,2887
19970303,0000,3656
19970304,0000,4000
19970305,0000,3362
19970306,0000,3014
19970307,0000,3804
19970308,0000,3966
19970309,0000,3280
19970310,0000,4108
19970311,0000,3961
19970312,0000,3656
19970313,0000,3534
19970314,0000,3489
19970315,0000,3248
19970316,0000,2927
19970317,0000,3571
19970318,0000,3057
19970319,0000,3489
19970320,0000,2628
19970321,0000,3716
19970322,0000,3343
19970323,0000,3123
19970324,0000,3583
19970325,0000,3406
19970326,0000,3055
19970327,0000,3393
19970328,0000,2967
19970329,0000,1889
19970330,0000,2358
19970331,0000,3035
19970401,0000,1997
19970402,0000,2249
19970403,0000,2036
19970404,0000,1873
19970405,0000,880
19970406,0000,1211
19970407,0000,1371
19970408,0000,1308
19970409,0000,1352
19970410,0000,1249
19970411,0000,1372
19970412,0000,1325
19970413,0000,1201
19970414,0000,1545
19970415,0000,1304
19970416,0000,1480
19970417,0000,1305
19970418,0000,1353
19970419,0000,1956
19970420,0000,2253
19970421,0000,3037
19970422,0000,2885
19970423,0000,2885
19970424,0000,2771
19970425,0000,2595
19970426,0000,3028
19970427,0000,1163
19970428,0000,2214
19970429,0000,2166
19970430,0000,2892
19970501,0000,1862
19970502,0000,1908
19970503,0000,2071
19970504,0000,2071
19970505,0000,2071
19970506,0000,2559
19970507,0000,2160
19970508,0000,2226
19970509,0000,1371
19970510,0000,2066
19970511,0000,2261
19970512,0000,1371
19970513,0000,1342
19970514,0000,1309
19970515,0000,1437
19970516,0000,1513
19970517,0000,1687
19970518,0000,1442
19970519,0000,1344
19970520,0000,1164
19970521,0000,1055
19970522,0000,1543
19970523,0000,1050
19970524,0000,1231
19970525,0000,1515
19970526,0000,1010
19970527,0000,1367
19970528,0000,1177
19970529,0000,1037
19970530,0000,1536
19970531,0000,1568
19970601,0000,1101
19970602,0000,831
19970603,0000,1240
19970604,0000,1294
19970605,0000,1250
19970606,0000,1689
19970607,0000,734
19970608,0000,956
19970609,0000,1009
19970610,0000,919
19970611,0000,934
19970612,0000,1155
19970613,0000,1161
19970614,0000,1121
19970615,0000,1048
19970616,0000,888
19970617,0000,995
19970618,0000,1146
19970619,0000,1033
19970620,0000,1186
19970621,0000,1066
19970622,0000,1095
19970623,0000,1067
19970624,0000,1180
19970625,0000,731
19970626,0000,1230
19970627,0000,997
19970628,0000,710
19970629,0000,710
19970630,0000,710
19970701,0000,956
19970702,0000,1166
19970703,0000,1366
19970704,0000,1320
19970705,0000,1036
19970706,0000,631
19970707,0000,1322
19970708,0000,1866
19970709,0000,1248
19970710,0000,1866
19970711,0000,2118
19970712,0000,2195
19970713,0000,2179
19970714,0000,2195
19970715,0000,2097
19970716,0000,2291
19970717,0000,1989
19970718,0000,2306
19970719,0000,2147
19970720,0000,1807
19970721,0000,2372
19970722,0000,2424
19970723,0000,1971
19970724,0000,2325
19970725,0000,2106
19970726,0000,2397
19970727,0000,2194
19970728,0000,2034
19970729,0000,2481
19970730,0000,2440
19970731,0000,1856
19970801,0000,2383
19970802,0000,2698
19970803,0000,1376
19970804,0000,2382
19970805,0000,2418
19970806,0000,2204
19970807,0000,2763
19970808,0000,2473
19970809,0000,2629
19970810,0000,2654
19970811,0000,2835
19970812,0000,2464
19970813,0000,2285
19970814,0000,2179
19970815,0000,1970
19970816,0000,2213
19970817,0000,2084
19970818,0000,2499
19970819,0000,2017
19970820,0000,2549
19970821,0000,2141
19970822,0000,2342
19970823,0000,2426
19970824,0000,2233
19970825,0000,1984
19970826,0000,2104
19970827,0000,2364
19970828,0000,2409
19970829,0000,2388
19970830,0000,1788
19970831,0000,1977
19970901,0000,2063
19970902,0000,1392
19970903,0000,1767
19970904,0000,557
19970905,0000,405
19970906,0000,523
19970907,0000,301
19970908,0000,350
19970909,0000,582
19970910,0000,60
19970911,0000,737
19970912,0000,531
19970913,0000,702
19970914,0000,529
19970915,0000,848
19970916,0000,870
19970917,0000,794
19970918,0000,692
19970919,0000,826
19970920,0000,84
19970921,0000,466
19970922,0000,698
19970923,0000,1439
19970924,0000,1601
19970925,0000,634
19970926,0000,171
19970927,0000,170
19970928,0000,155
19970929,0000,1052
19970930,0000,1049
19971001,0000,911
19971002,0000,886
19971003,0000,1489
19971004,0000,1224
19971005,0000,900
19971006,0000,2206
19971007,0000,1180
19971008,0000,1188
19971009,0000,1433
19971010,0000,1525
19971011,0000,795
19971012,0000,1175
19971013,0000,1125
19971014,0000,1390
19971015,0000,1005
19971016,0000,1333
19971017,0000,1317
19971018,0000,349
19971019,0000,1122
19971020,0000,1196
19971021,0000,1053
19971022,0000,2287
19971023,0000,2022
19971024,0000,1862
19971025,0000,1862
19971026,0000,415
19971027,0000,1105
19971028,0000,803
19971029,0000,970
19971030,0000,1090
19971031,0000,1295
19971101,0000,595
19971102,0000,80
19971103,0000,69
19971104,0000,53
19971105,0000,32
19971106,0000,35
19971107,0000,6
19971108,0000,16
19971109,0000,-14
19971110,0000,602
19971111,0000,1007
19971112,0000,-1266
19971113,0000,930
19971114,0000,1705
19971115,0000,1731
19971116,0000,1518
19971117,0000,1838
19971118,0000,1886
19971119,0000,1900
19971120,0000,1975
19971121,0000,952
19971122,0000,14
19971123,0000,56
19971124,0000,1517
19971125,0000,1777
19971126,0000,2270
19971127,0000,1235
19971128,0000,396
19971129,0000,779
19971130,0000,1480
19971201,0000,1669
19971202,0000,1415
19971203,0000,1340
19971204,0000,1068
19971205,0000,1180
19971206,0000,1374
19971207,0000,3193
19971208,0000,1942
19971209,0000,1348
19971210,0000,748
19971211,0000,911
19971212,0000,1190
19971213,0000,706
19971214,0000,657
19971215,0000,1295
19971216,0000,1649
19971217,0000,1665
19971218,0000,1438
19971219,0000,1891
19971220,0000,1241
19971221,0000,1353
19971222,0000,1418
19971223,0000,1431
19971224,0000,1020
19971225,0000,1623
19971226,0000,839
19971227,0000,2045
19971228,0000,m
19971229,0000,1586
19971230,0000,1489
19971231,0000,938
19980101,0000,1512
19980102,0000,990
19980103,0000,1755
19980104,0000,2716
19980105,0000,1578
19980106,0000,571
19980107,0000,317
19980108,0000,1418
19980109,0000,1851
19980110,0000,773
19980111,0000,4537
19980112,0000,9855
19980113,0000,4011
19980114,0000,4644
19980115,0000,10695
19980116,0000,8365
19980117,0000,8054
19980118,0000,7309
19980119,0000,6557
19980120,0000,5292
19980121,0000,4699
19980122,0000,4426
19980123,0000,4260
19980124,0000,4162
19980125,0000,4151
19980126,0000,4135
19980127,0000,4039
19980128,0000,4020
19980129,0000,4784
19980130,0000,4396
19980131,0000,4202
19980201,0000,4362
19980202,0000,6265
19980203,0000,15171
19980204,0000,7946
19980205,0000,6056
19980206,0000,8788
19980207,0000,11293
19980208,0000,10834
19980209,0000,8777
19980210,0000,6903
19980211,0000,6903
19980212,0000,5172
19980213,0000,5233
19980214,0000,8853
19980215,0000,9414
19980216,0000,7920
19980217,0000,6601
19980218,0000,5396
19980219,0000,5178
19980220,0000,5102
19980221,0000,7490
19980222,0000,9551
19980223,0000,9131
19980224,0000,7832
19980225,0000,5809
19980226,0000,4967
19980227,0000,4706
19980228,0000,4602
19980301,0000,4516
19980302,0000,4479
19980303,0000,4454
19980304,0000,4398
19980305,0000,4370
19980306,0000,4350
19980307,0000,4256
19980308,0000,4224
19980309,0000,4205
19980310,0000,4117
19980311,0000,4179
19980312,0000,4167
19980313,0000,4185
19980314,0000,3311
19980315,0000,3118
19980316,0000,3467
19980317,0000,3377
19980318,0000,3440
19980319,0000,3687
19980320,0000,4286
19980321,0000,4302
19980322,0000,4906
19980323,0000,4903
19980324,0000,9719
19980325,0000,9686
19980326,0000,10551
19980327,0000,10068
19980328,0000,9835
19980329,0000,8291
19980330,0000,5715
19980331,0000,4640
19980401,0000,4508
19980402,0000,4367
19980403,0000,5066
19980404,0000,5050
19980405,0000,4819
19980406,0000,4828
19980407,0000,4813
19980408,0000,4605
19980409,0000,3757
19980410,0000,4274
19980411,0000,3823
19980412,0000,4284
19980413,0000,4872
19980414,0000,4445
19980415,0000,4327
19980416,0000,4313
19980417,0000,4281
19980418,0000,4265
19980419,0000,4190
19980420,0000,4192
19980421,0000,4324
19980422,0000,4499
19980423,0000,m
19980424,0000,4737
19980425,0000,4712
19980426,0000,4407
19980427,0000,4293
19980428,0000,3438
19980429,0000,4729
19980430,0000,4436
19980501,0000,4608
19980502,0000,5237
19980503,0000,5058
19980504,0000,4846
19980505,0000,4930
19980506,0000,4993
19980507,0000,4977
19980508,0000,5408
19980509,0000,5839
19980510,0000,5434
19980511,0000,4785
19980512,0000,4460
19980513,0000,4576
19980514,0000,4448
19980515,0000,4321
19980516,0000,4316
19980517,0000,4455
19980518,0000,4260
19980519,0000,4126
19980520,0000,4254
19980521,0000,4352
19980522,0000,4345
19980523,0000,4225
19980524,0000,4235
19980525,0000,5256
19980526,0000,5652
19980527,0000,4959
19980528,0000,5322
19980529,0000,5410
19980530,0000,4762
19980531,0000,4574
19980601,0000,4970
19980602,0000,6823
19980603,0000,7559
19980604,0000,6968
19980605,0000,7134
19980606,0000,7138
19980607,0000,7403
19980608,0000,6200
19980609,0000,7609
19980610,0000,7725
19980611,0000,8011
19980612,0000,8197
19980613,0000,9237
19980614,0000,9903
19980615,0000,7647
19980616,0000,10030
19980617,0000,9231
19980618,0000,7861
19980619,0000,8143
19980620,0000,8180
19980621,0000,7979
19980622,0000,7947
19980623,0000,6984
19980624,0000,5486
19980625,0000,4385
19980626,0000,4618
19980627,0000,4857
19980628,0000,4886
19980629,0000,4785
19980630,0000,4725
19980701,0000,4168
19980702,0000,4433
19980703,0000,4397
19980704,0000,3939
19980705,0000,4079
19980706,0000,4053
19980707,0000,4055
19980708,0000,3472
19980709,0000,3518
19980710,0000,3041
19980711,0000,2761
19980712,0000,2262
19980713,0000,2590
19980714,0000,2764
19980715,0000,2782
19980716,0000,2782
19980717,0000,2668
19980718,0000,2668
19980719,0000,2780
19980720,0000,1303
19980721,0000,1576
19980722,0000,2453
19980723,0000,2454
19980724,0000,2779
19980725,0000,2789
19980726,0000,2379
19980727,0000,948
19980728,0000,2198
19980729,0000,2258
19980730,0000,2178
19980731,0000,2037
19980801,0000,2609
19980802,0000,2129
19980803,0000,2686
19980804,0000,3075
19980805,0000,3049
19980806,0000,3033
19980807,0000,3178
19980808,0000,3506
19980809,0000,2642
19980810,0000,3175
19980811,0000,m
19980812,0000,m
19980813,0000,m
19980814,0000,2969
19980815,0000,m
19980816,0000,m
19980817,0000,2914
19980818,0000,2576
19980819,0000,2858
19980820,0000,2806
19980821,0000,2891
19980822,0000,m
19980823,0000,m
19980824,0000,2316
19980825,0000,2725
19980826,0000,2686
19980827,0000,2686
19980828,0000,2742
19980829,0000,2486
19980830,0000,3128
19980831,0000,2732
19980901,0000,2917
19980902,0000,3188
19980903,0000,3223
19980904,0000,2736
19980905,0000,3054
19980906,0000,2901
19980907,0000,3582
19980908,0000,3582
19980909,0000,2705
19980910,0000,2382
19980911,0000,2073
19980912,0000,2400
19980913,0000,1186
19980914,0000,881
19980915,0000,1197
19980916,0000,1361
19980917,0000,m
19980918,0000,498
19980919,0000,1634
19980920,0000,1023
19980921,0000,83
19980922,0000,519
19980923,0000,555
19980924,0000,531
19980925,0000,740
19980926,0000,916
19980927,0000,828
19980928,0000,1120
19980929,0000,1300
19980930,0000,m
19981001,0000,1107
19981002,0000,1164
19981003,0000,1336
19981004,0000,1157
19981005,0000,1121
19981006,0000,1102
19981007,0000,907
19981008,0000,969
19981009,0000,1403
19981010,0000,1409
19981011,0000,m
19981012,0000,m
19981013,0000,1173
19981014,0000,1266
19981015,0000,1379
19981016,0000,1237
19981017,0000,1379
19981018,0000,1102
19981019,0000,940
19981020,0000,1263
19981021,0000,1191
19981022,0000,1059
19981023,0000,1247
19981024,0000,1318
19981025,0000,1186
19981026,0000,1077
19981027,0000,1337
19981028,0000,1357
19981029,0000,1480
19981030,0000,1410
19981031,0000,1437
19981101,0000,1319
19981102,0000,797
19981103,0000,1644
19981104,0000,1582
19981105,0000,1374
19981106,0000,1128
19981107,0000,1014
19981108,0000,961
19981109,0000,1147
19981110,0000,1417
19981111,0000,1566
19981112,0000,2641
19981113,0000,1929
19981114,0000,1867
19981115,0000,866
19981116,0000,965
19981117,0000,1894
19981118,0000,1743
19981119,0000,1968
19981120,0000,1792
19981121,0000,m
19981122,0000,1715
19981123,0000,1715
19981124,0000,1994
19981125,0000,2523
19981126,0000,1840
19981127,0000,1864
19981128,0000,2055
19981129,0000,1953
19981130,0000,1698
19981201,0000,3852
19981202,0000,3172
19981203,0000,1759
19981204,0000,4037
19981205,0000,2627
19981206,0000,1850
19981207,0000,929
19981208,0000,1369
19981209,0000,1603
19981210,0000,2457
19981211,0000,2603
19981212,0000,2672
19981213,0000,2467
19981214,0000,1811
19981215,0000,m
19981216,0000,2365
19981217,0000,2109
19981218,0000,2920
19981219,0000,2799
19981220,0000,m
19981221,0000,m
19981222,0000,m
19981223,0000,2946
19981224,0000,2901
19981225,0000,2464
19981226,0000,2055
19981227,0000,2154
19981228,0000,2146
19981229,0000,2207
19981230,0000,2148
19981231,0000,3014
19990101,0000,m
19990102,0000,m
19990103,0000,m
19990104,0000,2521
19990105,0000,2912
19990106,0000,3199
19990107,0000,1701
19990108,0000,1972
19990109,0000,m
19990110,0000,m
19990111,0000,2704
19990112,0000,2706
19990113,0000,2547
19990114,0000,2829
19990115,0000,1909
19990116,0000,m
19990117,0000,2506
19990118,0000,1922
19990119,0000,1787
19990120,0000,5802
19990121,0000,9257
19990122,0000,8186
19990123,0000,4344
19990124,0000,6593
19990125,0000,8923
19990126,0000,3610
19990127,0000,3269
19990128,0000,2949
19990129,0000,3242
19990130,0000,3247
19990131,0000,3223
19990201,0000,2673
19990202,0000,2392
19990203,0000,3326
19990204,0000,3134
19990205,0000,2841
19990206,0000,3611
19990207,0000,8099
19990208,0000,7711
19990209,0000,19108
19990210,0000,8778
19990211,0000,5758
19990212,0000,4818
19990213,0000,4520
19990214,0000,4313
19990215,0000,4260
19990216,0000,5077
19990217,0000,8414
19990218,0000,5948
19990219,0000,5623
19990220,0000,5088
19990221,0000,6066
19990222,0000,4860
19990223,0000,4656
19990224,0000,4492
19990225,0000,5182
19990226,0000,4662
19990227,0000,4205
19990228,0000,4894
19990301,0000,9391
19990302,0000,10080
19990303,0000,10709
19990304,0000,9822
19990305,0000,8712
19990306,0000,7677
19990307,0000,6670
19990308,0000,5272
19990309,0000,4496
19990310,0000,4241
19990311,0000,4162
19990312,0000,4211
19990313,0000,4184
19990314,0000,4100
19990315,0000,4127
19990316,0000,4088
19990317,0000,4091
19990318,0000,3859
19990319,0000,3820
19990320,0000,3859
19990321,0000,3674
19990322,0000,3657
19990323,0000,3605
19990324,0000,3815
19990325,0000,3814
19990326,0000,3492
19990327,0000,2931
19990328,0000,2813
19990329,0000,3139
19990330,0000,3141
19990331,0000,3339
19990401,0000,3296
19990402,0000,3448
19990403,0000,3462
19990404,0000,2781
19990405,0000,3552
19990406,0000,3560
19990407,0000,3448
19990408,0000,3482
19990409,0000,m
19990410,0000,m
19990411,0000,m
19990412,0000,m
19990413,0000,m
19990414,0000,m
19990415,0000,m
19990416,0000,m
19990417,0000,m
19990418,0000,m
19990419,0000,m
19990420,0000,m
19990421,0000,m
19990422,0000,m
19990423,0000,m
19990424,0000,m
19990425,0000,m
19990426,0000,m
19990427,0000,m
19990428,0000,m
19990429,0000,m
19990430,0000,m
19990501,0000,m
19990502,0000,m
19990503,0000,m
19990504,0000,3476
19990505,0000,2713
19990506,0000,3016
19990507,0000,2970
19990508,0000,3184
19990509,0000,1772
19990510,0000,2928
19990511,0000,3173
19990512,0000,3039
19990513,0000,3142
19990514,0000,2857
19990515,0000,1483
19990516,0000,1723
19990517,0000,2945
19990518,0000,2732
19990519,0000,3097
19990520,0000,2356
19990521,0000,2807
19990522,0000,2110
19990523,0000,2165
19990524,0000,3092
19990525,0000,3369
19990526,0000,2409
19990527,0000,2427
19990528,0000,1950
19990529,0000,2430
19990530,0000,2146
19990531,0000,2662
19990601,0000,2281
19990602,0000,2965
19990603,0000,3425
19990604,0000,2706
19990605,0000,3033
19990606,0000,2937
19990607,0000,2950
19990608,0000,2929
19990609,0000,2820
19990610,0000,2444
19990611,0000,2855
19990612,0000,2089
19990613,0000,2035
19990614,0000,2357
19990615,0000,2777
19990616,0000,3266
19990617,0000,2638
19990618,0000,2536
19990619,0000,1718
19990620,0000,1326
19990621,0000,2716
19990622,0000,2412
19990623,0000,2782
19990624,0000,2834
19990625,0000,2390
19990626,0000,1831
19990627,0000,1743
19990628,0000,2270
19990629,0000,2155
19990630,0000,3019
19990701,0000,2270
19990702,0000,2131
19990703,0000,2038
19990704,0000,1797
19990705,0000,2111
19990706,0000,2143
19990707,0000,2373
19990708,0000,2213
19990709,0000,2322
19990710,0000,2446
19990711,0000,2346
19990712,0000,2543
19990713,0000,2363
19990714,0000,2587
19990715,0000,2221
19990716,0000,2355
19990717,0000,1811
19990718,0000,2320
19990719,0000,2470
19990720,0000,2990
19990721,0000,3016
19990722,0000,2809
19990723,0000,2709
19990724,0000,1913
19990725,0000,1814
19990726,0000,2604
19990727,0000,2773
19990728,0000,m
19990729,0000,2687
19990730,0000,2930
19990731,0000,2957
19990801,0000,2518
19990802,0000,2586
19990803,0000,2822
19990804,0000,2725
19990805,0000,2598
19990806,0000,2884
19990807,0000,2729
19990808,0000,m
19990809,0000,2883
19990810,0000,2952
19990811,0000,2862
19990812,0000,2753
19990813,0000,2837
19990814,0000,2406
19990815,0000,2703
19990816,0000,2731
19990817,0000,2754
19990818,0000,2947
19990819,0000,2982
19990820,0000,2860
19990821,0000,2498
19990822,0000,2602
19990823,0000,2764
19990824,0000,2920
19990825,0000,2963
19990826,0000,2910
19990827,0000,2725
19990828,0000,2977
19990829,0000,2475
19990830,0000,1702
19990831,0000,1799
19990901,0000,2087
19990902,0000,2349
19990903,0000,1335
19990904,0000,1895
19990905,0000,1049
19990906,0000,1661
19990907,0000,m
19990908,0000,1155
19990909,0000,1212
19990910,0000,1137
19990911,0000,750
19990912,0000,1811
19990913,0000,1304
19990914,0000,1300
19990915,0000,1099
19990916,0000,1200
19990917,0000,897
19990918,0000,1335
19990919,0000,1256
19990920,0000,1402
19990921,0000,m
19990922,0000,1423
19990923,0000,1297
19990924,0000,1042
19990925,0000,656
19990926,0000,1010
19990927,0000,1529
19990928,0000,1309
19990929,0000,1404
19990930,0000,m
19991001,0000,1209
19991002,0000,852
19991003,0000,806
19991004,0000,1183
19991005,0000,1238
19991006,0000,1288
19991007,0000,1360
19991008,0000,1342
19991009,0000,857
19991010,0000,918
19991011,0000,1505
19991012,0000,1212
19991013,0000,1131
19991014,0000,1323
19991015,0000,1308
19991016,0000,780
19991017,0000,1295
19991018,0000,1380
19991019,0000,1353
19991020,0000,998
19991021,0000,974
19991022,0000,1070
19991023,0000,1129
19991024,0000,1154
19991025,0000,1263
19991026,0000,1100
19991027,0000,1236
19991028,0000,1269
19991029,0000,961
19991030,0000,864
19991031,0000,1121
19991101,0000,1359
19991102,0000,1399
19991103,0000,922
19991104,0000,544
19991105,0000,921
19991106,0000,1116
19991107,0000,1157
19991108,0000,893
19991109,0000,932
19991110,0000,998
19991111,0000,938
19991112,0000,826
19991113,0000,880
19991114,0000,1426
19991115,0000,1182
19991116,0000,997
19991117,0000,1036
19991118,0000,1309
19991119,0000,1427
19991120,0000,1352
19991121,0000,817
19991122,0000,816
19991123,0000,896
19991124,0000,1193
19991125,0000,1414
19991126,0000,1375
19991127,0000,1160
19991128,0000,1007
19991129,0000,690
19991130,0000,778
19991201,0000,1129
19991202,0000,1053
19991203,0000,1096
19991204,0000,1045
19991205,0000,1053
19991206,0000,961
19991207,0000,1052
19991208,0000,1001
19991209,0000,1223
19991210,0000,1282
19991211,0000,1178
19991212,0000,1101
19991213,0000,1062
19991214,0000,1100
19991215,0000,980
19991216,0000,1112
19991217,0000,1034
19991218,0000,910
19991219,0000,1114
19991220,0000,1015
19991221,0000,1141
19991222,0000,1104
19991223,0000,1040
19991224,0000,1082
19991225,0000,1046
19991226,0000,1009
19991227,0000,1065
19991228,0000,1060
19991229,0000,1005
19991230,0000,840
19991231,0000,1328
20000101,0000,1166
20000102,0000,1153
20000103,0000,1110
20000104,0000,1311
20000105,0000,990
20000106,0000,1015
20000107,0000,982
20000108,0000,1070
20000109,0000,1054
20000110,0000,1142
20000111,0000,909
20000112,0000,760
20000113,0000,686
20000114,0000,905
20000115,0000,1040
20000116,0000,1298
20000117,0000,868
20000118,0000,2263
20000119,0000,1522
20000120,0000,1233
20000121,0000,768
20000122,0000,631
20000123,0000,583
20000124,0000,5740
20000125,0000,4818
20000126,0000,1707
20000127,0000,907
20000128,0000,634
20000129,0000,702
20000130,0000,3036
20000131,0000,2387
20000201,0000,2750
20000202,0000,2649
20000203,0000,2005
20000204,0000,2297
20000205,0000,799
20000206,0000,715
20000207,0000,2201
20000208,0000,1730
20000209,0000,1113
20000210,0000,1905
20000211,0000,2637
20000212,0000,3490
20000213,0000,6288
20000214,0000,15555
20000215,0000,5896
20000216,0000,3776
20000217,0000,3420
20000218,0000,3361
20000219,0000,3435
20000220,0000,2868
20000221,0000,3281
20000222,0000,4853
20000223,0000,7289
20000224,0000,5043
20000225,0000,4610
20000226,0000,5033
20000227,0000,13193
20000228,0000,7529
20000229,0000,6891
20000301,0000,m
20000302,0000,5726
20000303,0000,5633
20000304,0000,5648
20000305,0000,6690
20000306,0000,5032
20000307,0000,4703
20000308,0000,5354
20000309,0000,5574
20000310,0000,5103
20000311,0000,4818
20000312,0000,4652
20000313,0000,4264
20000314,0000,3225
20000315,0000,4517
20000316,0000,4665
20000317,0000,4334
20000318,0000,4344
20000319,0000,4290
20000320,0000,4255
20000321,0000,4193
20000322,0000,4195
20000323,0000,4119
20000324,0000,4145
20000325,0000,4151
20000326,0000,4084
20000327,0000,4102
20000328,0000,4135
20000329,0000,3301
20000330,0000,3485
20000331,0000,3154
20000401,0000,2966
20000402,0000,3029
20000403,0000,3103
20000404,0000,3049
20000405,0000,3072
20000406,0000,3516
20000407,0000,903
20000408,0000,4974
20000409,0000,2696
20000410,0000,819
20000411,0000,3412
20000412,0000,2560
20000413,0000,3125
20000414,0000,1303
20000415,0000,2258
20000416,0000,2307
20000417,0000,3512
20000418,0000,3010
20000419,0000,m
20000420,0000,2746
20000421,0000,3609
20000422,0000,3737
20000423,0000,2588
20000424,0000,3723
20000425,0000,3769
20000426,0000,3744
20000427,0000,2691
20000428,0000,2576
20000429,0000,2605
20000430,0000,2585
20000501,0000,2495
20000502,0000,2790
20000503,0000,1949
20000504,0000,1949
20000505,0000,2013
20000506,0000,2251
20000507,0000,2136
20000508,0000,3468
20000509,0000,3032
20000510,0000,1043
20000511,0000,1308
20000512,0000,2080
20000513,0000,2494
20000514,0000,1910
20000515,0000,2205
20000516,0000,2322
20000517,0000,2037
20000518,0000,2169
20000519,0000,2063
20000520,0000,2029
20000521,0000,2098
20000522,0000,m
20000523,0000,-10329
20000524,0000,-10867
20000525,0000,m
20000526,0000,-12010
20000527,0000,-11668
20000528,0000,-10925
20000529,0000,1552
20000530,0000,2436
20000531,0000,-11246
20000601,0000,1332
20000602,0000,-10921
20000603,0000,-10558
20000604,0000,2167
20000605,0000,-11035
20000606,0000,-11770
20000607,0000,-12042
20000608,0000,-11546
20000609,0000,-11122
20000610,0000,m
20000611,0000,m
20000612,0000,-9938
20000613,0000,m
20000614,0000,m
20000615,0000,-10576
20000616,0000,-10858
20000617,0000,m
20000618,0000,m
20000619,0000,1605
20000620,0000,-10364
20000621,0000,1832
20000622,0000,1623
20000623,0000,2250
20000624,0000,815
20000625,0000,787
20000626,0000,2210
20000627,0000,2435
20000628,0000,m
20000629,0000,1926
20000630,0000,2421
20000701,0000,913
20000702,0000,m
20000703,0000,2185
20000704,0000,2132
20000705,0000,2030
20000706,0000,1757
20000707,0000,1419
20000708,0000,m
20000709,0000,m
20000710,0000,m
20000711,0000,1957
20000712,0000,m
20000713,0000,2166
20000714,0000,1877
20000715,0000,631
20000716,0000,722
20000717,0000,1820
20000718,0000,m
20000719,0000,m
20000720,0000,1750
20000721,0000,m
20000722,0000,515
20000723,0000,m
20000724,0000,1724
20000725,0000,m
20000726,0000,1516
20000727,0000,m
20000728,0000,1693
20000729,0000,1150
20000730,0000,731
20000731,0000,1620
20000801,0000,2044
20000802,0000,m
20000803,0000,2196
20000804,0000,m
20000805,0000,m
20000806,0000,1279
20000807,0000,2213
20000808,0000,2451
20000809,0000,m
20000810,0000,1685
20000811,0000,m
20000812,0000,m
20000813,0000,m
20000814,0000,m
20000815,0000,m
20000816,0000,1912
20000817,0000,1838
20000818,0000,2041
20000819,0000,1665
20000820,0000,m
20000821,0000,2540
20000822,0000,m
20000823,0000,1881
20000824,0000,1975
20000825,0000,m
20000826,0000,m
20000827,0000,m
20000828,0000,m
20000829,0000,1761
20000830,0000,1958
20000831,0000,1515
20000901,0000,1755
20000902,0000,758
20000903,0000,895
20000904,0000,958
20000905,0000,2004
20000906,0000,1752
20000907,0000,1629
20000908,0000,1272
20000909,0000,m
20000910,0000,m
20000911,0000,m
20000912,0000,m
20000913,0000,1110
20000914,0000,1330
20000915,0000,m
20000916,0000,55
20000917,0000,62
20000918,0000,1402
20000919,0000,m
20000920,0000,m
20000921,0000,m
20000922,0000,m
20000923,0000,82
20000924,0000,m
20000925,0000,712
20000926,0000,m
20000927,0000,m
20000928,0000,851
20000929,0000,1562
20000930,0000,1806
20001001,0000,1389
20001002,0000,m
20001003,0000,1413
20001004,0000,591
20001005,0000,999
20001006,0000,945
20001007,0000,m
20001008,0000,657
20001009,0000,m
20001010,0000,m
20001011,0000,1340
20001012,0000,m
20001013,0000,1442
20001014,0000,119
20001015,0000,104
20001016,0000,1092
20001017,0000,1481
20001018,0000,1509
20001019,0000,1460
20001020,0000,1431
20001021,0000,272
20001022,0000,67
20001023,0000,1060
20001024,0000,1456
20001025,0000,1559
20001026,0000,1571
20001027,0000,1621
20001028,0000,237
20001029,0000,424
20001030,0000,1195
20001031,0000,1352
20001101,0000,m
20001102,0000,1440
20001103,0000,1192
20001104,0000,299
20001105,0000,94
20001106,0000,1065
20001107,0000,1375
20001108,0000,1376
20001109,0000,1377
20001110,0000,1502
20001111,0000,148
20001112,0000,117
20001113,0000,1134
20001114,0000,1375
20001115,0000,1536
20001116,0000,1707
20001117,0000,1376
20001118,0000,142
20001119,0000,413
20001120,0000,1248
20001121,0000,922
20001122,0000,1572
20001123,0000,1921
20001124,0000,1837
20001125,0000,860
20001126,0000,777
20001127,0000,1017
20001128,0000,1108
20001129,0000,1111
20001130,0000,1215
20001201,0000,1023
20001202,0000,846
20001203,0000,871
20001204,0000,912
20001205,0000,1076
20001206,0000,1038
20001207,0000,900
20001208,0000,646
20001209,0000,632
20001210,0000,944
20001211,0000,1089
20001212,0000,1143
20001213,0000,1049
20001214,0000,744
20001215,0000,735
20001216,0000,426
20001217,0000,596
20001218,0000,1042
20001219,0000,1228
20001220,0000,1188
20001221,0000,1283
20001222,0000,1247
20001223,0000,453
20001224,0000,534
20001225,0000,829
20001226,0000,559
20001227,0000,1127
20001228,0000,1236
20001229,0000,1339
20001230,0000,694
20001231,0000,578
20010101,0000,559
20010102,0000,1368
20010103,0000,1324
20010104,0000,1041
20010105,0000,798
20010106,0000,216
20010107,0000,86
20010108,0000,497
20010109,0000,1205
20010110,0000,1201
20010111,0000,1340
20010112,0000,1102
20010113,0000,209
20010114,0000,166
20010115,0000,1495
20010116,0000,1566
20010117,0000,1377
20010118,0000,1491
20010119,0000,1520
20010120,0000,121
20010121,0000,220
20010122,0000,885
20010123,0000,929
20010124,0000,1520
20010125,0000,1961
20010126,0000,814
20010127,0000,277
20010128,0000,235
20010129,0000,1099
20010130,0000,1034
20010131,0000,812
20010201,0000,715
20010202,0000,779
20010203,0000,195
20010204,0000,272
20010205,0000,714
20010206,0000,885
20010207,0000,1020
20010208,0000,986
20010209,0000,947
20010210,0000,411
20010211,0000,773
20010212,0000,691
20010213,0000,739
20010214,0000,605
20010215,0000,580
20010216,0000,478
20010217,0000,250
20010218,0000,284
20010219,0000,335
20010220,0000,1206
20010221,0000,1571
20010222,0000,1341
20010223,0000,970
20010224,0000,782
20010225,0000,755
20010226,0000,784
20010227,0000,665
20010228,0000,1401
20010301,0000,m
20010302,0000,590
20010303,0000,566
20010304,0000,721
20010305,0000,m
20010306,0000,1105
20010307,0000,1145
20010308,0000,609
20010309,0000,719
20010310,0000,523
20010311,0000,593
20010312,0000,558
20010313,0000,475
20010314,0000,374
20010315,0000,700
20010316,0000,396
20010317,0000,350
20010318,0000,177
20010319,0000,1686
20010320,0000,697
20010321,0000,770
20010322,0000,726
20010323,0000,769
20010324,0000,323
20010325,0000,898
20010326,0000,1014
20010327,0000,1111
20010328,0000,1104
20010329,0000,1034
20010330,0000,1195
20010331,0000,377
20010401,0000,314
20010402,0000,1130
20010403,0000,1016
20010404,0000,686
20010405,0000,1049
20010406,0000,238
20010407,0000,455
20010408,0000,298
20010409,0000,358
20010410,0000,m
20010411,0000,1023
20010412,0000,926
20010413,0000,1276
20010414,0000,1536
20010415,0000,276
20010416,0000,1145
20010417,0000,1314
20010418,0000,783
20010419,0000,1037
20010420,0000,1724
20010421,0000,1140
20010422,0000,461
20010423,0000,824
20010424,0000,m
20010425,0000,1265
20010426,0000,m
20010427,0000,515
20010428,0000,777
20010429,0000,664
20010430,0000,1248
20010501,0000,1010
20010502,0000,556
20010503,0000,1222
20010504,0000,836
20010505,0000,m
20010506,0000,m
20010507,0000,1061
20010508,0000,1477
20010509,0000,m
20010510,0000,m
20010511,0000,1843
20010512,0000,m
20010513,0000,m
20010514,0000,m
20010515,0000,m
20010516,0000,m
20010517,0000,8333
20010518,0000,m
20010519,0000,m
20010520,0000,181
20010521,0000,m
20010522,0000,m
20010523,0000,m
20010524,0000,m
20010525,0000,898
20010526,0000,m
20010527,0000,90
20010528,0000,96
20010529,0000,1408
20010530,0000,m
20010531,0000,m
20010601,0000,m
20010602,0000,m
20010603,0000,111
20010604,0000,-14274
20010605,0000,-14301
20010606,0000,m
20010607,0000,1245
20010608,0000,1506
20010609,0000,120
20010610,0000,90
20010611,0000,1172
20010612,0000,m
20010613,0000,1395
20010614,0000,m
20010615,0000,1303
20010616,0000,m
20010617,0000,24
20010618,0000,1487
20010619,0000,1327
20010620,0000,1358
20010621,0000,1333
20010622,0000,1331
20010623,0000,104
20010624,0000,92
20010625,0000,m
20010626,0000,m
20010627,0000,m
20010628,0000,m
20010629,0000,1524
20010630,0000,m
20010701,0000,m
20010702,0000,1617
20010703,0000,1560
20010704,0000,188
20010705,0000,m
20010706,0000,1699
20010707,0000,m
20010708,0000,1140
20010709,0000,2620
20010710,0000,2976
20010711,0000,2990
20010712,0000,2835
20010713,0000,1500
20010714,0000,1249
20010715,0000,1257
20010716,0000,2427
20010717,0000,m
20010718,0000,m
20010719,0000,2898
20010720,0000,m
20010721,0000,1284
20010722,0000,1002
20010723,0000,m
20010724,0000,2662
20010725,0000,2718
20010726,0000,2813
20010727,0000,2601
20010728,0000,m
20010729,0000,1185
20010730,0000,2747
20010731,0000,m
20010801,0000,m
20010802,0000,m
20010803,0000,2613
20010804,0000,1324
20010805,0000,716
20010806,0000,m
20010807,0000,2528
20010808,0000,2596
20010809,0000,2424
20010810,0000,2568
20010811,0000,m
20010812,0000,1080
20010813,0000,2277
20010814,0000,m
20010815,0000,m
20010816,0000,m
20010817,0000,2398
20010818,0000,1239
20010819,0000,1244
20010820,0000,2208
20010821,0000,m
20010822,0000,2654
20010823,0000,2721
20010824,0000,2244
20010825,0000,m
20010826,0000,m
20010827,0000,m
20010828,0000,1718
20010829,0000,1568
20010830,0000,1222
20010831,0000,1378
20010901,0000,170
20010902,0000,172
20010903,0000,m
20010904,0000,1310
20010905,0000,867
20010906,0000,m
20010907,0000,1100
20010908,0000,159
20010909,0000,227
20010910,0000,m
20010911,0000,997
20010912,0000,1120
20010913,0000,1127
20010914,0000,649
20010915,0000,m
20010916,0000,79
20010917,0000,m
20010918,0000,843
20010919,0000,m
20010920,0000,652
20010921,0000,785
20010922,0000,85
20010923,0000,96
20010924,0000,1084
20010925,0000,m
20010926,0000,895
20010927,0000,768
20010928,0000,778
20010929,0000,m
20010930,0000,36
20011001,0000,m
20011002,0000,968
20011003,0000,867
20011004,0000,m
20011005,0000,938
20011006,0000,42
20011007,0000,25
20011008,0000,757
20011009,0000,752
20011010,0000,m
20011011,0000,m
20011012,0000,877
20011013,0000,128
20011014,0000,159
20011015,0000,969
20011016,0000,m
20011017,0000,924
20011018,0000,23399
20011019,0000,741
20011020,0000,-114
20011021,0000,-118
20011022,0000,1106
20011023,0000,1268
20011024,0000,1327
20011025,0000,1440
20011026,0000,1317
20011027,0000,29
20011028,0000,43
20011029,0000,1265
20011030,0000,1228
20011031,0000,m
20011101,0000,m
20011102,0000,961
20011103,0000,129
20011104,0000,m
20011105,0000,898
20011106,0000,912
20011107,0000,1035
20011108,0000,1129
20011109,0000,1130
20011110,0000,438
20011111,0000,233
20011112,0000,1141
20011113,0000,m
20011114,0000,691
20011115,0000,661
20011116,0000,145
20011117,0000,166
20011118,0000,148
20011119,0000,1210
20011120,0000,1302
20011121,0000,1256
20011122,0000,922
20011123,0000,571
20011124,0000,649
20011125,0000,799
20011126,0000,890
20011127,0000,752
20011128,0000,896
20011129,0000,283
20011130,0000,490
20011201,0000,m
20011202,0000,1947
20011203,0000,177
20011204,0000,1515
20011205,0000,1054
20011206,0000,1705
20011207,0000,1024
20011208,0000,407
20011209,0000,453
20011210,0000,632
20011211,0000,m
20011212,0000,441
20011213,0000,719
20011214,0000,1040
20011215,0000,447
20011216,0000,382
20011217,0000,m
20011218,0000,m
20011219,0000,364
20011220,0000,966
20011221,0000,m
20011222,0000,742
20011223,0000,891
20011224,0000,612
20011225,0000,652
20011226,0000,801
20011227,0000,453
20011228,0000,291
20011229,0000,618
20011230,0000,924
20011231,0000,2465
20020101,0000,m
20020102,0000,m
20020103,0000,2489
20020104,0000,m
20020105,0000,1605
20020106,0000,m
20020107,0000,1555
20020108,0000,1737
20020109,0000,1633
20020110,0000,1454
20020111,0000,1305
20020112,0000,1342
20020113,0000,1634
20020114,0000,m
20020115,0000,2030
20020116,0000,2394
20020117,0000,2470
20020118,0000,2980
20020119,0000,2306
20020120,0000,2157
20020121,0000,1623
20020122,0000,m
20020123,0000,1412
20020124,0000,1223
20020125,0000,1225
20020126,0000,1253
20020127,0000,1241
20020128,0000,1316
20020129,0000,1626
20020130,0000,m
20020131,0000,1414
20020201,0000,1403
20020202,0000,1376
20020203,0000,1359
20020204,0000,m
20020205,0000,2391
20020206,0000,1829
20020207,0000,1404
20020208,0000,1925
20020209,0000,m
20020210,0000,1521
20020211,0000,1826
20020212,0000,m
20020213,0000,1592
20020214,0000,1592
20020215,0000,1546
20020216,0000,855
20020217,0000,m
20020218,0000,m
20020219,0000,2410
20020220,0000,3976
20020221,0000,1107
20020222,0000,1314
20020223,0000,2092
20020224,0000,2024
20020225,0000,2045
20020226,0000,1835
20020227,0000,1689
20020228,0000,1097
20020301,0000,1125
20020302,0000,1070
20020303,0000,m
20020304,0000,1731
20020305,0000,1901
20020306,0000,2278
20020307,0000,m
20020308,0000,1037
20020309,0000,554
20020310,0000,324
20020311,0000,4092
20020312,0000,m
20020313,0000,m
20020314,0000,1656
20020315,0000,1848
20020316,0000,977
20020317,0000,m
20020318,0000,m
20020319,0000,2250
20020320,0000,2389
20020321,0000,2255
20020322,0000,2371
20020323,0000,2133
20020324,0000,2628
20020325,0000,3208
20020326,0000,m
20020327,0000,1954
20020328,0000,1895
20020329,0000,2155
20020330,0000,1190
20020331,0000,912
20020401,0000,1988
20020402,0000,2080
20020403,0000,2205
20020404,0000,m
20020405,0000,2248
20020406,0000,m
20020407,0000,m
20020408,0000,2113
20020409,0000,1888
20020410,0000,1679
20020411,0000,1981
20020412,0000,2458
20020413,0000,1560
20020414,0000,1556
20020415,0000,2256
20020416,0000,2383
20020417,0000,2402
20020418,0000,2518
20020419,0000,2055
20020420,0000,1237
20020421,0000,1410
20020422,0000,2125
20020423,0000,m
20020424,0000,m
20020425,0000,2453
20020426,0000,2258
20020427,0000,1236
20020428,0000,1399
20020429,0000,m
20020430,0000,2367
20020501,0000,m
20020502,0000,2416
20020503,0000,2539
20020504,0000,1319
20020505,0000,1282
20020506,0000,2348
20020507,0000,2356
20020508,0000,2532
20020509,0000,2470
20020510,0000,2735
20020511,0000,2155
20020512,0000,2527
20020513,0000,m
20020514,0000,2492
20020515,0000,m
20020516,0000,m
20020517,0000,1930
20020518,0000,m
20020519,0000,m
20020520,0000,2166
20020521,0000,2207
20020522,0000,2090
20020523,0000,3988
20020524,0000,m
20020525,0000,1047
20020526,0000,945
20020527,0000,964
20020528,0000,2111
20020529,0000,2329
20020530,0000,2140
20020531,0000,2232
20020601,0000,1261
20020602,0000,1037
20020603,0000,m
20020604,0000,2443
20020605,0000,m
20020606,0000,m
20020607,0000,m
20020608,0000,761
20020609,0000,544
20020610,0000,1799
20020611,0000,2238
20020612,0000,2150
20020613,0000,2207
20020614,0000,2056
20020615,0000,999
20020616,0000,720
20020617,0000,2269
20020618,0000,2154
20020619,0000,2516
20020620,0000,2328
20020621,0000,m
20020622,0000,1292
20020623,0000,1171
20020624,0000,2140
20020625,0000,m
20020626,0000,2170
20020627,0000,m
20020628,0000,m
20020629,0000,m
20020630,0000,1262
20020701,0000,2542
20020702,0000,m
20020703,0000,m
20020704,0000,m
20020705,0000,2253
20020706,0000,1003
20020707,0000,1000
20020708,0000,m
20020709,0000,m
20020710,0000,2287
20020711,0000,2300
20020712,0000,m
20020713,0000,m
20020714,0000,m
20020715,0000,2073
20020716,0000,2141
20020717,0000,2226
20020718,0000,2208
20020719,0000,2417
20020720,0000,869
20020721,0000,926
20020722,0000,2162
20020723,0000,2177
20020724,0000,2374
20020725,0000,2125
20020726,0000,2307
20020727,0000,786
20020728,0000,764
20020729,0000,2411
20020730,0000,2416
20020731,0000,2340
20020801,0000,2406
20020802,0000,m
20020803,0000,1103
20020804,0000,1251
20020805,0000,2350
20020806,0000,m
20020807,0000,2414
20020808,0000,1349
20020809,0000,1416
20020810,0000,m
20020811,0000,m
20020812,0000,1317
20020813,0000,626
20020814,0000,m
20020815,0000,m
20020816,0000,2499
20020817,0000,m
20020818,0000,m
20020819,0000,2289
20020820,0000,m
20020821,0000,1645
20020822,0000,1503
20020823,0000,1484
20020824,0000,1019
20020825,0000,1135
20020826,0000,m
20020827,0000,1081
20020828,0000,1068
20020829,0000,941
20020830,0000,m
20020831,0000,749
20020901,0000,657
20020902,0000,708
20020903,0000,m
20020904,0000,760
20020905,0000,677
20020906,0000,m
20020907,0000,m
20020908,0000,m
20020909,0000,m
20020910,0000,720
20020911,0000,787
20020912,0000,763
20020913,0000,821
20020914,0000,777
20020915,0000,1316
20020916,0000,843
20020917,0000,611
20020918,0000,m
20020919,0000,1075
20020920,0000,1168
20020921,0000,319
20020922,0000,511
20020923,0000,23870
20020924,0000,m
20020925,0000,659
20020926,0000,m
20020927,0000,636
20020928,0000,656
20020929,0000,23740
20020930,0000,m
20021001,0000,633
20021002,0000,670
20021003,0000,819
20021004,0000,46348
20021005,0000,m
20021006,0000,651
20021007,0000,674
20021008,0000,m
20021009,0000,609
20021010,0000,m
20021011,0000,708
20021012,0000,849
20021013,0000,813
20021014,0000,781
20021015,0000,804
20021016,0000,m
20021017,0000,710
20021018,0000,785
20021019,0000,770
20021020,0000,689
20021021,0000,677
20021022,0000,m
20021023,0000,891
20021024,0000,m
20021025,0000,929
20021026,0000,849
20021027,0000,896
20021028,0000,909
20021029,0000,819
20021030,0000,870
20021031,0000,846
20021101,0000,m
20021102,0000,769
20021103,0000,729
20021104,0000,864
20021105,0000,818
20021106,0000,597
20021107,0000,m
20021108,0000,812
20021109,0000,938
20021110,0000,1010
20021111,0000,1099
20021112,0000,760
20021113,0000,609
20021114,0000,567
20021115,0000,515
20021116,0000,521
20021117,0000,500
20021118,0000,727
20021119,0000,736
20021120,0000,712
20021121,0000,699
20021122,0000,726
20021123,0000,673
20021124,0000,730
20021125,0000,m
20021126,0000,m
20021127,0000,764
20021128,0000,m
20021129,0000,714
20021130,0000,784
20021201,0000,761
20021202,0000,751
20021203,0000,m
20021204,0000,m
20021205,0000,757
20021206,0000,723
20021207,0000,649
20021208,0000,650
20021209,0000,m
20021210,0000,m
20021211,0000,m
20021212,0000,696
20021213,0000,m
20021214,0000,m
20021215,0000,m
20021216,0000,m
20021217,0000,m
20021218,0000,m
20021219,0000,m
20021220,0000,2874
20021221,0000,4148
20021222,0000,2407
20021223,0000,1048
20021224,0000,767
20021225,0000,m
20021226,0000,m
20021227,0000,m
20021228,0000,m
20021229,0000,m
20021230,0000,m
20021231,0000,2661
20030101,0000,m
20030102,0000,1514
20030103,0000,m
20030104,0000,m
20030105,0000,m
20030106,0000,m
20030107,0000,1049
20030108,0000,1023
20030109,0000,1042
20030110,0000,m
20030111,0000,m
20030112,0000,m
20030113,0000,1165
20030114,0000,897
20030115,0000,m
20030116,0000,1270
20030117,0000,1593
20030118,0000,1787
20030119,0000,1962
20030120,0000,1690
20030121,0000,1896
20030122,0000,1517
20030123,0000,m
20030124,0000,m
20030125,0000,1513
20030126,0000,1736
20030127,0000,2379
20030128,0000,2778
20030129,0000,m
20030130,0000,2837
20030131,0000,2942
20030201,0000,2861
20030202,0000,2777
20030203,0000,2902
20030204,0000,2971
20030205,0000,2937
20030206,0000,2330
20030207,0000,2320
20030208,0000,1583
20030209,0000,1879
20030210,0000,2181
20030211,0000,2056
20030212,0000,2091
20030213,0000,2035
20030214,0000,1741
20030215,0000,1661
20030216,0000,2209
20030217,0000,2132
20030218,0000,2049
20030219,0000,1908
20030220,0000,1703
20030221,0000,1867
20030222,0000,1642
20030223,0000,1611
20030224,0000,1826
20030225,0000,1865
20030226,0000,1876
20030227,0000,2034
20030228,0000,2206
20030301,0000,1849
20030302,0000,1879
20030303,0000,2160
20030304,0000,2293
20030305,0000,2010
20030306,0000,2065
20030307,0000,2265
20030308,0000,1724
20030309,0000,1909
20030310,0000,1883
20030311,0000,2339
20030312,0000,2779
20030313,0000,1895
20030314,0000,2709
20030315,0000,4667
20030316,0000,2916
20030317,0000,1122
20030318,0000,2141
20030319,0000,1946
20030320,0000,2056
20030321,0000,1994
20030322,0000,1666
20030323,0000,1973
20030324,0000,2057
20030325,0000,1609
20030326,0000,1628
20030327,0000,1949
20030328,0000,2295
20030329,0000,1558
20030330,0000,1612
20030331,0000,1865
20030401,0000,1908
20030402,0000,1730
20030403,0000,1640
20030404,0000,2012
20030405,0000,1836
20030406,0000,1787
20030407,0000,2334
20030408,0000,1886
20030409,0000,2151
20030410,0000,2125
20030411,0000,2243
20030412,0000,1919
20030413,0000,3586
20030414,0000,2998
20030415,0000,2316
20030416,0000,2267
20030417,0000,1688
20030418,0000,1488
20030419,0000,1410
20030420,0000,1267
20030421,0000,1503
20030422,0000,1591
20030423,0000,2040
20030424,0000,2657
20030425,0000,3172
20030426,0000,2985
20030427,0000,2439
20030428,0000,2952
20030429,0000,2766
20030430,0000,3221
20030501,0000,2003
20030502,0000,3217
20030503,0000,4245
20030504,0000,5647
20030505,0000,4910
20030506,0000,6246
20030507,0000,5950
20030508,0000,6210
20030509,0000,6263
20030510,0000,6136
20030511,0000,5678
20030512,0000,4987
20030513,0000,4286
20030514,0000,4071
20030515,0000,4160
20030516,0000,4205
20030517,0000,4015
20030518,0000,3949
20030519,0000,3887
20030520,0000,3812
20030521,0000,4248
20030522,0000,4350
20030523,0000,4624
20030524,0000,4644
20030525,0000,4691
20030526,0000,4618
20030527,0000,4601
20030528,0000,4997
20030529,0000,5605
20030530,0000,6053
20030531,0000,5884
20030601,0000,5643
20030602,0000,5166
20030603,0000,4697
20030604,0000,6008
20030605,0000,5190
20030606,0000,4874
20030607,0000,4648
20030608,0000,4759
20030609,0000,4644
20030610,0000,3660
20030611,0000,3357
20030612,0000,2690
20030613,0000,2731
20030614,0000,2643
20030615,0000,2770
20030616,0000,2787
20030617,0000,2885
20030618,0000,2997
20030619,0000,2869
20030620,0000,2904
20030621,0000,2547
20030622,0000,2451
20030623,0000,2903
20030624,0000,2576
20030625,0000,2668
20030626,0000,3043
20030627,0000,3082
20030628,0000,2340
20030629,0000,2536
20030630,0000,2895
20030701,0000,2170
20030702,0000,2326
20030703,0000,2435
20030704,0000,2205
20030705,0000,2241
20030706,0000,2159
20030707,0000,2435
20030708,0000,2502
20030709,0000,2261
20030710,0000,2553
20030711,0000,2687
20030712,0000,2427
20030713,0000,2324
20030714,0000,2606
20030715,0000,2456
20030716,0000,2527
20030717,0000,2637
20030718,0000,2653
20030719,0000,2380
20030720,0000,2510
20030721,0000,2587
20030722,0000,2923
20030723,0000,2761
20030724,0000,2658
20030725,0000,2263
20030726,0000,2694
20030727,0000,2596
20030728,0000,2672
20030729,0000,2856
20030730,0000,2743
20030731,0000,m
20030801,0000,2784
20030802,0000,2261
20030803,0000,2561
20030804,0000,2570
20030805,0000,2980
20030806,0000,2839
20030807,0000,2968
20030808,0000,2930
20030809,0000,2681
20030810,0000,2577
20030811,0000,2839
20030812,0000,2942
20030813,0000,2887
20030814,0000,2863
20030815,0000,2994
20030816,0000,2828
20030817,0000,2766
20030818,0000,2894
20030819,0000,m
20030820,0000,2630
20030821,0000,2722
20030822,0000,1907
20030823,0000,1852
20030824,0000,1670
20030825,0000,1671
20030826,0000,1786
20030827,0000,1092
20030828,0000,1103
20030829,0000,1161
20030830,0000,1021
20030831,0000,1276
20030901,0000,1271
20030902,0000,1041
20030903,0000,744
20030904,0000,m
20030905,0000,864
20030906,0000,737
20030907,0000,558
20030908,0000,767
20030909,0000,813
20030910,0000,910
20030911,0000,972
20030912,0000,1032
20030913,0000,674
20030914,0000,906
20030915,0000,771
20030916,0000,723
20030917,0000,927
20030918,0000,809
20030919,0000,778
20030920,0000,684
20030921,0000,835
20030922,0000,900
20030923,0000,877
20030924,0000,732
20030925,0000,721
20030926,0000,784
20030927,0000,797
20030928,0000,741
20030929,0000,773
20030930,0000,773
20031001,0000,627
20031002,0000,647
20031003,0000,691
20031004,0000,586
20031005,0000,830
20031006,0000,721
20031007,0000,876
20031008,0000,781
20031009,0000,870
20031010,0000,746
20031011,0000,871
20031012,0000,1182
20031013,0000,689
20031014,0000,773
20031015,0000,780
20031016,0000,841
20031017,0000,917
20031018,0000,783
20031019,0000,823
20031020,0000,936
20031021,0000,756
20031022,0000,914
20031023,0000,657
20031024,0000,631
20031025,0000,518
20031026,0000,752
20031027,0000,590
20031028,0000,945
20031029,0000,1127
20031030,0000,1058
20031031,0000,1022
20031101,0000,704
20031102,0000,694
20031103,0000,783
20031104,0000,884
20031105,0000,862
20031106,0000,765
20031107,0000,886
20031108,0000,943
20031109,0000,1051
20031110,0000,1056
20031111,0000,919
20031112,0000,854
20031113,0000,910
20031114,0000,733
20031115,0000,591
20031116,0000,798
20031117,0000,916
20031118,0000,859
20031119,0000,835
20031120,0000,804
20031121,0000,806
20031122,0000,741
20031123,0000,879
20031124,0000,841
20031125,0000,834
20031126,0000,852
20031127,0000,770
20031128,0000,746
20031129,0000,802
20031130,0000,809
20031201,0000,901
20031202,0000,932
20031203,0000,827
20031204,0000,795
20031205,0000,789
20031206,0000,885
20031207,0000,1524
20031208,0000,1049
20031209,0000,936
20031210,0000,1108
20031211,0000,1348
20031212,0000,1088
20031213,0000,1348
20031214,0000,2262
20031215,0000,1436
20031216,0000,1248
20031217,0000,1069
20031218,0000,1176
20031219,0000,1456
20031220,0000,1315
20031221,0000,m
20031222,0000,1434
20031223,0000,1917
20031224,0000,2910
20031225,0000,m
20031226,0000,1911
20031227,0000,m
20031228,0000,m
20031229,0000,2295
20031230,0000,2930
20031231,0000,m
20040101,0000,4578
20040102,0000,3004
20040103,0000,2501
20040104,0000,2505
20040105,0000,2377
20040106,0000,2515
20040107,0000,2512
20040108,0000,2464
20040109,0000,2421
20040110,0000,1924
20040111,0000,2217
20040112,0000,m
20040113,0000,2163
20040114,0000,2005
20040115,0000,1889
20040116,0000,2118
20040117,0000,1994
20040118,0000,2143
20040119,0000,2001
20040120,0000,m
20040121,0000,1959
20040122,0000,1963
20040123,0000,1990
20040124,0000,2237
20040125,0000,2020
20040126,0000,2159
20040127,0000,2289
20040128,0000,2443
20040129,0000,1770
20040130,0000,1695
20040131,0000,1373
20040201,0000,1698
20040202,0000,2120
20040203,0000,2361
20040204,0000,2505
20040205,0000,2186
20040206,0000,2076
20040207,0000,1159
20040208,0000,1901
20040209,0000,2022
20040210,0000,1577
20040211,0000,2047
20040212,0000,1946
20040213,0000,1957
20040214,0000,1114
20040215,0000,1818
20040216,0000,2348
20040217,0000,4336
20040218,0000,5811
20040219,0000,3175
20040220,0000,2831
20040221,0000,2328
20040222,0000,2560
20040223,0000,2359
20040224,0000,2702
20040225,0000,4648
20040226,0000,5517
20040227,0000,3939
20040228,0000,3272
20040229,0000,3408
20040301,0000,3679
20040302,0000,3237
20040303,0000,2843
20040304,0000,2599
20040305,0000,2531
20040306,0000,1888
20040307,0000,2366
20040308,0000,2302
20040309,0000,2830
20040310,0000,2975
20040311,0000,2903
20040312,0000,2708
20040313,0000,2342
20040314,0000,2427
20040315,0000,2788
20040316,0000,2924
20040317,0000,2673
20040318,0000,2523
20040319,0000,2328
20040320,0000,1730
20040321,0000,1863
20040322,0000,2304
20040323,0000,2462
20040324,0000,2404
20040325,0000,2286
20040326,0000,2315
20040327,0000,1600
20040328,0000,2123
20040329,0000,1785
20040330,0000,2320
20040331,0000,2459
20040401,0000,2585
20040402,0000,2757
20040403,0000,1949
20040404,0000,2011
20040405,0000,2204
20040406,0000,2569
20040407,0000,1894
20040408,0000,1929
20040409,0000,1941
20040410,0000,1765
20040411,0000,2146
20040412,0000,2343
20040413,0000,2096
20040414,0000,2364
20040415,0000,2579
20040416,0000,2091
20040417,0000,1554
20040418,0000,2106
20040419,0000,2528
20040420,0000,2319
20040421,0000,2088
20040422,0000,2613
20040423,0000,2734
20040424,0000,1935
20040425,0000,2141
20040426,0000,2685
20040427,0000,1888
20040428,0000,2064
20040429,0000,2273
20040430,0000,2288
20040501,0000,m
20040502,0000,2237
20040503,0000,2531
20040504,0000,2569
20040505,0000,2691
20040506,0000,2450
20040507,0000,2492
20040508,0000,1313
20040509,0000,2128
20040510,0000,2551
20040511,0000,2776
20040512,0000,2958
20040513,0000,2802
20040514,0000,2681
20040515,0000,2033
20040516,0000,2196
20040517,0000,2762
20040518,0000,2282
20040519,0000,2431
20040520,0000,2453
20040521,0000,2020
20040522,0000,1349
20040523,0000,2022
20040524,0000,2446
20040525,0000,2493
20040526,0000,2655
20040527,0000,2501
20040528,0000,2157
20040529,0000,1655
20040530,0000,1888
20040531,0000,2038
20040601,0000,2558
20040602,0000,2039
20040603,0000,2226
20040604,0000,2074
20040605,0000,1051
20040606,0000,1725
20040607,0000,2289
20040608,0000,1599
20040609,0000,2286
20040610,0000,2004
20040611,0000,2346
20040612,0000,1314
20040613,0000,1256
20040614,0000,2217
20040615,0000,2249
20040616,0000,m
20040617,0000,2007
20040618,0000,1828
20040619,0000,1195
20040620,0000,1510
20040621,0000,2281
20040622,0000,2135
20040623,0000,2167
20040624,0000,2081
20040625,0000,1922
20040626,0000,1216
20040627,0000,1241
20040628,0000,2016
20040629,0000,1925
20040630,0000,2079
20040701,0000,2230
20040702,0000,2329
20040703,0000,1831
20040704,0000,2003
20040705,0000,1686
20040706,0000,1863
20040707,0000,2331
20040708,0000,2319
20040709,0000,2243
20040710,0000,1385
20040711,0000,1474
20040712,0000,2456
20040713,0000,2362
20040714,0000,2532
20040715,0000,2237
20040716,0000,2397
20040717,0000,1494
20040718,0000,1485
20040719,0000,2439
20040720,0000,2381
20040721,0000,2472
20040722,0000,2544
20040723,0000,2382
20040724,0000,1453
20040725,0000,1442
20040726,0000,2107
20040727,0000,2177
20040728,0000,2200
20040729,0000,1918
20040730,0000,1829
20040731,0000,1272
20040801,0000,1317
20040802,0000,1056
20040803,0000,2065
20040804,0000,2213
20040805,0000,2153
20040806,0000,2081
20040807,0000,1354
20040808,0000,1251
20040809,0000,2082
20040810,0000,2016
20040811,0000,1976
20040812,0000,1961
20040813,0000,1939
20040814,0000,1001
20040815,0000,954
20040816,0000,1992
20040817,0000,1888
20040818,0000,1906
20040819,0000,1894
20040820,0000,1736
20040821,0000,1164
20040822,0000,889
20040823,0000,1666
20040824,0000,1646
20040825,0000,1590
20040826,0000,1459
20040827,0000,1726
20040828,0000,1064
20040829,0000,1021
20040830,0000,1090
20040831,0000,1052
20040901,0000,1098
20040902,0000,734
20040903,0000,809
20040904,0000,891
20040905,0000,944
20040906,0000,913
20040907,0000,847
20040908,0000,726
20040909,0000,763
20040910,0000,755
20040911,0000,455
20040912,0000,420
20040913,0000,874
20040914,0000,843
20040915,0000,827
20040916,0000,745
20040917,0000,943
20040918,0000,91
20040919,0000,103
20040920,0000,983
20040921,0000,798
20040922,0000,m
20040923,0000,831
20040924,0000,1005
20040925,0000,70
20040926,0000,-127
20040927,0000,916
20040928,0000,896
20040929,0000,1093
20040930,0000,1198
20041001,0000,973
20041002,0000,577
20041003,0000,1235
20041004,0000,1209
20041005,0000,1081
20041006,0000,1002
20041007,0000,1049
20041008,0000,1118
20041009,0000,133
20041010,0000,543
20041011,0000,1089
20041012,0000,1179
20041013,0000,1290
20041014,0000,1227
20041015,0000,1142
20041016,0000,749
20041017,0000,999
20041018,0000,1025
20041019,0000,1085
20041020,0000,1253
20041021,0000,1013
20041022,0000,1087
20041023,0000,1002
20041024,0000,1097
20041025,0000,991
20041026,0000,1106
20041027,0000,1205
20041028,0000,1006
20041029,0000,1011
20041030,0000,714
20041031,0000,1055
20041101,0000,1148
20041102,0000,1046
20041103,0000,1030
20041104,0000,889
20041105,0000,664
20041106,0000,440
20041107,0000,547
20041108,0000,665
20041109,0000,856
20041110,0000,726
20041111,0000,819
20041112,0000,785
20041113,0000,444
20041114,0000,572
20041115,0000,671
20041116,0000,771
20041117,0000,660
20041118,0000,786
20041119,0000,854
20041120,0000,536
20041121,0000,967
20041122,0000,1007
20041123,0000,993
20041124,0000,1030
20041125,0000,677
20041126,0000,747
20041127,0000,554
20041128,0000,757
20041129,0000,878
20041130,0000,1012
20041201,0000,1262
20041202,0000,1113
20041203,0000,1159
20041204,0000,370
20041205,0000,757
20041206,0000,1013
20041207,0000,956
20041208,0000,2458
20041209,0000,640
20041210,0000,1151
20041211,0000,925
20041212,0000,825
20041213,0000,828
20041214,0000,893
20041215,0000,823
20041216,0000,871
20041217,0000,643
20041218,0000,432
20041219,0000,598
20041220,0000,846
20041221,0000,809
20041222,0000,813
20041223,0000,731
20041224,0000,685
20041225,0000,665
20041226,0000,562
20041227,0000,781
20041228,0000,913
20041229,0000,1152
20041230,0000,2158
20041231,0000,2444
20050101,0000,1730
20050102,0000,1897
20050103,0000,1687
20050104,0000,1111
20050105,0000,1092
20050106,0000,907
20050107,0000,1123
20050108,0000,1769
20050109,0000,1448
20050110,0000,1328
20050111,0000,2644
20050112,0000,1541
20050113,0000,1205
20050114,0000,1212
20050115,0000,956
20050116,0000,1091
20050117,0000,1170
20050118,0000,1068
20050119,0000,1354
20050120,0000,1126
20050121,0000,1082
20050122,0000,867
20050123,0000,1017
20050124,0000,987
20050125,0000,826
20050126,0000,1251
20050127,0000,1392
20050128,0000,1495
20050129,0000,1203
20050130,0000,1095
20050131,0000,1170
20050201,0000,849
20050202,0000,959
20050203,0000,851
20050204,0000,694
20050205,0000,768
20050206,0000,706
20050207,0000,813
20050208,0000,831
20050209,0000,865
20050210,0000,729
20050211,0000,844
20050212,0000,637
20050213,0000,796
20050214,0000,936
20050215,0000,1076
20050216,0000,897
20050217,0000,1045
20050218,0000,1012
20050219,0000,982
20050220,0000,2063
20050221,0000,1748
20050222,0000,1598
20050223,0000,1314
20050224,0000,1207
20050225,0000,1171
20050226,0000,914
20050227,0000,988
20050228,0000,1255
20050301,0000,1224
20050302,0000,2229
20050303,0000,1649
20050304,0000,771
20050305,0000,1699
20050306,0000,1816
20050307,0000,1104
20050308,0000,1017
20050309,0000,901
20050310,0000,890
20050311,0000,878
20050312,0000,739
20050313,0000,803
20050314,0000,823
20050315,0000,731
20050316,0000,806
20050317,0000,941
20050318,0000,918
20050319,0000,1069
20050320,0000,1821
20050321,0000,1666
20050322,0000,4804
20050323,0000,5251
20050324,0000,3367
20050325,0000,2234
20050326,0000,2092
20050327,0000,1979
20050328,0000,3267
20050329,0000,2709
20050330,0000,2405
20050331,0000,1887
20050401,0000,1691
20050402,0000,1351
20050403,0000,1551
20050404,0000,1751
20050405,0000,1646
20050406,0000,1400
20050407,0000,1436
20050408,0000,1642
20050409,0000,1609
20050410,0000,1544
20050411,0000,1592
20050412,0000,1881
20050413,0000,1812
20050414,0000,2166
20050415,0000,2593
20050416,0000,2133
20050417,0000,2193
20050418,0000,2409
20050419,0000,2269
20050420,0000,2221
20050421,0000,2543
20050422,0000,2456
20050423,0000,1494
20050424,0000,2214
20050425,0000,2330
20050426,0000,2332
20050427,0000,2607
20050428,0000,2634
20050429,0000,3465
20050430,0000,3233
20050501,0000,3360
20050502,0000,3078
20050503,0000,3042
20050504,0000,3136
20050505,0000,3240
20050506,0000,3065
20050507,0000,3075
20050508,0000,3435
20050509,0000,5156
20050510,0000,3904
20050511,0000,3958
20050512,0000,3908
20050513,0000,3836
20050514,0000,3755
20050515,0000,4095
20050516,0000,5664
20050517,0000,6003
20050518,0000,7262
20050519,0000,35331
20050520,0000,34998
20050521,0000,22255
20050522,0000,13268
20050523,0000,11115
20050524,0000,8740
20050525,0000,7885
20050526,0000,8282
20050527,0000,8771
20050528,0000,7579
20050529,0000,6947
20050530,0000,5931
20050531,0000,5575
20050601,0000,4626
20050602,0000,4677
20050603,0000,4694
20050604,0000,4914
20050605,0000,4522
20050606,0000,4489
20050607,0000,4328
20050608,0000,4268
20050609,0000,5081
20050610,0000,5082
20050611,0000,3994
20050612,0000,4125
20050613,0000,4377
20050614,0000,4380
20050615,0000,3812
20050616,0000,3125
20050617,0000,3220
20050618,0000,3168
20050619,0000,2789
20050620,0000,3083
20050621,0000,2808
20050622,0000,3149
20050623,0000,2936
20050624,0000,2936
20050625,0000,2274
20050626,0000,2820
20050627,0000,2741
20050628,0000,3164
20050629,0000,2976
20050630,0000,3067
20050701,0000,3004
20050702,0000,2535
20050703,0000,2573
20050704,0000,2617
20050705,0000,2782
20050706,0000,2805
20050707,0000,3155
20050708,0000,2847
20050709,0000,2835
20050710,0000,2943
20050711,0000,3094
20050712,0000,2913
20050713,0000,2801
20050714,0000,2631
20050715,0000,2715
20050716,0000,2693
20050717,0000,2457
20050718,0000,2727
20050719,0000,2631
20050720,0000,2479
20050721,0000,2446
20050722,0000,2108
20050723,0000,2283
20050724,0000,2126
20050725,0000,1966
20050726,0000,2085
20050727,0000,1957
20050728,0000,2051
20050729,0000,2154
20050730,0000,1886
20050731,0000,2029
20050801,0000,2166
20050802,0000,2091
20050803,0000,2067
20050804,0000,1743
20050805,0000,1734
20050806,0000,1403
20050807,0000,1485
20050808,0000,1789
20050809,0000,1842
20050810,0000,1854
20050811,0000,1925
20050812,0000,1757
20050813,0000,m
20050814,0000,1431
20050815,0000,1774
20050816,0000,1616
20050817,0000,1887
20050818,0000,1487
20050819,0000,1054
20050820,0000,1559
20050821,0000,1347
20050822,0000,1682
20050823,0000,1566
20050824,0000,1922
20050825,0000,1513
20050826,0000,1803
20050827,0000,1606
20050828,0000,1392
20050829,0000,1020
20050830,0000,1225
20050831,0000,1215
20050901,0000,913
20050902,0000,901
20050903,0000,743
20050904,0000,656
20050905,0000,458
20050906,0000,1073
20050907,0000,988
20050908,0000,860
20050909,0000,m
20050910,0000,464
20050911,0000,364
20050912,0000,878
20050913,0000,915
20050914,0000,904
20050915,0000,891
20050916,0000,714
20050917,0000,851
20050918,0000,683
20050919,0000,656
20050920,0000,736
20050921,0000,906
20050922,0000,1095
20050923,0000,808
20050924,0000,583
20050925,0000,583
20050926,0000,884
20050927,0000,800
20050928,0000,853
20050929,0000,870
20050930,0000,777
20051001,0000,707
20051002,0000,432
20051003,0000,849
20051004,0000,633
20051005,0000,699
20051006,0000,800
20051007,0000,843
20051008,0000,445
20051009,0000,425
20051010,0000,1032
20051011,0000,1005
20051012,0000,1031
20051013,0000,1018
20051014,0000,828
20051015,0000,526
20051016,0000,538
20051017,0000,858
20051018,0000,893
20051019,0000,872
20051020,0000,1212
20051021,0000,561
20051022,0000,1112
20051023,0000,1347
20051024,0000,1143
20051025,0000,1205
20051026,0000,1298
20051027,0000,1112
20051028,0000,1230
20051029,0000,1152
20051030,0000,1039
20051031,0000,986
20051101,0000,1325
20051102,0000,1296
20051103,0000,1339
20051104,0000,1329
20051105,0000,1082
20051106,0000,1193
20051107,0000,1195
20051108,0000,1137
20051109,0000,1213
20051110,0000,1178
20051111,0000,1354
20051112,0000,1306
20051113,0000,1431
20051114,0000,1355
20051115,0000,1108
20051116,0000,1034
20051117,0000,1091
20051118,0000,833
20051119,0000,733
20051120,0000,1089
20051121,0000,981
20051122,0000,1710
20051123,0000,1957
20051124,0000,1380
20051125,0000,1002
20051126,0000,876
20051127,0000,1073
20051128,0000,1018
20051129,0000,953
20051130,0000,1176
20051201,0000,2404
20051202,0000,3900
20051203,0000,1304
20051204,0000,1283
20051205,0000,1191
20051206,0000,1147
20051207,0000,1105
20051208,0000,1126
20051209,0000,961
20051210,0000,1038
20051211,0000,1097
20051212,0000,1232
20051213,0000,1687
20051214,0000,1692
20051215,0000,1721
20051216,0000,1854
20051217,0000,1310
20051218,0000,1826
20051219,0000,2841
20051220,0000,2322
20051221,0000,2905
20051222,0000,9623
20051223,0000,7034
20051224,0000,4942
20051225,0000,5255
20051226,0000,8983
20051227,0000,8874
20051228,0000,21189
20051229,0000,18932
20051230,0000,17362
20051231,0000,79298
20060101,0000,49338
20060102,0000,34710
20060103,0000,23380
20060104,0000,17242
20060105,0000,12996
20060106,0000,9980
20060107,0000,8223
20060108,0000,7088
20060109,0000,6080
20060110,0000,5423
20060111,0000,5217
20060112,0000,5099
20060113,0000,4820
20060114,0000,4754
20060115,0000,4652
20060116,0000,4177
20060117,0000,4237
20060118,0000,5079
20060119,0000,4354
20060120,0000,4217
20060121,0000,4228
20060122,0000,m
20060123,0000,4293
20060124,0000,4280
20060125,0000,4274
20060126,0000,3545
20060127,0000,4038
20060128,0000,3391
20060129,0000,3523
20060130,0000,3451
20060131,0000,3852
20060201,0000,3922
20060202,0000,7091
20060203,0000,5540
20060204,0000,4786
20060205,0000,4578
20060206,0000,4024
20060207,0000,4105
20060208,0000,4559
20060209,0000,4317
20060210,0000,4250
20060211,0000,4223
20060212,0000,3996
20060213,0000,3973
20060214,0000,3961
20060215,0000,3809
20060216,0000,3794
20060217,0000,3840
20060218,0000,3803
20060219,0000,3886
20060220,0000,3815
20060221,0000,3805
20060222,0000,3597
20060223,0000,3768
20060224,0000,3968
20060225,0000,4613
20060226,0000,4610
20060227,0000,8014
20060228,0000,16328
20060301,0000,11931
20060302,0000,10915
20060303,0000,10177
20060304,0000,8526
20060305,0000,7251
20060306,0000,9289
20060307,0000,6299
20060308,0000,5213
20060309,0000,4526
20060310,0000,4400
20060311,0000,4229
20060312,0000,4141
20060313,0000,4132
20060314,0000,4821
20060315,0000,4461
20060316,0000,4302
20060317,0000,4277
20060318,0000,4070
20060319,0000,4395
20060320,0000,4301
20060321,0000,4319
20060322,0000,4201
20060323,0000,4135
20060324,0000,4140
20060325,0000,8904
20060326,0000,6518
20060327,0000,5903
20060328,0000,4982
20060329,0000,4279
20060330,0000,3878
20060331,0000,4771
20060401,0000,6348
20060402,0000,7574
20060403,0000,19679
20060404,0000,24647
20060405,0000,19672
20060406,0000,11652
20060407,0000,7323
20060408,0000,7511
20060409,0000,6665
20060410,0000,7633
20060411,0000,9918
20060412,0000,11236
20060413,0000,10437
20060414,0000,10141
20060415,0000,10043
20060416,0000,15874
20060417,0000,14699
20060418,0000,10151
20060419,0000,6394
20060420,0000,6008
20060421,0000,5906
20060422,0000,5978
20060423,0000,6023
20060424,0000,6157
20060425,0000,6422
20060426,0000,6748
20060427,0000,7439
20060428,0000,10028
20060429,0000,15779
20060430,0000,18214
20060501,0000,17672
20060502,0000,15309
20060503,0000,13875
20060504,0000,11960
20060505,0000,8885
20060506,0000,7728
20060507,0000,8001
20060508,0000,8109
20060509,0000,8551
20060510,0000,7978
20060511,0000,9009
20060512,0000,10087
20060513,0000,8488
20060514,0000,10381
20060515,0000,10403
20060516,0000,6797
20060517,0000,9946
20060518,0000,10073
20060519,0000,10387
20060520,0000,9643
20060521,0000,8623
20060522,0000,8995
20060523,0000,9557
20060524,0000,9263
20060525,0000,6753
20060526,0000,5559
20060527,0000,5681
20060528,0000,4715
20060529,0000,4347
20060530,0000,4018
20060531,0000,4302
20060601,0000,4150
20060602,0000,3696
20060603,0000,4148
20060604,0000,4427
20060605,0000,4293
20060606,0000,4340
20060607,0000,3642
20060608,0000,3567
20060609,0000,3636
20060610,0000,3376
20060611,0000,3855
20060612,0000,4206
20060613,0000,3311
20060614,0000,26170
20060615,0000,3219
20060616,0000,3156
20060617,0000,3053
20060618,0000,3172
20060619,0000,2718
20060620,0000,3283
20060621,0000,3160
20060622,0000,3309
20060623,0000,2970
20060624,0000,2788
20060625,0000,2589
20060626,0000,2741
20060627,0000,2940
20060628,0000,2951
20060629,0000,3118
20060630,0000,3017
20060701,0000,2703
20060702,0000,2623
20060703,0000,2863
20060704,0000,2482
20060705,0000,2589
20060706,0000,2566
20060707,0000,2917
20060708,0000,3084
20060709,0000,2775
20060710,0000,2713
20060711,0000,2520
20060712,0000,2418
20060713,0000,2571
20060714,0000,2435
20060715,0000,2596
20060716,0000,2585
20060717,0000,2639
20060718,0000,2578
20060719,0000,2308
20060720,0000,2196
20060721,0000,2156
20060722,0000,2181
20060723,0000,1992
20060724,0000,2402
20060725,0000,3259
20060726,0000,2670
20060727,0000,2946
20060728,0000,3084
20060729,0000,2339
20060730,0000,2133
20060731,0000,1986
20060801,0000,2025
20060802,0000,1892
20060803,0000,1887
20060804,0000,1951
20060805,0000,1891
20060806,0000,1847
20060807,0000,1928
20060808,0000,1798
20060809,0000,1790
20060810,0000,1705
20060811,0000,1499
20060812,0000,1395
20060813,0000,1467
20060814,0000,1610
20060815,0000,1558
20060816,0000,1539
20060817,0000,1663
20060818,0000,1636
20060819,0000,1515
20060820,0000,1429
20060821,0000,1598
20060822,0000,1534
20060823,0000,1000
20060824,0000,1151
20060825,0000,1558
20060826,0000,1440
20060827,0000,1465
20060828,0000,928
20060829,0000,968
20060830,0000,1203
20060831,0000,749
20060901,0000,549
20060902,0000,653
20060903,0000,776
20060904,0000,812
20060905,0000,823
20060906,0000,832
20060907,0000,901
20060908,0000,831
20060909,0000,689
20060910,0000,725
20060911,0000,794
20060912,0000,799
20060913,0000,846
20060914,0000,632
20060915,0000,666
20060916,0000,630
20060917,0000,737
20060918,0000,809
20060919,0000,733
20060920,0000,721
20060921,0000,628
20060922,0000,626
20060923,0000,573
20060924,0000,531
20060925,0000,640
20060926,0000,681
20060927,0000,713
20060928,0000,694
20060929,0000,682
20060930,0000,517
20061001,0000,601
20061002,0000,761
20061003,0000,754
20061004,0000,771
20061005,0000,730
20061006,0000,730
20061007,0000,630
20061008,0000,678
20061009,0000,774
20061010,0000,715
20061011,0000,742
20061012,0000,677
20061013,0000,707
20061014,0000,762
20061015,0000,703
20061016,0000,686
20061017,0000,745
20061018,0000,742
20061019,0000,814
20061020,0000,722
20061021,0000,588
20061022,0000,762
20061023,0000,555
20061024,0000,616
20061025,0000,587
20061026,0000,802
20061027,0000,603
20061028,0000,795
20061029,0000,1029
20061030,0000,898
20061031,0000,1020
20061101,0000,814
20061102,0000,778
20061103,0000,770
20061104,0000,758
20061105,0000,739
20061106,0000,763
20061107,0000,698
20061108,0000,641
20061109,0000,568
20061110,0000,589
20061111,0000,778
20061112,0000,790
20061113,0000,m
20061114,0000,620
20061115,0000,838
20061116,0000,713
20061117,0000,685
20061118,0000,705
20061119,0000,854
20061120,0000,771
20061121,0000,662
20061122,0000,606
20061123,0000,664
20061124,0000,682
20061125,0000,642
20061126,0000,718
20061127,0000,766
20061128,0000,739
20061129,0000,723
20061130,0000,779
20061201,0000,626
20061202,0000,663
20061203,0000,712
20061204,0000,758
20061205,0000,744
20061206,0000,805
20061207,0000,763
20061208,0000,752
20061209,0000,747
20061210,0000,1009
20061211,0000,785
20061212,0000,863
20061213,0000,851
20061214,0000,771
20061215,0000,714
20061216,0000,742
20061217,0000,667
20061218,0000,665
20061219,0000,627
20061220,0000,514
20061221,0000,691
20061222,0000,1058
20061223,0000,705
20061224,0000,652
20061225,0000,607
20061226,0000,647
20061227,0000,1373
20061228,0000,1364
20061229,0000,1312
20061230,0000,969
20061231,0000,1054
20070101,0000,884
20070102,0000,1053
20070103,0000,718
20070104,0000,857
20070105,0000,1640
20070106,0000,1498
20070107,0000,1399
20070108,0000,1285
20070109,0000,1392
20070110,0000,1167
20070111,0000,m

