Date,PST,Outflow
19931001,0000,600
19931002,0000,764
19931003,0000,765
19931004,0000,1056
19931005,0000,1050
19931006,0000,1511
19931007,0000,1511
19931008,0000,1511
19931009,0000,1511
19931010,0000,1511
19931011,0000,1511
19931012,0000,1511
19931013,0000,1511
19931014,0000,1511
19931015,0000,m
19931016,0000,m
19931017,0000,1500
19931018,0000,1480
19931019,0000,1487
19931020,0000,1480
19931021,0000,1510
19931022,0000,1510
19931023,0000,1510
19931024,0000,m
19931025,0000,1511
19931026,0000,1511
19931027,0000,1511
19931028,0000,1480
19931029,0000,m
19931030,0000,m
19931031,0000,1500
19931101,0000,1500
19931102,0000,1490
19931103,0000,1500
19931104,0000,1500
19931105,0000,1500
19931106,0000,1500
19931107,0000,1500
19931108,0000,1500
19931109,0000,1490
19931110,0000,m
19931111,0000,1480
19931112,0000,1490
19931113,0000,m
19931114,0000,1480
19931115,0000,m
19931116,0000,1484
19931117,0000,1480
19931118,0000,m
19931119,0000,m
19931120,0000,1500
19931121,0000,1500
19931122,0000,1480
19931123,0000,1480
19931124,0000,1490
19931125,0000,1490
19931126,0000,m
19931127,0000,m
19931128,0000,1480
19931129,0000,1444
19931130,0000,1444
19931201,0000,1300
19931202,0000,m
19931203,0000,1332
19931204,0000,1332
19931205,0000,1282
19931206,0000,1282
19931207,0000,1281
19931208,0000,1300
19931209,0000,1300
19931210,0000,1300
19931211,0000,1282
19931212,0000,1282
19931213,0000,1282
19931214,0000,1282
19931215,0000,1282
19931216,0000,1282
19931217,0000,1282
19931218,0000,1282
19931219,0000,1282
19931220,0000,1282
19931221,0000,1282
19931222,0000,1309
19931223,0000,1300
19931224,0000,m
19931225,0000,m
19931226,0000,1291
19931227,0000,1282
19931228,0000,1282
19931229,0000,1282
19931230,0000,1282
19931231,0000,m
19940101,0000,m
19940102,0000,1291
19940103,0000,1282
19940104,0000,1282
19940105,0000,1282
19940106,0000,1282
19940107,0000,1300
19940108,0000,1300
19940109,0000,1300
19940110,0000,1300
19940111,0000,1291
19940112,0000,1291
19940113,0000,1291
19940114,0000,1291
19940115,0000,1291
19940116,0000,m
19940117,0000,1291
19940118,0000,1291
19940119,0000,1282
19940120,0000,1227
19940121,0000,m
19940122,0000,m
19940123,0000,920
19940124,0000,914
19940125,0000,914
19940126,0000,914
19940127,0000,914
19940128,0000,914
19940129,0000,914
19940130,0000,914
19940131,0000,914
19940201,0000,914
19940202,0000,914
19940203,0000,914
19940204,0000,914
19940205,0000,914
19940206,0000,914
19940207,0000,914
19940208,0000,m
19940209,0000,914
19940210,0000,913
19940211,0000,913
19940212,0000,913
19940213,0000,913
19940214,0000,913
19940215,0000,907
19940216,0000,m
19940217,0000,m
19940218,0000,914
19940219,0000,914
19940220,0000,m
19940221,0000,m
19940222,0000,914
19940223,0000,914
19940224,0000,945
19940225,0000,914
19940226,0000,914
19940227,0000,914
19940228,0000,914
19940301,0000,914
19940302,0000,914
19940303,0000,914
19940304,0000,914
19940305,0000,914
19940306,0000,914
19940307,0000,914
19940308,0000,914
19940309,0000,914
19940310,0000,914
19940311,0000,914
19940312,0000,914
19940313,0000,914
19940314,0000,914
19940315,0000,914
19940316,0000,914
19940317,0000,914
19940318,0000,914
19940319,0000,m
19940320,0000,914
19940321,0000,914
19940322,0000,914
19940323,0000,914
19940324,0000,914
19940325,0000,914
19940326,0000,914
19940327,0000,914
19940328,0000,914
19940329,0000,914
19940330,0000,914
19940331,0000,1136
19940401,0000,986
19940402,0000,921
19940403,0000,883
19940404,0000,840
19940405,0000,710
19940406,0000,698
19940407,0000,698
19940408,0000,698
19940409,0000,698
19940410,0000,m
19940411,0000,698
19940412,0000,698
19940413,0000,m
19940414,0000,698
19940415,0000,m
19940416,0000,698
19940417,0000,788
19940418,0000,835
19940419,0000,912
19940420,0000,1016
19940421,0000,989
19940422,0000,1011
19940423,0000,1044
19940424,0000,1049
19940425,0000,992
19940426,0000,936
19940427,0000,913
19940428,0000,869
19940429,0000,820
19940430,0000,820
19940501,0000,906
19940502,0000,923
19940503,0000,1027
19940504,0000,1073
19940505,0000,1052
19940506,0000,1010
19940507,0000,994
19940508,0000,989
19940509,0000,965
19940510,0000,1092
19940511,0000,1093
19940512,0000,1075
19940513,0000,1108
19940514,0000,1108
19940515,0000,1038
19940516,0000,1036
19940517,0000,1036
19940518,0000,1020
19940519,0000,m
19940520,0000,1013
19940521,0000,991
19940522,0000,985
19940523,0000,969
19940524,0000,896
19940525,0000,843
19940526,0000,840
19940527,0000,m
19940528,0000,873
19940529,0000,873
19940530,0000,945
19940531,0000,989
19940601,0000,1027
19940602,0000,1042
19940603,0000,1070
19940604,0000,1095
19940605,0000,1130
19940606,0000,1111
19940607,0000,1095
19940608,0000,1095
19940609,0000,1095
19940610,0000,1095
19940611,0000,1095
19940612,0000,1095
19940613,0000,1109
19940614,0000,1024
19940615,0000,1125
19940616,0000,1095
19940617,0000,1095
19940618,0000,1080
19940619,0000,1080
19940620,0000,1067
19940621,0000,1053
19940622,0000,1040
19940623,0000,1020
19940624,0000,1020
19940625,0000,m
19940626,0000,1029
19940627,0000,1025
19940628,0000,1035
19940629,0000,1020
19940630,0000,1005
19940701,0000,m
19940702,0000,933
19940703,0000,933
19940704,0000,907
19940705,0000,938
19940706,0000,872
19940707,0000,845
19940708,0000,868
19940709,0000,905
19940710,0000,905
19940711,0000,899
19940712,0000,902
19940713,0000,892
19940714,0000,879
19940715,0000,884
19940716,0000,900
19940717,0000,893
19940718,0000,876
19940719,0000,m
19940720,0000,870
19940721,0000,878
19940722,0000,884
19940723,0000,890
19940724,0000,890
19940725,0000,890
19940726,0000,872
19940727,0000,865
19940728,0000,m
19940729,0000,865
19940730,0000,874
19940731,0000,m
19940801,0000,1110
19940802,0000,1198
19940803,0000,1162
19940804,0000,1150
19940805,0000,m
19940806,0000,m
19940807,0000,1119
19940808,0000,1099
19940809,0000,1074
19940810,0000,1080
19940811,0000,1086
19940812,0000,1090
19940813,0000,1090
19940814,0000,1072
19940815,0000,1060
19940816,0000,1046
19940817,0000,1022
19940818,0000,1042
19940819,0000,1100
19940820,0000,1100
19940821,0000,1100
19940822,0000,1100
19940823,0000,m
19940824,0000,1021
19940825,0000,942
19940826,0000,900
19940827,0000,885
19940828,0000,874
19940829,0000,817
19940830,0000,747
19940831,0000,732
19940901,0000,755
19940902,0000,m
19940903,0000,770
19940904,0000,770
19940905,0000,770
19940906,0000,759
19940907,0000,689
19940908,0000,m
19940909,0000,m
19940910,0000,m
19940911,0000,611
19940912,0000,601
19940913,0000,591
19940914,0000,591
19940915,0000,587
19940916,0000,575
19940917,0000,531
19940918,0000,526
19940919,0000,526
19940920,0000,534
19940921,0000,547
19940922,0000,547
19940923,0000,547
19940924,0000,653
19940925,0000,678
19940926,0000,692
19940927,0000,716
19940928,0000,716
19940929,0000,716
19940930,0000,716
19941001,0000,716
19941002,0000,716
19941003,0000,716
19941004,0000,716
19941005,0000,716
19941006,0000,714
19941007,0000,730
19941008,0000,739
19941009,0000,717
19941010,0000,721
19941011,0000,m
19941012,0000,719
19941013,0000,720
19941014,0000,m
19941015,0000,720
19941016,0000,720
19941017,0000,718
19941018,0000,m
19941019,0000,m
19941020,0000,718
19941021,0000,714
19941022,0000,716
19941023,0000,713
19941024,0000,715
19941025,0000,716
19941026,0000,716
19941027,0000,718
19941028,0000,m
19941029,0000,m
19941030,0000,713
19941031,0000,713
19941101,0000,712
19941102,0000,712
19941103,0000,712
19941104,0000,712
19941105,0000,715
19941106,0000,715
19941107,0000,717
19941108,0000,718
19941109,0000,712
19941110,0000,699
19941111,0000,705
19941112,0000,707
19941113,0000,707
19941114,0000,708
19941115,0000,708
19941116,0000,709
19941117,0000,709
19941118,0000,708
19941119,0000,710
19941120,0000,710
19941121,0000,708
19941122,0000,709
19941123,0000,709
19941124,0000,710
19941125,0000,708
19941126,0000,708
19941127,0000,708
19941128,0000,709
19941129,0000,709
19941130,0000,708
19941201,0000,709
19941202,0000,701
19941203,0000,694
19941204,0000,696
19941205,0000,1386
19941206,0000,2604
19941207,0000,1056
19941208,0000,758
19941209,0000,686
19941210,0000,681
19941211,0000,680
19941212,0000,678
19941213,0000,676
19941214,0000,682
19941215,0000,682
19941216,0000,685
19941217,0000,685
19941218,0000,683
19941219,0000,682
19941220,0000,681
19941221,0000,681
19941222,0000,677
19941223,0000,685
19941224,0000,692
19941225,0000,692
19941226,0000,692
19941227,0000,692
19941228,0000,692
19941229,0000,692
19941230,0000,686
19941231,0000,712
19950101,0000,1010
19950102,0000,1010
19950103,0000,1004
19950104,0000,1004
19950105,0000,1010
19950106,0000,1010
19950107,0000,1010
19950108,0000,1013
19950109,0000,1573
19950110,0000,20432
19950111,0000,20432
19950112,0000,10346
19950113,0000,5669
19950114,0000,13757
19950115,0000,21254
19950116,0000,12473
19950117,0000,6443
19950118,0000,6443
19950119,0000,5199
19950120,0000,4866
19950121,0000,4620
19950122,0000,4490
19950123,0000,4474
19950124,0000,5140
19950125,0000,5276
19950126,0000,5505
19950127,0000,5547
19950128,0000,6271
19950129,0000,5988
19950130,0000,4931
19950131,0000,4931
19950201,0000,5097
19950202,0000,6493
19950203,0000,6493
19950204,0000,6984
19950205,0000,6731
19950206,0000,6541
19950207,0000,4256
19950208,0000,4256
19950209,0000,4134
19950210,0000,4043
19950211,0000,4043
19950212,0000,4004
19950213,0000,3992
19950214,0000,4031
19950215,0000,4031
19950216,0000,3974
19950217,0000,3974
19950218,0000,3976
19950219,0000,3970
19950220,0000,3970
19950221,0000,3965
19950222,0000,3954
19950223,0000,3952
19950224,0000,3944
19950225,0000,3943
19950226,0000,3942
19950227,0000,3950
19950228,0000,3950
19950301,0000,3926
19950302,0000,3929
19950303,0000,3934
19950304,0000,4974
19950305,0000,4974
19950306,0000,4693
19950307,0000,4480
19950308,0000,4188
19950309,0000,4083
19950310,0000,14239
19950311,0000,32173
19950312,0000,28722
19950313,0000,22428
19950314,0000,22705
19950315,0000,23487
19950316,0000,22251
19950317,0000,13435
19950318,0000,13435
19950319,0000,12790
19950320,0000,12408
19950321,0000,13881
19950322,0000,13867
19950323,0000,13867
19950324,0000,11522
19950325,0000,11522
19950326,0000,8055
19950327,0000,7354
19950328,0000,6024
19950329,0000,5010
19950330,0000,4802
19950331,0000,4802
19950401,0000,4624
19950402,0000,4478
19950403,0000,4478
19950404,0000,4654
19950405,0000,4654
19950406,0000,4732
19950407,0000,6094
19950408,0000,7591
19950409,0000,6110
19950410,0000,5405
19950411,0000,5044
19950412,0000,4874
19950413,0000,5989
19950414,0000,5751
19950415,0000,5177
19950416,0000,4932
19950417,0000,4701
19950418,0000,4607
19950419,0000,4524
19950420,0000,4527
19950421,0000,4487
19950422,0000,4403
19950423,0000,4351
19950424,0000,4340
19950425,0000,4319
19950426,0000,4361
19950427,0000,4367
19950428,0000,4658
19950429,0000,7906
19950430,0000,17339
19950501,0000,27952
19950502,0000,31955
19950503,0000,21680
19950504,0000,13116
19950505,0000,12410
19950506,0000,11891
19950507,0000,11070
19950508,0000,10052
19950509,0000,8290
19950510,0000,7581
19950511,0000,6881
19950512,0000,5610
19950513,0000,5590
19950514,0000,5083
19950515,0000,4844
19950516,0000,4347
19950517,0000,4368
19950518,0000,4206
19950519,0000,m
19950520,0000,5692
19950521,0000,6104
19950522,0000,6291
19950523,0000,6890
19950524,0000,8028
19950525,0000,8603
19950526,0000,8716
19950527,0000,9158
19950528,0000,9305
19950529,0000,9408
19950530,0000,9732
19950531,0000,10123
19950601,0000,m
19950602,0000,m
19950603,0000,9914
19950604,0000,10115
19950605,0000,10967
19950606,0000,8699
19950607,0000,6774
19950608,0000,5471
19950609,0000,5749
19950610,0000,5374
19950611,0000,6142
19950612,0000,7007
19950613,0000,7207
19950614,0000,7440
19950615,0000,9367
19950616,0000,10247
19950617,0000,7291
19950618,0000,6411
19950619,0000,6665
19950620,0000,6328
19950621,0000,5923
19950622,0000,5246
19950623,0000,5282
19950624,0000,5970
19950625,0000,6715
19950626,0000,m
19950627,0000,8030
19950628,0000,8515
19950629,0000,7484
19950630,0000,6751
19950701,0000,6259
19950702,0000,m
19950703,0000,5495
19950704,0000,5224
19950705,0000,4730
19950706,0000,4563
19950707,0000,4024
19950708,0000,4063
19950709,0000,4200
19950710,0000,4223
19950711,0000,4032
19950712,0000,3998
19950713,0000,3993
19950714,0000,3932
19950715,0000,3237
19950716,0000,2990
19950717,0000,2986
19950718,0000,2989
19950719,0000,2993
19950720,0000,3002
19950721,0000,3001
19950722,0000,3002
19950723,0000,3003
19950724,0000,3000
19950725,0000,2260
19950726,0000,2066
19950727,0000,1998
19950728,0000,m
19950729,0000,m
19950730,0000,1996
19950731,0000,1992
19950801,0000,1992
19950802,0000,1978
19950803,0000,m
19950804,0000,1997
19950805,0000,1972
19950806,0000,1993
19950807,0000,1988
19950808,0000,1995
19950809,0000,1986
19950810,0000,2037
19950811,0000,2000
19950812,0000,m
19950813,0000,2028
19950814,0000,1984
19950815,0000,2015
19950816,0000,1964
19950817,0000,1996
19950818,0000,2019
19950819,0000,m
19950820,0000,2005
19950821,0000,2014
19950822,0000,1997
19950823,0000,2009
19950824,0000,m
19950825,0000,2005
19950826,0000,2020
19950827,0000,2023
19950828,0000,2027
19950829,0000,2051
19950830,0000,2060
19950831,0000,2057
19950901,0000,1886
19950902,0000,1993
19950903,0000,1992
19950904,0000,1975
19950905,0000,1981
19950906,0000,1997
19950907,0000,1988
19950908,0000,2012
19950909,0000,1616
19950910,0000,792
19950911,0000,715
19950912,0000,715
19950913,0000,716
19950914,0000,716
19950915,0000,716
19950916,0000,716
19950917,0000,715
19950918,0000,715
19950919,0000,715
19950920,0000,713
19950921,0000,715
19950922,0000,711
19950923,0000,714
19950924,0000,m
19950925,0000,709
19950926,0000,709
19950927,0000,709
19950928,0000,711
19950929,0000,933
19950930,0000,1342
19951001,0000,1313
19951002,0000,m
19951003,0000,1311
19951004,0000,1314
19951005,0000,1308
19951006,0000,1307
19951007,0000,1300
19951008,0000,1302
19951009,0000,1296
19951010,0000,1300
19951011,0000,1300
19951012,0000,1299
19951013,0000,1296
19951014,0000,1297
19951015,0000,1297
19951016,0000,1298
19951017,0000,1298
19951018,0000,1298
19951019,0000,1301
19951020,0000,1301
19951021,0000,1302
19951022,0000,m
19951023,0000,1299
19951024,0000,m
19951025,0000,m
19951026,0000,m
19951027,0000,1301
19951028,0000,1298
19951029,0000,1355
19951030,0000,1296
19951031,0000,1296
19951101,0000,1301
19951102,0000,1304
19951103,0000,1300
19951104,0000,1301
19951105,0000,1301
19951106,0000,1301
19951107,0000,1302
19951108,0000,1292
19951109,0000,1289
19951110,0000,1286
19951111,0000,1286
19951112,0000,1285
19951113,0000,1289
19951114,0000,1291
19951115,0000,1291
19951116,0000,1290
19951117,0000,1286
19951118,0000,1286
19951119,0000,m
19951120,0000,1288
19951121,0000,1211
19951122,0000,1145
19951123,0000,1138
19951124,0000,1140
19951125,0000,1137
19951126,0000,1138
19951127,0000,1134
19951128,0000,1138
19951129,0000,1138
19951130,0000,1137
19951201,0000,1122
19951202,0000,1140
19951203,0000,1149
19951204,0000,1152
19951205,0000,1146
19951206,0000,1144
19951207,0000,1146
19951208,0000,1145
19951209,0000,1143
19951210,0000,1136
19951211,0000,1139
19951212,0000,2206
19951213,0000,4438
19951214,0000,4077
19951215,0000,4009
19951216,0000,3995
19951217,0000,4101
19951218,0000,4020
19951219,0000,3884
19951220,0000,1864
19951221,0000,m
19951222,0000,1711
19951223,0000,m
19951224,0000,m
19951225,0000,1705
19951226,0000,1707
19951227,0000,m
19951228,0000,1696
19951229,0000,m
19951230,0000,m
19951231,0000,m
19960101,0000,m
19960102,0000,m
19960103,0000,1695
19960104,0000,1700
19960105,0000,1698
19960106,0000,m
19960107,0000,1697
19960108,0000,1694
19960109,0000,1696
19960110,0000,1697
19960111,0000,1691
19960112,0000,1691
19960113,0000,1688
19960114,0000,m
19960115,0000,m
19960116,0000,m
19960117,0000,2227
19960118,0000,3310
19960119,0000,3319
19960120,0000,m
19960121,0000,m
19960122,0000,3321
19960123,0000,3322
19960124,0000,3330
19960125,0000,3793
19960126,0000,3863
19960127,0000,3868
19960128,0000,m
19960129,0000,4383
19960130,0000,3995
19960131,0000,3990
19960201,0000,3988
19960202,0000,3979
19960203,0000,3971
19960204,0000,8215
19960205,0000,16485
19960208,0000,7261
19960209,0000,7387
19960210,0000,7103
19960211,0000,6815
19960212,0000,6489
19960213,0000,6233
19960214,0000,6258
19960215,0000,6116
19960216,0000,6043
19960217,0000,6585
19960218,0000,9517
19960219,0000,16435
19960220,0000,22890
19960221,0000,24495
19960222,0000,19084
19960223,0000,14406
19960225,0000,10579
19960226,0000,8235
19960227,0000,5964
19960228,0000,5469
19960229,0000,4907
19960301,0000,4499
19960302,0000,3928
19960303,0000,3935
19960304,0000,3633
19960305,0000,5594
19960306,0000,2389
19960310,0000,4401
19960311,0000,4707
19960312,0000,5411
19960314,0000,5452
19960316,0000,4382
19960317,0000,4333
19960318,0000,4120
19960319,0000,4336
19960320,0000,4332
19960321,0000,4248
19960324,0000,4143
19960325,0000,4087
19960326,0000,4042
19960327,0000,4017
19960328,0000,4296
19960329,0000,4300
19960330,0000,3950
19960331,0000,3931
19960401,0000,4132
19960402,0000,5927
19960403,0000,m
19960404,0000,m
19960405,0000,3949
19960406,0000,m
19960407,0000,m
19960408,0000,3792
19960409,0000,m
19960410,0000,m
19960411,0000,3978
19960412,0000,3987
19960413,0000,m
19960414,0000,3980
19960415,0000,3962
19960416,0000,3872
19960417,0000,3987
19960418,0000,3999
19960419,0000,3991
19960420,0000,3962
19960421,0000,3699
19960422,0000,3564
19960423,0000,3926
19960424,0000,m
19960425,0000,3948
19960426,0000,3864
19960427,0000,m
19960428,0000,3896
19960429,0000,3898
19960430,0000,3908
19960501,0000,m
19960502,0000,4790
19960503,0000,4653
19960504,0000,4694
19960505,0000,4473
19960506,0000,4255
19960507,0000,4205
19960508,0000,4118
19960509,0000,4099
19960510,0000,4012
19960511,0000,4088
19960512,0000,4305
19960513,0000,4503
19960514,0000,4944
19960515,0000,m
19960516,0000,23216
19960517,0000,m
19960518,0000,m
19960519,0000,23196
19960520,0000,23196
19960521,0000,9995
19960522,0000,11118
19960523,0000,m
19960524,0000,m
19960525,0000,m
19960526,0000,m
19960527,0000,5301
19960528,0000,5122
19960529,0000,4600
19960530,0000,4528
19960531,0000,m
19960601,0000,m
19960602,0000,m
19960603,0000,4551
19960604,0000,m
19960605,0000,4568
19960606,0000,4439
19960607,0000,m
19960608,0000,m
19960609,0000,3961
19960610,0000,3947
19960611,0000,3565
19960612,0000,3049
19960613,0000,1534
19960614,0000,m
19960615,0000,m
19960616,0000,m
19960617,0000,1538
19960618,0000,1540
19960619,0000,m
19960620,0000,m
19960621,0000,m
19960622,0000,m
19960623,0000,2060
19960624,0000,2063
19960625,0000,2067
19960626,0000,m
19960627,0000,m
19960628,0000,m
19960629,0000,m
19960630,0000,m
19960701,0000,m
19960702,0000,2058
19960703,0000,m
19960704,0000,m
19960705,0000,m
19960706,0000,m
19960707,0000,2061
19960708,0000,2063
19960709,0000,2063
19960710,0000,m
19960711,0000,2060
19960712,0000,m
19960713,0000,2072
19960714,0000,m
19960715,0000,2066
19960716,0000,2064
19960717,0000,2067
19960718,0000,2065
19960719,0000,m
19960720,0000,2061
19960721,0000,2062
19960722,0000,1997
19960723,0000,m
19960724,0000,m
19960725,0000,2529
19960726,0000,2361
19960727,0000,2069
19960728,0000,2128
19960729,0000,2471
19960730,0000,2564
19960731,0000,m
19960801,0000,m
19960802,0000,m
19960803,0000,m
19960804,0000,m
19960805,0000,2553
19960806,0000,2557
19960807,0000,2558
19960808,0000,m
19960809,0000,m
19960810,0000,m
19960811,0000,m
19960812,0000,2559
19960813,0000,m
19960814,0000,m
19960815,0000,m
19960816,0000,m
19960817,0000,m
19960818,0000,m
19960819,0000,m
19960820,0000,m
19960821,0000,m
19960822,0000,1901
19960823,0000,1902
19960824,0000,1901
19960825,0000,1894
19960826,0000,1894
19960827,0000,1895
19960828,0000,1895
19960829,0000,2000
19960830,0000,2150
19960831,0000,2405
19960901,0000,2409
19960902,0000,2500
19960903,0000,2494
19960904,0000,2536
19960905,0000,2566
19960906,0000,2527
19960907,0000,2012
19960908,0000,1516
19960909,0000,872
19960910,0000,690
19960911,0000,691
19960912,0000,685
19960913,0000,687
19960914,0000,690
19960915,0000,690
19960916,0000,688
19960917,0000,686
19960918,0000,583
19960919,0000,665
19960920,0000,665
19960921,0000,661
19960922,0000,656
19960923,0000,655
19960924,0000,656
19960925,0000,657
19960926,0000,655
19960927,0000,668
19960928,0000,921
19960929,0000,1428
19960930,0000,1797
19961001,0000,1985
19961002,0000,2000
19961003,0000,2010
19961004,0000,1956
19961005,0000,1669
19961006,0000,1415
19961007,0000,1414
19961008,0000,1416
19961009,0000,1414
19961010,0000,m
19961011,0000,1416
19961012,0000,1416
19961013,0000,1410
19961014,0000,1417
19961015,0000,1423
19961016,0000,1420
19961017,0000,1399
19961018,0000,1420
19961019,0000,1419
19961020,0000,1418
19961021,0000,1419
19961022,0000,1417
19961023,0000,1417
19961024,0000,1420
19961025,0000,1418
19961026,0000,1416
19961027,0000,1475
19961028,0000,1413
19961029,0000,1414
19961030,0000,1414
19961031,0000,1411
19961101,0000,1412
19961102,0000,1416
19961103,0000,1418
19961104,0000,1415
19961105,0000,1415
19961106,0000,1416
19961107,0000,m
19961108,0000,1412
19961109,0000,1409
19961110,0000,1408
19961111,0000,1406
19961112,0000,1407
19961113,0000,1406
19961114,0000,1347
19961115,0000,1254
19961116,0000,1252
19961117,0000,1253
19961118,0000,m
19961119,0000,1251
19961120,0000,1247
19961121,0000,1249
19961122,0000,1245
19961123,0000,1250
19961124,0000,1233
19961125,0000,1236
19961126,0000,m
19961127,0000,1238
19961128,0000,1239
19961129,0000,1239
19961130,0000,1238
19961201,0000,1244
19961202,0000,1300
19961203,0000,1390
19961204,0000,1403
19961205,0000,1650
19961206,0000,2869
19961207,0000,2889
19961208,0000,2842
19961209,0000,2859
19961210,0000,3277
19961211,0000,4137
19961212,0000,8449
19961213,0000,5827
19961214,0000,4169
19961215,0000,3407
19961216,0000,2888
19961217,0000,4017
19961218,0000,3981
19961219,0000,4005
19961220,0000,3991
19961221,0000,3991
19961222,0000,4027
19961223,0000,3979
19961224,0000,4006
19961225,0000,4022
19961226,0000,4021
19961227,0000,14060
19961228,0000,24937
19961229,0000,23441
19961230,0000,30868
19961231,0000,53503
19970101,0000,107333
19970102,0000,133536
19970103,0000,81009
19970104,0000,41842
19970105,0000,35650
19970106,0000,26298
19970107,0000,17869
19970108,0000,12520
19970109,0000,10732
19970110,0000,9233
19970111,0000,8801
19970112,0000,8256
19970113,0000,7374
19970114,0000,6077
19970115,0000,5840
19970116,0000,5165
19970117,0000,5023
19970118,0000,5027
19970119,0000,4941
19970120,0000,5039
19970121,0000,5238
19970122,0000,11868
19970123,0000,14852
19970124,0000,11021
19970125,0000,17411
19970126,0000,20973
19970127,0000,17407
19970128,0000,15963
19970129,0000,14776
19970130,0000,11516
19970131,0000,9816
19970201,0000,8531
19970202,0000,8556
19970203,0000,8065
19970204,0000,7694
19970205,0000,7438
19970206,0000,7320
19970207,0000,6937
19970208,0000,6184
19970209,0000,5958
19970210,0000,5617
19970211,0000,4949
19970212,0000,4879
19970213,0000,4814
19970214,0000,4382
19970215,0000,4440
19970216,0000,4555
19970217,0000,4485
19970218,0000,4664
19970219,0000,4351
19970220,0000,4201
19970221,0000,4324
19970222,0000,4220
19970223,0000,4032
19970224,0000,3937
19970225,0000,4087
19970226,0000,4092
19970227,0000,3906
19970228,0000,4082
19970301,0000,3969
19970302,0000,3853
19970303,0000,3853
19970304,0000,3846
19970305,0000,3856
19970306,0000,3833
19970307,0000,3823
19970308,0000,3824
19970309,0000,3794
19970310,0000,3823
19970311,0000,3808
19970312,0000,3809
19970313,0000,3625
19970314,0000,3195
19970315,0000,3217
19970316,0000,3198
19970317,0000,3246
19970318,0000,3241
19970319,0000,3297
19970320,0000,3287
19970321,0000,3306
19970322,0000,3339
19970323,0000,3329
19970324,0000,3335
19970325,0000,3314
19970326,0000,3349
19970327,0000,3305
19970328,0000,3017
19970329,0000,2351
19970330,0000,2320
19970331,0000,2320
19970401,0000,2330
19970402,0000,2324
19970403,0000,2305
19970404,0000,2117
19970405,0000,1480
19970406,0000,1263
19970407,0000,1319
19970408,0000,1315
19970409,0000,1297
19970410,0000,1297
19970411,0000,1294
19970412,0000,1296
19970413,0000,1293
19970414,0000,1293
19970415,0000,1173
19970416,0000,1026
19970417,0000,1029
19970418,0000,1033
19970419,0000,1214
19970420,0000,3238
19970421,0000,3182
19970422,0000,3161
19970423,0000,3161
19970424,0000,2877
19970425,0000,2324
19970426,0000,2280
19970427,0000,2201
19970428,0000,2184
19970429,0000,2181
19970430,0000,2183
19970501,0000,2189
19970502,0000,1942
19970503,0000,2006
19970504,0000,2006
19970505,0000,2006
19970506,0000,2004
19970507,0000,2015
19970508,0000,2011
19970509,0000,1732
19970510,0000,1507
19970511,0000,1467
19970512,0000,1732
19970513,0000,1377
19970514,0000,1266
19970515,0000,1264
19970516,0000,1263
19970517,0000,1263
19970518,0000,1458
19970519,0000,1268
19970520,0000,1272
19970521,0000,1271
19970522,0000,1266
19970523,0000,1267
19970524,0000,1267
19970525,0000,1270
19970526,0000,1271
19970527,0000,1270
19970528,0000,1269
19970529,0000,1268
19970530,0000,1269
19970531,0000,1271
19970601,0000,1269
19970602,0000,1087
19970603,0000,1084
19970604,0000,1089
19970605,0000,1093
19970606,0000,1292
19970607,0000,1292
19970608,0000,1133
19970609,0000,1038
19970610,0000,1035
19970611,0000,1033
19970612,0000,1036
19970613,0000,1037
19970614,0000,1037
19970615,0000,1040
19970616,0000,1040
19970617,0000,1039
19970618,0000,1038
19970619,0000,1041
19970620,0000,1042
19970621,0000,1042
19970622,0000,1042
19970623,0000,1043
19970624,0000,1043
19970625,0000,1044
19970626,0000,1054
19970627,0000,1089
19970628,0000,1100
19970629,0000,1100
19970630,0000,1100
19970701,0000,1108
19970702,0000,1102
19970703,0000,1106
19970704,0000,1106
19970705,0000,1104
19970706,0000,1102
19970707,0000,1108
19970708,0000,1222
19970709,0000,1425
19970710,0000,1222
19970711,0000,2134
19970712,0000,2215
19970713,0000,2219
19970714,0000,2215
19970715,0000,2190
19970716,0000,2199
19970717,0000,2211
19970718,0000,2206
19970719,0000,2207
19970720,0000,2200
19970721,0000,2200
19970722,0000,2196
19970723,0000,2203
19970724,0000,2201
19970725,0000,2207
19970726,0000,2204
19970727,0000,2202
19970728,0000,2203
19970729,0000,2204
19970730,0000,2217
19970731,0000,2207
19970801,0000,2206
19970802,0000,2215
19970803,0000,2213
19970804,0000,2217
19970805,0000,2314
19970806,0000,2497
19970807,0000,2562
19970808,0000,2541
19970809,0000,2552
19970810,0000,2634
19970811,0000,2642
19970812,0000,2525
19970813,0000,2325
19970814,0000,2220
19970815,0000,2218
19970816,0000,2217
19970817,0000,2220
19970818,0000,2223
19970819,0000,2217
19970820,0000,2220
19970821,0000,2221
19970822,0000,2318
19970823,0000,2406
19970824,0000,2402
19970825,0000,2343
19970826,0000,2294
19970827,0000,2245
19970828,0000,2245
19970829,0000,2192
19970830,0000,2035
19970831,0000,1850
19970901,0000,2234
19970902,0000,1456
19970903,0000,1244
19970904,0000,1046
19970905,0000,861
19970906,0000,706
19970907,0000,716
19970908,0000,665
19970909,0000,662
19970910,0000,660
19970911,0000,650
19970912,0000,659
19970913,0000,660
19970914,0000,661
19970915,0000,663
19970916,0000,662
19970917,0000,661
19970918,0000,665
19970919,0000,662
19970920,0000,661
19970921,0000,658
19970922,0000,657
19970923,0000,658
19970924,0000,661
19970925,0000,661
19970926,0000,661
19970927,0000,669
19970928,0000,675
19970929,0000,677
19970930,0000,911
19971001,0000,911
19971002,0000,1213
19971003,0000,1311
19971004,0000,1311
19971005,0000,1308
19971006,0000,1309
19971007,0000,1314
19971008,0000,1314
19971009,0000,1311
19971010,0000,1313
19971011,0000,1311
19971012,0000,1307
19971013,0000,1307
19971014,0000,1303
19971015,0000,1149
19971016,0000,1015
19971017,0000,1020
19971018,0000,1020
19971019,0000,1020
19971020,0000,1018
19971021,0000,1018
19971022,0000,1021
19971023,0000,1030
19971024,0000,1039
19971025,0000,1039
19971026,0000,1074
19971027,0000,1026
19971028,0000,1025
19971029,0000,1025
19971030,0000,1023
19971031,0000,1026
19971101,0000,1026
19971102,0000,1021
19971103,0000,1016
19971104,0000,1009
19971105,0000,1004
19971106,0000,1004
19971107,0000,999
19971108,0000,1016
19971109,0000,1013
19971110,0000,1013
19971111,0000,1010
19971112,0000,1013
19971113,0000,1197
19971114,0000,1304
19971115,0000,1312
19971116,0000,1331
19971117,0000,1337
19971118,0000,1347
19971119,0000,1358
19971120,0000,1331
19971121,0000,1313
19971122,0000,1302
19971123,0000,1307
19971124,0000,1309
19971125,0000,1315
19971126,0000,1323
19971127,0000,1335
19971128,0000,1324
19971129,0000,1309
19971130,0000,1308
19971201,0000,1312
19971202,0000,1315
19971203,0000,1315
19971204,0000,1313
19971205,0000,1312
19971206,0000,1311
19971207,0000,1283
19971208,0000,1312
19971209,0000,1315
19971210,0000,1311
19971211,0000,1311
19971212,0000,1297
19971213,0000,1298
19971214,0000,1294
19971215,0000,1283
19971216,0000,1292
19971217,0000,1299
19971218,0000,1298
19971219,0000,1308
19971220,0000,1313
19971221,0000,1305
19971222,0000,1307
19971223,0000,1310
19971224,0000,1309
19971225,0000,1306
19971226,0000,1304
19971227,0000,1308
19971228,0000,m
19971229,0000,1305
19971230,0000,1311
19971231,0000,1313
19980101,0000,1284
19980102,0000,1309
19980103,0000,1309
19980104,0000,1327
19980105,0000,1335
19980106,0000,1328
19980107,0000,1355
19980108,0000,1469
19980109,0000,1482
19980110,0000,1476
19980111,0000,1485
19980112,0000,3004
19980113,0000,3140
19980114,0000,4507
19980115,0000,9883
19980116,0000,8655
19980117,0000,8062
19980118,0000,7238
19980119,0000,6950
19980120,0000,5487
19980121,0000,4811
19980122,0000,4513
19980123,0000,4310
19980124,0000,4211
19980125,0000,4188
19980126,0000,4163
19980127,0000,4129
19980128,0000,4143
19980129,0000,4336
19980130,0000,4483
19980131,0000,4268
19980201,0000,4271
19980202,0000,5567
19980203,0000,14776
19980204,0000,8572
19980205,0000,6085
19980206,0000,8108
19980207,0000,11318
19980208,0000,11070
19980209,0000,8965
19980210,0000,7278
19980211,0000,7278
19980212,0000,5113
19980213,0000,5287
19980214,0000,8037
19980215,0000,9688
19980216,0000,8100
19980217,0000,6805
19980218,0000,5595
19980219,0000,5054
19980220,0000,5230
19980221,0000,6701
19980222,0000,9745
19980223,0000,9039
19980224,0000,8216
19980225,0000,6055
19980226,0000,5050
19980227,0000,4768
19980228,0000,4627
19980301,0000,4541
19980302,0000,4491
19980303,0000,4454
19980304,0000,4427
19980305,0000,4358
19980306,0000,4354
19980307,0000,4305
19980308,0000,4236
19980309,0000,4222
19980310,0000,4183
19980311,0000,4154
19980312,0000,4154
19980313,0000,4181
19980314,0000,4106
19980315,0000,4057
19980316,0000,4064
19980317,0000,4031
19980318,0000,4020
19980319,0000,4016
19980320,0000,4026
19980321,0000,4025
19980322,0000,4036
19980323,0000,4047
19980324,0000,7293
19980325,0000,9367
19980326,0000,10648
19980327,0000,10089
19980328,0000,9869
19980329,0000,8580
19980330,0000,6184
19980331,0000,4644
19980401,0000,4545
19980402,0000,4375
19980403,0000,4868
19980404,0000,5095
19980405,0000,4819
19980406,0000,4919
19980407,0000,4804
19980408,0000,4646
19980409,0000,3897
19980410,0000,4175
19980411,0000,3897
19980412,0000,4193
19980413,0000,4735
19980414,0000,4383
19980415,0000,4455
19980416,0000,4379
19980417,0000,4294
19980418,0000,4277
19980419,0000,4199
19980420,0000,4192
19980421,0000,4279
19980422,0000,4454
19980423,0000,m
19980424,0000,4741
19980425,0000,4733
19980426,0000,4461
19980427,0000,4293
19980428,0000,4091
19980429,0000,4283
19980430,0000,4548
19980501,0000,4529
19980502,0000,5105
19980503,0000,5096
19980504,0000,4896
19980505,0000,4884
19980506,0000,5030
19980507,0000,4956
19980508,0000,5296
19980509,0000,5818
19980510,0000,5533
19980511,0000,4885
19980512,0000,4522
19980513,0000,4556
19980514,0000,4477
19980515,0000,4358
19980516,0000,4278
19980517,0000,4455
19980518,0000,4306
19980519,0000,4143
19980520,0000,4221
19980521,0000,4314
19980522,0000,4378
19980523,0000,4221
19980524,0000,4243
19980525,0000,4903
19980526,0000,5748
19980527,0000,5071
19980528,0000,5081
19980529,0000,5605
19980530,0000,4840
19980531,0000,4607
19980601,0000,4762
19980602,0000,6561
19980603,0000,7551
19980604,0000,7068
19980605,0000,7100
19980606,0000,7087
19980607,0000,7382
19980608,0000,6137
19980609,0000,7722
19980610,0000,7633
19980611,0000,7990
19980612,0000,8134
19980613,0000,9153
19980614,0000,9823
19980615,0000,9133
19980616,0000,8620
19980617,0000,9361
19980618,0000,7902
19980619,0000,8130
19980620,0000,8209
19980621,0000,7970
19980622,0000,7947
19980623,0000,7239
19980624,0000,5693
19980625,0000,4521
19980626,0000,4481
19980627,0000,4898
19980628,0000,4762
19980629,0000,4868
19980630,0000,4787
19980701,0000,4230
19980702,0000,4429
19980703,0000,4421
19980704,0000,4033
19980705,0000,4042
19980706,0000,4065
19980707,0000,4051
19980708,0000,3866
19980709,0000,3860
19980710,0000,2981
19980711,0000,3024
19980712,0000,3098
19980713,0000,3090
19980714,0000,2897
19980715,0000,2578
19980716,0000,2578
19980717,0000,2161
19980718,0000,2161
19980719,0000,2161
19980720,0000,2012
19980721,0000,2008
19980722,0000,2002
19980723,0000,2014
19980724,0000,2014
19980725,0000,2024
19980726,0000,2032
19980727,0000,2024
19980728,0000,2142
19980729,0000,2063
19980730,0000,2364
19980731,0000,2364
19980801,0000,2495
19980802,0000,2485
19980803,0000,2768
19980804,0000,2997
19980805,0000,3002
19980806,0000,3013
19980807,0000,3013
19980808,0000,3005
19980809,0000,3005
19980810,0000,2674
19980811,0000,m
19980812,0000,2491
19980813,0000,m
19980814,0000,2969
19980815,0000,m
19980816,0000,m
19980817,0000,2906
19980818,0000,2529
19980819,0000,2505
19980820,0000,2505
19980821,0000,2513
19980822,0000,m
19980823,0000,m
19980824,0000,2456
19980825,0000,2721
19980826,0000,2813
19980827,0000,2813
19980828,0000,2977
19980829,0000,2956
19980830,0000,2958
19980831,0000,2957
19980901,0000,2966
19980902,0000,3037
19980903,0000,3076
19980904,0000,3076
19980905,0000,3092
19980906,0000,3089
19980907,0000,3080
19980908,0000,3080
19980909,0000,3086
19980910,0000,2921
19980911,0000,3045
19980912,0000,3045
19980913,0000,1802
19980914,0000,772
19980915,0000,627
19980916,0000,625
19980917,0000,m
19980918,0000,612
19980919,0000,620
19980920,0000,612
19980921,0000,627
19980922,0000,627
19980923,0000,628
19980924,0000,628
19980925,0000,628
19980926,0000,628
19980927,0000,649
19980928,0000,651
19980929,0000,883
19980930,0000,m
19981001,0000,1203
19981002,0000,1203
19981003,0000,1204
19981004,0000,1205
19981005,0000,1205
19981006,0000,1205
19981007,0000,1205
19981008,0000,1202
19981009,0000,1201
19981010,0000,1203
19981011,0000,m
19981012,0000,m
19981013,0000,1205
19981014,0000,1206
19981015,0000,1207
19981016,0000,1208
19981017,0000,1210
19981018,0000,1207
19981019,0000,1209
19981020,0000,1207
19981021,0000,1207
19981022,0000,1207
19981023,0000,1206
19981024,0000,1206
19981025,0000,1206
19981026,0000,1209
19981027,0000,1296
19981028,0000,1353
19981029,0000,1352
19981030,0000,1354
19981031,0000,1356
19981101,0000,1355
19981102,0000,1352
19981103,0000,1349
19981104,0000,1353
19981105,0000,1354
19981106,0000,1353
19981107,0000,1353
19981108,0000,1344
19981109,0000,1351
19981110,0000,1358
19981111,0000,1358
19981112,0000,1617
19981113,0000,1617
19981114,0000,1770
19981115,0000,1763
19981116,0000,1751
19981117,0000,1744
19981118,0000,1747
19981119,0000,1743
19981120,0000,1744
19981121,0000,m
19981122,0000,1747
19981123,0000,1747
19981124,0000,1745
19981125,0000,1750
19981126,0000,1758
19981127,0000,1755
19981128,0000,1758
19981129,0000,1842
19981130,0000,2235
19981201,0000,2551
19981202,0000,4075
19981203,0000,2616
19981204,0000,2577
19981205,0000,3026
19981206,0000,2526
19981207,0000,2488
19981208,0000,2484
19981209,0000,2481
19981210,0000,2505
19981211,0000,2525
19981212,0000,2527
19981213,0000,2530
19981214,0000,2520
19981215,0000,m
19981216,0000,2515
19981217,0000,2531
19981218,0000,2530
19981219,0000,2533
19981220,0000,m
19981221,0000,m
19981222,0000,m
19981223,0000,2669
19981224,0000,2680
19981225,0000,2657
19981226,0000,2676
19981227,0000,2676
19981228,0000,2654
19981229,0000,2649
19981230,0000,2622
19981231,0000,2628
19990101,0000,m
19990102,0000,m
19990103,0000,m
19990104,0000,2558
19990105,0000,2558
19990106,0000,2522
19990107,0000,2492
19990108,0000,2492
19990109,0000,m
19990110,0000,m
19990111,0000,2407
19990112,0000,2368
19990113,0000,2368
19990114,0000,2351
19990115,0000,2291
19990116,0000,m
19990117,0000,2291
19990118,0000,2291
19990119,0000,2156
19990120,0000,3597
19990121,0000,9177
19990122,0000,8194
19990123,0000,4411
19990124,0000,6685
19990125,0000,9015
19990126,0000,3821
19990127,0000,3190
19990128,0000,3166
19990129,0000,3185
19990130,0000,3189
19990131,0000,3211
19990201,0000,3177
19990202,0000,3479
19990203,0000,3451
19990204,0000,3443
19990205,0000,3453
19990206,0000,3443
19990207,0000,4050
19990208,0000,7172
19990209,0000,19006
19990210,0000,9431
19990211,0000,6042
19990212,0000,4979
19990213,0000,4582
19990214,0000,4383
19990215,0000,4260
19990216,0000,4453
19990217,0000,8556
19990218,0000,5943
19990219,0000,5831
19990220,0000,5005
19990221,0000,6141
19990222,0000,4964
19990223,0000,4681
19990224,0000,4550
19990225,0000,5037
19990226,0000,4749
19990227,0000,4291
19990228,0000,4537
19990301,0000,8838
19990302,0000,10198
19990303,0000,10599
19990304,0000,9940
19990305,0000,8863
19990306,0000,7852
19990307,0000,6815
19990308,0000,5541
19990309,0000,4505
19990310,0000,4319
19990311,0000,4191
19990312,0000,4190
19990313,0000,4196
19990314,0000,4137
19990315,0000,4131
19990316,0000,4100
19990317,0000,4103
19990318,0000,4064
19990319,0000,3939
19990320,0000,3949
19990321,0000,3930
19990322,0000,3912
19990323,0000,3922
19990324,0000,3935
19990325,0000,3914
19990326,0000,3893
19990327,0000,3857
19990328,0000,3826
19990329,0000,3820
19990330,0000,3544
19990331,0000,3181
19990401,0000,3115
19990402,0000,3117
19990403,0000,3120
19990404,0000,2999
19990405,0000,3130
19990406,0000,3141
19990407,0000,3145
19990408,0000,3153
19990409,0000,m
19990410,0000,m
19990411,0000,m
19990412,0000,m
19990413,0000,m
19990414,0000,m
19990415,0000,m
19990416,0000,m
19990417,0000,m
19990418,0000,m
19990419,0000,m
19990420,0000,m
19990421,0000,m
19990422,0000,m
19990423,0000,m
19990424,0000,m
19990425,0000,m
19990426,0000,m
19990427,0000,m
19990428,0000,m
19990429,0000,m
19990430,0000,m
19990501,0000,m
19990502,0000,m
19990503,0000,m
19990504,0000,3012
19990505,0000,3010
19990506,0000,2890
19990507,0000,2818
19990508,0000,2819
19990509,0000,2820
19990510,0000,2797
19990511,0000,2496
19990512,0000,2579
19990513,0000,2591
19990514,0000,2601
19990515,0000,2598
19990516,0000,2577
19990517,0000,2577
19990518,0000,2579
19990519,0000,2582
19990520,0000,2457
19990521,0000,2373
19990522,0000,2347
19990523,0000,2347
19990524,0000,2357
19990525,0000,2368
19990526,0000,2159
19990527,0000,2737
19990528,0000,2891
19990529,0000,2836
19990530,0000,3000
19990531,0000,2951
19990601,0000,2939
19990602,0000,2841
19990603,0000,2770
19990604,0000,2755
19990605,0000,2625
19990606,0000,2521
19990607,0000,2515
19990608,0000,2516
19990609,0000,2527
19990610,0000,2527
19990611,0000,2525
19990612,0000,2526
19990613,0000,2522
19990614,0000,25252356
19990615,0000,2504
19990616,0000,2459
19990617,0000,2466
19990618,0000,2464
19990619,0000,2470
19990620,0000,2448
19990621,0000,2496
19990622,0000,2447
19990623,0000,2484
19990624,0000,2475
19990625,0000,2142
19990626,0000,2227
19990627,0000,2221
19990628,0000,2220
19990629,0000,2217
19990630,0000,2228
19990701,0000,2231
19990702,0000,2225
19990703,0000,2218
19990704,0000,2221
19990705,0000,2216
19990706,0000,2232
19990707,0000,2250
19990708,0000,2252
19990709,0000,2253
19990710,0000,2256
19990711,0000,2253
19990712,0000,2258
19990713,0000,2257
19990714,0000,2378
19990715,0000,2520
19990716,0000,2512
19990717,0000,2501
19990718,0000,2497
19990719,0000,2493
19990720,0000,2493
19990721,0000,2510
19990722,0000,2288
19990723,0000,2514
19990724,0000,2511
19990725,0000,2504
19990726,0000,2503
19990727,0000,2536
19990728,0000,m
19990729,0000,2539
19990730,0000,2540
19990731,0000,2548
19990801,0000,2550
19990802,0000,2706
19990803,0000,2803
19990804,0000,2801
19990805,0000,2801
19990806,0000,2793
19990807,0000,2793
19990808,0000,m
19990809,0000,2800
19990810,0000,2801
19990811,0000,2802
19990812,0000,2805
19990813,0000,2802
19990814,0000,2800
19990815,0000,2795
19990816,0000,2794
19990817,0000,2794
19990818,0000,2798
19990819,0000,2800
19990820,0000,2817
19990821,0000,2818
19990822,0000,2834
19990823,0000,2815
19990824,0000,2822
19990825,0000,2825
19990826,0000,2819
19990827,0000,2820
19990828,0000,2831
19990829,0000,2166
19990830,0000,2067
19990831,0000,2059
19990901,0000,2079
19990902,0000,1593
19990903,0000,1519
19990904,0000,1507
19990905,0000,1504
19990906,0000,1501
19990907,0000,m
19990908,0000,1235
19990909,0000,1232
19990910,0000,1234
19990911,0000,1232
19990912,0000,1233
19990913,0000,1244
19990914,0000,1243
19990915,0000,1244
19990916,0000,1244
19990917,0000,1241
19990918,0000,1239
19990919,0000,1240
19990920,0000,1242
19990921,0000,m
19990922,0000,1242
19990923,0000,1233
19990924,0000,1214
19990925,0000,1211
19990926,0000,1208
19990927,0000,1208
19990928,0000,1210
19990929,0000,1212
19990930,0000,m
19991001,0000,1201
19991002,0000,1175
19991003,0000,1182
19991004,0000,1179
19991005,0000,1187
19991006,0000,1185
19991007,0000,1185
19991008,0000,1174
19991009,0000,1167
19991010,0000,1163
19991011,0000,1165
19991012,0000,1165
19991013,0000,1167
19991014,0000,1168
19991015,0000,1184
19991016,0000,1158
19991017,0000,1184
19991018,0000,1126
19991019,0000,1108
19991020,0000,1102
19991021,0000,1102
19991022,0000,1102
19991023,0000,1101
19991024,0000,1102
19991025,0000,1103
19991026,0000,1104
19991027,0000,1104
19991028,0000,1104
19991029,0000,1062
19991030,0000,1024
19991031,0000,1158
19991101,0000,1110
19991102,0000,1123
19991103,0000,1011
19991104,0000,1003
19991105,0000,1085
19991106,0000,1084
19991107,0000,1085
19991108,0000,1084
19991109,0000,1088
19991110,0000,1090
19991111,0000,1089
19991112,0000,1086
19991113,0000,1088
19991114,0000,1088
19991115,0000,1088
19991116,0000,1088
19991117,0000,1088
19991118,0000,1088
19991119,0000,1090
19991120,0000,1092
19991121,0000,1073
19991122,0000,1067
19991123,0000,1066
19991124,0000,1067
19991125,0000,1068
19991126,0000,1070
19991127,0000,1072
19991128,0000,1071
19991129,0000,1070
19991130,0000,1068
19991201,0000,1069
19991202,0000,1068
19991203,0000,1068
19991204,0000,1069
19991205,0000,1069
19991206,0000,1068
19991207,0000,1067
19991208,0000,1068
19991209,0000,1069
19991210,0000,1071
19991211,0000,1070
19991212,0000,1072
19991213,0000,1070
19991214,0000,1072
19991215,0000,1072
19991216,0000,1092
19991217,0000,1070
19991218,0000,1070
19991219,0000,1070
19991220,0000,1067
19991221,0000,1066
19991222,0000,1068
19991223,0000,1067
19991224,0000,1070
19991225,0000,1070
19991226,0000,1069
19991227,0000,1069
19991228,0000,1068
19991229,0000,1068
19991230,0000,1069
19991231,0000,1067
20000101,0000,979
20000102,0000,1069
20000103,0000,1070
20000104,0000,1070
20000105,0000,1074
20000106,0000,1071
20000107,0000,1070
20000108,0000,1070
20000109,0000,1070
20000110,0000,1066
20000111,0000,1069
20000112,0000,1069
20000113,0000,1068
20000114,0000,1065
20000115,0000,974
20000116,0000,1063
20000117,0000,1068
20000118,0000,1064
20000119,0000,1056
20000120,0000,1058
20000121,0000,1058
20000122,0000,1055
20000123,0000,1051
20000124,0000,3068
20000125,0000,6198
20000126,0000,2784
20000127,0000,1119
20000128,0000,1803
20000129,0000,2488
20000130,0000,3028
20000131,0000,2965
20000201,0000,2128
20000202,0000,1611
20000203,0000,1399
20000204,0000,1320
20000205,0000,1325
20000206,0000,1320
20000207,0000,1318
20000208,0000,1323
20000209,0000,1326
20000210,0000,1385
20000211,0000,1532
20000212,0000,3666
20000213,0000,4817
20000214,0000,15571
20000215,0000,6768
20000216,0000,4216
20000217,0000,4095
20000218,0000,4057
20000219,0000,4038
20000220,0000,3984
20000221,0000,3961
20000222,0000,3955
20000223,0000,4048
20000224,0000,4894
20000225,0000,4684
20000226,0000,4771
20000227,0000,12624
20000228,0000,7998
20000229,0000,6783
20000301,0000,m
20000302,0000,5781
20000303,0000,5658
20000304,0000,5631
20000305,0000,6715
20000306,0000,5160
20000307,0000,4740
20000308,0000,5243
20000309,0000,5512
20000310,0000,5215
20000311,0000,4884
20000312,0000,4701
20000313,0000,4507
20000314,0000,4024
20000315,0000,4054
20000316,0000,4144
20000317,0000,4387
20000318,0000,4328
20000319,0000,4303
20000320,0000,4280
20000321,0000,4210
20000322,0000,4190
20000323,0000,4160
20000324,0000,4153
20000325,0000,4131
20000326,0000,4125
20000327,0000,4102
20000328,0000,4119
20000329,0000,3910
20000330,0000,3643
20000331,0000,3500
20000401,0000,3528
20000402,0000,3396
20000403,0000,3529
20000404,0000,3521
20000405,0000,3371
20000406,0000,3236
20000407,0000,3020
20000408,0000,3038
20000409,0000,3236
20000410,0000,1822
20000411,0000,3446
20000412,0000,2935
20000413,0000,2855
20000414,0000,2899
20000415,0000,2961
20000416,0000,2962
20000417,0000,2954
20000418,0000,2969
20000419,0000,m
20000420,0000,2854
20000421,0000,2854
20000422,0000,2810
20000423,0000,2799
20000424,0000,2749
20000425,0000,2751
20000426,0000,2691
20000427,0000,2679
20000428,0000,2605
20000429,0000,2596
20000430,0000,2527
20000501,0000,2528
20000502,0000,2506
20000503,0000,2356
20000504,0000,2522
20000505,0000,2515
20000506,0000,2509
20000507,0000,2504
20000508,0000,2497
20000509,0000,2497
20000510,0000,2410
20000511,0000,2276
20000512,0000,2157
20000513,0000,2157
20000514,0000,2158
20000515,0000,2158
20000516,0000,2159
20000517,0000,2150
20000518,0000,2150
20000519,0000,2198
20000520,0000,2333
20000521,0000,2159
20000522,0000,m
20000523,0000,2305
20000524,0000,2213
20000525,0000,m
20000526,0000,2176
20000527,0000,2176
20000528,0000,2176
20000529,0000,2000
20000530,0000,1868
20000531,0000,1868
20000601,0000,1955
20000602,0000,1955
20000603,0000,1955
20000604,0000,1702
20000605,0000,1702
20000606,0000,1609
20000607,0000,1611
20000608,0000,1611
20000609,0000,1607
20000610,0000,m
20000611,0000,m
20000612,0000,1589
20000613,0000,m
20000614,0000,m
20000615,0000,1812
20000616,0000,1851
20000617,0000,m
20000618,0000,m
20000619,0000,1597
20000620,0000,1601
20000621,0000,1603
20000622,0000,1607
20000623,0000,1609
20000624,0000,1609
20000625,0000,1609
20000626,0000,1635
20000627,0000,1800
20000628,0000,m
20000629,0000,1814
20000630,0000,1816
20000701,0000,1816
20000702,0000,m
20000703,0000,1600
20000704,0000,1600
20000705,0000,1605
20000706,0000,1610
20000707,0000,1610
20000708,0000,m
20000709,0000,m
20000710,0000,m
20000711,0000,1590
20000712,0000,m
20000713,0000,1612
20000714,0000,1615
20000715,0000,1615
20000716,0000,1615
20000717,0000,1610
20000718,0000,m
20000719,0000,m
20000720,0000,1609
20000721,0000,m
20000722,0000,1609
20000723,0000,m
20000724,0000,1604
20000725,0000,m
20000726,0000,1790
20000727,0000,m
20000728,0000,1800
20000729,0000,1800
20000730,0000,1800
20000731,0000,1597
20000801,0000,1931
20000802,0000,m
20000803,0000,2020
20000804,0000,m
20000805,0000,m
20000806,0000,2022
20000807,0000,1585
20000808,0000,1579
20000809,0000,m
20000810,0000,1503
20000811,0000,m
20000812,0000,m
20000813,0000,m
20000814,0000,m
20000815,0000,m
20000816,0000,1808
20000817,0000,1807
20000818,0000,1808
20000819,0000,1808
20000820,0000,m
20000821,0000,1808
20000822,0000,m
20000823,0000,1730
20000824,0000,1803
20000825,0000,m
20000826,0000,m
20000827,0000,m
20000828,0000,m
20000829,0000,1505
20000830,0000,1514
20000831,0000,1518
20000901,0000,1520
20000902,0000,1520
20000903,0000,1520
20000904,0000,1520
20000905,0000,1387
20000906,0000,1185
20000907,0000,1115
20000908,0000,920
20000909,0000,m
20000910,0000,m
20000911,0000,m
20000912,0000,m
20000913,0000,1024
20000914,0000,1024
20000915,0000,m
20000916,0000,1048
20000917,0000,1048
20000918,0000,1045
20000919,0000,m
20000920,0000,m
20000921,0000,m
20000922,0000,m
20000923,0000,1054
20000924,0000,m
20000925,0000,1051
20000926,0000,m
20000927,0000,m
20000928,0000,1044
20000929,0000,1044
20000930,0000,1044
20001001,0000,1044
20001002,0000,m
20001003,0000,1045
20001004,0000,1046
20001005,0000,1046
20001006,0000,1044
20001007,0000,m
20001008,0000,1044
20001009,0000,m
20001010,0000,m
20001011,0000,1049
20001012,0000,m
20001013,0000,1051
20001014,0000,1051
20001015,0000,1051
20001016,0000,1039
20001017,0000,1045
20001018,0000,1053
20001019,0000,1054
20001020,0000,1057
20001021,0000,1052
20001022,0000,1048
20001023,0000,1049
20001024,0000,1051
20001025,0000,1053
20001026,0000,1055
20001027,0000,1059
20001028,0000,1053
20001029,0000,1089
20001030,0000,1043
20001031,0000,1047
20001101,0000,m
20001102,0000,1050
20001103,0000,1056
20001104,0000,1054
20001105,0000,1048
20001106,0000,1053
20001107,0000,1050
20001108,0000,1053
20001109,0000,1055
20001110,0000,1058
20001111,0000,1058
20001112,0000,1050
20001113,0000,1050
20001114,0000,1057
20001115,0000,1048
20001116,0000,1036
20001117,0000,1023
20001118,0000,1042
20001119,0000,999
20001120,0000,993
20001121,0000,976
20001122,0000,976
20001123,0000,965
20001124,0000,954
20001125,0000,950
20001126,0000,716
20001127,0000,952
20001128,0000,956
20001129,0000,996
20001130,0000,1095
20001201,0000,1028
20001202,0000,846
20001203,0000,858
20001204,0000,942
20001205,0000,1051
20001206,0000,1042
20001207,0000,1031
20001208,0000,1027
20001209,0000,998
20001210,0000,980
20001211,0000,967
20001212,0000,968
20001213,0000,968
20001214,0000,1053
20001215,0000,1094
20001216,0000,1053
20001217,0000,1018
20001218,0000,998
20001219,0000,964
20001220,0000,947
20001221,0000,947
20001222,0000,950
20001223,0000,950
20001224,0000,947
20001225,0000,944
20001226,0000,943
20001227,0000,943
20001228,0000,933
20001229,0000,910
20001230,0000,904
20001231,0000,902
20010101,0000,900
20010102,0000,900
20010103,0000,904
20010104,0000,906
20010105,0000,902
20010106,0000,901
20010107,0000,896
20010108,0000,896
20010109,0000,902
20010110,0000,904
20010111,0000,904
20010112,0000,906
20010113,0000,903
20010114,0000,902
20010115,0000,906
20010116,0000,909
20010117,0000,912
20010118,0000,914
20010119,0000,918
20010120,0000,911
20010121,0000,902
20010122,0000,905
20010123,0000,901
20010124,0000,903
20010125,0000,908
20010126,0000,908
20010127,0000,908
20010128,0000,844
20010129,0000,805
20010130,0000,750
20010131,0000,703
20010201,0000,715
20010202,0000,711
20010203,0000,644
20010204,0000,645
20010205,0000,647
20010206,0000,647
20010207,0000,648
20010208,0000,651
20010209,0000,659
20010210,0000,658
20010211,0000,659
20010212,0000,658
20010213,0000,653
20010214,0000,654
20010215,0000,653
20010216,0000,653
20010217,0000,652
20010218,0000,658
20010219,0000,664
20010220,0000,658
20010221,0000,672
20010222,0000,1222
20010223,0000,1473
20010224,0000,1216
20010225,0000,1109
20010226,0000,1104
20010227,0000,1091
20010228,0000,895
20010301,0000,m
20010302,0000,705
20010303,0000,704
20010304,0000,709
20010305,0000,m
20010306,0000,754
20010307,0000,755
20010308,0000,752
20010309,0000,744
20010310,0000,746
20010311,0000,735
20010312,0000,735
20010313,0000,724
20010314,0000,720
20010315,0000,720
20010316,0000,719
20010317,0000,718
20010318,0000,718
20010319,0000,719
20010320,0000,722
20010321,0000,722
20010322,0000,722
20010323,0000,726
20010324,0000,725
20010325,0000,725
20010326,0000,725
20010327,0000,728
20010328,0000,734
20010329,0000,730
20010330,0000,725
20010331,0000,852
20010401,0000,1008
20010402,0000,1050
20010403,0000,1052
20010404,0000,1050
20010405,0000,1049
20010406,0000,1047
20010407,0000,1045
20010408,0000,1046
20010409,0000,1041
20010410,0000,m
20010411,0000,1038
20010412,0000,1018
20010413,0000,931
20010414,0000,860
20010415,0000,840
20010416,0000,837
20010417,0000,841
20010418,0000,841
20010419,0000,841
20010420,0000,841
20010421,0000,841
20010422,0000,841
20010423,0000,852
20010424,0000,m
20010425,0000,850
20010426,0000,m
20010427,0000,850
20010428,0000,850
20010429,0000,850
20010430,0000,840
20010501,0000,838
20010502,0000,841
20010503,0000,874
20010504,0000,962
20010505,0000,m
20010506,0000,m
20010507,0000,1095
20010508,0000,1118
20010509,0000,m
20010510,0000,m
20010511,0000,1104
20010512,0000,m
20010513,0000,m
20010514,0000,m
20010515,0000,m
20010516,0000,m
20010517,0000,813
20010518,0000,m
20010519,0000,m
20010520,0000,804
20010521,0000,m
20010522,0000,m
20010523,0000,m
20010524,0000,m
20010525,0000,858
20010526,0000,m
20010527,0000,858
20010528,0000,858
20010529,0000,883
20010530,0000,m
20010531,0000,m
20010601,0000,m
20010602,0000,m
20010603,0000,879
20010604,0000,872
20010605,0000,884
20010606,0000,m
20010607,0000,934
20010608,0000,926
20010609,0000,926
20010610,0000,926
20010611,0000,921
20010612,0000,m
20010613,0000,920
20010614,0000,m
20010615,0000,909
20010616,0000,m
20010617,0000,909
20010618,0000,966
20010619,0000,976
20010620,0000,992
20010621,0000,100
20010622,0000,1002
20010623,0000,1002
20010624,0000,1002
20010625,0000,m
20010626,0000,m
20010627,0000,m
20010628,0000,m
20010629,0000,873
20010630,0000,m
20010701,0000,m
20010702,0000,880
20010703,0000,900
20010704,0000,900
20010705,0000,m
20010706,0000,1962
20010707,0000,m
20010708,0000,1962
20010709,0000,2134
20010710,0000,2195
20010711,0000,2238
20010712,0000,2243
20010713,0000,2257
20010714,0000,2257
20010715,0000,2257
20010716,0000,2292
20010717,0000,m
20010718,0000,m
20010719,0000,2276
20010720,0000,m
20010721,0000,2284
20010722,0000,2284
20010723,0000,m
20010724,0000,2290
20010725,0000,2281
20010726,0000,2279
20010727,0000,2270
20010728,0000,m
20010729,0000,2270
20010730,0000,2244
20010731,0000,m
20010801,0000,m
20010802,0000,m
20010803,0000,2253
20010804,0000,2253
20010805,0000,2253
20010806,0000,m
20010807,0000,2075
20010808,0000,2062
20010809,0000,2046
20010810,0000,2011
20010811,0000,m
20010812,0000,2011
20010813,0000,2032
20010814,0000,m
20010815,0000,m
20010816,0000,m
20010817,0000,2096
20010818,0000,2096
20010819,0000,2096
20010820,0000,2124
20010821,0000,m
20010822,0000,1996
20010823,0000,1788
20010824,0000,1639
20010825,0000,m
20010826,0000,m
20010827,0000,m
20010828,0000,1143
20010829,0000,959
20010830,0000,855
20010831,0000,833
20010901,0000,833
20010902,0000,833
20010903,0000,m
20010904,0000,734
20010905,0000,756
20010906,0000,m
20010907,0000,795
20010908,0000,795
20010909,0000,795
20010910,0000,m
20010911,0000,624
20010912,0000,615
20010913,0000,623
20010914,0000,608
20010915,0000,m
20010916,0000,608
20010917,0000,m
20010918,0000,651
20010919,0000,m
20010920,0000,689
20010921,0000,684
20010922,0000,684
20010923,0000,684
20010924,0000,680
20010925,0000,m
20010926,0000,653
20010927,0000,630
20010928,0000,637
20010929,0000,m
20010930,0000,637
20011001,0000,m
20011002,0000,666
20011003,0000,610
20011004,0000,m
20011005,0000,615
20011006,0000,615
20011007,0000,615
20011008,0000,615
20011009,0000,677
20011010,0000,m
20011011,0000,m
20011012,0000,709
20011013,0000,709
20011014,0000,709
20011015,0000,636
20011016,0000,m
20011017,0000,638
20011018,0000,23148
20011019,0000,693
20011020,0000,693
20011021,0000,693
20011022,0000,848
20011023,0000,857
20011024,0000,860
20011025,0000,860
20011026,0000,848
20011027,0000,848
20011028,0000,848
20011029,0000,883
20011030,0000,846
20011031,0000,m
20011101,0000,m
20011102,0000,797
20011103,0000,797
20011104,0000,m
20011105,0000,774
20011106,0000,779
20011107,0000,784
20011108,0000,790
20011109,0000,792
20011110,0000,792
20011111,0000,792
20011112,0000,792
20011113,0000,m
20011114,0000,778
20011115,0000,780
20011116,0000,770
20011117,0000,770
20011118,0000,770
20011119,0000,718
20011120,0000,718
20011121,0000,740
20011122,0000,740
20011123,0000,740
20011124,0000,740
20011125,0000,740
20011126,0000,681
20011127,0000,705
20011128,0000,706
20011129,0000,683
20011130,0000,675
20011201,0000,m
20011202,0000,675
20011203,0000,692
20011204,0000,2070
20011205,0000,1136
20011206,0000,976
20011207,0000,730
20011208,0000,730
20011209,0000,730
20011210,0000,675
20011211,0000,m
20011212,0000,642
20011213,0000,637
20011214,0000,637
20011215,0000,637
20011216,0000,637
20011217,0000,m
20011218,0000,m
20011219,0000,644
20011220,0000,861
20011221,0000,m
20011222,0000,1094
20011223,0000,1094
20011224,0000,1094
20011225,0000,1094
20011226,0000,926
20011227,0000,805
20011228,0000,804
20011229,0000,804
20011230,0000,984
20011231,0000,1131
20020101,0000,m
20020102,0000,m
20020103,0000,1613
20020104,0000,m
20020105,0000,1628
20020106,0000,m
20020107,0000,1416
20020108,0000,1972
20020109,0000,1973
20020110,0000,1966
20020111,0000,1965
20020112,0000,1965
20020113,0000,1965
20020114,0000,m
20020115,0000,1967
20020116,0000,1968
20020117,0000,1981
20020118,0000,1986
20020119,0000,1986
20020120,0000,1986
20020121,0000,1986
20020122,0000,m
20020123,0000,1710
20020124,0000,1602
20020125,0000,1522
20020126,0000,1522
20020127,0000,1522
20020128,0000,1506
20020129,0000,1503
20020130,0000,m
20020131,0000,1504
20020201,0000,1496
20020202,0000,1496
20020203,0000,1496
20020204,0000,m
20020205,0000,1491
20020206,0000,1488
20020207,0000,1496
20020208,0000,1486
20020209,0000,m
20020210,0000,1486
20020211,0000,1488
20020212,0000,m
20020213,0000,1491
20020214,0000,1467
20020215,0000,1452
20020216,0000,1452
20020217,0000,m
20020218,0000,m
20020219,0000,1434
20020220,0000,1443
20020221,0000,1898
20020222,0000,2790
20020223,0000,2790
20020224,0000,2790
20020225,0000,1455
20020226,0000,1456
20020227,0000,1463
20020228,0000,1470
20020301,0000,1468
20020302,0000,1468
20020303,0000,m
20020304,0000,1450
20020305,0000,1449
20020306,0000,1454
20020307,0000,m
20020308,0000,1421
20020309,0000,1421
20020310,0000,1421
20020311,0000,3814
20020312,0000,m
20020313,0000,m
20020314,0000,2001
20020315,0000,2007
20020316,0000,2007
20020317,0000,m
20020318,0000,m
20020319,0000,1998
20020320,0000,1985
20020321,0000,1983
20020322,0000,1987
20020323,0000,1987
20020324,0000,1987
20020325,0000,1998
20020326,0000,m
20020327,0000,2014
20020328,0000,2007
20020329,0000,2004
20020330,0000,2004
20020331,0000,2004
20020401,0000,2004
20020402,0000,1976
20020403,0000,1977
20020404,0000,m
20020405,0000,1983
20020406,0000,m
20020407,0000,m
20020408,0000,1890
20020409,0000,1984
20020410,0000,1983
20020411,0000,1992
20020412,0000,1980
20020413,0000,1980
20020414,0000,1980
20020415,0000,1981
20020416,0000,1979
20020417,0000,1983
20020418,0000,1992
20020419,0000,1996
20020420,0000,1996
20020421,0000,1996
20020422,0000,2002
20020423,0000,m
20020424,0000,m
20020425,0000,2009
20020426,0000,2014
20020427,0000,2014
20020428,0000,2014
20020429,0000,m
20020430,0000,2082
20020501,0000,m
20020502,0000,2148
20020503,0000,2151
20020504,0000,2151
20020505,0000,2151
20020506,0000,2216
20020507,0000,2257
20020508,0000,2329
20020509,0000,2313
20020510,0000,2298
20020511,0000,2298
20020512,0000,2298
20020513,0000,m
20020514,0000,2096
20020515,0000,m
20020516,0000,m
20020517,0000,1858
20020518,0000,m
20020519,0000,m
20020520,0000,1838
20020521,0000,1830
20020522,0000,1843
20020523,0000,3219
20020524,0000,m
20020525,0000,1861
20020526,0000,1861
20020527,0000,1861
20020528,0000,1840
20020529,0000,1847
20020530,0000,1860
20020531,0000,1864
20020601,0000,1864
20020602,0000,1864
20020603,0000,m
20020604,0000,1853
20020605,0000,m
20020606,0000,m
20020607,0000,m
20020608,0000,1863
20020609,0000,1863
20020610,0000,1844
20020611,0000,1839
20020612,0000,1842
20020613,0000,1847
20020614,0000,1852
20020615,0000,1852
20020616,0000,1852
20020617,0000,1858
20020618,0000,1862
20020619,0000,1862
20020620,0000,1842
20020621,0000,m
20020622,0000,1853
20020623,0000,1849
20020624,0000,1844
20020625,0000,m
20020626,0000,1905
20020627,0000,m
20020628,0000,m
20020629,0000,m
20020630,0000,2002
20020701,0000,1919
20020702,0000,m
20020703,0000,m
20020704,0000,m
20020705,0000,1904
20020706,0000,1904
20020707,0000,1904
20020708,0000,m
20020709,0000,m
20020710,0000,1916
20020711,0000,1918
20020712,0000,m
20020713,0000,m
20020714,0000,m
20020715,0000,1920
20020716,0000,1930
20020717,0000,1944
20020718,0000,1936
20020719,0000,1927
20020720,0000,1927
20020721,0000,1927
20020722,0000,1861
20020723,0000,1848
20020724,0000,1841
20020725,0000,1838
20020726,0000,1849
20020727,0000,1849
20020728,0000,1849
20020729,0000,1840
20020730,0000,1849
20020731,0000,1869
20020801,0000,1876
20020802,0000,m
20020803,0000,1878
20020804,0000,1878
20020805,0000,1860
20020806,0000,m
20020807,0000,1874
20020808,0000,1846
20020809,0000,1844
20020810,0000,m
20020811,0000,m
20020812,0000,1994
20020813,0000,1999
20020814,0000,m
20020815,0000,m
20020816,0000,2022
20020817,0000,m
20020818,0000,m
20020819,0000,1636
20020820,0000,m
20020821,0000,1441
20020822,0000,1250
20020823,0000,1218
20020824,0000,1218
20020825,0000,1218
20020826,0000,m
20020827,0000,922
20020828,0000,908
20020829,0000,841
20020830,0000,m
20020831,0000,741
20020901,0000,741
20020902,0000,741
20020903,0000,m
20020904,0000,716
20020905,0000,713
20020906,0000,m
20020907,0000,m
20020908,0000,m
20020909,0000,m
20020910,0000,660
20020911,0000,662
20020912,0000,663
20020913,0000,664
20020914,0000,664
20020915,0000,668
20020916,0000,652
20020917,0000,651
20020918,0000,m
20020919,0000,651
20020920,0000,650
20020921,0000,650
20020922,0000,650
20020923,0000,23776
20020924,0000,m
20020925,0000,651
20020926,0000,m
20020927,0000,652
20020928,0000,652
20020929,0000,23777
20020930,0000,m
20021001,0000,685
20021002,0000,714
20021003,0000,681
20021004,0000,46287
20021005,0000,m
20021006,0000,651
20021007,0000,670
20021008,0000,m
20021009,0000,731
20021010,0000,m
20021011,0000,837
20021012,0000,837
20021013,0000,837
20021014,0000,837
20021015,0000,752
20021016,0000,m
20021017,0000,674
20021018,0000,681
20021019,0000,681
20021020,0000,681
20021021,0000,774
20021022,0000,m
20021023,0000,875
20021024,0000,m
20021025,0000,865
20021026,0000,865
20021027,0000,865
20021028,0000,880
20021029,0000,852
20021030,0000,862
20021031,0000,863
20021101,0000,m
20021102,0000,866
20021103,0000,866
20021104,0000,868
20021105,0000,866
20021106,0000,857
20021107,0000,m
20021108,0000,852
20021109,0000,852
20021110,0000,852
20021111,0000,852
20021112,0000,820
20021113,0000,819
20021114,0000,816
20021115,0000,814
20021116,0000,814
20021117,0000,814
20021118,0000,777
20021119,0000,763
20021120,0000,754
20021121,0000,742
20021122,0000,730
20021123,0000,730
20021124,0000,730
20021125,0000,m
20021126,0000,m
20021127,0000,718
20021128,0000,m
20021129,0000,726
20021130,0000,726
20021201,0000,726
20021202,0000,728
20021203,0000,m
20021204,0000,m
20021205,0000,742
20021206,0000,742
20021207,0000,742
20021208,0000,742
20021209,0000,m
20021210,0000,m
20021211,0000,m
20021212,0000,753
20021213,0000,m
20021214,0000,752
20021215,0000,m
20021216,0000,m
20021217,0000,3636
20021218,0000,m
20021219,0000,3213
20021220,0000,1495
20021221,0000,1495
20021222,0000,1495
20021223,0000,987
20021224,0000,996
20021225,0000,m
20021226,0000,m
20021227,0000,m
20021228,0000,1085
20021229,0000,1085
20021230,0000,m
20021231,0000,2420
20030101,0000,m
20030102,0000,2054
20030103,0000,m
20030104,0000,m
20030105,0000,m
20030106,0000,m
20030107,0000,1159
20030108,0000,1149
20030109,0000,1163
20030110,0000,m
20030111,0000,m
20030112,0000,1164
20030113,0000,1161
20030114,0000,1367
20030115,0000,m
20030116,0000,1732
20030117,0000,1748
20030118,0000,1748
20030119,0000,1748
20030120,0000,1752
20030121,0000,1752
20030122,0000,1897
20030123,0000,m
20030124,0000,m
20030125,0000,2250
20030126,0000,2250
20030127,0000,2820
20030128,0000,2801
20030129,0000,m
20030130,0000,2891
20030131,0000,2904
20030201,0000,2904
20030202,0000,2904
20030203,0000,2817
20030204,0000,2674
20030205,0000,2345
20030206,0000,2354
20030207,0000,2100
20030208,0000,2065
20030209,0000,2027
20030210,0000,1990
20030211,0000,1955
20030212,0000,1954
20030213,0000,1949
20030214,0000,1949
20030215,0000,1945
20030216,0000,1948
20030217,0000,1948
20030218,0000,1951
20030219,0000,1955
20030220,0000,1954
20030221,0000,1953
20030222,0000,1949
20030223,0000,1951
20030224,0000,1952
20030225,0000,1953
20030226,0000,1953
20030227,0000,1954
20030228,0000,1953
20030301,0000,1956
20030302,0000,1956
20030303,0000,1957
20030304,0000,1958
20030305,0000,1963
20030306,0000,1964
20030307,0000,1964
20030308,0000,1962
20030309,0000,1952
20030310,0000,1949
20030311,0000,1949
20030312,0000,1955
20030313,0000,1246
20030314,0000,2268
20030315,0000,4264
20030316,0000,3356
20030317,0000,2187
20030318,0000,2784
20030319,0000,1950
20030320,0000,1950
20030321,0000,1954
20030322,0000,1950
20030323,0000,1950
20030324,0000,1951
20030325,0000,1950
20030326,0000,1952
20030327,0000,1957
20030328,0000,1957
20030329,0000,1959
20030330,0000,1956
20030331,0000,1950
20030401,0000,1951
20030402,0000,1948
20030403,0000,1948
20030404,0000,1951
20030405,0000,1954
20030406,0000,1870
20030407,0000,1951
20030408,0000,1954
20030409,0000,1956
20030410,0000,1957
20030411,0000,1962
20030412,0000,1961
20030413,0000,2010
20030414,0000,3531
20030415,0000,3320
20030416,0000,1856
20030417,0000,1762
20030418,0000,1760
20030419,0000,1757
20030420,0000,1749
20030421,0000,1746
20030422,0000,1746
20030423,0000,1749
20030424,0000,1756
20030425,0000,1791
20030426,0000,2953
20030427,0000,2992
20030428,0000,2988
20030429,0000,3261
20030430,0000,4098
20030501,0000,2259
20030502,0000,3757
20030503,0000,3789
20030504,0000,3822
20030505,0000,3985
20030506,0000,5050
20030507,0000,5908
20030508,0000,6131
20030509,0000,6292
20030510,0000,6148
20030511,0000,5798
20030512,0000,5140
20030513,0000,4418
20030514,0000,4121
20030515,0000,4126
20030516,0000,4197
20030517,0000,4072
20030518,0000,3998
20030519,0000,3982
20030520,0000,3971
20030521,0000,3986
20030522,0000,4193
20030523,0000,4546
20030524,0000,4627
20030525,0000,4678
20030526,0000,4622
20030527,0000,4589
20030528,0000,4927
20030529,0000,5464
20030530,0000,6036
20030531,0000,5938
20030601,0000,5697
20030602,0000,5224
20030603,0000,4784
20030604,0000,5876
20030605,0000,5289
20030606,0000,4870
20030607,0000,4693
20030608,0000,4751
20030609,0000,4719
20030610,0000,4070
20030611,0000,4076
20030612,0000,3732
20030613,0000,3138
20030614,0000,2865
20030615,0000,2867
20030616,0000,2868
20030617,0000,2827
20030618,0000,2800
20030619,0000,2803
20030620,0000,2803
20030621,0000,2480
20030622,0000,2338
20030623,0000,2447
20030624,0000,2667
20030625,0000,2798
20030626,0000,2798
20030627,0000,2804
20030628,0000,2804
20030629,0000,2792
20030630,0000,2632
20030701,0000,2476
20030702,0000,2471
20030703,0000,2411
20030704,0000,2337
20030705,0000,2327
20030706,0000,2326
20030707,0000,2357
20030708,0000,2385
20030709,0000,2385
20030710,0000,2385
20030711,0000,2385
20030712,0000,2345
20030713,0000,2418
20030714,0000,2472
20030715,0000,2566
20030716,0000,2609
20030717,0000,2606
20030718,0000,2610
20030719,0000,2612
20030720,0000,2615
20030721,0000,2642
20030722,0000,2685
20030723,0000,2695
20030724,0000,2689
20030725,0000,2684
20030726,0000,2679
20030727,0000,2685
20030728,0000,2683
20030729,0000,2681
20030730,0000,2668
20030731,0000,m
20030801,0000,2803
20030802,0000,2888
20030803,0000,2894
20030804,0000,2867
20030805,0000,2870
20030806,0000,2877
20030807,0000,2842
20030808,0000,2827
20030809,0000,2822
20030810,0000,2812
20030811,0000,2806
20030812,0000,2809
20030813,0000,2811
20030814,0000,2813
20030815,0000,2815
20030816,0000,2817
20030817,0000,2809
20030818,0000,2753
20030819,0000,m
20030820,0000,2460
20030821,0000,2290
20030822,0000,2083
20030823,0000,1895
20030824,0000,1694
20030825,0000,1503
20030826,0000,1365
20030827,0000,1272
20030828,0000,1162
20030829,0000,1094
20030830,0000,998
20030831,0000,928
20030901,0000,917
20030902,0000,837
20030903,0000,736
20030904,0000,m
20030905,0000,844
20030906,0000,833
20030907,0000,822
20030908,0000,823
20030909,0000,821
20030910,0000,822
20030911,0000,823
20030912,0000,823
20030913,0000,823
20030914,0000,821
20030915,0000,823
20030916,0000,823
20030917,0000,823
20030918,0000,813
20030919,0000,782
20030920,0000,744
20030921,0000,735
20030922,0000,736
20030923,0000,736
20030924,0000,736
20030925,0000,737
20030926,0000,740
20030927,0000,741
20030928,0000,741
20030929,0000,741
20030930,0000,741
20031001,0000,740
20031002,0000,741
20031003,0000,744
20031004,0000,747
20031005,0000,746
20031006,0000,761
20031007,0000,807
20031008,0000,854
20031009,0000,866
20031010,0000,875
20031011,0000,871
20031012,0000,859
20031013,0000,859
20031014,0000,862
20031015,0000,861
20031016,0000,861
20031017,0000,861
20031018,0000,859
20031019,0000,860
20031020,0000,860
20031021,0000,900
20031022,0000,966
20031023,0000,952
20031024,0000,924
20031025,0000,922
20031026,0000,958
20031027,0000,919
20031028,0000,918
20031029,0000,918
20031030,0000,918
20031031,0000,922
20031101,0000,918
20031102,0000,918
20031103,0000,914
20031104,0000,1003
20031105,0000,892
20031106,0000,876
20031107,0000,871
20031108,0000,878
20031109,0000,882
20031110,0000,882
20031111,0000,880
20031112,0000,873
20031113,0000,864
20031114,0000,856
20031115,0000,852
20031116,0000,852
20031117,0000,850
20031118,0000,847
20031119,0000,846
20031120,0000,842
20031121,0000,836
20031122,0000,825
20031123,0000,821
20031124,0000,822
20031125,0000,822
20031126,0000,821
20031127,0000,816
20031128,0000,815
20031129,0000,817
20031130,0000,817
20031201,0000,817
20031202,0000,817
20031203,0000,820
20031204,0000,818
20031205,0000,819
20031206,0000,820
20031207,0000,820
20031208,0000,822
20031209,0000,822
20031210,0000,891
20031211,0000,951
20031212,0000,1231
20031213,0000,1905
20031214,0000,2002
20031215,0000,1997
20031216,0000,1917
20031217,0000,1334
20031218,0000,1389
20031219,0000,1422
20031220,0000,1422
20031221,0000,m
20031222,0000,1400
20031223,0000,1491
20031224,0000,1851
20031225,0000,m
20031226,0000,2660
20031227,0000,m
20031228,0000,m
20031229,0000,2077
20031230,0000,2606
20031231,0000,m
20040101,0000,2902
20040102,0000,4079
20040103,0000,4050
20040104,0000,3621
20040105,0000,2534
20040106,0000,2024
20040107,0000,2026
20040108,0000,2032
20040109,0000,2023
20040110,0000,2019
20040111,0000,2019
20040112,0000,m
20040113,0000,2017
20040114,0000,2013
20040115,0000,2017
20040116,0000,2014
20040117,0000,2014
20040118,0000,2015
20040119,0000,2017
20040120,0000,m
20040121,0000,2017
20040122,0000,2013
20040123,0000,2014
20040124,0000,2016
20040125,0000,2020
20040126,0000,2019
20040127,0000,2016
20040128,0000,2010
20040129,0000,2007
20040130,0000,2002
20040131,0000,1994
20040201,0000,2005
20040202,0000,2013
20040203,0000,2015
20040204,0000,2006
20040205,0000,2002
20040206,0000,2004
20040207,0000,1913
20040208,0000,1993
20040209,0000,1953
20040210,0000,1900
20040211,0000,1897
20040212,0000,1845
20040213,0000,1799
20040214,0000,1801
20040215,0000,1795
20040216,0000,1799
20040217,0000,2581
20040218,0000,4433
20040219,0000,4128
20040220,0000,3867
20040221,0000,3653
20040222,0000,2514
20040223,0000,2143
20040224,0000,2671
20040225,0000,2714
20040226,0000,4501
20040227,0000,4306
20040228,0000,4167
20040229,0000,4143
20040301,0000,3931
20040302,0000,3696
20040303,0000,3154
20040304,0000,2615
20040305,0000,2617
20040306,0000,2615
20040307,0000,2604
20040308,0000,2598
20040309,0000,2602
20040310,0000,2605
20040311,0000,2599
20040312,0000,2604
20040313,0000,2602
20040314,0000,2598
20040315,0000,2533
20040316,0000,2533
20040317,0000,2329
20040318,0000,2336
20040319,0000,2328
20040320,0000,2318
20040321,0000,2253
20040322,0000,2248
20040323,0000,2206
20040324,0000,2211
20040325,0000,2209
20040326,0000,2210
20040327,0000,2212
20040328,0000,2203
20040329,0000,2202
20040330,0000,2199
20040331,0000,2201
20040401,0000,2206
20040402,0000,2212
20040403,0000,2217
20040404,0000,2208
20040405,0000,2165
20040406,0000,2132
20040407,0000,2134
20040408,0000,2134
20040409,0000,2122
20040410,0000,2116
20040411,0000,2116
20040412,0000,2301
20040413,0000,2116
20040414,0000,2116
20040415,0000,2117
20040416,0000,2118
20040417,0000,2116
20040418,0000,2109
20040419,0000,2113
20040420,0000,2118
20040421,0000,2120
20040422,0000,2126
20040423,0000,2135
20040424,0000,2137
20040425,0000,2137
20040426,0000,2140
20040427,0000,2144
20040428,0000,2135
20040429,0000,2130
20040430,0000,2343
20040501,0000,m
20040502,0000,2512
20040503,0000,2469
20040504,0000,2445
20040505,0000,2442
20040506,0000,2488
20040507,0000,2488
20040508,0000,2523
20040509,0000,2471
20040510,0000,2461
20040511,0000,2437
20040512,0000,2420
20040513,0000,2420
20040514,0000,2416
20040515,0000,2398
20040516,0000,2362
20040517,0000,2293
20040518,0000,2238
20040519,0000,2220
20040520,0000,2229
20040521,0000,2259
20040522,0000,2272
20040523,0000,2255
20040524,0000,2224
20040525,0000,2170
20040526,0000,2216
20040527,0000,2270
20040528,0000,2290
20040529,0000,2313
20040530,0000,2387
20040531,0000,2399
20040601,0000,2300
20040602,0000,2096
20040603,0000,1702
20040604,0000,1601
20040605,0000,1635
20040606,0000,1836
20040607,0000,1877
20040608,0000,1892
20040609,0000,1900
20040610,0000,1930
20040611,0000,1928
20040612,0000,1907
20040613,0000,1878
20040614,0000,1864
20040615,0000,1882
20040616,0000,m
20040617,0000,1897
20040618,0000,1926
20040619,0000,1963
20040620,0000,1900
20040621,0000,1833
20040622,0000,1837
20040623,0000,1848
20040624,0000,1866
20040625,0000,1882
20040626,0000,1902
20040627,0000,1901
20040628,0000,1906
20040629,0000,1906
20040630,0000,1937
20040701,0000,2004
20040702,0000,2058
20040703,0000,2056
20040704,0000,2033
20040705,0000,2032
20040706,0000,2027
20040707,0000,2029
20040708,0000,2034
20040709,0000,2034
20040710,0000,2036
20040711,0000,2028
20040712,0000,2031
20040713,0000,2045
20040714,0000,2038
20040715,0000,1988
20040716,0000,1988
20040717,0000,1957
20040718,0000,1950
20040719,0000,1946
20040720,0000,1953
20040721,0000,1961
20040722,0000,1966
20040723,0000,1971
20040724,0000,1976
20040725,0000,1967
20040726,0000,1964
20040727,0000,1965
20040728,0000,1970
20040729,0000,1966
20040730,0000,1933
20040731,0000,1927
20040801,0000,1919
20040802,0000,1908
20040803,0000,1873
20040804,0000,1838
20040805,0000,1834
20040806,0000,1802
20040807,0000,1770
20040808,0000,1750
20040809,0000,1737
20040810,0000,1751
20040811,0000,1757
20040812,0000,1760
20040813,0000,1762
20040814,0000,1759
20040815,0000,1722
20040816,0000,1682
20040817,0000,1648
20040818,0000,1618
20040819,0000,1572
20040820,0000,1563
20040821,0000,1560
20040822,0000,1541
20040823,0000,1504
20040824,0000,1444
20040825,0000,1435
20040826,0000,1435
20040827,0000,1437
20040828,0000,1358
20040829,0000,1223
20040830,0000,1051
20040831,0000,877
20040901,0000,796
20040902,0000,793
20040903,0000,789
20040904,0000,805
20040905,0000,782
20040906,0000,747
20040907,0000,740
20040908,0000,738
20040909,0000,719
20040910,0000,719
20040911,0000,744
20040912,0000,716
20040913,0000,716
20040914,0000,717
20040915,0000,716
20040916,0000,713
20040917,0000,713
20040918,0000,712
20040919,0000,707
20040920,0000,707
20040921,0000,708
20040922,0000,m
20040923,0000,709
20040924,0000,717
20040925,0000,801
20040926,0000,709
20040927,0000,905
20040928,0000,946
20040929,0000,966
20040930,0000,979
20041001,0000,977
20041002,0000,971
20041003,0000,948
20041004,0000,924
20041005,0000,923
20041006,0000,924
20041007,0000,940
20041008,0000,954
20041009,0000,100
20041010,0000,947
20041011,0000,967
20041012,0000,966
20041013,0000,949
20041014,0000,956
20041015,0000,956
20041016,0000,978
20041017,0000,976
20041018,0000,975
20041019,0000,976
20041020,0000,976
20041021,0000,978
20041022,0000,978
20041023,0000,979
20041024,0000,979
20041025,0000,980
20041026,0000,979
20041027,0000,980
20041028,0000,979
20041029,0000,980
20041030,0000,980
20041031,0000,959
20041101,0000,922
20041102,0000,906
20041103,0000,893
20041104,0000,893
20041105,0000,849
20041106,0000,893
20041107,0000,839
20041108,0000,837
20041109,0000,844
20041110,0000,844
20041111,0000,850
20041112,0000,851
20041113,0000,824
20041114,0000,807
20041115,0000,806
20041116,0000,817
20041117,0000,847
20041118,0000,835
20041119,0000,838
20041120,0000,835
20041121,0000,813
20041122,0000,813
20041123,0000,822
20041124,0000,827
20041125,0000,827
20041126,0000,827
20041127,0000,809
20041128,0000,775
20041129,0000,775
20041130,0000,776
20041201,0000,801
20041202,0000,803
20041203,0000,819
20041204,0000,788
20041205,0000,780
20041206,0000,780
20041207,0000,772
20041208,0000,1268
20041209,0000,1268
20041210,0000,2004
20041211,0000,909
20041212,0000,786
20041213,0000,770
20041214,0000,756
20041215,0000,757
20041216,0000,757
20041217,0000,757
20041218,0000,756
20041219,0000,754
20041220,0000,753
20041221,0000,755
20041222,0000,755
20041223,0000,755
20041224,0000,754
20041225,0000,755
20041226,0000,754
20041227,0000,755
20041228,0000,755
20041229,0000,756
20041230,0000,1518
20041231,0000,2975
20050101,0000,2470
20050102,0000,1215
20050103,0000,1121
20050104,0000,1269
20050105,0000,1497
20050106,0000,1493
20050107,0000,1445
20050108,0000,1346
20050109,0000,1348
20050110,0000,1348
20050111,0000,1447
20050112,0000,1925
20050113,0000,1844
20050114,0000,1928
20050115,0000,1499
20050116,0000,1008
20050117,0000,927
20050118,0000,954
20050119,0000,1036
20050120,0000,1034
20050121,0000,1024
20050122,0000,1017
20050123,0000,1017
20050124,0000,1017
20050125,0000,1017
20050126,0000,1017
20050127,0000,1021
20050128,0000,1023
20050129,0000,1026
20050130,0000,1028
20050131,0000,1008
20050201,0000,988
20050202,0000,987
20050203,0000,993
20050204,0000,972
20050205,0000,908
20050206,0000,904
20050207,0000,902
20050208,0000,939
20050209,0000,903
20050210,0000,748
20050211,0000,921
20050212,0000,921
20050213,0000,910
20050214,0000,905
20050215,0000,905
20050216,0000,908
20050217,0000,908
20050218,0000,908
20050219,0000,909
20050220,0000,908
20050221,0000,1665
20050222,0000,1831
20050223,0000,1831
20050224,0000,1749
20050225,0000,951
20050226,0000,914
20050227,0000,914
20050228,0000,917
20050301,0000,918
20050302,0000,1508
20050303,0000,2146
20050304,0000,1566
20050305,0000,2146
20050306,0000,1566
20050307,0000,914
20050308,0000,917
20050309,0000,917
20050310,0000,917
20050311,0000,905
20050312,0000,882
20050313,0000,876
20050314,0000,877
20050315,0000,873
20050316,0000,871
20050317,0000,872
20050318,0000,871
20050319,0000,872
20050320,0000,875
20050321,0000,1464
20050322,0000,2889
20050323,0000,4980
20050324,0000,4320
20050325,0000,3877
20050326,0000,3137
20050327,0000,2392
20050328,0000,2392
20050329,0000,2184
20050330,0000,2188
20050331,0000,2190
20050401,0000,2184
20050402,0000,1756
20050403,0000,1235
20050404,0000,1233
20050405,0000,1229
20050406,0000,1233
20050407,0000,1397
20050408,0000,1530
20050409,0000,1574
20050410,0000,1882
20050411,0000,1927
20050412,0000,2007
20050413,0000,2175
20050414,0000,2298
20050415,0000,2298
20050416,0000,2304
20050417,0000,2298
20050418,0000,2296
20050419,0000,2300
20050420,0000,2299
20050421,0000,2302
20050422,0000,2304
20050423,0000,2300
20050424,0000,2295
20050425,0000,2295
20050426,0000,2622
20050427,0000,2937
20050428,0000,3118
20050429,0000,3116
20050430,0000,3120
20050501,0000,3125
20050502,0000,3128
20050503,0000,3129
20050504,0000,3129
20050505,0000,3130
20050506,0000,3129
20050507,0000,3129
20050508,0000,3127
20050509,0000,3468
20050510,0000,4189
20050511,0000,4178
20050512,0000,4170
20050513,0000,4166
20050514,0000,4159
20050515,0000,4153
20050516,0000,4166
20050517,0000,4208
20050518,0000,5957
20050519,0000,33723
20050520,0000,35576
20050521,0000,23460
20050522,0000,13467
20050523,0000,11317
20050524,0000,9084
20050525,0000,7897
20050526,0000,8140
20050527,0000,8905
20050528,0000,7645
20050529,0000,7076
20050530,0000,6056
20050531,0000,5621
20050601,0000,4816
20050602,0000,4652
20050603,0000,4731
20050604,0000,4881
20050605,0000,4596
20050606,0000,4469
20050607,0000,4402
20050608,0000,4214
20050609,0000,4758
20050610,0000,5371
20050611,0000,4158
20050612,0000,4137
20050613,0000,4241
20050614,0000,4446
20050615,0000,4120
20050616,0000,4084
20050617,0000,4067
20050618,0000,3868
20050619,0000,3338
20050620,0000,3338
20050621,0000,2838
20050622,0000,2844
20050623,0000,2844
20050624,0000,2848
20050625,0000,2844
20050626,0000,2835
20050627,0000,2835
20050628,0000,2835
20050629,0000,2842
20050630,0000,2849
20050701,0000,2851
20050702,0000,2850
20050703,0000,2844
20050704,0000,2837
20050705,0000,2839
20050706,0000,2839
20050707,0000,2844
20050708,0000,2843
20050709,0000,2846
20050710,0000,2844
20050711,0000,2850
20050712,0000,2851
20050713,0000,2851
20050714,0000,2849
20050715,0000,2845
20050716,0000,2845
20050717,0000,2672
20050718,0000,2368
20050719,0000,2230
20050720,0000,2236
20050721,0000,2237
20050722,0000,2088
20050723,0000,2237
20050724,0000,2016
20050725,0000,2017
20050726,0000,2015
20050727,0000,2015
20050728,0000,2016
20050729,0000,2017
20050730,0000,2019
20050731,0000,2017
20050801,0000,1963
20050802,0000,1962
20050803,0000,2019
20050804,0000,1842
20050805,0000,1714
20050806,0000,1712
20050807,0000,1711
20050808,0000,1707
20050809,0000,1706
20050810,0000,1722
20050811,0000,1725
20050812,0000,1725
20050813,0000,m
20050814,0000,1719
20050815,0000,1716
20050816,0000,1718
20050817,0000,1723
20050818,0000,1721
20050819,0000,1721
20050820,0000,1716
20050821,0000,1704
20050822,0000,1709
20050823,0000,1717
20050824,0000,1650
20050825,0000,1498
20050826,0000,1316
20050827,0000,1225
20050828,0000,1218
20050829,0000,1160
20050830,0000,1160
20050831,0000,1060
20050901,0000,858
20050902,0000,859
20050903,0000,860
20050904,0000,858
20050905,0000,857
20050906,0000,858
20050907,0000,860
20050908,0000,860
20050909,0000,m
20050910,0000,859
20050911,0000,857
20050912,0000,856
20050913,0000,855
20050914,0000,775
20050915,0000,751
20050916,0000,726
20050917,0000,726
20050918,0000,717
20050919,0000,717
20050920,0000,717
20050921,0000,719
20050922,0000,719
20050923,0000,722
20050924,0000,722
20050925,0000,722
20050926,0000,722
20050927,0000,715
20050928,0000,713
20050929,0000,714
20050930,0000,715
20051001,0000,715
20051002,0000,715
20051003,0000,713
20051004,0000,718
20051005,0000,758
20051006,0000,784
20051007,0000,785
20051008,0000,784
20051009,0000,784
20051010,0000,784
20051011,0000,786
20051012,0000,788
20051013,0000,817
20051014,0000,860
20051015,0000,870
20051016,0000,860
20051017,0000,862
20051018,0000,916
20051019,0000,941
20051020,0000,941
20051021,0000,112
20051022,0000,1204
20051023,0000,1204
20051024,0000,1205
20051025,0000,1205
20051026,0000,1204
20051027,0000,1205
20051028,0000,1202
20051029,0000,1202
20051030,0000,1201
20051031,0000,1200
20051101,0000,1199
20051102,0000,1200
20051103,0000,1200
20051104,0000,1202
20051105,0000,1202
20051106,0000,1201
20051107,0000,1202
20051108,0000,1202
20051109,0000,1201
20051110,0000,1186
20051111,0000,1203
20051112,0000,1205
20051113,0000,1206
20051114,0000,1210
20051115,0000,1210
20051116,0000,1208
20051117,0000,1207
20051118,0000,1207
20051119,0000,1202
20051120,0000,1199
20051121,0000,1199
20051122,0000,1168
20051123,0000,1121
20051124,0000,1126
20051125,0000,1127
20051126,0000,1125
20051127,0000,1124
20051128,0000,1123
20051129,0000,1123
20051130,0000,1122
20051201,0000,1124
20051202,0000,2899
20051203,0000,3379
20051204,0000,1971
20051205,0000,1130
20051206,0000,1132
20051207,0000,1132
20051208,0000,1130
20051209,0000,1224
20051210,0000,1310
20051211,0000,1307
20051212,0000,1307
20051213,0000,1308
20051214,0000,1312
20051215,0000,1315
20051216,0000,1319
20051217,0000,1322
20051218,0000,1325
20051219,0000,2078
20051220,0000,2916
20051221,0000,2913
20051222,0000,6642
20051223,0000,8012
20051224,0000,5141
20051225,0000,4902
20051226,0000,8510
20051227,0000,8870
20051228,0000,19865
20051229,0000,19658
20051230,0000,16262
20051231,0000,77514
20060101,0000,50590
20060102,0000,35437
20060103,0000,23981
20060104,0000,17541
20060105,0000,13421
20060106,0000,10271
20060107,0000,8408
20060108,0000,7180
20060109,0000,6330
20060110,0000,5494
20060111,0000,5233
20060112,0000,5157
20060113,0000,4894
20060114,0000,4651
20060115,0000,4825
20060116,0000,4310
20060117,0000,4212
20060118,0000,4814
20060119,0000,4580
20060120,0000,4308
20060121,0000,4216
20060122,0000,m
20060123,0000,4305
20060124,0000,4280
20060125,0000,4282
20060126,0000,4207
20060127,0000,4163
20060128,0000,4149
20060129,0000,4127
20060130,0000,4112
20060131,0000,4102
20060201,0000,4101
20060202,0000,4133
20060203,0000,4887
20060204,0000,4724
20060205,0000,4740
20060206,0000,4287
20060207,0000,4180
20060208,0000,4329
20060209,0000,4359
20060210,0000,4275
20060211,0000,4260
20060212,0000,4214
20060213,0000,4173
20060214,0000,4173
20060215,0000,4160
20060216,0000,4122
20060217,0000,4154
20060218,0000,4146
20060219,0000,4145
20060220,0000,4139
20060221,0000,4133
20060222,0000,4125
20060223,0000,4109
20060224,0000,4100
20060225,0000,4106
20060226,0000,4128
20060227,0000,4055
20060228,0000,15664
20060301,0000,12470
20060302,0000,11000
20060303,0000,10228
20060304,0000,8761
20060305,0000,7322
20060306,0000,9264
20060307,0000,6499
20060308,0000,5441
20060309,0000,4625
20060310,0000,4457
20060311,0000,4279
20060312,0000,4153
20060313,0000,4136
20060314,0000,4598
20060315,0000,4589
20060316,0000,4298
20060317,0000,3875
20060318,0000,4356
20060319,0000,4462
20060320,0000,4309
20060321,0000,4364
20060322,0000,4234
20060323,0000,4151
20060324,0000,4107
20060325,0000,8155
20060326,0000,6915
20060327,0000,5990
20060328,0000,5127
20060329,0000,4431
20060330,0000,3989
20060331,0000,4262
20060401,0000,6194
20060402,0000,7335
20060403,0000,18122
20060404,0000,24834
20060405,0000,20415
20060406,0000,12476
20060407,0000,7440
20060408,0000,7557
20060409,0000,6724
20060410,0000,7294
20060411,0000,9776
20060412,0000,11181
20060413,0000,10550
20060414,0000,10149
20060415,0000,10022
20060416,0000,15136
20060417,0000,14993
20060418,0000,10855
20060419,0000,6494
20060420,0000,6034
20060421,0000,5973
20060422,0000,5915
20060423,0000,6023
20060424,0000,6132
20060425,0000,6401
20060426,0000,6669
20060427,0000,7418
20060428,0000,9514
20060429,0000,15303
20060430,0000,18188
20060501,0000,17693
20060502,0000,15373
20060503,0000,13901
20060504,0000,12266
20060505,0000,9362
20060506,0000,7845
20060507,0000,8038
20060508,0000,7984
20060509,0000,8551
20060510,0000,8041
20060511,0000,8787
20060512,0000,10074
20060513,0000,8454
20060514,0000,10385
20060515,0000,10500
20060516,0000,6767
20060517,0000,9912
20060518,0000,10052
20060519,0000,10400
20060520,0000,9723
20060521,0000,8707
20060522,0000,8899
20060523,0000,9464
20060524,0000,9482
20060525,0000,7107
20060526,0000,5542
20060527,0000,5739
20060528,0000,4666
20060529,0000,4418
20060530,0000,4063
20060531,0000,4240
20060601,0000,4191
20060602,0000,3746
20060603,0000,4069
20060604,0000,4439
20060605,0000,4388
20060606,0000,4282
20060607,0000,3671
20060608,0000,3646
20060609,0000,3623
20060610,0000,3476
20060611,0000,3482
20060612,0000,4027
20060613,0000,3440
20060614,0000,26507
20060615,0000,3990
20060616,0000,4030
20060617,0000,4008
20060618,0000,3479
20060619,0000,3046
20060620,0000,3037
20060621,0000,3040
20060622,0000,3048
20060623,0000,3051
20060624,0000,3044
20060625,0000,3039
20060626,0000,3034
20060627,0000,3032
20060628,0000,2921
20060629,0000,2755
20060630,0000,2729
20060701,0000,2730
20060702,0000,2726
20060703,0000,2728
20060704,0000,2728
20060705,0000,2726
20060706,0000,2722
20060707,0000,2615
20060708,0000,2540
20060709,0000,2546
20060710,0000,2549
20060711,0000,2551
20060712,0000,2551
20060713,0000,2551
20060714,0000,2459
20060715,0000,2553
20060716,0000,2550
20060717,0000,2553
20060718,0000,2504
20060719,0000,2390
20060720,0000,2271
20060721,0000,2163
20060722,0000,2204
20060723,0000,2767
20060724,0000,2970
20060725,0000,2974
20060726,0000,2974
20060727,0000,2581
20060728,0000,2581
20060729,0000,2021
20060730,0000,2016
20060731,0000,2014
20060801,0000,2014
20060802,0000,2013
20060803,0000,2011
20060804,0000,1955
20060805,0000,1852
20060806,0000,1758
20060807,0000,1667
20060808,0000,1672
20060809,0000,1593
20060810,0000,1555
20060811,0000,1558
20060812,0000,1557
20060813,0000,1557
20060814,0000,1543
20060815,0000,1510
20060816,0000,1480
20060817,0000,1460
20060818,0000,1450
20060819,0000,1420
20060820,0000,1405
20060821,0000,1406
20060822,0000,1381
20060823,0000,1345
20060824,0000,1323
20060825,0000,1270
20060826,0000,1256
20060827,0000,1227
20060828,0000,1210
20060829,0000,1208
20060830,0000,1180
20060831,0000,921
20060901,0000,732
20060902,0000,732
20060903,0000,732
20060904,0000,732
20060905,0000,732
20060906,0000,732
20060907,0000,734
20060908,0000,735
20060909,0000,730
20060910,0000,705
20060911,0000,705
20060912,0000,706
20060913,0000,710
20060914,0000,708
20060915,0000,707
20060916,0000,706
20060917,0000,705
20060918,0000,681
20060919,0000,664
20060920,0000,664
20060921,0000,660
20060922,0000,663
20060923,0000,658
20060924,0000,659
20060925,0000,656
20060926,0000,657
20060927,0000,657
20060928,0000,657
20060929,0000,658
20060930,0000,657
20061001,0000,661
20061002,0000,697
20061003,0000,717
20061004,0000,719
20061005,0000,718
20061006,0000,718
20061007,0000,718
20061008,0000,718
20061009,0000,718
20061010,0000,688
20061011,0000,665
20061012,0000,637
20061013,0000,618
20061014,0000,652
20061015,0000,695
20061016,0000,722
20061017,0000,729
20061018,0000,730
20061019,0000,733
20061020,0000,738
20061021,0000,738
20061022,0000,879
20061023,0000,736
20061024,0000,736
20061025,0000,735
20061026,0000,735
20061027,0000,735
20061028,0000,735
20061029,0000,745
20061030,0000,738
20061031,0000,879
20061101,0000,738
20061102,0000,738
20061103,0000,738
20061104,0000,738
20061105,0000,739
20061106,0000,739
20061107,0000,739
20061108,0000,739
20061109,0000,738
20061110,0000,738
20061111,0000,738
20061112,0000,738
20061113,0000,m
20061114,0000,737
20061115,0000,738
20061116,0000,737
20061117,0000,738
20061118,0000,738
20061119,0000,737
20061120,0000,739
20061121,0000,739
20061122,0000,738
20061123,0000,736
20061124,0000,722
20061125,0000,710
20061126,0000,710
20061127,0000,710
20061128,0000,711
20061129,0000,711
20061130,0000,711
20061201,0000,711
20061202,0000,711
20061203,0000,712
20061204,0000,710
20061205,0000,711
20061206,0000,721
20061207,0000,726
20061208,0000,728
20061209,0000,726
20061210,0000,730
20061211,0000,732
20061212,0000,732
20061213,0000,733
20061214,0000,734
20061215,0000,734
20061216,0000,734
20061217,0000,733
20061218,0000,734
20061219,0000,733
20061220,0000,732
20061221,0000,756
20061222,0000,734
20061223,0000,734
20061224,0000,733
20061225,0000,733
20061226,0000,732
20061227,0000,734
20061228,0000,981
20061229,0000,1275
20061230,0000,1006
20061231,0000,1103
20070101,0000,917
20070102,0000,1012
20070103,0000,874
20070104,0000,779
20070105,0000,1940
20070106,0000,2019
20070107,0000,2014
20070108,0000,2009
20070109,0000,1907
20070110,0000,1687
20070111,0000,m