Title: "ENG.csv"

4872,PST,'RESERVOIR STORAGE (af)'
19541001,0000,26490
19541101,0000,30430
19541201,0000,63899
19550101,0000,70207
19550201,0000,70289
19550301,0000,70864
19550401,0000,70781
19550501,0000,71276
19550601,0000,69718
19550701,0000,57824
19550801,0000,30916
19550901,0000,26171
19551001,0000,25309
19551101,0000,29603
19551201,0000,21941
19560101,0000,71691
19560201,0000,71276
19560301,0000,71276
19560401,0000,71276
19560501,0000,72191
19560601,0000,70781
19560701,0000,67947
19560801,0000,56983
19560901,0000,41137
19561001,0000,28121
19561101,0000,36534
19561201,0000,33712
19570101,0000,43251
19570201,0000,72275
19570301,0000,71111
19570401,0000,70946
19570501,0000,71774
19570601,0000,70207
19570701,0000,65588
19570801,0000,48455
19570901,0000,32916
19571001,0000,30562
19571101,0000,41028
19571201,0000,70535
19580101,0000,71774
19580201,0000,72358
19580301,0000,72442
19580401,0000,71857
19580501,0000,72526
19580601,0000,70781
19580701,0000,69718
19580801,0000,61797
19580901,0000,43081
19581001,0000,25232
19581101,0000,34378
19581201,0000,27872
19590101,0000,70453
19590201,0000,70699
19590301,0000,70946
19590401,0000,70617
19590501,0000,70207
19590601,0000,69312
19590701,0000,61502
19590801,0000,44685
19590901,0000,37240
19591001,0000,28079
19591101,0000,25699
19591201,0000,26610
19600101,0000,52393
19600201,0000,70289
19600301,0000,71941
19600401,0000,70781
19600501,0000,70044
19600601,0000,69474
19600701,0000,65977
19600801,0000,52197
19600901,0000,36284
19601001,0000,25816
19601101,0000,46992
19601201,0000,61428
19610101,0000,52524
19610201,0000,70125
19610301,0000,70864
19610401,0000,70699
19610501,0000,70535
19610601,0000,69151
19610701,0000,60694
19610801,0000,47355
19610901,0000,39682
19611001,0000,35838
19611101,0000,27501
19611201,0000,44511
19620101,0000,53248
19620201,0000,71359
19620301,0000,71111
19620401,0000,71359
19620501,0000,71194
19620601,0000,70044
19620701,0000,66759
19620801,0000,57612
19620901,0000,44222
19621001,0000,70207
19621101,0000,70125
19621201,0000,70289
19630101,0000,74819
19630201,0000,71442
19630301,0000,71442
19630401,0000,71691
19630501,0000,72108
19630601,0000,70289
19630701,0000,66055
19630801,0000,54651
19630901,0000,48148
19631001,0000,41576
19631101,0000,70371
19631201,0000,70125
19640101,0000,70699
19640201,0000,70371
19640301,0000,70781
19640401,0000,71029
19640501,0000,70946
19640601,0000,70207
19640701,0000,68266
19640801,0000,60402
19640901,0000,47173
19641001,0000,36234
19641101,0000,46154
19641201,0000,72778
19650101,0000,71774
19650201,0000,71276
19650301,0000,71111
19650401,0000,72610
19650501,0000,71857
19650601,0000,70617
19650701,0000,69637
19650801,0000,66133
19650901,0000,59245
19651001,0000,47355
19651101,0000,67470
19651201,0000,70699
19660101,0000,70535
19660201,0000,70535
19660301,0000,71442
19660401,0000,71029
19660501,0000,70453
19660601,0000,68908
19660701,0000,60840
19660801,0000,48270
19660901,0000,46872
19661001,0000,32316
19661101,0000,71857
19661201,0000,70289
19670101,0000,74819
19670201,0000,70699
19670301,0000,71525
19670401,0000,71194
19670501,0000,72610
19670601,0000,72191
19670701,0000,70207
19670801,0000,43878
19670901,0000,25504
19671001,0000,25621
19671101,0000,25660
19671201,0000,42463
19680101,0000,70699
19680201,0000,71525
19680301,0000,71194
19680401,0000,70781
19680501,0000,70535
19680601,0000,69555
19680701,0000,66917
19680801,0000,40811
19680901,0000,39206
19681001,0000,41083
19681101,0000,54719
19681201,0000,70535
19690101,0000,72610
19690201,0000,72108
19690301,0000,71359
19690401,0000,72526
19690501,0000,71857
19690601,0000,68426
19690701,0000,59461
19690801,0000,49575
19690901,0000,45034
19691001,0000,37494
19691101,0000,38110
19691201,0000,70125
19700101,0000,72191
19700201,0000,71276
19700301,0000,70781
19700401,0000,71276
19700501,0000,62999
19700601,0000,63929
19700701,0000,67288
19700801,0000,66242
19700901,0000,59288
19701001,0000,50819
19701101,0000,53010
19701201,0000,49844
19710101,0000,70128
19710201,0000,61298
19710301,0000,63525
19710401,0000,61972
19710501,0000,64890
19710601,0000,70096
19710701,0000,69048
19710801,0000,65310
19710901,0000,66912
19711001,0000,68000
19711101,0000,51498
19711201,0000,55670
19720101,0000,55320
19720201,0000,56370
19720301,0000,60660
19720401,0000,60195
19720501,0000,67507
19720601,0000,68312
19720701,0000,65849
19720801,0000,66710
19720901,0000,65942
19721001,0000,66403
19721101,0000,57108
19721201,0000,51639
19730101,0000,51613
19730201,0000,63322
19730301,0000,60984
19730401,0000,61724
19730501,0000,61888
19730601,0000,66169
19730701,0000,66796
19730801,0000,65923
19730901,0000,65081
19731001,0000,63701
19731101,0000,71757
19731201,0000,70667
19740101,0000,69755
19740201,0000,66122
19740301,0000,74756
19740401,0000,69309
19740501,0000,70587
19740601,0000,m
19740701,0000,69204
19740801,0000,67891
19740901,0000,47467
19741001,0000,40875
19741101,0000,62854
19741201,0000,54773
19750101,0000,54501
19750201,0000,59113
19750301,0000,59546
19750401,0000,61672
19750501,0000,60654
19750601,0000,67984
19750701,0000,68986
19750801,0000,68512
19750901,0000,68544
19751001,0000,69029
19751101,0000,69272
19751201,0000,69523
19760101,0000,67399
19760201,0000,67288
19760301,0000,62691
19760401,0000,67043
19760501,0000,63067
19760601,0000,62102
19760701,0000,63029
19760801,0000,62318
19760901,0000,63210
19761001,0000,62355
19761101,0000,63899
19761201,0000,61546
19770101,0000,61575
19770201,0000,59915
19770301,0000,58141
19770401,0000,66956
19770501,0000,66211
19770601,0000,65309
19770701,0000,66226
19770801,0000,66289
19770901,0000,65201
19771001,0000,65891
19771101,0000,65938
19771201,0000,63975
19780101,0000,60140
19780201,0000,55267
19780301,0000,66917
19780401,0000,66086
19780501,0000,63293
19780601,0000,65938
19780701,0000,67708
19780801,0000,68043
19780901,0000,68370
19781001,0000,67074
19781101,0000,67143
19781201,0000,69799
19790101,0000,66996
19790201,0000,59966
19790301,0000,63520
19790401,0000,67947
19790501,0000,67947
19790601,0000,69106
19790701,0000,66838
19790801,0000,68587
19790901,0000,66814
19791001,0000,68170
19791101,0000,68066
19791201,0000,66226
19800101,0000,66641
19800201,0000,71566
19800301,0000,65124
19800401,0000,61008
19800501,0000,68394
19800601,0000,67509
19800701,0000,67819
19800801,0000,67835
19800901,0000,69231
19801001,0000,65666
19801101,0000,65875
19801201,0000,60475
19810101,0000,62169
19810201,0000,66759
19810301,0000,65201
19810401,0000,68026
19810501,0000,66917
19810601,0000,65588
19810701,0000,66571
19810801,0000,68274
19810901,0000,68090
19811001,0000,65969
19811101,0000,65317
19811201,0000,74261
19820101,0000,70044
19820201,0000,71086
19820301,0000,71583
19820401,0000,71251
19820501,0000,70765
19820601,0000,68186
19820701,0000,67732
19820801,0000,68747
19820901,0000,m
19821001,0000,67382
19821101,0000,68788
19821201,0000,67153
19830101,0000,68587
19830201,0000,71774
19830301,0000,71169
19830401,0000,70748
19830501,0000,72358
19830601,0000,70864
19830701,0000,68989
19830801,0000,68306
19830901,0000,68892
19831001,0000,66830
19831101,0000,63823
19831201,0000,74074
19840101,0000,62879
19840201,0000,65464
19840301,0000,67947
19840401,0000,66602
19840501,0000,66759
19840601,0000,67390
19840701,0000,66956
19840801,0000,68587
19840901,0000,64655
19841001,0000,66109
19841101,0000,65573
19841201,0000,55534
19850101,0000,64647
19850201,0000,62916
19850301,0000,64127
19850401,0000,65047
19850501,0000,67549
19850601,0000,67756
19850701,0000,65666
19850801,0000,66869
19850901,0000,61723
19851001,0000,55637
19851101,0000,60256
19851201,0000,56663
19860101,0000,56545
19860201,0000,72938
19860301,0000,71028
19860401,0000,63459
19860501,0000,66586
19860601,0000,66508
19860701,0000,67367
19860801,0000,66862
19860901,0000,61516
19861001,0000,59440
19861101,0000,59300
19861201,0000,59860
19870101,0000,60260
19870201,0000,59120
19870301,0000,m
19870401,0000,65800
19870501,0000,65130
19870601,0000,65320
19870701,0000,66610
19870801,0000,65417
19870901,0000,65040
19871001,0000,62330
19871101,0000,59511
19871201,0000,58880
19880101,0000,59612
19880201,0000,59238
19880301,0000,63701
19880401,0000,65410
19880501,0000,65186
19880601,0000,65550
19880701,0000,65740
19880801,0000,65767
19880901,0000,63860
19881001,0000,63135
19881101,0000,60642
19881201,0000,59360
19890101,0000,59622
19890201,0000,61909
19890301,0000,70469
19890401,0000,67788
19890501,0000,67043
19890601,0000,66728
19890701,0000,67138
19890801,0000,67525
19890901,0000,63420
19891001,0000,59605
19891101,0000,59814
19891201,0000,59598
19900101,0000,59547
19900201,0000,59810
19900301,0000,62027
19900401,0000,66180
19900501,0000,68154
19900601,0000,67565
19900701,0000,67232
19900801,0000,67035
19900901,0000,65250
19901001,0000,61516
19901101,0000,59793
19901201,0000,59145
19910101,0000,59081
19910201,0000,60540
19910301,0000,61240
19910401,0000,66500
19910501,0000,66242
19910601,0000,66736
19910701,0000,67280
19910801,0000,66720
19910901,0000,64924
19911001,0000,61303
19911101,0000,57395
19911201,0000,59159
19920101,0000,59959
19920201,0000,63595
19920301,0000,62303
19920401,0000,67272
19920501,0000,66610
19920601,0000,67035
19920701,0000,67177
19920801,0000,66461
19920901,0000,65201
19921001,0000,60737
19921101,0000,61339
19921201,0000,61716
19930101,0000,61457
19930201,0000,70200
19930301,0000,70314
19930401,0000,68160
19930501,0000,70527
19930601,0000,67280
19930701,0000,67169
19930801,0000,67011
19930901,0000,65685
19931001,0000,48332
19931101,0000,46047
19931201,0000,57570
19940101,0000,60599
19940201,0000,60264
19940301,0000,59858
19940401,0000,59303
19940501,0000,59102
19940601,0000,59353
19940701,0000,66508
19940801,0000,67145
19940901,0000,65317
19941001,0000,58966
19941101,0000,59088
19941201,0000,60075
19950101,0000,71040
19950201,0000,64616
19950301,0000,70543
19950401,0000,73166
19950501,0000,72074
19950601,0000,71161
19950701,0000,68043
19950801,0000,68547
19950901,0000,63527
19951001,0000,62065
19951101,0000,60053
19951201,0000,68876
19960101,0000,69523
19960201,0000,70584
19960301,0000,68707
19960401,0000,67748
19960501,0000,70461
19960601,0000,66500
19960701,0000,65736
19960801,0000,66117
19960901,0000,66211
19961001,0000,65224
19961101,0000,61568
19961201,0000,79145
19970101,0000,71816
19970201,0000,70273
19970301,0000,63960
19970401,0000,63037
19970501,0000,67764
19970601,0000,67446
19970701,0000,67971
19970801,0000,67375
19970901,0000,63588
19971001,0000,66964
19971101,0000,45869
19971201,0000,49405
19980101,0000,70101
19980201,0000,70371
19980301,0000,70445
19980401,0000,70420
19980501,0000,70551
19980601,0000,70525
19980701,0000,66203
19980801,0000,64471
19980901,0000,67549
19981001,0000,67955
19981101,0000,71095
19981201,0000,60716
19990101,0000,69126
19990201,0000,71152
19990301,0000,60803
19990401,0000,62348
19990501,0000,62879
19990601,0000,66125
19990701,0000,67359
19990801,0000,65930
19990901,0000,67668
19991001,0000,67843
19991101,0000,66696
19991201,0000,66807
20000101,0000,60082
20000201,0000,71376
20000301,0000,67819
20000401,0000,69816
20000501,0000,68050
20000601,0000,66804
20000701,0000,64862
20000801,0000,67138
20000901,0000,65549
20001001,0000,52698
20001101,0000,70386
20001201,0000,66411
20010101,0000,67995
20010201,0000,66219
20010301,0000,69078
20010401,0000,65441
20010501,0000,66140
20010601,0000,67589
20010701,0000,65883
20010801,0000,69661
20010901,0000,66516
20011001,0000,66940
20011101,0000,65837
20011201,0000,65449
20020101,0000,61857
20020201,0000,63830
20020301,0000,63914
20020401,0000,64532
20020501,0000,66203
20020601,0000,63565
20020701,0000,64916
20020801,0000,67383
20020901,0000,68731
20021001,0000,68066
20021101,0000,64770
20021201,0000,66783
20030101,0000,64074
20030201,0000,64226
20030301,0000,64074
20030401,0000,63717
20030501,0000,70897
20030601,0000,66242
20030701,0000,65456
20030801,0000,66799
20030901,0000,68868
20031001,0000,65363
20031101,0000,63603
20031201,0000,64257
20040101,0000,64417
20040201,0000,66712
20040301,0000,63346
20040401,0000,67130
20040501,0000,62864
20040601,0000,63884
20040701,0000,66736
20040801,0000,65371
20040901,0000,64196
20041001,0000,66807
20041101,0000,63709
20041201,0000,65627
20050101,0000,66563
20050201,0000,65433
20050301,0000,65961
20050401,0000,62661
20050501,0000,70691
20050601,0000,63785
20050701,0000,65480
20050801,0000,65193
20050901,0000,65278
20051001,0000,63755
20051101,0000,64417
20051201,0000,79064
20060101,0000,63967
20060201,0000,73191
20060301,0000,71062
20060401,0000,73538
20060501,0000,70880
20060601,0000,64394
20060701,0000,65387
20060801,0000,67098
20060901,0000,67907
20061001,0000,68539
20061101,0000,68003
20061201,0000,70322
20070101,0000,m

