Date,PST,Inflow
19900101,0000,1240
19900102,0000,1370
19900103,0000,1253
19900104,0000,1808
19900105,0000,1044
19900106,0000,1170
19900107,0000,1730
19900108,0000,3563
19900109,0000,3147
19900110,0000,2197
19900111,0000,1441
19900112,0000,1802
19900113,0000,2660
19900114,0000,3595
19900115,0000,3139
19900116,0000,2756
19900117,0000,2504
19900118,0000,2030
19900119,0000,1742
19900120,0000,1572
19900121,0000,1581
19900122,0000,1492
19900123,0000,1320
19900124,0000,1648
19900125,0000,1550
19900126,0000,1401
19900127,0000,1254
19900128,0000,1004
19900129,0000,1074
19900130,0000,1273
19900131,0000,1876
19900201,0000,2080
19900202,0000,1665
19900203,0000,1793
19900204,0000,2668
19900205,0000,1796
19900206,0000,2418
19900207,0000,1739
19900208,0000,2609
19900209,0000,1486
19900210,0000,1103
19900211,0000,1422
19900212,0000,1647
19900213,0000,1866
19900214,0000,1845
19900215,0000,1281
19900216,0000,3332
19900217,0000,2075
19900218,0000,1783
19900219,0000,1535
19900220,0000,1484
19900221,0000,1243
19900222,0000,2650
19900223,0000,2337
19900224,0000,2153
19900225,0000,2655
19900226,0000,2920
19900227,0000,3006
19900228,0000,2512
19900301,0000,2598
19900302,0000,2847
19900303,0000,5226
19900304,0000,5403
19900305,0000,4831
19900306,0000,3566
19900307,0000,3241
19900308,0000,3067
19900309,0000,2568
19900310,0000,3260
19900311,0000,3724
19900312,0000,3359
19900313,0000,2473
19900314,0000,2570
19900315,0000,2504
19900316,0000,2411
19900317,0000,2366
19900318,0000,2666
19900319,0000,2772
19900320,0000,3196
19900321,0000,3056
19900322,0000,3280
19900323,0000,3255
19900324,0000,3130
19900325,0000,3286
19900326,0000,3101
19900327,0000,3144
19900328,0000,2977
19900329,0000,2835
19900330,0000,2631
19900331,0000,2609
19900401,0000,2380
19900402,0000,2561
19900403,0000,2624
19900404,0000,2423
19900405,0000,2508
19900406,0000,2457
19900407,0000,2126
19900408,0000,2244
19900409,0000,2254
19900410,0000,1843
19900411,0000,2300
19900412,0000,2312
19900413,0000,2357
19900414,0000,2480
19900415,0000,2332
19900416,0000,2519
19900417,0000,2279
19900418,0000,2279
19900419,0000,2109
19900420,0000,1973
19900421,0000,2322
19900422,0000,2415
19900423,0000,2869
19900424,0000,4060
19900425,0000,2803
19900426,0000,2765
19900427,0000,2541
19900428,0000,2663
19900429,0000,2371
19900430,0000,1723
19900501,0000,1764
19900502,0000,1900
19900503,0000,1971
19900504,0000,1792
19900505,0000,1857
19900506,0000,1633
19900507,0000,1707
19900508,0000,1642
19900509,0000,1541
19900510,0000,1208
19900511,0000,1417
19900512,0000,1739
19900513,0000,1516
19900514,0000,1039
19900515,0000,1098
19900516,0000,1264
19900517,0000,1318
19900518,0000,1111
19900519,0000,826
19900520,0000,1246
19900521,0000,1495
19900522,0000,1464
19900523,0000,1580
19900524,0000,1619
19900525,0000,1697
19900526,0000,1506
19900527,0000,2350
19900528,0000,3379
19900529,0000,2860
19900530,0000,2707
19900531,0000,5020
19900601,0000,4311
19900602,0000,3099
19900603,0000,3053
19900604,0000,2895
19900605,0000,2603
19900606,0000,2310
19900607,0000,2096
19900608,0000,2134
19900609,0000,2490
19900610,0000,1860
19900611,0000,1441
19900929,0000,1223
19900930,0000,754
19940101,0000,1467
19940102,0000,1131
19940103,0000,1034
19940104,0000,1571
19940105,0000,1181
19940106,0000,1564
19940107,0000,1341
19940108,0000,1347
19940109,0000,1149
19940110,0000,1007
19940111,0000,1261
19940112,0000,1349
19940113,0000,1232
19940114,0000,956
19940115,0000,949
19940116,0000,884
19940117,0000,981
19940118,0000,932
19940119,0000,1187
19940120,0000,1043
19940121,0000,1024
19940122,0000,1286
19940123,0000,1330
19940124,0000,1372
19940125,0000,1849
19940126,0000,1488
19940127,0000,1450
19940128,0000,1299
19940129,0000,1030
19940130,0000,648
19940131,0000,1415
19941101,0000,1118
19941102,0000,1118
19941103,0000,964
19941104,0000,659
19941105,0000,339
19941106,0000,892
19941107,0000,2588
19941108,0000,2528
19941109,0000,1647
19941110,0000,1698
19941111,0000,1679
19941112,0000,1567
19941113,0000,935
19941114,0000,935
19941115,0000,723
19941116,0000,1129
19941117,0000,879
19941118,0000,959
19941119,0000,1602
19941120,0000,1202
19941121,0000,757
19941122,0000,805
19941123,0000,1299
19941124,0000,1450
19941125,0000,1214
19941126,0000,1006
19941127,0000,1579
19941128,0000,1545
19941129,0000,1287
19941130,0000,1840
19941201,0000,1255
19941202,0000,1662
19941203,0000,1412
19941204,0000,3291
19941205,0000,13461
19941206,0000,7948
19941207,0000,4362
19941208,0000,3045
19941209,0000,2426
19941210,0000,1848
19941211,0000,1415
19941212,0000,1415
19941213,0000,2283
19941214,0000,2283
19941215,0000,3541
19941216,0000,2189
19941217,0000,1941
19941218,0000,1560
19941219,0000,1429
19941220,0000,1425
19941221,0000,1099
19941222,0000,1246
19941223,0000,1459
19941224,0000,1459
19941225,0000,2000
19941226,0000,2444
19941227,0000,1829
19941228,0000,2051
19941229,0000,1853
19941230,0000,2068
19941231,0000,1946
19950101,0000,1708
19950102,0000,1708
19950103,0000,1784
19950104,0000,2091
19950105,0000,2091
19950106,0000,5885
19950107,0000,5534
19950108,0000,8139
19950109,0000,11578
19950110,0000,21047
19950111,0000,51081
19950112,0000,32077
19950113,0000,15861
19950114,0000,42579
19950115,0000,42579
19950116,0000,31278
19950117,0000,17728
19950118,0000,12470
19950119,0000,8999
19950120,0000,8008
19950121,0000,7333
19950122,0000,6661
19950123,0000,6706
19950124,0000,8676
19950125,0000,9738
19950126,0000,12138
19950127,0000,16058
19950128,0000,13134
19950129,0000,13134
19950130,0000,10415
19950131,0000,9391
19950201,0000,9290
19950202,0000,9992
19950203,0000,9430
19950204,0000,7958
19950205,0000,7538
19950206,0000,7538
19950207,0000,7052
19950208,0000,6548
19950209,0000,6862
19950210,0000,5700
19950211,0000,5700
19950212,0000,5682
19950213,0000,5500
19950214,0000,5942
19950215,0000,5416
19950216,0000,5416
19950217,0000,5396
19950218,0000,5163
19950219,0000,4999
19950220,0000,4962
19950221,0000,5076
19950222,0000,4880
19950223,0000,4880
19950224,0000,5166
19950225,0000,5211
19950226,0000,5464
19950227,0000,5464
19950228,0000,5309
19950301,0000,5321
19950302,0000,5321
19950303,0000,6190
19950304,0000,18055
19950305,0000,14397
19950306,0000,7435
19950307,0000,8481
19950308,0000,7170
19950309,0000,6742
19950310,0000,21424
19950311,0000,46231
19950312,0000,54791
19950313,0000,31646
19950314,0000,22839
19950315,0000,24369
19950316,0000,22822
19950317,0000,19249
19950318,0000,15562
19950319,0000,14819
19950320,0000,15253
19950321,0000,20821
19950322,0000,25413
19950323,0000,26658
19950324,0000,30537
19950325,0000,20721
19950326,0000,16318
19950327,0000,14187
19950328,0000,12271
19950329,0000,10707
19950330,0000,10128
19950331,0000,9924
19950401,0000,9201
19950402,0000,9129
19950403,0000,8922
19950404,0000,9644
19950405,0000,10019
19950406,0000,10197
19950407,0000,13062
19950408,0000,16037
19950409,0000,13166
19950410,0000,11828
19950411,0000,10409
19950412,0000,9846
19950413,0000,12053
19950414,0000,12146
19950415,0000,11241
19950416,0000,10291
19950417,0000,9762
19950418,0000,9311
19950419,0000,9058
19950420,0000,9232
19950421,0000,8772
19950422,0000,8225
19950423,0000,8261
19950424,0000,8214
19950425,0000,8671
19950426,0000,9102
19950427,0000,9464
19950428,0000,10824
19950429,0000,16955
19950430,0000,22154
19950501,0000,36937
19950502,0000,37729
19950503,0000,24139
19950504,0000,18792
19950505,0000,16052
19950506,0000,14589
19950507,0000,12847
19950508,0000,11890
19950509,0000,11058
19950510,0000,10569
19950511,0000,10722
19950512,0000,10476
19950513,0000,11520
19950514,0000,10312
19950515,0000,10130
19950516,0000,9699
19950517,0000,9565
19950518,0000,9837
19950519,0000,10348
19950520,0000,11187
19950521,0000,12571
19950522,0000,12519
19950523,0000,12232
19950524,0000,12467
19950525,0000,12214
19950526,0000,11989
19950527,0000,12539
19950528,0000,12385
19950529,0000,12618
19950530,0000,12944
19950531,0000,13371
19950601,0000,13586
19950602,0000,12210
19950603,0000,12640
19950604,0000,12950
19950605,0000,13663
19950606,0000,11400
19950607,0000,9960
19950608,0000,8880
19950609,0000,8554
19950610,0000,9038
19950611,0000,10207
19950612,0000,11494
19950613,0000,11375
19950614,0000,11304
19950615,0000,13049
19950616,0000,13874
19950617,0000,10427
19950618,0000,9607
19950619,0000,10139
19950620,0000,9642
19950621,0000,9365
19950622,0000,9374
19950623,0000,9168
19950624,0000,10440
19950625,0000,11853
19950626,0000,11771
19950627,0000,12564
19950628,0000,12653
19950629,0000,11952
19950630,0000,10848
19950701,0000,9522
19950702,0000,8957
19950703,0000,9170
19950704,0000,8465
19950705,0000,8073
19950706,0000,8259
19950707,0000,8104
19950708,0000,7873
19950709,0000,7848
19950710,0000,7834
19950711,0000,7044
19950712,0000,6437
19950713,0000,6162
19950714,0000,6025
19950715,0000,4874
19950716,0000,4557
19950717,0000,4446
19950718,0000,3292
19950719,0000,3321
19950720,0000,4206
19950721,0000,4671
19950722,0000,4419
19950723,0000,3589
19950724,0000,2587
19950725,0000,3328
19950726,0000,3391
19950727,0000,3850
19950728,0000,m
19950729,0000,3916
19950730,0000,3545
19950731,0000,3465
19950801,0000,3334
19950802,0000,3512
19950803,0000,3640
19950804,0000,3216
19950805,0000,2584
19950806,0000,2852
19950807,0000,2886
19950808,0000,3051
19950809,0000,3176
19950810,0000,2464
19950811,0000,m
19950812,0000,m
19950813,0000,2359
19950814,0000,2560
19950815,0000,2848
19950816,0000,2001
19950817,0000,2526
19950818,0000,2785
19950819,0000,2788
19950820,0000,2467
19950821,0000,2312
19950822,0000,2699
19950823,0000,2713
19950824,0000,2453
19950825,0000,2219
19950826,0000,m
19950827,0000,2926
19950828,0000,2666
19950829,0000,2676
19950830,0000,2783
19950831,0000,2457
19950901,0000,m
19950902,0000,m
19950903,0000,m
19950904,0000,2731
19950905,0000,2654
19950906,0000,2706
19950907,0000,2739
19950908,0000,2891
19950909,0000,2887
19950910,0000,2791
19950911,0000,2340
19950912,0000,2071
19950913,0000,2288
19950914,0000,2142
19950915,0000,2404
19950916,0000,2436
19950917,0000,1585
19950918,0000,2327
19950919,0000,2627
19950920,0000,1785
19950921,0000,2080
19950922,0000,1552
19950923,0000,1552
19950924,0000,1807
19950925,0000,2255
19950926,0000,1635
19950927,0000,1811
19950928,0000,2095
19950929,0000,1942
19950930,0000,1574
19951001,0000,m
19951002,0000,1652
19951003,0000,1635
19951004,0000,1436
19951005,0000,1336
19951006,0000,954
19951007,0000,1159
19951008,0000,1184
19951009,0000,2038
19951010,0000,2204
19951011,0000,2504
19951012,0000,2120
19951013,0000,2057
19951014,0000,2054
19951015,0000,1651
19951016,0000,1789
19951017,0000,2188
19951018,0000,1884
19951019,0000,2084
19951020,0000,1758
19951021,0000,1977
19951022,0000,1648
19951023,0000,1628
19951024,0000,2159
19951025,0000,1835
19951026,0000,1585
19951027,0000,1568
19951028,0000,1523
19951029,0000,1921
19951030,0000,1625
19951031,0000,1474
19951101,0000,1668
19951102,0000,1405
19951103,0000,1547
19951104,0000,1617
19951105,0000,1466
19951106,0000,1354
19951107,0000,1645
19951108,0000,1626
19951109,0000,m
19951110,0000,1306
19951111,0000,897
19951112,0000,1424
19951113,0000,1492
19951114,0000,1413
19951115,0000,1394
19951116,0000,1367
19951117,0000,1301
19951118,0000,1057
19951119,0000,1196
19951120,0000,1249
19951121,0000,1437
19951122,0000,881
19951123,0000,955
19951124,0000,923
19951125,0000,995
19951126,0000,1075
19951127,0000,1220
19951128,0000,1329
19951129,0000,1096
19951130,0000,1191
19951201,0000,1108
19951202,0000,847
19951203,0000,1331
19951204,0000,1188
19951205,0000,1298
19951206,0000,1458
19951207,0000,1282
19951208,0000,1547
19951209,0000,1352
19951210,0000,1212
19951211,0000,2235
19951212,0000,13435
19951213,0000,10460
19951214,0000,4395
19951215,0000,3509
19951216,0000,3175
19951217,0000,2007
19951218,0000,2094
19951219,0000,2503
19951220,0000,2336
19951221,0000,2136
19951222,0000,2023
19951223,0000,1799
19951224,0000,1917
19951225,0000,1283
19951226,0000,2543
19951227,0000,2103
19951228,0000,1684
19951229,0000,2655
19951230,0000,3578
19951231,0000,4261
19960101,0000,3470
19960102,0000,2695
19960103,0000,2932
19960104,0000,2563
19960105,0000,2380
19960106,0000,1675
19960107,0000,1930
19960108,0000,2052
19960109,0000,2282
19960110,0000,2422
19960111,0000,2033
19960112,0000,1763
19960113,0000,1882
19960114,0000,1600
19960115,0000,2100
19960116,0000,4589
19960117,0000,9934
19960118,0000,5984
19960119,0000,7264
19960120,0000,5471
19960121,0000,5543
19960122,0000,4535
19960123,0000,3866
19960124,0000,9012
19960125,0000,20996
19960126,0000,8054
19960127,0000,9946
19960128,0000,13328
19960129,0000,8836
19960130,0000,5975
19960131,0000,5354
19960201,0000,5057
19960202,0000,4601
19960203,0000,4424
19960204,0000,19573
19960205,0000,46282
19960206,0000,23745
19960207,0000,14558
19960208,0000,11130
19960209,0000,9069
19960210,0000,8036
19960211,0000,7255
19960212,0000,6957
19960213,0000,6808
19960214,0000,6281
19960215,0000,5993
19960216,0000,6302
19960217,0000,7626
19960218,0000,9354
19960219,0000,11917
19960220,0000,24744
19960221,0000,23387
19960222,0000,19027
19960223,0000,14421
19960224,0000,12285
19960225,0000,10978
19960226,0000,9522
19960227,0000,8746
19960228,0000,7119
19960229,0000,7101
19960301,0000,6887
19960302,0000,6525
19960303,0000,6718
19960304,0000,10691
19960305,0000,18565
19960306,0000,13235
19960307,0000,10702
19960308,0000,9674
19960309,0000,9063
19960310,0000,8902
19960311,0000,10251
19960312,0000,13415
19960313,0000,12028
19960314,0000,10612
19960315,0000,9942
19960317,0000,8623
19960318,0000,8658
19960319,0000,8647
19960320,0000,8630
19960321,0000,8339
19960322,0000,8394
19960323,0000,8530
19960324,0000,8260
19960325,0000,7374
19960326,0000,7036
19960327,0000,6600
19960328,0000,7767
19960329,0000,7930
19960330,0000,7371
19960331,0000,7201
19960401,0000,9892
19960402,0000,13452
19960403,0000,9772
19960404,0000,8818
19960405,0000,8056
19960406,0000,7535
19960407,0000,7374
19960408,0000,7871
19960409,0000,8323
19960410,0000,8281
19960411,0000,7997
19960412,0000,7377
19960413,0000,6952
19960414,0000,6866
19960415,0000,6763
19960416,0000,8145
19960417,0000,9305
19960418,0000,9438
19960419,0000,8796
19960420,0000,7805
19960421,0000,7326
19960422,0000,7145
19960423,0000,6796
19960424,0000,6926
19960425,0000,7362
19960426,0000,7844
19960427,0000,8256
19960428,0000,7866
19960429,0000,7173
19960430,0000,7773
19960501,0000,7308
19960502,0000,7971
19960503,0000,8044
19960504,0000,7547
19960505,0000,7358
19960506,0000,7128
19960507,0000,7044
19960508,0000,6922
19960509,0000,6573
19960510,0000,6531
19960511,0000,6740
19960512,0000,7477
19960513,0000,8164
19960514,0000,8760
19960515,0000,11657
19960516,0000,49212
19960517,0000,36904
19960518,0000,38845
19960519,0000,24200
19960520,0000,14870
19960521,0000,12011
19960522,0000,13265
19960523,0000,11791
19960524,0000,10808
19960525,0000,9503
19960526,0000,9116
19960527,0000,8401
19960528,0000,8257
19960529,0000,7627
19960530,0000,7375
19960531,0000,m
19960601,0000,6764
19960602,0000,6956
19960603,0000,6730
19960604,0000,7008
19960605,0000,6814
19960606,0000,6902
19960607,0000,6461
19960608,0000,6427
19960609,0000,5787
19960610,0000,5749
19960611,0000,5265
19960612,0000,5057
19960613,0000,4920
19960614,0000,4958
19960615,0000,4405
19960616,0000,4891
19960617,0000,3502
19960618,0000,3347
19960619,0000,3450
19960620,0000,3193
19960621,0000,2438
19960622,0000,2547
19960623,0000,2938
19960624,0000,2878
19960625,0000,3112
19960626,0000,2952
19960627,0000,2331
19960628,0000,2637
19960629,0000,2529
19960630,0000,2140
19960701,0000,2735
19960702,0000,2534
19960703,0000,2071
19960704,0000,2302
19960705,0000,2279
19960706,0000,2729
19960707,0000,2390
19960708,0000,2316
19960709,0000,2275
19960710,0000,2252
19960711,0000,2592
19960712,0000,2329
19960713,0000,1944
19960714,0000,2357
19960715,0000,1642
19960716,0000,1568
19960717,0000,1733
19960718,0000,1922
19960719,0000,2025
19960720,0000,1728
19960721,0000,1748
19960722,0000,1830
19960723,0000,2289
19960724,0000,2195
19960725,0000,1974
19960726,0000,2138
19960727,0000,1692
19960728,0000,1327
19960729,0000,2405
19960730,0000,2377
19960731,0000,1763
19960801,0000,1916
19960802,0000,1767
19960803,0000,1977
19960804,0000,1722
19960805,0000,1634
19960806,0000,1479
19960807,0000,1700
19960808,0000,1895
19960809,0000,1746
19960810,0000,2169
19960811,0000,2932
19960812,0000,2835
19960813,0000,1972
19960814,0000,1888
19960815,0000,1793
19960816,0000,1351
19960817,0000,1749
19960818,0000,1444
19960819,0000,1042
19960820,0000,1504
19960821,0000,1320
19960822,0000,1785
19960823,0000,1655
19960824,0000,1713
19960825,0000,1483
19960826,0000,1467
19960827,0000,1415
19960828,0000,1800
19960829,0000,2009
19960830,0000,2015
19960831,0000,2248
19960901,0000,1648
19960902,0000,1928
19960903,0000,1418
19960904,0000,1567
19960905,0000,1722
19960906,0000,1704
19960907,0000,1244
19960908,0000,1970
19960909,0000,1596
19960910,0000,2371
19960911,0000,1808
19960912,0000,1623
19960913,0000,1520
19960914,0000,1878
19960915,0000,1810
19960916,0000,2128
19960917,0000,2154
19960918,0000,2038
19960919,0000,2362
19960920,0000,2275
19960921,0000,1881
19960922,0000,1757
19960923,0000,1908
19960924,0000,1577
19960925,0000,1772
19960926,0000,1403
19960927,0000,1515
19960928,0000,2104
19960929,0000,1755
19960930,0000,1900
19961001,0000,1521
19961002,0000,1488
19961003,0000,820
19961004,0000,1110
19961005,0000,1240
19961006,0000,986
19961007,0000,1303
19961008,0000,1006
19961009,0000,1823
19961010,0000,1163
19961011,0000,937
19961012,0000,1222
19961013,0000,952
19961014,0000,935
19961015,0000,1123
19961016,0000,1375
19961017,0000,1234
19961018,0000,1414
19961019,0000,1251
19961020,0000,1667
19961021,0000,1692
19961022,0000,1056
19961023,0000,1842
19961024,0000,1730
19961025,0000,1776
19961026,0000,1558
19961027,0000,1270
19961028,0000,1309
19961029,0000,1788
19961030,0000,1606
19961031,0000,1606
19961101,0000,1440
19961102,0000,1071
19961103,0000,1167
19961104,0000,1224
19961105,0000,1383
19961106,0000,1100
19961107,0000,1335
19961108,0000,m
19961109,0000,938
19961110,0000,1277
19961111,0000,1361
19961112,0000,1152
19961113,0000,1082
19961114,0000,1383
19961115,0000,1543
19961116,0000,1561
19961117,0000,2629
19961118,0000,8713
19961119,0000,5747
19961120,0000,4282
19961121,0000,3055
19961122,0000,4392
19961123,0000,6044
19961124,0000,3919
19961125,0000,2953
19961126,0000,2539
19961127,0000,2274
19961128,0000,2438
19961129,0000,2467
19961130,0000,1597
19961201,0000,2511
19961202,0000,3451
19961203,0000,2848
19961204,0000,2386
19961205,0000,20758
19961206,0000,12441
19961207,0000,8412
19961208,0000,6085
19961209,0000,6735
19961210,0000,14139
19961211,0000,16438
19961212,0000,46560
19961213,0000,27517
19961214,0000,16673
19961215,0000,11372
19961216,0000,9494
19961217,0000,8353
19961218,0000,7494
19961219,0000,7178
19961220,0000,6454
19961221,0000,14620
19961222,0000,16341
19961223,0000,11472
19961224,0000,8268
19961225,0000,6926
19961226,0000,8925
19961227,0000,28515
19961228,0000,25126
19961229,0000,19637
19961230,0000,41254
19961231,0000,55326
19970101,0000,126495
19970102,0000,209860
19970103,0000,90914
19970104,0000,48103
19970105,0000,32278
19970106,0000,22108
19970107,0000,17124
19970108,0000,14569
19970109,0000,7769
19970110,0000,11331
19970111,0000,10618
19970112,0000,10078
19970113,0000,9510
19970114,0000,8659
19970115,0000,7824
19970116,0000,7927
19970117,0000,7292
19970118,0000,6464
19970119,0000,6718
19970120,0000,7725
19970121,0000,9354
19970122,0000,31161
19970123,0000,41434
19970124,0000,20006
19970125,0000,31045
19970126,0000,62309
19970127,0000,37575
19970128,0000,24454
19970129,0000,19794
19970130,0000,16480
19970131,0000,14797
19970201,0000,13395
19970202,0000,12854
19970203,0000,11070
19970204,0000,11006
19970205,0000,10067
19970206,0000,9418
19970207,0000,8838
19970208,0000,8885
19970209,0000,8447
19970210,0000,8220
19970211,0000,7688
19970212,0000,7801
19970213,0000,7072
19970214,0000,6737
19970215,0000,7056
19970216,0000,6967
19970217,0000,7373
19970218,0000,7351
19970219,0000,7274
19970220,0000,6530
19970221,0000,6467
19970222,0000,6016
19970223,0000,6368
19970224,0000,6248
19970225,0000,6096
19970226,0000,5212
19970227,0000,4632
19970228,0000,5462
19970301,0000,5572
19970302,0000,5261
19970303,0000,5916
19970304,0000,5379
19970305,0000,4680
19970306,0000,5145
19970307,0000,5261
19970308,0000,5307
19970309,0000,5292
19970310,0000,5268
19970311,0000,5509
19970312,0000,5481
19970313,0000,5155
19970314,0000,4749
19970315,0000,5067
19970316,0000,5237
19970317,0000,5720
19970318,0000,5302
19970319,0000,5375
19970320,0000,5560
19970321,0000,5396
19970322,0000,5267
19970323,0000,5636
19970324,0000,5532
19970325,0000,5966
19970326,0000,5405
19970327,0000,6062
19970328,0000,5843
19970329,0000,5382
19970330,0000,4936
19970331,0000,5045
19970401,0000,4784
19970402,0000,4278
19970403,0000,4079
19970404,0000,3534
19970405,0000,3657
19970406,0000,3318
19970407,0000,3625
19970408,0000,3284
19970409,0000,3550
19970410,0000,3614
19970411,0000,3405
19970412,0000,2801
19970413,0000,2878
19970414,0000,3027
19970415,0000,3572
19970416,0000,3169
19970417,0000,4118
19970418,0000,4013
19970419,0000,5581
19970420,0000,6386
19970421,0000,5628
19970422,0000,5903
19970423,0000,6231
19970424,0000,5236
19970425,0000,4685
19970426,0000,4298
19970427,0000,4331
19970428,0000,4877
19970429,0000,4159
19970430,0000,3904
19970501,0000,3986
19970502,0000,3648
19970503,0000,3216
19970504,0000,3818
19970505,0000,4378
19970506,0000,3850
19970507,0000,3782
19970508,0000,4047
19970509,0000,3855
19970510,0000,4458
19970511,0000,4357
19970512,0000,4379
19970513,0000,4418
19970514,0000,4556
19970515,0000,4542
19970516,0000,4241
19970517,0000,4535
19970518,0000,4896
19970519,0000,4226
19970520,0000,3887
19970521,0000,3760
19970522,0000,3342
19970523,0000,3738
19970524,0000,3279
19970525,0000,3537
19970526,0000,3222
19970527,0000,3067
19970528,0000,2813
19970529,0000,3545
19970530,0000,m
19970531,0000,2894
19970601,0000,3291
19970602,0000,3134
19970603,0000,3278
19970604,0000,3818
19970605,0000,6408
19970606,0000,5825
19970607,0000,4769
19970608,0000,3769
19970609,0000,3220
19970610,0000,3912
19970611,0000,2528
19970612,0000,2695
19970613,0000,1934
19970614,0000,2423
19970615,0000,2074
19970616,0000,2886
19970617,0000,3102
19970618,0000,2450
19970619,0000,2452
19970620,0000,2673
19970621,0000,1888
19970622,0000,2155
19970623,0000,2122
19970624,0000,2423
19970625,0000,2205
19970626,0000,2105
19970627,0000,1337
19970628,0000,1543
19970629,0000,1028
19970630,0000,1474
19970701,0000,1610
19970702,0000,1566
19970703,0000,1662
19970704,0000,1964
19970705,0000,1562
19970706,0000,1788
19970707,0000,1755
19970708,0000,2520
19970709,0000,2102
19970710,0000,1990
19970711,0000,1777
19970712,0000,1921
19970713,0000,1794
19970714,0000,1925
19970715,0000,2242
19970716,0000,1983
19970717,0000,1212
19970718,0000,2106
19970719,0000,2219
19970720,0000,1093
19970721,0000,2020
19970722,0000,2010
19970723,0000,1503
19970724,0000,1949
19970725,0000,1881
19970726,0000,2024
19970727,0000,1638
19970728,0000,1582
19970729,0000,1906
19970730,0000,1968
19970731,0000,1495
19970801,0000,1903
19970802,0000,1812
19970803,0000,1656
19970804,0000,1984
19970805,0000,2186
19970806,0000,2275
19970807,0000,2177
19970808,0000,1989
19970809,0000,1771
19970810,0000,1642
19970811,0000,1493
19970812,0000,1929
19970813,0000,1988
19970814,0000,1940
19970815,0000,1681
19970816,0000,1722
19970817,0000,1641
19970818,0000,1599
19970819,0000,1542
19970820,0000,1878
19970821,0000,1938
19970822,0000,2257
19970823,0000,2051
19970824,0000,2061
19970825,0000,2316
19970826,0000,2752
19970827,0000,2660
19970828,0000,2375
19970829,0000,2552
19970830,0000,2380
19970831,0000,2087
19970901,0000,2461
19970902,0000,2725
19970903,0000,2652
19970904,0000,2676
19970905,0000,2496
19970906,0000,2125
19970907,0000,2373
19970908,0000,2401
19970909,0000,2567
19970910,0000,2867
19970911,0000,2362
19970912,0000,2565
19970913,0000,2625
19970914,0000,2010
19970915,0000,1932
19970916,0000,2428
19970917,0000,2229
19970918,0000,1877
19970919,0000,1782
19970920,0000,2054
19970921,0000,1407
19970922,0000,1587
19970923,0000,1679
19970924,0000,1821
19970925,0000,1697
19970926,0000,1160
19970927,0000,1025
19970928,0000,1449
19970929,0000,1674
19970930,0000,1865
19971001,0000,1643
19971002,0000,1288
19971003,0000,1097
19971004,0000,1517
19971005,0000,941
19971006,0000,857
19971007,0000,1334
19971008,0000,885
19971009,0000,1720
19971010,0000,1754
19971011,0000,859
19971012,0000,1655
19971013,0000,1989
19971014,0000,2092
19971015,0000,2075
19971016,0000,1655
19971017,0000,1897
19971018,0000,2109
19971019,0000,1364
19971020,0000,1559
19971021,0000,1036
19971022,0000,1512
19971023,0000,1724
19971024,0000,1504
19971025,0000,1552
19971026,0000,1610
19971027,0000,1341
19971028,0000,1839
19971029,0000,1412
19971030,0000,1643
19971031,0000,2173
19971101,0000,1480
19971102,0000,775
19971103,0000,1228
19971104,0000,434
19971105,0000,2592
19971106,0000,1126
19971107,0000,1406
19971108,0000,1377
19971109,0000,548
19971110,0000,769
19971111,0000,1015
19971112,0000,1429
19971113,0000,1385
19971114,0000,1322
19971115,0000,1553
19971116,0000,1293
19971117,0000,1259
19971118,0000,1591
19971119,0000,1138
19971120,0000,1601
19971121,0000,2159
19971122,0000,1092
19971123,0000,845
19971124,0000,1079
19971125,0000,2013
19971126,0000,3840
19971127,0000,3378
19971128,0000,1842
19971129,0000,1622
19971130,0000,1641
19971201,0000,1759
19971202,0000,1939
19971203,0000,1944
19971204,0000,1375
19971205,0000,1382
19971206,0000,1342
19971207,0000,4577
19971208,0000,5804
19971209,0000,3420
19971210,0000,2772
19971211,0000,2039
19971212,0000,1973
19971213,0000,1579
19971214,0000,2201
19971215,0000,2026
19971216,0000,1966
19971217,0000,2145
19971218,0000,2519
19971219,0000,m
19971220,0000,2258
19971221,0000,2279
19971222,0000,2283
19971223,0000,2525
19971224,0000,2063
19971225,0000,1851
19971226,0000,1668
19971227,0000,2399
19971228,0000,1495
19971229,0000,866
19971230,0000,1306
19971231,0000,1493
19980101,0000,1159
19980102,0000,1501
19980103,0000,2075
19980104,0000,3586
19980105,0000,2945
19980106,0000,2816
19980107,0000,2671
19980108,0000,2397
19980109,0000,2355
19980110,0000,2490
19980111,0000,7478
19980112,0000,22038
19980113,0000,15048
19980114,0000,7664
19980115,0000,22383
19980116,0000,21502
19980117,0000,21185
19980118,0000,16003
19980119,0000,16214
19980120,0000,9805
19980121,0000,6497
19980122,0000,5390
19980123,0000,5180
19980124,0000,4451
19980125,0000,4458
19980126,0000,3852
19980127,0000,3480
19980128,0000,3087
19980129,0000,5745
19980130,0000,5162
19980131,0000,4383
19980201,0000,3862
19980202,0000,9608
19980203,0000,38927
19980204,0000,19742
19980205,0000,12160
19980206,0000,14598
19980207,0000,22857
19980208,0000,23420
19980209,0000,15000
19980210,0000,11465
19980211,0000,10995
19980212,0000,10279
19980213,0000,10514
19980214,0000,15874
19980215,0000,16283
19980216,0000,12037
19980217,0000,10461
19980218,0000,9087
19980219,0000,9307
19980220,0000,11977
19980221,0000,11467
19980222,0000,13395
19980223,0000,12281
19980224,0000,11258
19980225,0000,9496
19980226,0000,7691
19980227,0000,7573
19980228,0000,6347
19980301,0000,5962
19980302,0000,6777
19980303,0000,6937
19980304,0000,6661
19980305,0000,6296
19980306,0000,6724
19980307,0000,6074
19980308,0000,6239
19980309,0000,6523
19980310,0000,5401
19980311,0000,5670
19980312,0000,5367
19980313,0000,5588
19980314,0000,5349
19980315,0000,5669
19980316,0000,6586
19980317,0000,6798
19980318,0000,7157
19980319,0000,7446
19980320,0000,7801
19980321,0000,7760
19980322,0000,8364
19980323,0000,11189
19980324,0000,25945
19980325,0000,24176
19980326,0000,15894
19980327,0000,12777
19980328,0000,11628
19980329,0000,10184
19980330,0000,9573
19980331,0000,9935
19980401,0000,8751
19980402,0000,8405
19980403,0000,10075
19980404,0000,7734
19980405,0000,m
19980406,0000,8728
19980407,0000,9460
19980408,0000,8127
19980409,0000,7981
19980410,0000,8389
19980411,0000,7692
19980412,0000,7177
19980413,0000,11392
19980414,0000,11107
19980415,0000,9656
19980416,0000,8681
19980417,0000,7927
19980418,0000,7755
19980419,0000,7993
19980420,0000,8485
19980421,0000,8843
19980422,0000,9619
19980423,0000,10470
19980424,0000,11185
19980425,0000,10254
19980426,0000,9694
19980427,0000,9549
19980428,0000,9641
19980429,0000,10550
19980430,0000,10168
19980501,0000,10871
19980502,0000,12809
19980503,0000,13079
19980504,0000,12006
19980505,0000,11295
19980506,0000,11669
19980507,0000,10703
19980508,0000,10076
19980509,0000,10375
19980510,0000,9424
19980511,0000,9076
19980512,0000,9554
19980513,0000,9949
19980514,0000,9120
19980515,0000,8394
19980516,0000,8338
19980517,0000,8034
19980518,0000,7616
19980519,0000,7341
19980520,0000,7891
19980521,0000,7428
19980522,0000,8158
19980523,0000,7235
19980524,0000,7072
19980525,0000,8375
19980526,0000,9491
19980527,0000,8733
19980528,0000,9052
19980529,0000,9886
19980530,0000,8929
19980531,0000,8227
19980601,0000,8985
19980602,0000,9274
19980603,0000,9404
19980604,0000,8201
19980605,0000,8747
19980606,0000,8807
19980607,0000,11200
19980608,0000,11293
19980609,0000,10397
19980610,0000,10568
19980611,0000,11335
19980612,0000,10450
19980613,0000,12943
19980614,0000,13009
19980615,0000,13201
19980616,0000,12901
19980617,0000,12342
19980618,0000,11384
19980619,0000,10920
19980620,0000,10648
19980621,0000,11104
19980622,0000,11724
19980623,0000,11577
19980624,0000,10653
19980625,0000,10162
19980626,0000,10126
19980627,0000,9336
19980628,0000,9287
19980629,0000,9373
19980630,0000,8641
19980701,0000,8348
19980702,0000,8192
19980703,0000,7656
19980704,0000,7164
19980705,0000,7004
19980706,0000,6968
19980707,0000,6609
19980708,0000,6359
19980709,0000,5978
19980710,0000,5870
19980711,0000,6089
19980712,0000,5811
19980713,0000,5274
19980714,0000,5024
19980715,0000,4355
19980716,0000,4726
19980717,0000,4450
19980718,0000,3921
19980719,0000,4179
19980720,0000,3950
19980721,0000,3924
19980722,0000,3607
19980723,0000,3409
19980724,0000,3927
19980725,0000,m
19980726,0000,3268
19980727,0000,3252
19980728,0000,3450
19980729,0000,2921
19980730,0000,3403
19980731,0000,2928
19980801,0000,3382
19980802,0000,3214
19980803,0000,3064
19980804,0000,3264
19980805,0000,3837
19980806,0000,2478
19980807,0000,3102
19980808,0000,2843
19980809,0000,2086
19980810,0000,2118
19980811,0000,3057
19980812,0000,3087
19980813,0000,3484
19980814,0000,3407
19980815,0000,2594
19980816,0000,2535
19980817,0000,2422
19980818,0000,2782
19980819,0000,2977
19980820,0000,2576
19980821,0000,2861
19980822,0000,3117
19980823,0000,2980
19980824,0000,3049
19980825,0000,2952
19980826,0000,2832
19980827,0000,2964
19980828,0000,2850
19980829,0000,2673
19980830,0000,2517
19980831,0000,2984
19980901,0000,3596
19980902,0000,2948
19980903,0000,2835
19980904,0000,3188
19980905,0000,2489
19980906,0000,2746
19980907,0000,3016
19980908,0000,2509
19980909,0000,2179
19980910,0000,3163
19980911,0000,2760
19980912,0000,3096
19980913,0000,3171
19980914,0000,2222
19980915,0000,2323
19980916,0000,2100
19980917,0000,2418
19980918,0000,1793
19980919,0000,2221
19980920,0000,2109
19980921,0000,2019
19980922,0000,1966
19980923,0000,1904
19980924,0000,1972
19980925,0000,1944
19980926,0000,1633
19980927,0000,1526
19980928,0000,1608
19980929,0000,1710
19980930,0000,1453
19981001,0000,691
19981002,0000,602
19981003,0000,912
19981004,0000,1062
19981005,0000,1187
19981006,0000,1105
19981007,0000,813
19981008,0000,676
19981009,0000,1165
19981010,0000,792
19981011,0000,883
19981012,0000,894
19981013,0000,722
19981014,0000,1188
19981015,0000,619
19981016,0000,863
19981017,0000,1026
19981018,0000,783
19981019,0000,920
19981020,0000,893
19981021,0000,794
19981022,0000,564
19981023,0000,894
19981024,0000,1244
19981025,0000,1165
19981026,0000,772
19981027,0000,947
19981028,0000,953
19981029,0000,477
19981030,0000,869
19981031,0000,1308
19981101,0000,1205
19981102,0000,1472
19981103,0000,1354
19981104,0000,1400
19981105,0000,1485
19981106,0000,1144
19981107,0000,2117
19981108,0000,1900
19981109,0000,1287
19981110,0000,1427
19981111,0000,1354
19981112,0000,1787
19981113,0000,1036
19981114,0000,868
19981115,0000,920
19981116,0000,1313
19981117,0000,1915
19981118,0000,1280
19981119,0000,1538
19981120,0000,1527
19981121,0000,1613
19981122,0000,2461
19981123,0000,1921
19981124,0000,3837
19981125,0000,3110
19981126,0000,2077
19981127,0000,2264
19981128,0000,2217
19981129,0000,2268
19981130,0000,5336
19981201,0000,6169
19981202,0000,4350
19981203,0000,6052
19981204,0000,6892
19981205,0000,4362
19981206,0000,3569
19981207,0000,2708
19981208,0000,3039
19981209,0000,2566
19981210,0000,2562
19981211,0000,2748
19981212,0000,2921
19981213,0000,2414
19981214,0000,2555
19981215,0000,2824
19981216,0000,2772
19981217,0000,3080
19981218,0000,3312
19981219,0000,2856
19981220,0000,3222
19981221,0000,3397
19981222,0000,3287
19981223,0000,3182
19981224,0000,2913
19981225,0000,2991
19981226,0000,2339
19981227,0000,2135
19981228,0000,2238
19981229,0000,1861
19981230,0000,2297
19981231,0000,2049
19990101,0000,1699
19990102,0000,1433
19990103,0000,2212
19990104,0000,1889
19990105,0000,1734
19990106,0000,2482
19990107,0000,1707
19990108,0000,1800
19990109,0000,1958
19990110,0000,1438
19990111,0000,1197
19990112,0000,1796
19990113,0000,1616
19990114,0000,1470
19990115,0000,1756
19990116,0000,2188
19990117,0000,2947
19990118,0000,6178
19990119,0000,13546
19990120,0000,27874
19990121,0000,19827
19990122,0000,10677
19990123,0000,18103
19990124,0000,14109
19990125,0000,9210
19990126,0000,7797
19990127,0000,6498
19990128,0000,5630
19990129,0000,4892
19990130,0000,4634
19990131,0000,4852
19990201,0000,4451
19990202,0000,4518
19990203,0000,4432
19990204,0000,4027
19990205,0000,4146
19990206,0000,5285
19990207,0000,20061
19990208,0000,21876
19990209,0000,48115
19990210,0000,25267
19990211,0000,15120
19990212,0000,11751
19990213,0000,10336
19990214,0000,9012
19990215,0000,7830
19990216,0000,8462
19990217,0000,22376
19990218,0000,15676
19990219,0000,15088
19990220,0000,12798
19990221,0000,17058
19990222,0000,12570
19990223,0000,9797
19990224,0000,9391
19990225,0000,10246
19990226,0000,9490
19990227,0000,8674
19990228,0000,8865
19990301,0000,13836
19990302,0000,12586
19990303,0000,15236
19990304,0000,14124
19990305,0000,11687
19990306,0000,9981
19990307,0000,8987
19990308,0000,8513
19990309,0000,10051
19990310,0000,9273
19990311,0000,8504
19990312,0000,6897
19990313,0000,6864
19990314,0000,6953
19990315,0000,6285
19990316,0000,6306
19990317,0000,6259
19990318,0000,6103
19990319,0000,6938
19990320,0000,6688
19990321,0000,6381
19990322,0000,6171
19990323,0000,5637
19990324,0000,6170
19990325,0000,6286
19990326,0000,5476
19990327,0000,5770
19990328,0000,6201
19990329,0000,6179
19990330,0000,5261
19990331,0000,6009
19990401,0000,5694
19990402,0000,5281
19990403,0000,4957
19990404,0000,4269
19990405,0000,5815
19990406,0000,5713
19990407,0000,5552
19990408,0000,5763
19990409,0000,6203
19990410,0000,5966
19990411,0000,6248
19990412,0000,6718
19990413,0000,6279
19990414,0000,7505
19990415,0000,7410
19990416,0000,7454
19990417,0000,8019
19990418,0000,7934
19990419,0000,8264
19990420,0000,9161
19990421,0000,7979
19990422,0000,7441
19990423,0000,7584
19990424,0000,7141
19990425,0000,6319
19990426,0000,7566
19990427,0000,7892
19990428,0000,7102
19990429,0000,6600
19990430,0000,6289
19990501,0000,5819
19990502,0000,6849
19990503,0000,7829
19990504,0000,6757
19990505,0000,6290
19990506,0000,5702
19990507,0000,6937
19990508,0000,7631
19990509,0000,6691
19990510,0000,7236
19990511,0000,6736
19990512,0000,7879
19990513,0000,8069
19990514,0000,7826
19990515,0000,6597
19990516,0000,6486
19990517,0000,6784
19990518,0000,7275
19990519,0000,6556
19990520,0000,5718
19990521,0000,5543
19990522,0000,6180
19990523,0000,7794
19990524,0000,8231
19990525,0000,9267
19990526,0000,9542
19990527,0000,8750
19990528,0000,8329
19990529,0000,7619
19990530,0000,6676
19990531,0000,7006
19990601,0000,7078
19990602,0000,5240
19990603,0000,5590
19990604,0000,5036
19990605,0000,4540
19990606,0000,4402
19990607,0000,4785
19990608,0000,4557
19990609,0000,5334
19990610,0000,5468
19990611,0000,5254
19990612,0000,4692
19990613,0000,4808
19990614,0000,4862
19990615,0000,5686
19990616,0000,5426
19990617,0000,4820
19990618,0000,5046
19990619,0000,4072
19990620,0000,3688
19990621,0000,4264
19990622,0000,4651
19990623,0000,4286
19990624,0000,4361
19990625,0000,4147
19990626,0000,4181
19990627,0000,3318
19990628,0000,3266
19990629,0000,3441
19990630,0000,3327
19990701,0000,3336
19990702,0000,2737
19990703,0000,2383
19990704,0000,1794
19990705,0000,2093
19990706,0000,2609
19990707,0000,2191
19990708,0000,2365
19990709,0000,m
19990710,0000,2537
19990711,0000,2132
19990712,0000,3116
19990713,0000,2749
19990714,0000,2365
19990715,0000,2134
19990716,0000,1491
19990717,0000,1865
19990718,0000,1551
19990719,0000,1731
19990720,0000,1856
19990721,0000,1864
19990722,0000,1849
19990723,0000,2174
19990724,0000,1717
19990725,0000,1589
19990726,0000,2173
19990727,0000,1446
19990728,0000,2073
19990729,0000,2067
19990730,0000,1973
19990731,0000,2187
19990801,0000,1745
19990802,0000,2039
19990803,0000,2088
19990804,0000,2193
19990805,0000,2630
19990806,0000,1766
19990807,0000,2808
19990808,0000,1597
19990809,0000,1594
19990810,0000,2230
19990811,0000,2263
19990812,0000,3117
19990813,0000,2497
19990814,0000,2670
19990815,0000,2547
19990816,0000,2327
19990817,0000,2326
19990818,0000,2270
19990819,0000,3137
19990820,0000,2203
19990821,0000,2765
19990822,0000,1951
19990823,0000,1926
19990824,0000,2250
19990825,0000,2538
19990826,0000,2576
19990827,0000,1953
19990828,0000,2173
19990829,0000,1850
19990830,0000,1811
19990831,0000,2316
19990901,0000,2278
19990902,0000,2332
19990903,0000,2470
19990904,0000,2109
19990905,0000,2298
19990906,0000,1999
19990907,0000,1905
19990908,0000,1968
19990909,0000,1851
19990910,0000,1651
19990911,0000,1853
19990912,0000,1896
19990913,0000,1781
19990914,0000,2269
19990915,0000,2233
19990916,0000,1799
19990917,0000,1919
19990918,0000,2166
19990919,0000,2084
19990920,0000,1813
19990921,0000,1494
19990922,0000,1749
19990923,0000,1684
19990924,0000,1446
19990925,0000,1507
19990926,0000,1384
19990927,0000,1390
19990928,0000,1674
19990929,0000,1554
19990930,0000,1518
19991001,0000,2236
19991002,0000,1680
19991003,0000,718
19991004,0000,1098
19991005,0000,1315
19991006,0000,1495
19991007,0000,1306
19991008,0000,1317
19991009,0000,1328
19991010,0000,1393
19991011,0000,1647
19991012,0000,1348
19991013,0000,1237
19991014,0000,987
19991015,0000,948
19991016,0000,1427
19991017,0000,1529
19991018,0000,1048
19991019,0000,1130
19991020,0000,1075
19991021,0000,1068
19991022,0000,982
19991023,0000,918
19991024,0000,1377
19991025,0000,1059
19991026,0000,990
19991027,0000,1110
19991028,0000,1588
19991029,0000,1395
19991030,0000,1281
19991031,0000,1190
19991101,0000,1166
19991102,0000,1067
19991103,0000,937
19991104,0000,954
19991105,0000,890
19991106,0000,997
19991107,0000,1232
19991108,0000,1203
19991109,0000,784
19991110,0000,1156
19991111,0000,1235
19991112,0000,1120
19991113,0000,1281
19991114,0000,1306
19991115,0000,1583
19991116,0000,2288
19991117,0000,2022
19991118,0000,1552
19991119,0000,2574
19991120,0000,1758
19991121,0000,2505
19991122,0000,2520
19991123,0000,2754
19991124,0000,2076
19991125,0000,1504
19991126,0000,1493
19991127,0000,1444
19991128,0000,1292
19991129,0000,2128
19991130,0000,2280
19991201,0000,1980
19991202,0000,2639
19991203,0000,1930
19991204,0000,2366
19991205,0000,2116
19991206,0000,1905
19991207,0000,1607
19991208,0000,2247
19991209,0000,2119
19991210,0000,2338
19991211,0000,1212
19991212,0000,1571
19991213,0000,1768
19991214,0000,245
19991215,0000,2276
19991216,0000,5767
19991217,0000,2137
19991218,0000,933
19991219,0000,1196
19991220,0000,1482
19991221,0000,1201
19991222,0000,1638
19991223,0000,1155
19991224,0000,976
19991225,0000,837
19991226,0000,708
19991227,0000,701
19991228,0000,1075
19991229,0000,1081
19991230,0000,971
19991231,0000,525
20000101,0000,1450
20000102,0000,789
20000103,0000,1420
20000104,0000,678
20000105,0000,1035
20000106,0000,1231
20000107,0000,508
20000108,0000,1004
20000109,0000,542
20000110,0000,777
20000111,0000,972
20000112,0000,1428
20000113,0000,1332
20000114,0000,1353
20000115,0000,1032
20000116,0000,2136
20000117,0000,2395
20000118,0000,5371
20000119,0000,8126
20000120,0000,6643
20000121,0000,5048
20000122,0000,3352
20000123,0000,3378
20000124,0000,21476
20000125,0000,25370
20000126,0000,11331
20000127,0000,6963
20000128,0000,5003
20000129,0000,3314
20000130,0000,4244
20000131,0000,4616
20000201,0000,4271
20000202,0000,3052
20000203,0000,3293
20000204,0000,4441
20000205,0000,4558
20000206,0000,3488
20000207,0000,3309
20000208,0000,3168
20000209,0000,3578
20000210,0000,3968
20000211,0000,6694
20000212,0000,16322
20000213,0000,19927
20000214,0000,46576
20000215,0000,25213
20000216,0000,16448
20000217,0000,12292
20000218,0000,9344
20000219,0000,8001
20000220,0000,6695
20000221,0000,6840
20000222,0000,9221
20000223,0000,17108
20000224,0000,10563
20000225,0000,7586
20000226,0000,7044
20000227,0000,24442
20000228,0000,19085
20000229,0000,13475
20000301,0000,11561
20000302,0000,10024
20000303,0000,8475
20000304,0000,6586
20000305,0000,8034
20000306,0000,8586
20000307,0000,7634
20000308,0000,8307
20000309,0000,8651
20000310,0000,7928
20000311,0000,7069
20000312,0000,6665
20000313,0000,6517
20000314,0000,6517
20000315,0000,6899
20000316,0000,7141
20000317,0000,6648
20000318,0000,6426
20000319,0000,5810
20000320,0000,6363
20000321,0000,5875
20000322,0000,5762
20000323,0000,5848
20000324,0000,5768
20000325,0000,5603
20000326,0000,4484
20000327,0000,5689
20000328,0000,6042
20000329,0000,5905
20000330,0000,5831
20000331,0000,4933
20000401,0000,4465
20000402,0000,4694
20000403,0000,5558
20000404,0000,5774
20000405,0000,6957
20000406,0000,5170
20000407,0000,5105
20000408,0000,4744
20000409,0000,4579
20000410,0000,5097
20000411,0000,5035
20000412,0000,4689
20000413,0000,5975
20000414,0000,7533
20000415,0000,6088
20000416,0000,4649
20000417,0000,6115
20000418,0000,5289
20000419,0000,4978
20000420,0000,4124
20000421,0000,3946
20000422,0000,3765
20000423,0000,3558
20000424,0000,3772
20000425,0000,4315
20000426,0000,4110
20000427,0000,4315
20000428,0000,4744
20000429,0000,4488
20000430,0000,3700
20000501,0000,3520
20000502,0000,4797
20000503,0000,4392
20000504,0000,4649
20000505,0000,4994
20000506,0000,4552
20000507,0000,4523
20000508,0000,8080
20000509,0000,8620
20000510,0000,6003
20000511,0000,4571
20000512,0000,4606
20000513,0000,4233
20000514,0000,3670
20000515,0000,5035
20000516,0000,5584
20000517,0000,5119
20000518,0000,4602
20000519,0000,4884
20000520,0000,5222
20000521,0000,4738
20000522,0000,5193
20000523,0000,5080
20000524,0000,5719
20000525,0000,5692
20000526,0000,5757
20000527,0000,5237
20000528,0000,5679
20000529,0000,5023
20000530,0000,5138
20000531,0000,4660
20000601,0000,4157
20000602,0000,3799
20000603,0000,3186
20000604,0000,3163
20000605,0000,3128
20000606,0000,3291
20000607,0000,3158
20000608,0000,3706
20000609,0000,3536
20000610,0000,2720
20000611,0000,2635
20000612,0000,2913
20000613,0000,3607
20000614,0000,3521
20000615,0000,4206
20000616,0000,3251
20000617,0000,2915
20000618,0000,2825
20000619,0000,2104
20000620,0000,3643
20000621,0000,3054
20000622,0000,2727
20000623,0000,1936
20000624,0000,1486
20000625,0000,1603
20000626,0000,2652
20000627,0000,3276
20000628,0000,2905
20000629,0000,2462
20000630,0000,1933
20000701,0000,1641
20000702,0000,1198
20000703,0000,1125
20000704,0000,1191
20000705,0000,1503
20000706,0000,1544
20000707,0000,1456
20000708,0000,1348
20000709,0000,1764
20000710,0000,1462
20000711,0000,2021
20000712,0000,1896
20000713,0000,1597
20000714,0000,1702
20000715,0000,1874
20000716,0000,993
20000717,0000,1622
20000718,0000,1877
20000719,0000,2310
20000720,0000,1979
20000721,0000,1524
20000722,0000,1807
20000723,0000,1609
20000724,0000,1920
20000725,0000,2007
20000726,0000,1773
20000727,0000,2450
20000728,0000,2473
20000729,0000,2319
20000730,0000,1396
20000731,0000,2350
20000801,0000,2569
20000802,0000,2996
20000803,0000,2083
20000804,0000,2354
20000805,0000,2194
20000806,0000,1932
20000807,0000,1399
20000808,0000,1373
20000809,0000,2238
20000810,0000,2093
20000811,0000,2400
20000812,0000,2379
20000813,0000,1669
20000814,0000,1914
20000815,0000,2531
20000816,0000,3012
20000817,0000,2814
20000818,0000,1982
20000819,0000,1931
20000820,0000,1451
20000821,0000,2018
20000822,0000,2944
20000823,0000,2456
20000824,0000,2533
20000825,0000,2407
20000826,0000,2212
20000827,0000,1596
20000828,0000,1719
20000829,0000,1909
20000830,0000,1303
20000831,0000,1910
20000901,0000,2007
20000902,0000,2057
20000903,0000,1743
20000904,0000,1663
20000905,0000,1636
20000906,0000,2190
20000907,0000,2268
20000908,0000,3800
20000909,0000,2287
20000910,0000,1785
20000911,0000,2126
20000912,0000,2500
20000913,0000,3306
20000914,0000,2729
20000915,0000,1710
20000916,0000,1320
20000917,0000,1469
20000918,0000,2577
20000919,0000,2396
20000920,0000,2611
20000921,0000,2142
20000922,0000,1300
20000923,0000,1139
20000924,0000,823
20000925,0000,994
20000926,0000,1516
20000927,0000,1026
20000928,0000,769
20000929,0000,864
20000930,0000,772
20001001,0000,1107
20001002,0000,1432
20001003,0000,1357
20001004,0000,631
20001005,0000,908
20001006,0000,1507
20001007,0000,712
20001008,0000,586
20001009,0000,554
20001010,0000,582
20001011,0000,1053
20001012,0000,645
20001013,0000,521
20001014,0000,688
20001015,0000,478
20001016,0000,129
20001017,0000,273
20001018,0000,171
20001019,0000,319
20001020,0000,180
20001021,0000,363
20001022,0000,-112
20001023,0000,118
20001024,0000,673
20001025,0000,1159
20001026,0000,1607
20001027,0000,1339
20001028,0000,1975
20001029,0000,2416
20001030,0000,2098
20001031,0000,2066
20001101,0000,1356
20001102,0000,1934
20001103,0000,1795
20001104,0000,1435
20001105,0000,872
20001106,0000,1185
20001107,0000,1808
20001108,0000,1419
20001109,0000,1856
20001110,0000,1884
20001111,0000,2341
20001112,0000,1313
20001113,0000,2501
20001114,0000,3111
20001115,0000,2265
20001116,0000,2402
20001117,0000,2656
20001118,0000,2966
20001119,0000,2528
20001120,0000,2106
20001121,0000,2120
20001122,0000,2437
20001123,0000,1682
20001124,0000,1153
20001125,0000,1151
20001126,0000,1248
20001127,0000,1687
20001128,0000,2445
20001129,0000,2507
20001130,0000,2200
20001201,0000,2319
20001202,0000,2255
20001203,0000,2127
20001204,0000,2314
20001205,0000,2265
20001206,0000,2690
20001207,0000,2651
20001208,0000,2090
20001209,0000,1354
20001210,0000,1572
20001211,0000,2433
20001212,0000,3604
20001213,0000,2774
20001214,0000,2450
20001215,0000,2820
20001216,0000,2203
20001217,0000,1526
20001218,0000,2452
20001219,0000,3042
20001220,0000,2126
20001221,0000,2045
20001222,0000,1900
20001223,0000,1410
20001224,0000,1876
20001225,0000,1767
20001226,0000,1558
20001227,0000,1682
20001228,0000,1696
20001229,0000,2114
20001230,0000,978
20001231,0000,913
20010101,0000,1548
20010102,0000,1357
20010103,0000,1544
20010104,0000,1199
20010105,0000,1344
20010106,0000,1163
20010107,0000,1010
20010108,0000,1194
20010109,0000,1097
20010110,0000,1970
20010111,0000,2561
20010112,0000,1860
20010113,0000,1156
20010114,0000,1217
20010115,0000,1000
20010116,0000,1163
20010117,0000,1187
20010118,0000,1546
20010119,0000,1185
20010120,0000,1540
20010121,0000,1193
20010122,0000,1722
20010123,0000,1667
20010124,0000,2169
20010125,0000,2332
20010126,0000,2338
20010127,0000,1727
20010128,0000,978
20010129,0000,1267
20010130,0000,1118
20010131,0000,1115
20010201,0000,1167
20010202,0000,861
20010203,0000,740
20010204,0000,906
20010205,0000,884
20010206,0000,1184
20010207,0000,1352
20010208,0000,965
20010209,0000,1028
20010210,0000,2328
20010211,0000,3233
20010212,0000,2799
20010213,0000,2343
20010214,0000,1627
20010215,0000,1746
20010216,0000,2008
20010217,0000,1426
20010218,0000,1520
20010219,0000,2024
20010220,0000,3301
20010221,0000,3063
20010222,0000,3582
20010223,0000,4275
20010224,0000,3857
20010225,0000,3724
20010226,0000,2956
20010227,0000,2537
20010228,0000,2092
20010301,0000,2039
20010302,0000,2334
20010303,0000,2570
20010304,0000,2956
20010305,0000,4765
20010306,0000,3688
20010307,0000,3200
20010308,0000,2987
20010309,0000,2930
20010310,0000,2724
20010311,0000,2661
20010312,0000,2577
20010313,0000,1945
20010314,0000,2045
20010315,0000,2373
20010316,0000,2378
20010317,0000,1689
20010318,0000,1670
20010319,0000,2172
20010320,0000,2702
20010321,0000,3320
20010322,0000,2921
20010323,0000,2624
20010324,0000,2981
20010325,0000,4327
20010326,0000,4563
20010327,0000,3180
20010328,0000,3555
20010329,0000,3486
20010330,0000,3152
20010331,0000,3274
20010401,0000,2859
20010402,0000,3007
20010403,0000,2949
20010404,0000,2444
20010405,0000,2024
20010406,0000,2546
20010407,0000,2507
20010408,0000,2136
20010409,0000,2104
20010410,0000,1620
20010411,0000,2053
20010412,0000,1629
20010413,0000,2052
20010414,0000,1798
20010415,0000,1570
20010416,0000,1773
20010417,0000,2256
20010418,0000,2515
20010419,0000,2793
20010420,0000,4801
20010421,0000,4284
20010422,0000,3367
20010423,0000,3628
20010424,0000,3781
20010425,0000,4387
20010426,0000,4582
20010427,0000,4937
20010428,0000,4083
20010429,0000,3158
20010430,0000,3233
20010501,0000,4384
20010502,0000,3976
20010503,0000,3778
20010504,0000,2894
20010505,0000,2684
20010506,0000,2669
20010507,0000,2775
20010508,0000,3826
20010509,0000,4295
20010510,0000,3325
20010511,0000,2874
20010512,0000,2953
20010513,0000,2771
20010514,0000,2370
20010515,0000,2628
20010516,0000,2938
20010517,0000,2496
20010518,0000,2510
20010519,0000,1997
20010520,0000,2136
20010521,0000,2456
20010522,0000,2381
20010523,0000,2074
20010524,0000,2660
20010525,0000,2088
20010526,0000,1611
20010527,0000,1096
20010528,0000,965
20010529,0000,855
20010530,0000,2215
20010531,0000,2176
20010601,0000,1830
20010602,0000,1274
20010603,0000,874
20010604,0000,636
20010605,0000,1166
20010606,0000,982
20010607,0000,1233
20010608,0000,1026
20010609,0000,1306
20010610,0000,877
20010611,0000,540
20010612,0000,1020
20010613,0000,1101
20010614,0000,1040
20010615,0000,1101
20010616,0000,897
20010617,0000,674
20010618,0000,656
20010619,0000,1786
20010620,0000,1548
20010621,0000,1237
20010622,0000,1454
20010623,0000,1396
20010624,0000,479
20010625,0000,413
20010626,0000,757
20010627,0000,1007
20010628,0000,1005
20010629,0000,986
20010630,0000,1000
20010701,0000,808
20010702,0000,944
20010703,0000,1754
20010704,0000,1851
20010705,0000,958
20010706,0000,1325
20010707,0000,1097
20010708,0000,1143
20010709,0000,551
20010710,0000,903
20010711,0000,759
20010712,0000,749
20010713,0000,844
20010714,0000,930
20010715,0000,596
20010716,0000,499
20010717,0000,969
20010718,0000,743
20010719,0000,966
20010720,0000,1028
20010721,0000,973
20010722,0000,922
20010723,0000,762
20010724,0000,1000
20010725,0000,1079
20010726,0000,786
20010727,0000,955
20010728,0000,977
20010729,0000,719
20010730,0000,758
20010731,0000,981
20010801,0000,684
20010802,0000,876
20010803,0000,927
20010804,0000,1008
20010805,0000,713
20010806,0000,711
20010807,0000,832
20010808,0000,1425
20010809,0000,1357
20010810,0000,1116
20010811,0000,1029
20010812,0000,741
20010813,0000,646
20010814,0000,1043
20010815,0000,830
20010816,0000,850
20010817,0000,1041
20010818,0000,1256
20010819,0000,899
20010820,0000,806
20010821,0000,859
20010822,0000,917
20010823,0000,790
20010824,0000,841
20010825,0000,1021
20010826,0000,970
20010827,0000,1040
20010828,0000,1374
20010829,0000,916
20010830,0000,1013
20010831,0000,982
20010901,0000,942
20010902,0000,847
20010903,0000,897
20010904,0000,713
20010905,0000,689
20010906,0000,861
20010907,0000,930
20010908,0000,697
20010909,0000,651
20010910,0000,688
20010911,0000,854
20010912,0000,869
20010913,0000,644
20010914,0000,835
20010915,0000,852
20010916,0000,767
20010917,0000,965
20010918,0000,1374
20010919,0000,1138
20010920,0000,763
20010921,0000,1001
20010922,0000,622
20010923,0000,527
20010924,0000,592
20010925,0000,652
20010926,0000,686
20010927,0000,761
20010928,0000,754
20010929,0000,1138
20010930,0000,4
20011001,0000,469
20011002,0000,429
20011003,0000,254
20011004,0000,303
20011005,0000,153
20011006,0000,325
20011007,0000,222
20011008,0000,349
20011009,0000,265
20011010,0000,219
20011011,0000,293
20011012,0000,266
20011013,0000,270
20011014,0000,231
20011015,0000,243
20011016,0000,234
20011017,0000,164
20011018,0000,157
20011019,0000,195
20011020,0000,304
20011021,0000,127
20011022,0000,280
20011023,0000,306
20011024,0000,26
20011025,0000,275
20011026,0000,194
20011027,0000,299
20011028,0000,228
20011029,0000,291
20011030,0000,366
20011031,0000,328
20011101,0000,351
20011102,0000,319
20011103,0000,259
20011104,0000,292
20011105,0000,302
20011106,0000,232
20011107,0000,244
20011108,0000,256
20011109,0000,194
20011110,0000,227
20011111,0000,288
20011112,0000,823
20011113,0000,728
20011114,0000,611
20011115,0000,456
20011116,0000,552
20011117,0000,368
20011118,0000,332
20011119,0000,394
20011120,0000,347
20011121,0000,502
20011122,0000,1325
20011123,0000,1533
20011124,0000,1497
20011125,0000,2745
20011126,0000,1552
20011127,0000,1264
20011128,0000,815
20011129,0000,986
20011130,0000,1420
20011201,0000,1172
20011202,0000,3479
20011203,0000,5311
20011204,0000,2773
20011205,0000,2039
20011206,0000,2348
20011207,0000,1993
20011208,0000,1653
20011209,0000,1336
20011210,0000,1642
20011211,0000,1382
20011212,0000,1553
20011213,0000,2101
20011214,0000,2754
20011215,0000,2301
20011216,0000,1785
20011217,0000,2139
20011218,0000,2800
20011219,0000,2810
20011220,0000,3342
20011221,0000,3722
20011222,0000,2871
20011223,0000,3379
20011224,0000,2507
20011225,0000,1897
20011226,0000,1836
20011227,0000,2137
20011228,0000,3912
20011229,0000,4023
20011230,0000,3949
20011231,0000,7815
20020101,0000,6476
20020102,0000,7047
20020103,0000,9362
20020104,0000,5952
20020105,0000,4473
20020106,0000,4783
20020107,0000,5680
20020108,0000,4662
20020109,0000,4534
20020110,0000,4347
20020111,0000,3658
20020112,0000,3240
20020113,0000,2887
20020114,0000,3045
20020115,0000,3477
20020116,0000,3407
20020117,0000,3445
20020118,0000,3251
20020119,0000,2374
20020120,0000,2031
20020121,0000,1997
20020122,0000,2976
20020123,0000,2794
20020124,0000,2715
20020125,0000,2670
20020126,0000,3515
20020127,0000,4102
20020128,0000,3423
20020129,0000,3481
20020130,0000,2813
20020131,0000,2328
20020201,0000,3553
20020202,0000,2549
20020203,0000,2527
20020204,0000,2323
20020205,0000,2429
20020206,0000,1885
20020207,0000,2284
20020208,0000,3403
20020209,0000,2884
20020210,0000,2688
20020211,0000,3502
20020212,0000,2999
20020213,0000,3124
20020214,0000,2556
20020215,0000,2830
20020216,0000,3004
20020217,0000,3517
20020218,0000,3416
20020219,0000,3786
20020220,0000,11558
20020221,0000,7822
20020222,0000,5750
20020223,0000,5228
20020224,0000,5045
20020225,0000,4433
20020226,0000,4238
20020227,0000,4411
20020228,0000,3492
20020301,0000,4334
20020302,0000,3435
20020303,0000,2399
20020304,0000,2105
20020305,0000,3076
20020306,0000,6421
20020307,0000,12886
20020308,0000,10186
20020309,0000,6197
20020310,0000,5686
20020311,0000,5730
20020312,0000,4506
20020313,0000,4164
20020314,0000,4530
20020315,0000,4912
20020316,0000,3817
20020317,0000,3305
20020318,0000,3089
20020319,0000,3492
20020320,0000,3569
20020321,0000,3583
20020322,0000,4497
20020323,0000,5783
20020324,0000,6761
20020325,0000,5992
20020326,0000,4613
20020327,0000,4796
20020328,0000,5918
20020329,0000,4700
20020330,0000,4688
20020331,0000,3852
20020401,0000,4797
20020402,0000,5508
20020403,0000,6381
20020404,0000,6338
20020405,0000,7173
20020406,0000,4892
20020407,0000,4580
20020408,0000,5330
20020409,0000,6134
20020410,0000,5211
20020411,0000,5594
20020412,0000,4554
20020413,0000,4754
20020414,0000,5051
20020415,0000,6416
20020416,0000,5491
20020417,0000,4134
20020418,0000,3778
20020419,0000,3491
20020420,0000,2909
20020421,0000,2552
20020422,0000,2763
20020423,0000,4293
20020424,0000,4117
20020425,0000,3916
20020426,0000,3674
20020427,0000,3685
20020428,0000,3306
20020429,0000,2806
20020430,0000,3573
20020501,0000,4218
20020502,0000,3978
20020503,0000,3121
20020504,0000,2663
20020505,0000,3723
20020506,0000,4320
20020507,0000,4426
20020508,0000,4320
20020509,0000,4160
20020510,0000,4084
20020511,0000,2908
20020512,0000,2366
20020513,0000,2996
20020514,0000,3821
20020515,0000,3971
20020516,0000,4144
20020517,0000,4394
20020518,0000,3721
20020519,0000,3553
20020520,0000,4894
20020521,0000,5641
20020522,0000,4400
20020523,0000,4472
20020524,0000,4612
20020525,0000,4500
20020526,0000,3604
20020527,0000,3566
20020528,0000,4246
20020529,0000,4146
20020530,0000,4920
20020531,0000,4058
20020601,0000,3451
20020602,0000,3624
20020603,0000,3140
20020604,0000,3363
20020605,0000,3970
20020606,0000,3757
20020607,0000,3625
20020608,0000,2461
20020609,0000,1775
20020610,0000,2714
20020611,0000,2277
20020612,0000,2842
20020613,0000,2928
20020614,0000,2555
20020615,0000,1948
20020616,0000,1629
20020617,0000,1207
20020618,0000,1403
20020619,0000,1455
20020620,0000,1614
20020621,0000,1546
20020622,0000,1300
20020623,0000,1307
20020624,0000,1082
20020625,0000,1547
20020626,0000,1980
20020627,0000,1453
20020628,0000,1280
20020629,0000,1535
20020630,0000,1546
20020701,0000,1976
20020702,0000,1709
20020703,0000,1367
20020704,0000,1141
20020705,0000,1210
20020706,0000,1048
20020707,0000,1176
20020708,0000,1030
20020709,0000,1459
20020710,0000,1951
20020711,0000,1363
20020712,0000,1146
20020713,0000,1174
20020714,0000,804
20020715,0000,1078
20020716,0000,871
20020717,0000,1061
20020718,0000,1329
20020719,0000,1403
20020720,0000,1469
20020721,0000,1222
20020722,0000,900
20020723,0000,1017
20020724,0000,1600
20020725,0000,1508
20020726,0000,1207
20020727,0000,1216
20020728,0000,1118
20020729,0000,501
20020730,0000,995
20020731,0000,1545
20020801,0000,1527
20020802,0000,1628
20020803,0000,1635
20020804,0000,980
20020805,0000,904
20020806,0000,1347
20020807,0000,978
20020808,0000,1055
20020809,0000,1467
20020810,0000,1329
20020811,0000,1326
20020812,0000,1468
20020813,0000,1547
20020814,0000,1308
20020815,0000,1216
20020816,0000,1317
20020817,0000,1040
20020818,0000,994
20020819,0000,955
20020820,0000,893
20020821,0000,1018
20020822,0000,1114
20020823,0000,1151
20020824,0000,1069
20020825,0000,1172
20020826,0000,769
20020827,0000,1310
20020828,0000,1977
20020829,0000,1815
20020830,0000,1930
20020831,0000,1960
20020901,0000,1292
20020902,0000,1815
20020903,0000,1759
20020904,0000,1360
20020905,0000,1664
20020906,0000,2689
20020907,0000,1645
20020908,0000,1256
20020909,0000,772
20020910,0000,1284
20020911,0000,1680
20020912,0000,1894
20020913,0000,1374
20020914,0000,1563
20020915,0000,1382
20020916,0000,878
20020917,0000,1206
20020918,0000,1115
20020919,0000,1607
20020920,0000,1442
20020921,0000,1175
20020922,0000,633
20020923,0000,1113
20020924,0000,1543
20020925,0000,1122
20020926,0000,1110
20020927,0000,462
20020928,0000,453
20020929,0000,352
20020930,0000,433
20021001,0000,533
20021002,0000,708
20021003,0000,659
20021004,0000,834
20021005,0000,865
20021006,0000,949
20021007,0000,830
20021008,0000,1404
20021009,0000,1554
20021010,0000,1225
20021011,0000,852
20021012,0000,786
20021013,0000,665
20021014,0000,605
20021015,0000,1296
20021016,0000,927
20021017,0000,1002
20021018,0000,874
20021019,0000,589
20021020,0000,215
20021021,0000,623
20021022,0000,1020
20021023,0000,605
20021024,0000,1297
20021025,0000,1732
20021026,0000,1165
20021027,0000,807
20021028,0000,1297
20021029,0000,1186
20021030,0000,1195
20021031,0000,1389
20021101,0000,1691
20021102,0000,1137
20021103,0000,913
20021104,0000,1564
20021105,0000,1195
20021106,0000,998
20021107,0000,1638
20021108,0000,1981
20021109,0000,3765
20021110,0000,1938
20021111,0000,2774
20021112,0000,2449
20021113,0000,1935
20021114,0000,1903
20021115,0000,2059
20021116,0000,1729
20021117,0000,1093
20021118,0000,1215
20021119,0000,1509
20021120,0000,1155
20021121,0000,1389
20021122,0000,1262
20021123,0000,1251
20021124,0000,1156
20021125,0000,1431
20021126,0000,2029
20021127,0000,1621
20021128,0000,1273
20021129,0000,930
20021130,0000,1286
20021201,0000,1098
20021202,0000,1357
20021203,0000,1482
20021204,0000,1449
20021205,0000,1513
20021206,0000,1666
20021207,0000,1272
20021208,0000,838
20021209,0000,1830
20021210,0000,1642
20021211,0000,1491
20021212,0000,1372
20021213,0000,2764
20021214,0000,7173
20021215,0000,5820
20021216,0000,9495
20021217,0000,6746
20021218,0000,4566
20021219,0000,4540
20021220,0000,4186
20021221,0000,4513
20021222,0000,2970
20021223,0000,2942
20021224,0000,2365
20021225,0000,1812
20021226,0000,1693
20021227,0000,2595
20021228,0000,4322
20021229,0000,6944
20021230,0000,4817
20021231,0000,5136
20030101,0000,3729
20030102,0000,2898
20030103,0000,3344
20030104,0000,2702
20030105,0000,2772
20030106,0000,3271
20030107,0000,3558
20030108,0000,3555
20030109,0000,3633
20030110,0000,4236
20030111,0000,4341
20030112,0000,3883
20030113,0000,3639
20030114,0000,3721
20030115,0000,3722
20030116,0000,3738
20030117,0000,3111
20030118,0000,2585
20030119,0000,3068
20030120,0000,4033
20030121,0000,4193
20030122,0000,4461
20030123,0000,5916
20030124,0000,6597
20030125,0000,5139
20030126,0000,4276
20030127,0000,4499
20030128,0000,4923
20030129,0000,4708
20030130,0000,4544
20030131,0000,3398
20030201,0000,3168
20030202,0000,3225
20030203,0000,3532
20030204,0000,3609
20030205,0000,4331
20030206,0000,3536
20030207,0000,3292
20030208,0000,2768
20030209,0000,2977
20030210,0000,3914
20030211,0000,3690
20030212,0000,3257
20030213,0000,3501
20030214,0000,3480
20030215,0000,2676
20030216,0000,4016
20030217,0000,3550
20030218,0000,3847
20030219,0000,3698
20030220,0000,3013
20030221,0000,2278
20030222,0000,2382
20030223,0000,2778
20030224,0000,2675
20030225,0000,3356
20030226,0000,2613
20030227,0000,2824
20030228,0000,2359
20030301,0000,2201
20030302,0000,2021
20030303,0000,2117
20030304,0000,3237
20030305,0000,2621
20030306,0000,2244
20030307,0000,3176
20030308,0000,2586
20030309,0000,1660
20030310,0000,2351
20030311,0000,2425
20030312,0000,2321
20030313,0000,3207
20030314,0000,3643
20030315,0000,6471
20030316,0000,5306
20030317,0000,4048
20030318,0000,3534
20030319,0000,3367
20030320,0000,4248
20030321,0000,3636
20030322,0000,3034
20030323,0000,4724
20030324,0000,5494
20030325,0000,5424
20030326,0000,5533
20030327,0000,6297
20030328,0000,5771
20030329,0000,4172
20030330,0000,3308
20030331,0000,3993
20030401,0000,4442
20030402,0000,4768
20030403,0000,4139
20030404,0000,4227
20030405,0000,3717
20030406,0000,3444
20030407,0000,4423
20030408,0000,4083
20030409,0000,4543
20030410,0000,4491
20030411,0000,4345
20030412,0000,5696
20030413,0000,12968
20030414,0000,10079
20030415,0000,6347
20030416,0000,5535
20030417,0000,5453
20030418,0000,4914
20030419,0000,4482
20030420,0000,4532
20030421,0000,5430
20030422,0000,5026
20030423,0000,4957
20030424,0000,6237
20030425,0000,7723
20030426,0000,8217
20030427,0000,7052
20030428,0000,8614
20030429,0000,8321
20030430,0000,7311
20030501,0000,6882
20030502,0000,6953
20030503,0000,7313
20030504,0000,9410
20030505,0000,8901
20030506,0000,8539
20030507,0000,7734
20030508,0000,8320
20030509,0000,8837
20030510,0000,7914
20030511,0000,6874
20030512,0000,7439
20030513,0000,8306
20030514,0000,8671
20030515,0000,9121
20030516,0000,9096
20030517,0000,7969
20030518,0000,7774
20030519,0000,7715
20030520,0000,7808
20030521,0000,7766
20030522,0000,8081
20030523,0000,8713
20030524,0000,8588
20030525,0000,8269
20030526,0000,7261
20030527,0000,7642
20030528,0000,8152
20030529,0000,7394
20030530,0000,7339
20030531,0000,8159
20030601,0000,7710
20030602,0000,7395
20030603,0000,6954
20030604,0000,7186
20030605,0000,6783
20030606,0000,6379
20030607,0000,6157
20030608,0000,6319
20030609,0000,5805
20030610,0000,5547
20030611,0000,5767
20030612,0000,3949
20030613,0000,3678
20030614,0000,3661
20030615,0000,3352
20030616,0000,3356
20030617,0000,3695
20030618,0000,2946
20030619,0000,2789
20030620,0000,2296
20030621,0000,1817
20030622,0000,2037
20030623,0000,1974
20030624,0000,2278
20030625,0000,2210
20030626,0000,2372
20030627,0000,3181
20030628,0000,2319
20030629,0000,1714
20030630,0000,2284
20030701,0000,2227
20030702,0000,2062
20030703,0000,2200
20030704,0000,1900
20030705,0000,2062
20030706,0000,1672
20030707,0000,1135
20030708,0000,1368
20030709,0000,2087
20030710,0000,2586
20030711,0000,1793
20030712,0000,2175
20030713,0000,1677
20030714,0000,2517
20030715,0000,2238
20030716,0000,1527
20030717,0000,2441
20030718,0000,2259
20030719,0000,1964
20030720,0000,2147
20030721,0000,1389
20030722,0000,1997
20030723,0000,2095
20030724,0000,1805
20030725,0000,1971
20030726,0000,2126
20030727,0000,2132
20030728,0000,1877
20030729,0000,1795
20030730,0000,1460
20030731,0000,1526
20030801,0000,1393
20030802,0000,1471
20030803,0000,1360
20030804,0000,1420
20030805,0000,2047
20030806,0000,2063
20030807,0000,1993
20030808,0000,1557
20030809,0000,1483
20030810,0000,1415
20030811,0000,1865
20030812,0000,1824
20030813,0000,1746
20030814,0000,1386
20030815,0000,1444
20030816,0000,1353
20030817,0000,1296
20030818,0000,1012
20030819,0000,1232
20030820,0000,1100
20030821,0000,1606
20030822,0000,1420
20030823,0000,1387
20030824,0000,1475
20030825,0000,1613
20030826,0000,1993
20030827,0000,1853
20030828,0000,1595
20030829,0000,1863
20030830,0000,1542
20030831,0000,1458
20030901,0000,1653
20030902,0000,1687
20030903,0000,2010
20030904,0000,1639
20030905,0000,1584
20030906,0000,1473
20030907,0000,1450
20030908,0000,1577
20030909,0000,1650
20030910,0000,1652
20030911,0000,1798
20030912,0000,1716
20030913,0000,1587
20030914,0000,1550
20030915,0000,1493
20030916,0000,1186
20030917,0000,1317
20030918,0000,1379
20030919,0000,1307
20030920,0000,1379
20030921,0000,1220
20030922,0000,1518
20030923,0000,1825
20030924,0000,1778
20030925,0000,1619
20030926,0000,1620
20030927,0000,1444
20030928,0000,1491
20030929,0000,1846
20030930,0000,1578
20031001,0000,1856
20031002,0000,1505
20031003,0000,1536
20031004,0000,1355
20031005,0000,1355
20031006,0000,721
20031007,0000,813
20031008,0000,896
20031009,0000,780
20031010,0000,934
20031011,0000,596
20031012,0000,797
20031013,0000,958
20031014,0000,761
20031015,0000,808
20031016,0000,765
20031017,0000,1018
20031018,0000,912
20031019,0000,762
20031020,0000,634
20031021,0000,1080
20031022,0000,342
20031023,0000,433
20031024,0000,310
20031025,0000,381
20031026,0000,354
20031027,0000,525
20031028,0000,757
20031029,0000,608
20031030,0000,706
20031031,0000,898
20031101,0000,917
20031102,0000,1206
20031103,0000,1840
20031104,0000,1571
20031105,0000,934
20031106,0000,1456
20031107,0000,1793
20031108,0000,1466
20031109,0000,1023
20031110,0000,1259
20031111,0000,1224
20031112,0000,1086
20031113,0000,1420
20031114,0000,1864
20031115,0000,1515
20031116,0000,1001
20031117,0000,1041
20031118,0000,1200
20031119,0000,1372
20031120,0000,1268
20031121,0000,1283
20031122,0000,1442
20031123,0000,1054
20031124,0000,1380
20031125,0000,1587
20031126,0000,1186
20031127,0000,1107
20031128,0000,988
20031129,0000,678
20031130,0000,836
20031201,0000,1205
20031202,0000,899
20031203,0000,1051
20031204,0000,910
20031205,0000,1097
20031206,0000,1455
20031207,0000,3715
20031208,0000,2194
20031209,0000,1876
20031210,0000,2416
20031211,0000,3593
20031212,0000,2839
20031213,0000,3229
20031214,0000,4482
20031215,0000,4072
20031216,0000,3084
20031217,0000,2295
20031218,0000,1774
20031219,0000,2433
20031220,0000,2080
20031221,0000,2549
20031222,0000,2462
20031223,0000,2651
20031224,0000,4341
20031225,0000,6844
20031226,0000,4190
20031227,0000,2701
20031228,0000,2463
20031229,0000,3634
20031230,0000,3874
20031231,0000,3277
20040101,0000,6911
20040102,0000,5957
20040103,0000,4035
20040104,0000,3740
20040105,0000,3227
20040106,0000,2445
20040107,0000,3271
20040108,0000,3677
20040109,0000,3128
20040110,0000,3044
20040111,0000,3062
20040112,0000,3321
20040113,0000,2763
20040114,0000,3137
20040115,0000,2687
20040116,0000,2328
20040117,0000,2520
20040118,0000,2697
20040119,0000,2753
20040120,0000,2878
20040121,0000,2762
20040122,0000,2362
20040123,0000,2519
20040124,0000,2836
20040125,0000,2587
20040126,0000,2309
20040127,0000,3270
20040128,0000,3115
20040129,0000,1930
20040130,0000,2188
20040131,0000,1919
20040201,0000,2269
20040202,0000,2745
20040203,0000,4006
20040204,0000,3733
20040205,0000,3043
20040206,0000,3118
20040207,0000,2690
20040208,0000,2136
20040209,0000,2665
20040210,0000,2283
20040211,0000,2610
20040212,0000,2282
20040213,0000,2437
20040214,0000,2172
20040215,0000,2313
20040216,0000,2954
20040217,0000,8196
20040218,0000,9201
20040219,0000,7568
20040220,0000,6080
20040221,0000,4825
20040222,0000,4098
20040223,0000,4345
20040224,0000,4450
20040225,0000,7533
20040226,0000,15034
20040227,0000,10973
20040228,0000,7303
20040229,0000,5809
20040301,0000,6063
20040302,0000,5605
20040303,0000,4802
20040304,0000,4696
20040305,0000,4160
20040306,0000,3907
20040307,0000,3839
20040308,0000,4209
20040309,0000,5163
20040310,0000,5298
20040311,0000,5295
20040312,0000,5391
20040313,0000,5079
20040314,0000,4879
20040315,0000,5618
20040316,0000,6246
20040317,0000,5832
20040318,0000,5543
20040319,0000,5776
20040320,0000,5783
20040321,0000,5190
20040322,0000,6244
20040323,0000,6137
20040324,0000,6022
20040325,0000,5290
20040326,0000,4736
20040327,0000,4253
20040328,0000,3613
20040329,0000,4062
20040330,0000,4153
20040331,0000,4232
20040401,0000,3613
20040402,0000,3833
20040403,0000,3902
20040404,0000,3877
20040405,0000,4661
20040406,0000,3907
20040407,0000,3868
20040408,0000,3708
20040409,0000,3668
20040410,0000,3486
20040411,0000,3603
20040412,0000,3844
20040413,0000,3441
20040414,0000,3312
20040415,0000,2892
20040416,0000,3060
20040417,0000,2758
20040418,0000,2377
20040419,0000,2370
20040420,0000,2455
20040421,0000,2689
20040422,0000,3285
20040423,0000,2507
20040424,0000,2630
20040425,0000,2754
20040426,0000,3331
20040427,0000,3585
20040428,0000,3410
20040429,0000,3640
20040430,0000,2873
20040501,0000,2907
20040502,0000,3245
20040503,0000,3246
20040504,0000,4247
20040505,0000,3899
20040506,0000,3710
20040507,0000,m
20040508,0000,m
20040509,0000,2511
20040510,0000,3109
20040511,0000,2731
20040512,0000,2351
20040513,0000,2624
20040514,0000,2699
20040515,0000,2623
20040516,0000,2813
20040517,0000,2438
20040518,0000,2321
20040519,0000,2294
20040520,0000,2360
20040521,0000,2206
20040522,0000,2071
20040523,0000,1759
20040524,0000,1424
20040525,0000,1932
20040526,0000,1975
20040527,0000,1890
20040528,0000,2102
20040529,0000,2244
20040530,0000,2086
20040531,0000,2451
20040601,0000,2225
20040602,0000,2223
20040603,0000,2112
20040604,0000,1573
20040605,0000,2089
20040606,0000,2556
20040607,0000,1451
20040608,0000,1403
20040609,0000,1904
20040610,0000,1617
20040611,0000,1883
20040612,0000,1861
20040613,0000,1673
20040614,0000,1230
20040615,0000,1695
20040616,0000,2084
20040617,0000,1418
20040618,0000,1239
20040619,0000,1192
20040620,0000,1010
20040621,0000,406
20040622,0000,1197
20040623,0000,1369
20040624,0000,1303
20040625,0000,1342
20040626,0000,1052
20040627,0000,1115
20040628,0000,1233
20040629,0000,969
20040630,0000,997
20040701,0000,842
20040702,0000,1276
20040703,0000,1205
20040704,0000,1255
20040705,0000,1062
20040706,0000,1234
20040707,0000,1448
20040708,0000,1178
20040709,0000,1070
20040710,0000,1101
20040711,0000,1376
20040712,0000,1275
20040713,0000,1088
20040714,0000,1024
20040715,0000,1350
20040716,0000,2029
20040717,0000,1978
20040718,0000,1573
20040719,0000,1662
20040720,0000,1528
20040721,0000,1725
20040722,0000,1727
20040723,0000,1353
20040724,0000,1761
20040725,0000,1452
20040726,0000,1652
20040727,0000,1357
20040728,0000,1077
20040729,0000,1338
20040730,0000,1641
20040731,0000,1528
20040801,0000,1082
20040802,0000,1068
20040803,0000,1389
20040804,0000,1920
20040805,0000,2222
20040806,0000,985
20040807,0000,1797
20040808,0000,1888
20040809,0000,1523
20040810,0000,1405
20040811,0000,1655
20040812,0000,2088
20040813,0000,1647
20040814,0000,1532
20040815,0000,1123
20040816,0000,1241
20040817,0000,1885
20040818,0000,1973
20040819,0000,1383
20040820,0000,1663
20040821,0000,1953
20040822,0000,1404
20040823,0000,1105
20040824,0000,1402
20040825,0000,1218
20040826,0000,1866
20040827,0000,1239
20040828,0000,1826
20040829,0000,1247
20040830,0000,1437
20040831,0000,1485
20040901,0000,1725
20040902,0000,1626
20040903,0000,1043
20040904,0000,2293
20040905,0000,1861
20040906,0000,2004
20040907,0000,1774
20040908,0000,1474
20040909,0000,1522
20040910,0000,1495
20040911,0000,1462
20040912,0000,1746
20040913,0000,1036
20040914,0000,1401
20040915,0000,1165
20040916,0000,1910
20040917,0000,1359
20040918,0000,1215
20040919,0000,1280
20040920,0000,975
20040921,0000,1531
20040922,0000,2042
20040923,0000,2259
20040924,0000,1792
20040925,0000,1719
20040926,0000,1692
20040927,0000,1356
20040928,0000,1774
20040929,0000,1526
20040930,0000,1140
20041001,0000,1242
20041002,0000,1115
20041003,0000,977
20041004,0000,1020
20041005,0000,824
20041006,0000,844
20041007,0000,1123
20041008,0000,1067
20041009,0000,259
20041010,0000,435
20041011,0000,766
20041012,0000,754
20041013,0000,613
20041014,0000,400
20041015,0000,287
20041016,0000,1630
20041017,0000,925
20041018,0000,957
20041019,0000,2202
20041020,0000,2375
20041021,0000,2067
20041022,0000,1873
20041023,0000,1628
20041024,0000,1362
20041025,0000,1723
20041026,0000,2679
20041027,0000,2367
20041028,0000,2060
20041029,0000,1712
20041030,0000,1438
20041031,0000,1099
20041101,0000,1125
20041102,0000,731
20041103,0000,966
20041104,0000,987
20041105,0000,839
20041106,0000,833
20041107,0000,536
20041108,0000,527
20041109,0000,1110
20041110,0000,1297
20041111,0000,1874
20041112,0000,1870
20041113,0000,1653
20041114,0000,1471
20041115,0000,1356
20041116,0000,1338
20041117,0000,1176
20041118,0000,1213
20041119,0000,1336
20041120,0000,1190
20041121,0000,1166
20041122,0000,1441
20041123,0000,1332
20041124,0000,1259
20041125,0000,1290
20041126,0000,1175
20041127,0000,2327
20041128,0000,1669
20041129,0000,1636
20041130,0000,1684
20041201,0000,1660
20041202,0000,1741
20041203,0000,1695
20041204,0000,1754
20041205,0000,1534
20041206,0000,1701
20041207,0000,2075
20041208,0000,4653
20041209,0000,4878
20041210,0000,3774
20041211,0000,2727
20041212,0000,2501
20041213,0000,2288
20041214,0000,2720
20041215,0000,2331
20041216,0000,2030
20041217,0000,2128
20041218,0000,2482
20041219,0000,2580
20041220,0000,2840
20041221,0000,1949
20041222,0000,1477
20041223,0000,1723
20041224,0000,1689
20041225,0000,1458
20041226,0000,1148
20041227,0000,1662
20041228,0000,1927
20041229,0000,2660
20041230,0000,8660
20041231,0000,11966
20050101,0000,7343
20050102,0000,5183
20050103,0000,4464
20050104,0000,2828
20050105,0000,2627
20050106,0000,2783
20050107,0000,3351
20050108,0000,8953
20050109,0000,8866
20050110,0000,7082
20050111,0000,10760
20050112,0000,6647
20050113,0000,4777
20050114,0000,4232
20050115,0000,3798
20050116,0000,2557
20050117,0000,3149
20050118,0000,2871
20050119,0000,2888
20050120,0000,3070
20050121,0000,3114
20050122,0000,3230
20050123,0000,3394
20050124,0000,3738
20050125,0000,3604
20050126,0000,4562
20050127,0000,5464
20050128,0000,6744
20050129,0000,4915
20050130,0000,3589
20050131,0000,4075
20050201,0000,3611
20050202,0000,3720
20050203,0000,3842
20050204,0000,3822
20050205,0000,3611
20050206,0000,3536
20050207,0000,3544
20050208,0000,3349
20050209,0000,3813
20050210,0000,3345
20050211,0000,3836
20050212,0000,3400
20050213,0000,2991
20050214,0000,3704
20050215,0000,4681
20050216,0000,4501
20050217,0000,5395
20050218,0000,4721
20050219,0000,3728
20050220,0000,5960
20050221,0000,5068
20050222,0000,6795
20050223,0000,6130
20050224,0000,5658
20050225,0000,4428
20050226,0000,3957
20050227,0000,4013
20050228,0000,5005
20050301,0000,5009
20050302,0000,7306
20050303,0000,6126
20050304,0000,5970
20050305,0000,5107
20050306,0000,4398
20050307,0000,4267
20050308,0000,4856
20050309,0000,4474
20050310,0000,5200
20050311,0000,4703
20050312,0000,4560
20050313,0000,4752
20050314,0000,4539
20050315,0000,4452
20050316,0000,3974
20050317,0000,3879
20050318,0000,3890
20050319,0000,3985
20050320,0000,6101
20050321,0000,6846
20050322,0000,14376
20050323,0000,25860
20050324,0000,16553
20050325,0000,9883
20050326,0000,7256
20050327,0000,6441
20050328,0000,11990
20050329,0000,12228
20050330,0000,10629
20050331,0000,9496
20050401,0000,8478
20050402,0000,7392
20050403,0000,7214
20050404,0000,7762
20050405,0000,7644
20050406,0000,6881
20050407,0000,7628
20050408,0000,9174
20050409,0000,7296
20050410,0000,6400
20050411,0000,7590
20050412,0000,7465
20050413,0000,6857
20050414,0000,6906
20050415,0000,6639
20050416,0000,5943
20050417,0000,6275
20050418,0000,7831
20050419,0000,7012
20050420,0000,6419
20050421,0000,6274
20050422,0000,5468
20050423,0000,5449
20050424,0000,5396
20050425,0000,6362
20050426,0000,6173
20050427,0000,6495
20050428,0000,6778
20050429,0000,6622
20050430,0000,6517
20050501,0000,6606
20050502,0000,6706
20050503,0000,6336
20050504,0000,5947
20050505,0000,7198
20050506,0000,7557
20050507,0000,7240
20050508,0000,6692
20050509,0000,11797
20050510,0000,10320
20050511,0000,8794
20050512,0000,7147
20050513,0000,7951
20050514,0000,8356
20050515,0000,9047
20050516,0000,11819
20050517,0000,12881
20050518,0000,10917
20050519,0000,28175
20050520,0000,21882
20050521,0000,16289
20050522,0000,13554
20050523,0000,13257
20050524,0000,13139
20050525,0000,12397
20050526,0000,13761
20050527,0000,14474
20050528,0000,14906
20050529,0000,13245
20050530,0000,11293
20050531,0000,10922
20050601,0000,11032
20050602,0000,11263
20050603,0000,9970
20050604,0000,9117
20050605,0000,9078
20050606,0000,8669
20050607,0000,7560
20050608,0000,7357
20050609,0000,10846
20050610,0000,10549
20050611,0000,9140
20050612,0000,8423
20050613,0000,8334
20050614,0000,7580
20050615,0000,7524
20050616,0000,7336
20050617,0000,7748
20050618,0000,7500
20050619,0000,6591
20050620,0000,6390
20050621,0000,5588
20050622,0000,4939
20050623,0000,5164
20050624,0000,4651
20050625,0000,4654
20050626,0000,4220
20050627,0000,3917
20050628,0000,3559
20050629,0000,4182
20050630,0000,4261
20050701,0000,3580
20050702,0000,4122
20050703,0000,3645
20050704,0000,3727
20050705,0000,3256
20050706,0000,3900
20050707,0000,2945
20050708,0000,2122
20050709,0000,2545
20050710,0000,2522
20050711,0000,2250
20050712,0000,2784
20050713,0000,3005
20050714,0000,2875
20050715,0000,3045
20050716,0000,2391
20050717,0000,2507
20050718,0000,2384
20050719,0000,2564
20050720,0000,2901
20050721,0000,1871
20050722,0000,1700
20050723,0000,1961
20050724,0000,2084
20050725,0000,2381
20050726,0000,1918
20050727,0000,1648
20050728,0000,1678
20050729,0000,1754
20050730,0000,1659
20050731,0000,1835
20050801,0000,1341
20050802,0000,1773
20050803,0000,2066
20050804,0000,2037
20050805,0000,2510
20050806,0000,2150
20050807,0000,2404
20050808,0000,2340
20050809,0000,1977
20050810,0000,1701
20050811,0000,1612
20050812,0000,2357
20050813,0000,m
20050814,0000,1139
20050815,0000,1274
20050816,0000,2074
20050817,0000,2396
20050818,0000,1511
20050819,0000,1339
20050820,0000,1417
20050821,0000,1556
20050822,0000,1917
20050823,0000,2468
20050824,0000,1914
20050825,0000,1884
20050826,0000,2220
20050827,0000,1740
20050828,0000,1985
20050829,0000,2150
20050830,0000,1498
20050831,0000,2133
20050901,0000,2135
20050902,0000,1821
20050903,0000,1496
20050904,0000,1448
20050905,0000,1446
20050906,0000,1787
20050907,0000,1680
20050908,0000,1438
20050909,0000,1338
20050910,0000,1377
20050911,0000,1185
20050912,0000,1250
20050913,0000,1427
20050914,0000,1331
20050915,0000,1498
20050916,0000,1294
20050917,0000,1581
20050918,0000,1637
20050919,0000,1614
20050920,0000,1569
20050921,0000,993
20050922,0000,1028
20050923,0000,1033
20050924,0000,925
20050925,0000,1018
20050926,0000,1985
20050927,0000,1310
20050928,0000,1117
20050929,0000,1554
20050930,0000,2014
20051001,0000,2023
20051002,0000,1823
20051003,0000,1916
20051004,0000,1443
20051005,0000,1812
20051006,0000,1839
20051007,0000,1521
20051008,0000,1374
20051009,0000,910
20051010,0000,974
20051011,0000,1771
20051012,0000,1609
20051013,0000,1174
20051014,0000,1059
20051015,0000,905
20051016,0000,539
20051017,0000,298
20051018,0000,720
20051019,0000,470
20051020,0000,714
20051021,0000,685
20051022,0000,789
20051023,0000,937
20051024,0000,872
20051025,0000,1293
20051026,0000,1709
20051027,0000,1040
20051028,0000,665
20051029,0000,713
20051030,0000,1341
20051031,0000,1512
20051101,0000,1446
20051102,0000,1914
20051103,0000,1508
20051104,0000,1357
20051105,0000,1410
20051106,0000,1051
20051107,0000,1056
20051108,0000,938
20051109,0000,1204
20051110,0000,1183
20051111,0000,1524
20051112,0000,1560
20051113,0000,1596
20051114,0000,1501
20051115,0000,1711
20051116,0000,1515
20051117,0000,1883
20051118,0000,2040
20051119,0000,1652
20051120,0000,1264
20051121,0000,1553
20051122,0000,1864
20051123,0000,1658
20051124,0000,1614
20051125,0000,1325
20051126,0000,967
20051127,0000,1315
20051128,0000,2053
20051129,0000,2231
20051130,0000,3144
20051201,0000,5267
20051202,0000,12989
20051203,0000,4605
20051204,0000,2992
20051205,0000,2896
20051206,0000,2403
20051207,0000,3275
20051208,0000,2843
20051209,0000,2838
20051210,0000,2469
20051211,0000,1868
20051212,0000,2330
20051213,0000,2679
20051214,0000,3146
20051215,0000,2579
20051216,0000,2421
20051217,0000,1823
20051218,0000,3794
20051219,0000,7976
20051220,0000,5759
20051221,0000,5339
20051222,0000,19113
20051223,0000,19128
20051224,0000,7613
20051225,0000,6952
20051226,0000,14304
20051227,0000,10385
20051228,0000,26074
20051229,0000,19761
20051230,0000,16216
20051231,0000,127617
20060101,0000,38651
20060102,0000,35430
20060103,0000,23759
20060104,0000,17272
20060105,0000,14426
20060106,0000,12682
20060107,0000,11327
20060108,0000,10425
20060109,0000,8891
20060110,0000,8482
20060111,0000,7942
20060112,0000,8521
20060113,0000,6792
20060114,0000,7925
20060115,0000,9525
20060116,0000,7927
20060117,0000,7315
20060118,0000,9273
20060119,0000,9304
20060120,0000,8143
20060121,0000,6711
20060122,0000,6075
20060123,0000,6465
20060124,0000,6691
20060125,0000,6258
20060126,0000,4966
20060127,0000,6065
20060128,0000,5158
20060129,0000,6136
20060130,0000,6994
20060131,0000,9689
20060201,0000,8009
20060202,0000,16542
20060203,0000,14949
20060204,0000,12727
20060205,0000,11372
20060206,0000,10770
20060207,0000,8287
20060208,0000,7323
20060209,0000,7385
20060210,0000,7260
20060211,0000,7129
20060212,0000,6869
20060213,0000,6354
20060214,0000,6625
20060215,0000,6144
20060216,0000,6689
20060217,0000,5709
20060218,0000,5515
20060219,0000,5549
20060220,0000,5509
20060221,0000,5363
20060222,0000,5087
20060223,0000,5074
20060224,0000,5288
20060225,0000,5216
20060226,0000,6275
20060227,0000,10185
20060228,0000,30954
20060301,0000,16306
20060302,0000,14075
20060303,0000,15278
20060304,0000,13188
20060305,0000,10793
20060306,0000,14532
20060307,0000,14485
20060308,0000,12407
20060309,0000,11421
20060310,0000,9916
20060311,0000,9050
20060312,0000,8808
20060313,0000,8704
20060314,0000,10541
20060315,0000,9772
20060316,0000,8771
20060317,0000,9768
20060318,0000,9478
20060319,0000,8395
20060320,0000,8362
20060321,0000,7609
20060322,0000,8121
20060323,0000,7406
20060324,0000,7420
20060325,0000,16606
20060326,0000,14838
20060327,0000,12138
20060328,0000,13054
20060329,0000,12992
20060330,0000,m
20060331,0000,13454
20060401,0000,15923
20060402,0000,12871
20060403,0000,31335
20060404,0000,52725
20060405,0000,38754
20060406,0000,23424
20060407,0000,19007
20060408,0000,18528
20060409,0000,15904
20060410,0000,16530
20060411,0000,17511
20060412,0000,18678
20060413,0000,18013
20060414,0000,16943
20060415,0000,18676
20060416,0000,23405
20060417,0000,21881
20060418,0000,17505
20060419,0000,15473
20060420,0000,15028
20060421,0000,14961
20060422,0000,15656
20060423,0000,14918
20060424,0000,14424
20060425,0000,14721
20060426,0000,14899
20060427,0000,16300
20060428,0000,17420
20060429,0000,19463
20060430,0000,19461
20060501,0000,19118
20060502,0000,18415
20060503,0000,17452
20060504,0000,16142
20060505,0000,14976
20060506,0000,14321
20060507,0000,14423
20060508,0000,14223
20060509,0000,14758
20060510,0000,13909
20060511,0000,13489
20060512,0000,14444
20060513,0000,14111
20060514,0000,14151
20060515,0000,13763
20060516,0000,14511
20060517,0000,14902
20060518,0000,14558
20060519,0000,15835
20060520,0000,14667
20060521,0000,13766
20060522,0000,13480
20060523,0000,11321
20060524,0000,10175
20060525,0000,10338
20060526,0000,10083
20060527,0000,9519
20060528,0000,8614
20060529,0000,7926
20060530,0000,8039
20060531,0000,7682
20060601,0000,7730
20060602,0000,8273
20060603,0000,7568
20060604,0000,7618
20060605,0000,8571
20060606,0000,8183
20060607,0000,8367
20060608,0000,7965
20060609,0000,7507
20060610,0000,7039
20060611,0000,7055
20060612,0000,6209
20060613,0000,6183
20060614,0000,5559
20060615,0000,5226
20060616,0000,5356
20060617,0000,5270
20060618,0000,5147
20060619,0000,5519
20060620,0000,5361
20060621,0000,4835
20060622,0000,4650
20060623,0000,4667
20060624,0000,4671
20060625,0000,4355
20060626,0000,4436
20060627,0000,3798
20060628,0000,3737
20060629,0000,3643
20060630,0000,3163
20060701,0000,3202
20060702,0000,2997
20060703,0000,3315
20060704,0000,3164
20060705,0000,2890
20060706,0000,3374
20060707,0000,2728
20060708,0000,2630
20060709,0000,2980
20060710,0000,2612
20060711,0000,2678
20060712,0000,2271
20060713,0000,2783
20060714,0000,3105
20060715,0000,2164
20060716,0000,2341
20060717,0000,2820
20060718,0000,2452
20060719,0000,2165
20060720,0000,2474
20060721,0000,3113
20060722,0000,3313
20060723,0000,2845
20060724,0000,2487
20060725,0000,2931
20060726,0000,2416
20060727,0000,2419
20060728,0000,1838
20060729,0000,2033
20060730,0000,1956
20060731,0000,1833
20060801,0000,2019
20060802,0000,2618
20060803,0000,2367
20060804,0000,2153
20060805,0000,1911
20060806,0000,2072
20060807,0000,2004
20060808,0000,2434
20060809,0000,2148
20060810,0000,2995
20060811,0000,2162
20060812,0000,2561
20060813,0000,1978
20060814,0000,1760
20060815,0000,2343
20060816,0000,2345
20060817,0000,2308
20060818,0000,2602
20060819,0000,2231
20060820,0000,2138
20060821,0000,2454
20060822,0000,2254
20060823,0000,2378
20060824,0000,2170
20060825,0000,2158
20060826,0000,2288
20060827,0000,2399
20060828,0000,2619
20060829,0000,1937
20060830,0000,1792
20060831,0000,2025
20060901,0000,2094
20060902,0000,2142
20060903,0000,1815
20060904,0000,1543
20060905,0000,1832
20060906,0000,1897
20060907,0000,1756
20060908,0000,1487
20060909,0000,1108
20060910,0000,1261
20060911,0000,1228
20060912,0000,1265
20060913,0000,1840
20060914,0000,1171
20060915,0000,969
20060916,0000,1181
20060917,0000,571
20060918,0000,986
20060919,0000,1664
20060920,0000,1246
20060921,0000,1547
20060922,0000,1495
20060923,0000,1574
20060924,0000,1566
20060925,0000,1567
20060926,0000,1397
20060927,0000,1578
20060928,0000,1213
20060929,0000,1109
20060930,0000,1873
20061001,0000,1288
20061002,0000,1640
20061003,0000,1219
20061004,0000,742
20061005,0000,917
20061006,0000,757
20061007,0000,1266
20061008,0000,1305
20061009,0000,1281
20061010,0000,939
20061011,0000,736
20061012,0000,1031
20061013,0000,1236
20061014,0000,623
20061015,0000,1170
20061016,0000,446
20061017,0000,894
20061018,0000,762
20061019,0000,408
20061020,0000,898
20061021,0000,866
20061022,0000,409
20061023,0000,899
20061024,0000,714
20061025,0000,507
20061026,0000,732
20061027,0000,430
20061028,0000,888
20061029,0000,581
20061030,0000,414
20061031,0000,352
20061101,0000,367
20061102,0000,1322
20061103,0000,1034
20061104,0000,939
20061105,0000,1313
20061106,0000,1160
20061107,0000,1407
20061108,0000,1289
20061109,0000,1060
20061110,0000,1330
20061111,0000,1690
20061112,0000,1288
20061113,0000,1286
20061114,0000,2162
20061115,0000,2240
20061116,0000,1827
20061117,0000,1967
20061118,0000,1798
20061119,0000,1517
20061120,0000,1342
20061121,0000,1760
20061122,0000,1426
20061123,0000,1487
20061124,0000,1307
20061125,0000,1493
20061126,0000,1390
20061127,0000,1398
20061128,0000,1564
20061129,0000,1652
20061130,0000,1577
20061201,0000,1616
20061202,0000,2008
20061203,0000,1450
20061204,0000,1428
20061205,0000,1363
20061206,0000,1374
20061207,0000,1423
20061208,0000,1292
20061209,0000,2052
20061210,0000,2161
20061211,0000,1831
20061212,0000,2112
20061213,0000,2992
20061214,0000,3661
20061215,0000,3443
20061216,0000,3547
20061217,0000,2230
20061218,0000,1810
20061219,0000,5392
20061220,0000,1710
20061221,0000,2092
20061222,0000,2799
20061223,0000,2458
20061224,0000,2157
20061225,0000,1796
20061226,0000,2184
20061227,0000,3072
20061228,0000,2583
20061229,0000,2117
20061230,0000,1950
20061231,0000,1799
20070101,0000,1574
20070102,0000,1917
20070103,0000,1747
20070104,0000,4500
20070105,0000,4732
20070106,0000,3042
20070107,0000,2440
20070108,0000,2011
20070109,0000,1851
20070110,0000,2010
20070111,0000,m

