Title: "FOL.csv"

4927,PST,'RESERVOIR STORAGE (af)'
19551001,0000,160262
19551101,0000,172633
19551201,0000,520807
19560101,0000,477361
19560201,0000,495074
19560301,0000,481688
19560401,0000,654585
19560501,0000,1009200
19560601,0000,1018400
19560701,0000,865000
19560801,0000,650300
19560901,0000,533400
19561001,0000,502300
19561101,0000,438300
19561201,0000,409500
19570101,0000,414700
19570201,0000,618900
19570301,0000,646600
19570401,0000,751600
19570501,0000,987500
19570601,0000,1004100
19570701,0000,858900
19570801,0000,670900
19570901,0000,534600
19571001,0000,463700
19571101,0000,389700
19571201,0000,436200
19580101,0000,495200
19580201,0000,610400
19580301,0000,659900
19580401,0000,621700
19580501,0000,983800
19580601,0000,1013300
19580701,0000,903900
19580801,0000,711500
19580901,0000,550100
19581001,0000,480800
19581101,0000,434400
19581201,0000,378300
19590101,0000,476200
19590201,0000,547700
19590301,0000,562200
19590401,0000,765400
19590501,0000,891700
19590601,0000,828700
19590701,0000,581300
19590801,0000,374200
19590901,0000,311800
19591001,0000,293400
19591101,0000,273100
19591201,0000,264000
19600101,0000,301600
19600201,0000,505300
19600301,0000,702200
19600401,0000,863800
19600501,0000,1012400
19600601,0000,939300
19600701,0000,738800
19600801,0000,591500
19600901,0000,518400
19601001,0000,502200
19601101,0000,490400
19601201,0000,432300
19610101,0000,339300
19610201,0000,416800
19610301,0000,530100
19610401,0000,701400
19610501,0000,895800
19610601,0000,870700
19610701,0000,642300
19610801,0000,447100
19610901,0000,389000
19611001,0000,363100
19611101,0000,359900
19611201,0000,398700
19620101,0000,444200
19620201,0000,626600
19620301,0000,454000
19620401,0000,646200
19620501,0000,845600
19620601,0000,948200
19620701,0000,783900
19620801,0000,592400
19620901,0000,454200
19621001,0000,591100
19621101,0000,473500
19621201,0000,493900
19630101,0000,612100
19630201,0000,626300
19630301,0000,637900
19630401,0000,759100
19630501,0000,980900
19630601,0000,1002400
19630701,0000,834200
19630801,0000,628000
19630901,0000,466400
19631001,0000,436600
19631101,0000,477500
19631201,0000,414200
19640101,0000,505100
19640201,0000,507800
19640301,0000,514400
19640401,0000,683100
19640501,0000,920300
19640601,0000,975800
19640701,0000,824500
19640801,0000,671200
19640901,0000,536400
19641001,0000,470500
19641101,0000,505700
19641201,0000,629400
19650101,0000,580200
19650201,0000,553700
19650301,0000,533400
19650401,0000,839200
19650501,0000,878500
19650601,0000,1012800
19650701,0000,942900
19650801,0000,801700
19650901,0000,671400
19651001,0000,607600
19651101,0000,584300
19651201,0000,554600
19660101,0000,589000
19660201,0000,621900
19660301,0000,647700
19660401,0000,807300
19660501,0000,909100
19660601,0000,870600
19660701,0000,782100
19660801,0000,676300
19660901,0000,652700
19661001,0000,648000
19661101,0000,601600
19661201,0000,562000
19670101,0000,620200
19670201,0000,569800
19670301,0000,629600
19670401,0000,661200
19670501,0000,905300
19670601,0000,998300
19670701,0000,970500
19670801,0000,894100
19670901,0000,798600
19671001,0000,734100
19671101,0000,660000
19671201,0000,554100
19680101,0000,596400
19680201,0000,724500
19680301,0000,651900
19680401,0000,684300
19680501,0000,772400
19680601,0000,696800
19680701,0000,555500
19680801,0000,546600
19680901,0000,551400
19681001,0000,577400
19681101,0000,596700
19681201,0000,601200
19690101,0000,566400
19690201,0000,598800
19690301,0000,453900
19690401,0000,581000
19690501,0000,743400
19690601,0000,861700
19690701,0000,893000
19690801,0000,878100
19690901,0000,813600
19691001,0000,664000
19691101,0000,581000
19691201,0000,625200
19700101,0000,607500
19700201,0000,620200
19700301,0000,614000
19700401,0000,703700
19700501,0000,834800
19700601,0000,900600
19700701,0000,770900
19700801,0000,680900
19700901,0000,549200
19701001,0000,529200
19701101,0000,592700
19701201,0000,558200
19710101,0000,520600
19710201,0000,568500
19710301,0000,794500
19710401,0000,818900
19710501,0000,926400
19710601,0000,985300
19710701,0000,869100
19710801,0000,785900
19710901,0000,685500
19711001,0000,616900
19711101,0000,569300
19711201,0000,599800
19720101,0000,598500
19720201,0000,613900
19720301,0000,723400
19720401,0000,865100
19720501,0000,983000
19720601,0000,949700
19720701,0000,841800
19720801,0000,750100
19720901,0000,658700
19721001,0000,607100
19721101,0000,589500
19721201,0000,631100
19730101,0000,594600
19730201,0000,605900
19730301,0000,642400
19730401,0000,790600
19730501,0000,989800
19730601,0000,926000
19730701,0000,809900
19730801,0000,769100
19730901,0000,742200
19731001,0000,668300
19731101,0000,608200
19731201,0000,680800
19740101,0000,611400
19740201,0000,619300
19740301,0000,751100
19740401,0000,775500
19740501,0000,926300
19740601,0000,950200
19740701,0000,934900
19740801,0000,867800
19740901,0000,772800
19741001,0000,683700
19741101,0000,642500
19741201,0000,597800
19750101,0000,630500
19750201,0000,612100
19750301,0000,707800
19750401,0000,690400
19750501,0000,869600
19750601,0000,941800
19750701,0000,854600
19750801,0000,791500
19750901,0000,773000
19751001,0000,704200
19751101,0000,630200
19751201,0000,572200
19760101,0000,539200
19760201,0000,581800
19760301,0000,633500
19760401,0000,636000
19760501,0000,633800
19760601,0000,582100
19760701,0000,520300
19760801,0000,451400
19760901,0000,416400
19761001,0000,417300
19761101,0000,393700
19761201,0000,317000
19770101,0000,292000
19770201,0000,271500
19770301,0000,285300
19770401,0000,297900
19770501,0000,303900
19770601,0000,252500
19770701,0000,200100
19770801,0000,163600
19770901,0000,147000
19771001,0000,146300
19771101,0000,147000
19771201,0000,258800
19780101,0000,602500
19780201,0000,646700
19780301,0000,618200
19780401,0000,844300
19780501,0000,886600
19780601,0000,927400
19780701,0000,871100
19780801,0000,810000
19780901,0000,700100
19781001,0000,627600
19781101,0000,638500
19781201,0000,641100
19790101,0000,679700
19790201,0000,706500
19790301,0000,832100
19790401,0000,958700
19790501,0000,973200
19790601,0000,908800
19790701,0000,851800
19790801,0000,792400
19790901,0000,710400
19791001,0000,661900
19791101,0000,612700
19791201,0000,621400
19800101,0000,622500
19800201,0000,667300
19800301,0000,677200
19800401,0000,723600
19800501,0000,841200
19800601,0000,845000
19800701,0000,723900
19800801,0000,694100
19800901,0000,669800
19801001,0000,628200
19801101,0000,635100
19801201,0000,628600
19810101,0000,658300
19810201,0000,709000
19810301,0000,851400
19810401,0000,941900
19810501,0000,881100
19810601,0000,726100
19810701,0000,658300
19810801,0000,617100
19810901,0000,600000
19811001,0000,557400
19811101,0000,625500
19811201,0000,683300
19820101,0000,622900
19820201,0000,650600
19820301,0000,815700
19820401,0000,837100
19820501,0000,997900
19820601,0000,955700
19820701,0000,933200
19820801,0000,839900
19820901,0000,756100
19821001,0000,731200
19821101,0000,675000
19821201,0000,635900
19830101,0000,636900
19830201,0000,655000
19830301,0000,651600
19830401,0000,765700
19830501,0000,821500
19830601,0000,989000
19830701,0000,944700
19830801,0000,841300
19830901,0000,751800
19831001,0000,685500
19831101,0000,625200
19831201,0000,677200
19840101,0000,633500
19840201,0000,682900
19840301,0000,773400
19840401,0000,900600
19840501,0000,986900
19840601,0000,930700
19840701,0000,704700
19840801,0000,685500
19840901,0000,681000
19841001,0000,625600
19841101,0000,633100
19841201,0000,599700
19850101,0000,592200
19850201,0000,633100
19850301,0000,738600
19850401,0000,891700
19850501,0000,879800
19850601,0000,776500
19850701,0000,668700
19850801,0000,606100
19850901,0000,587400
19851001,0000,524100
19851101,0000,515800
19851201,0000,595600
19860101,0000,723100
19860201,0000,614300
19860301,0000,659900
19860401,0000,708400
19860501,0000,909600
19860601,0000,972200
19860701,0000,779900
19860801,0000,679500
19860901,0000,653200
19861001,0000,558500
19861101,0000,507800
19861201,0000,465600
19870101,0000,456100
19870201,0000,545800
19870301,0000,661500
19870401,0000,717100
19870501,0000,736000
19870601,0000,706200
19870701,0000,597300
19870801,0000,517300
19870901,0000,429700
19871001,0000,310400
19871101,0000,261400
19871201,0000,300800
19880101,0000,400500
19880201,0000,446900
19880301,0000,478400
19880401,0000,504300
19880501,0000,485300
19880601,0000,434200
19880701,0000,294700
19880801,0000,242600
19880901,0000,218200
19881001,0000,175600
19881101,0000,198600
19881201,0000,246500
19890101,0000,309500
19890201,0000,397500
19890301,0000,748300
19890401,0000,947500
19890501,0000,944200
19890601,0000,866700
19890701,0000,682300
19890801,0000,598000
19890901,0000,570500
19891001,0000,440600
19891101,0000,341500
19891201,0000,312300
19900101,0000,339700
19900201,0000,378200
19900301,0000,502700
19900401,0000,525200
19900501,0000,566800
19900601,0000,524700
19900701,0000,249000
19900801,0000,191400
19900901,0000,178200
19901001,0000,167965
19901101,0000,172900
19901201,0000,157095
19910101,0000,154955
19910201,0000,167072
19910301,0000,421546
19910401,0000,595910
19910501,0000,742608
19910601,0000,727588
19910701,0000,617375
19910801,0000,528246
19910901,0000,506061
19911001,0000,418871
19911101,0000,407383
19911201,0000,352219
19920101,0000,349300
19920201,0000,501556
19920301,0000,606505
19920401,0000,696087
19920501,0000,656636
19920601,0000,466991
19920701,0000,299171
19920801,0000,192782
19920901,0000,171626
19921001,0000,158000
19921101,0000,157200
19921201,0000,259900
19930101,0000,477700
19930201,0000,504500
19930301,0000,622800
19930401,0000,861400
19930501,0000,953000
19930601,0000,927400
19930701,0000,732800
19930801,0000,614200
19930901,0000,562900
19931001,0000,467526
19931101,0000,429596
19931201,0000,393131
19940101,0000,355148
19940201,0000,377444
19940301,0000,409462
19940401,0000,445594
19940501,0000,471949
19940601,0000,414100
19940701,0000,318576
19940801,0000,249401
19940901,0000,216896
19941001,0000,204796
19941101,0000,189523
19941201,0000,252277
19950101,0000,559076
19950201,0000,574195
19950301,0000,584662
19950401,0000,756744
19950501,0000,743895
19950601,0000,953056
19950701,0000,604576
19950801,0000,574454
19950901,0000,466149
19951001,0000,386400
19951101,0000,307000
19951201,0000,317700
19960101,0000,504000
19960201,0000,361900
19960301,0000,626900
19960401,0000,781700
19960501,0000,936300
19960601,0000,902900
19960701,0000,836500
19960801,0000,762800
19960901,0000,726300
19961001,0000,635400
19961101,0000,564900
19961201,0000,496900
19970101,0000,376200
19970201,0000,403900
19970301,0000,469700
19970401,0000,553000
19970501,0000,623400
19970601,0000,614800
19970701,0000,566100
19970801,0000,545900
19970901,0000,556100
19971001,0000,490952
19971101,0000,433278
19971201,0000,421185
19980101,0000,542030
19980201,0000,558821
19980301,0000,680299
19980401,0000,760124
19980501,0000,752089
19980601,0000,908659
19980701,0000,926916
19980801,0000,833931
19980901,0000,712911
19981001,0000,613800
19981101,0000,555300
19981201,0000,563000
19990101,0000,533200
19990201,0000,495600
19990301,0000,615400
19990401,0000,755600
19990501,0000,910300
19990601,0000,934800
19990701,0000,787300
19990801,0000,752500
19990901,0000,721600
19991001,0000,634800
19991101,0000,580100
19991201,0000,530200
20000101,0000,568000
20000201,0000,599000
20000301,0000,674300
20000401,0000,697300
20000501,0000,775700
20000601,0000,772907
20000701,0000,659600
20000801,0000,655900
20000901,0000,660700
20001001,0000,579500
20001101,0000,560900
20001201,0000,532900
20010101,0000,491800
20010201,0000,524600
20010301,0000,602195
20010401,0000,667500
20010501,0000,695800
20010601,0000,586100
20010701,0000,488900
20010801,0000,430500
20010901,0000,367600
20011001,0000,287404
20011101,0000,261932
20011201,0000,337281
20020101,0000,481044
20020201,0000,602372
20020301,0000,720553
20020401,0000,759131
20020501,0000,822211
20020601,0000,766500
20020701,0000,610358
20020801,0000,546701
20020901,0000,509754
20021001,0000,456772
20021101,0000,446483
20021201,0000,537546
20030101,0000,601048
20030201,0000,531361
20030301,0000,619747
20030401,0000,830606
20030501,0000,962364
20030601,0000,923969
20030701,0000,800125
20030801,0000,699947
20030901,0000,658100
20031001,0000,561872
20031101,0000,498994
20031201,0000,532500
20040101,0000,554000
20040201,0000,617300
20040301,0000,706553
20040401,0000,630205
20040501,0000,634746
20040601,0000,565029
20040701,0000,430309
20040801,0000,390008
20040901,0000,376439
20041001,0000,355407
20041101,0000,326481
20041201,0000,391157
20050101,0000,583360
20050201,0000,609202
20050301,0000,673908
20050401,0000,830086
20050501,0000,959148
20050601,0000,932812
20050701,0000,847402
20050801,0000,743110
20050901,0000,652327
20051001,0000,566821
20051101,0000,516683
20051201,0000,648549
20060101,0000,425054
20060201,0000,445373
20060301,0000,710214
20060401,0000,766500
20060501,0000,927571
20060601,0000,919072
20060701,0000,819628
20060801,0000,733596
20060901,0000,638842
20061001,0000,537961
20061101,0000,487700
20061201,0000,481588
20070101,0000,m

