Date,PST,Inflow
19940101,0000,1014
19940102,0000,3687
19940103,0000,1465
19940104,0000,1605
19940105,0000,2535
19940106,0000,1763
19940107,0000,1473
19940108,0000,1289
19940109,0000,1633
19940110,0000,514
19940111,0000,1546
19940112,0000,1127
19940113,0000,1809
19940114,0000,1196
19940115,0000,1144
19940116,0000,1153
19940117,0000,734
19940118,0000,1047
19940119,0000,1138
19940120,0000,m
19940121,0000,1454
19940122,0000,1709
19940123,0000,1945
19940124,0000,4224
19940125,0000,2890
19940126,0000,2943
19940127,0000,1425
19940128,0000,1723
19940129,0000,1544
19940130,0000,1493
19940131,0000,1599
19941001,0000,1981
19941002,0000,2541
19941003,0000,993
19941005,0000,1693
19941006,0000,1935
19941007,0000,309
19941008,0000,2684
19941009,0000,2416
19941010,0000,1849
19941011,0000,1031
19941012,0000,2009
19941013,0000,1895
19941014,0000,2008
19941015,0000,1380
19941016,0000,1604
19941017,0000,1764
19941019,0000,1098
19941020,0000,2130
19941021,0000,1427
19941022,0000,1850
19941023,0000,1045
19941024,0000,1288
19941025,0000,1070
19941026,0000,2242
19941027,0000,594
19941031,0000,1384
19941101,0000,955
19941102,0000,940
19941103,0000,304
19941104,0000,616
19941105,0000,2146
19941106,0000,1732
19941107,0000,1439
19941108,0000,1566
19941109,0000,1810
19941110,0000,2733
19941111,0000,1626
19941112,0000,1723
19941113,0000,1696
19941114,0000,1848
19941115,0000,2021
19941116,0000,2344
19941117,0000,1962
19941118,0000,2194
19941119,0000,2196
19941120,0000,1231
19941121,0000,2046
19941122,0000,2287
19941123,0000,1919
19941124,0000,1227
19941125,0000,1402
19941126,0000,1502
19941127,0000,1567
19941128,0000,4114
19941129,0000,1641
19941130,0000,1056
19941201,0000,1056
19941202,0000,1960
19941203,0000,6662
19941204,0000,13103
19941205,0000,6244
19941206,0000,4213
19941207,0000,3503
19941208,0000,3242
19941209,0000,2131
19941210,0000,3178
19941211,0000,1851
19941212,0000,2959
19941213,0000,3046
19941214,0000,3156
19941215,0000,3502
19941216,0000,1998
19941217,0000,2908
19941218,0000,2023
19941219,0000,2764
19941220,0000,2701
19941221,0000,2669
19941222,0000,2474
19941223,0000,m
19941224,0000,m
19941225,0000,m
19941226,0000,1475
19941227,0000,2897
19941228,0000,2479
19941229,0000,2817
19941230,0000,2330
19941231,0000,4227
19950101,0000,7787
19950102,0000,1596
19950103,0000,1245
19950104,0000,1991
19950105,0000,2351
19950106,0000,m
19950107,0000,m
19950108,0000,20320
19950109,0000,52905
19950110,0000,72376
19950111,0000,41682
19950112,0000,31026
19950113,0000,69698
19950114,0000,93045
19950115,0000,46567
19950116,0000,28798
19950117,0000,19120
19950118,0000,13893
19950119,0000,11569
19950120,0000,m
19950121,0000,m
19950122,0000,9679
19950123,0000,11700
19950124,0000,12704
19950125,0000,11805
19950126,0000,12251
19950127,0000,m
19950128,0000,m
19950129,0000,11398
19950130,0000,12069
19950131,0000,15417
19950201,0000,20752
19950202,0000,41870
19950203,0000,m
19950204,0000,m
19950205,0000,13710
19950206,0000,13168
19950207,0000,m
19950208,0000,12129
19950209,0000,10372
19950210,0000,m
19950211,0000,m
19950212,0000,m
19950213,0000,9499
19950214,0000,8708
19950215,0000,7100
19950216,0000,7554
19950217,0000,m
19950218,0000,m
19950219,0000,m
19950220,0000,7531
19950221,0000,7383
19950222,0000,7641
19950223,0000,7220
19950224,0000,m
19950225,0000,m
19950226,0000,7120
19950227,0000,7934
19950228,0000,7784
19950301,0000,7868
19950302,0000,10328
19950303,0000,m
19950304,0000,m
19950305,0000,13042
19950306,0000,10987
19950307,0000,9028
19950308,0000,10489
19950309,0000,78642
19950310,0000,m
19950311,0000,100155
19950312,0000,62819
19950313,0000,55124
19950314,0000,53823
19950315,0000,49949
19950316,0000,36349
19950317,0000,28990
19950318,0000,31508
19950319,0000,27930
19950320,0000,40747
19950321,0000,38984
19950322,0000,41347
19950323,0000,32496
19950324,0000,26222
19950325,0000,23786
19950326,0000,21596
19950327,0000,19100
19950328,0000,17699
19950329,0000,17015
19950330,0000,16338
19950331,0000,16816
19950401,0000,17442
19950402,0000,16766
19950403,0000,17335
19950404,0000,16740
19950405,0000,17317
19950406,0000,21470
19950407,0000,m
19950408,0000,m
19950409,0000,m
19950410,0000,22920
19950411,0000,m
19950412,0000,20236
19950413,0000,25729
19950414,0000,m
19950415,0000,m
19950416,0000,18924
19950417,0000,16857
19950418,0000,16380
19950419,0000,15109
19950420,0000,14722
19950421,0000,14088
19950422,0000,13555
19950423,0000,13247
19950424,0000,13447
19950425,0000,14046
19950426,0000,14978
19950427,0000,15949
19950428,0000,m
19950429,0000,m
19950430,0000,m
19950501,0000,88039
19950502,0000,65717
19950503,0000,47579
19950504,0000,38385
19950505,0000,m
19950506,0000,m
19950507,0000,27233
19950508,0000,24130
19950509,0000,21610
19950510,0000,20359
19950511,0000,20271
19950512,0000,m
19950513,0000,m
19950514,0000,19044
19950515,0000,19440
19950516,0000,18762
19950517,0000,17809
19950518,0000,18724
19950519,0000,m
19950520,0000,m
19950521,0000,18812
19950522,0000,18998
19950523,0000,18790
19950524,0000,18089
19950525,0000,17759
19950526,0000,m
19950527,0000,m
19950528,0000,m
19950529,0000,18097
19950530,0000,17605
19950531,0000,17569
19950601,0000,17739
19950602,0000,m
19950603,0000,m
19950604,0000,11804
19950605,0000,16740
19950606,0000,14713
19950607,0000,12568
19950608,0000,12369
19950609,0000,m
19950610,0000,m
19950611,0000,11743
19950612,0000,12349
19950613,0000,11286
19950614,0000,13672
19950615,0000,19165
19950616,0000,m
19950617,0000,m
19950618,0000,m
19950619,0000,14349
19950620,0000,12045
19950621,0000,11758
19950622,0000,11569
19950623,0000,m
19950624,0000,m
19950625,0000,11302
19950626,0000,11738
19950627,0000,10986
19950628,0000,10860
19950629,0000,9422
19950630,0000,m
19950701,0000,m
19950702,0000,m
19950703,0000,6662
19950704,0000,7261
19950705,0000,6049
19950706,0000,6415
19950707,0000,m
19950708,0000,m
19950709,0000,5177
19950710,0000,5519
19950711,0000,4924
19950712,0000,5724
19950713,0000,5120
19950714,0000,m
19950715,0000,m
19950716,0000,5414
19950717,0000,4258
19950718,0000,4961
19950719,0000,5458
19950720,0000,5006
19950721,0000,m
19950722,0000,m
19950723,0000,4799
19950724,0000,4448
19950725,0000,4339
19950726,0000,1949
19950727,0000,4491
19950728,0000,m
19950729,0000,m
19950730,0000,4761
19950731,0000,4188
19950801,0000,4722
19950802,0000,4018
19950803,0000,3752
19950804,0000,3950
19950805,0000,4081
19950806,0000,3964
19950807,0000,4174
19950808,0000,2373
19950809,0000,m
19950810,0000,3534
19950811,0000,m
19950812,0000,3985
19950813,0000,3506
19950814,0000,3610
19950815,0000,4070
19950816,0000,3664
19950817,0000,1556
19950818,0000,m
19950819,0000,m
19950820,0000,m
19950821,0000,2683
19950822,0000,3485
19950823,0000,3226
19950824,0000,3356
19950825,0000,m
19950826,0000,m
19950827,0000,2688
19950828,0000,3286
19950829,0000,2465
19950830,0000,2828
19950831,0000,2255
19950901,0000,m
19950902,0000,m
19950903,0000,m
19950904,0000,4240
19950905,0000,2464
19950906,0000,2555
19950907,0000,2947
19950908,0000,m
19950909,0000,m
19950910,0000,4241
19950911,0000,2748
19950912,0000,2737
19950913,0000,2699
19950914,0000,3397
19950915,0000,m
19950916,0000,m
19950917,0000,3255
19950918,0000,2854
19950919,0000,2707
19950920,0000,2351
19950921,0000,3453
19950922,0000,m
19950923,0000,m
19950924,0000,2988
19950925,0000,3039
19950926,0000,1250
19950927,0000,2184
19950928,0000,m
19950929,0000,m
19950930,0000,m
19951001,0000,2244
19951002,0000,2129
19951003,0000,1950
19951004,0000,2247
19951005,0000,2180
19951006,0000,2583
19951007,0000,3970
19951008,0000,3295
19951009,0000,1226
19951010,0000,595
19951011,0000,1737
19951012,0000,1064
19951013,0000,1196
19951014,0000,768
19951015,0000,1321
19951016,0000,1634
19951017,0000,3479
19951018,0000,3419
19951019,0000,3397
19951020,0000,2980
19951021,0000,m
19951022,0000,2980
19951023,0000,3368
19951024,0000,3332
19951025,0000,2427
19951026,0000,4086
19951027,0000,m
19951028,0000,m
19951029,0000,3601
19951030,0000,2806
19951031,0000,2713
19951101,0000,3299
19951102,0000,2828
19951103,0000,m
19951104,0000,m
19951105,0000,3115
19951106,0000,3368
19951107,0000,3313
19951108,0000,3176
19951109,0000,m
19951110,0000,m
19951111,0000,m
19951112,0000,2564
19951113,0000,2505
19951114,0000,1810
19951115,0000,1345
19951116,0000,2527
19951117,0000,m
19951118,0000,m
19951119,0000,2282
19951120,0000,1299
19951121,0000,2934
19951122,0000,m
19951123,0000,m
19951124,0000,m
19951125,0000,m
19951126,0000,1891
19951127,0000,2613
19951128,0000,3001
19951129,0000,2332
19951130,0000,1611
19951201,0000,m
19951202,0000,m
19951203,0000,m
19951204,0000,2674
19951205,0000,2154
19951206,0000,1963
19951207,0000,2259
19951208,0000,m
19951209,0000,m
19951210,0000,2669
19951211,0000,5677
19951212,0000,33426
19951213,0000,10970
19951214,0000,6510
19951215,0000,m
19951216,0000,m
19951217,0000,55
19951218,0000,4490
19951219,0000,3234
19951220,0000,4750
19951221,0000,3347
19951222,0000,m
19951223,0000,m
19951224,0000,m
19951225,0000,2795
19951226,0000,2492
19951227,0000,3097
19951228,0000,3124
19951229,0000,m
19951230,0000,m
19951231,0000,m
19960101,0000,3661
19960102,0000,3661
19960103,0000,4248
19960104,0000,3998
19960105,0000,3502
19960106,0000,m
19960107,0000,3945
19960108,0000,2972
19960109,0000,2561
19960110,0000,3274
19960111,0000,3028
19960112,0000,m
19960113,0000,m
19960114,0000,m
19960115,0000,3153
19960116,0000,11567
19960117,0000,m
19960118,0000,8986
19960119,0000,m
19960120,0000,m
19960121,0000,7800
19960122,0000,6329
19960123,0000,900
19960124,0000,9655
19960125,0000,12263
19960126,0000,m
19960127,0000,m
19960128,0000,11525
19960129,0000,8556
19960130,0000,8395
19960131,0000,8525
19960201,0000,7284
19960204,0000,36704
19960205,0000,51311
19960206,0000,25045
19960207,0000,22063
19960208,0000,16274
19960212,0000,1168
19960213,0000,10125
19960214,0000,9999
19960215,0000,9568
19960219,0000,37804
19960220,0000,43321
19960221,0000,54050
19960222,0000,34649
19960226,0000,15918
19960227,0000,14222
19960228,0000,13670
19960229,0000,10999
19960303,0000,9217
19960304,0000,14456
19960305,0000,17423
19960306,0000,14077
19960307,0000,12900
19960310,0000,11626
19960311,0000,15027
19960312,0000,18605
19960313,0000,16968
19960314,0000,14753
19960317,0000,13935
19960318,0000,14639
19960319,0000,14148
19960320,0000,14071
19960321,0000,13875
19960324,0000,11593
19960325,0000,11324
19960326,0000,11027
19960327,0000,10576
19960328,0000,14040
19960331,0000,11099
19960401,0000,19955
19960402,0000,20035
19960403,0000,17493
19960404,0000,16104
19960405,0000,m
19960406,0000,m
19960407,0000,13245
19960408,0000,14015
19960409,0000,13952
19960410,0000,14194
19960411,0000,13102
19960412,0000,m
19960413,0000,m
19960414,0000,11629
19960415,0000,11478
19960416,0000,14973
19960417,0000,16173
19960418,0000,15566
19960419,0000,m
19960420,0000,m
19960421,0000,12046
19960422,0000,12322
19960423,0000,11508
19960424,0000,13797
19960425,0000,13467
19960426,0000,m
19960427,0000,m
19960428,0000,11799
19960429,0000,11186
19960430,0000,10850
19960501,0000,11052
19960502,0000,11052
19960503,0000,10721
19960504,0000,m
19960505,0000,9793
19960506,0000,9793
19960507,0000,9018
19960508,0000,8448
19960509,0000,7147
19960510,0000,7695
19960511,0000,m
19960512,0000,8122
19960513,0000,8122
19960514,0000,8449
19960515,0000,10368
19960516,0000,24220
19960517,0000,24220
19960518,0000,m
19960519,0000,3189
19960520,0000,3189
19960521,0000,22429
19960522,0000,22728
19960523,0000,22772
19960524,0000,16857
19960525,0000,14397
19960526,0000,14397
19960527,0000,12643
19960528,0000,13120
19960529,0000,10787
19960530,0000,10707
19960531,0000,m
19960601,0000,m
19960602,0000,m
19960603,0000,9065
19960604,0000,8072
19960605,0000,7997
19960606,0000,6368
19960607,0000,m
19960608,0000,m
19960609,0000,6144
19960610,0000,5040
19960611,0000,6465
19960612,0000,5140
19960613,0000,5444
19960614,0000,m
19960615,0000,m
19960616,0000,491
19960617,0000,4080
19960618,0000,m
19960619,0000,4501
19960620,0000,5199
19960621,0000,m
19960622,0000,m
19960623,0000,4842
19960624,0000,m
19960625,0000,m
19960626,0000,m
19960627,0000,m
19960628,0000,m
19960629,0000,m
19960630,0000,m
19960701,0000,m
19960702,0000,m
19960703,0000,m
19960704,0000,m
19960705,0000,m
19960706,0000,3899
19960707,0000,4335
19960708,0000,3194
19960709,0000,3786
19960710,0000,3408
19960711,0000,3461
19960712,0000,m
19960713,0000,m
19960714,0000,4107
19960715,0000,3119
19960716,0000,2912
19960717,0000,3395
19960718,0000,3109
19960719,0000,3090
19960720,0000,3058
19960721,0000,3373
19960722,0000,2885
19960723,0000,3532
19960724,0000,2486
19960725,0000,3175
19960726,0000,m
19960727,0000,m
19960728,0000,3609
19960729,0000,3610
19960730,0000,3132
19960731,0000,3473
19960801,0000,2758
19960802,0000,m
19960803,0000,m
19960804,0000,3697
19960805,0000,2631
19960806,0000,2978
19960807,0000,3102
19960808,0000,3136
19960809,0000,3159
19960810,0000,3652
19960811,0000,2334
19960812,0000,3056
19960813,0000,3091
19960814,0000,3710
19960815,0000,2203
19960816,0000,m
19960817,0000,m
19960818,0000,2783
19960819,0000,1972
19960820,0000,2572
19960821,0000,3013
19960822,0000,2727
19960823,0000,2649
19960824,0000,3146
19960825,0000,2602
19960826,0000,2096
19960827,0000,2597
19960828,0000,2540
19960829,0000,2538
19960830,0000,m
19960831,0000,m
19960901,0000,m
19960902,0000,2536
19960903,0000,2760
19960904,0000,2002
19960905,0000,1686
19960906,0000,2314
19960907,0000,2905
19960908,0000,2583
19960909,0000,2577
19960910,0000,2198
19960911,0000,2666
19960912,0000,2684
19960913,0000,3017
19960914,0000,3062
19960915,0000,3292
19960916,0000,3137
19960917,0000,2363
19960918,0000,2798
19960919,0000,2540
19960920,0000,2147
19960921,0000,2757
19960922,0000,2091
19960923,0000,2837
19960924,0000,2694
19960925,0000,2020
19960926,0000,1474
19960927,0000,m
19960928,0000,m
19960929,0000,2488
19960930,0000,2397
19961001,0000,1768
19961002,0000,2213
19961003,0000,2904
19961004,0000,m
19961005,0000,m
19961006,0000,m
19961007,0000,m
19961008,0000,3061
19961009,0000,1922
19961010,0000,1692
19961011,0000,2491
19961012,0000,2808
19961013,0000,1777
19961014,0000,1819
19961015,0000,2204
19961016,0000,1953
19961017,0000,2727
19961018,0000,2216
19961019,0000,3270
19961020,0000,2092
19961021,0000,3010
19961022,0000,2416
19961023,0000,2982
19961024,0000,3376
19961025,0000,3049
19961026,0000,2454
19961027,0000,2935
19961028,0000,2768
19961029,0000,4091
19961030,0000,3188
19961031,0000,2565
19961101,0000,m
19961102,0000,m
19961103,0000,2872
19961104,0000,2472
19961105,0000,2355
19961106,0000,2932
19961107,0000,2886
19961108,0000,3153
19961109,0000,340
19961110,0000,2576
19961111,0000,2335
19961112,0000,2645
19961113,0000,2355
19961114,0000,2948
19961115,0000,2353
19961116,0000,3513
19961117,0000,4991
19961118,0000,9097
19961119,0000,10021
19961120,0000,9619
19961121,0000,5957
19961122,0000,7350
19961123,0000,6644
19961124,0000,3951
19961125,0000,4008
19961126,0000,3839
19961127,0000,3374
19961128,0000,3610
19961129,0000,3666
19961130,0000,3797
19961201,0000,4007
19961202,0000,2868
19961203,0000,3315
19961204,0000,3580
19961205,0000,18714
19961206,0000,10498
19961207,0000,8257
19961208,0000,8558
19961209,0000,18225
19961210,0000,43783
19961211,0000,34994
19961212,0000,30354
19961213,0000,24668
19961214,0000,16554
19961215,0000,12500
19961216,0000,10397
19961217,0000,8453
19961218,0000,6877
19961219,0000,6161
19961220,0000,-9999
19961221,0000,-9999
19961222,0000,7821
19961223,0000,8214
19961224,0000,5901
19961225,0000,6407
19961226,0000,15305
19961227,0000,28061
19961228,0000,30167
19961229,0000,43650
19961230,0000,85653
19961231,0000,169930
19970101,0000,274267
19970102,0000,182332
19970103,0000,100214
19970104,0000,70254
19970105,0000,41178
19970106,0000,30196
19970107,0000,25506
19970108,0000,23177
19970109,0000,20770
19970110,0000,19137
19970111,0000,16379
19970112,0000,15677
19970113,0000,13600
19970114,0000,13166
19970115,0000,13764
19970116,0000,12185
19970117,0000,-9999
19970118,0000,-9999
19970119,0000,-9999
19970120,0000,-9999
19970121,0000,13172
19970122,0000,26076
19970123,0000,21028
19970124,0000,15914
19970125,0000,36307
19970126,0000,59952
19970127,0000,40231
19970128,0000,36858
19970129,0000,31040
19970130,0000,26643
19970131,0000,23942
19970201,0000,22226
19970202,0000,21599
19970203,0000,20029
19970204,0000,18104
19970205,0000,17125
19970206,0000,15737
19970207,0000,15311
19970208,0000,13893
19970209,0000,22540
19970210,0000,12808
19970211,0000,12177
19970212,0000,11676
19970213,0000,11458
19970214,0000,11136
19970215,0000,11127
19970216,0000,10850
19970217,0000,11521
19970218,0000,11284
19970219,0000,11178
19970220,0000,10882
19970221,0000,10597
19970222,0000,10499
19970223,0000,10000
19970224,0000,9726
19970225,0000,9578
19970226,0000,9080
19970227,0000,8879
19970228,0000,7875
19970301,0000,m
19970302,0000,896
19970303,0000,7979
19970304,0000,8326
19970305,0000,7207
19970306,0000,7986
19970307,0000,696
19970308,0000,661
19970309,0000,6
19970310,0000,6105
19970311,0000,m
19970312,0000,634
19970313,0000,6564
19970314,0000,67
19970315,0000,606
19970316,0000,815
19970317,0000,9537
19970318,0000,8932
19970319,0000,8518
19970320,0000,8171
19970321,0000,8567
19970322,0000,9036
19970323,0000,9388
19970324,0000,9387
19970325,0000,9472
19970326,0000,8602
19970327,0000,9090
19970328,0000,9102
19970329,0000,8510
19970330,0000,7898
19970331,0000,7814
19970401,0000,6881
19970402,0000,6698
19970403,0000,6311
19970404,0000,615
19970405,0000,609
19970406,0000,5267
19970407,0000,5784
19970408,0000,4977
19970409,0000,5721
19970410,0000,5041
19970411,0000,525
19970412,0000,4955
19970413,0000,5283
19970414,0000,5109
19970415,0000,4934
19970416,0000,4967
19970417,0000,5426
19970418,0000,5975
19970419,0000,10147
19970420,0000,8894
19970421,0000,9846
19970422,0000,9669
19970423,0000,9646
19970424,0000,8344
19970425,0000,7630
19970426,0000,7150
19970427,0000,6313
19970428,0000,6466
19970429,0000,7003
19970430,0000,6047
19970501,0000,6201
19970502,0000,5879
19970503,0000,5404
19970504,0000,5317
19970505,0000,4723
19970506,0000,5376
19970507,0000,5285
19970508,0000,4907
19970509,0000,5320
19970510,0000,4879
19970511,0000,4353
19970512,0000,4288
19970513,0000,4511
19970514,0000,4404
19970515,0000,3965
19970516,0000,5030
19970517,0000,3591
19970518,0000,3836
19970519,0000,3904
19970520,0000,3680
19970521,0000,2242
19970522,0000,3134
19970523,0000,3414
19970524,0000,4214
19970525,0000,3152
19970526,0000,3230
19970527,0000,2631
19970528,0000,2775
19970529,0000,3015
19970530,0000,m
19970531,0000,m
19970601,0000,2433
19970602,0000,2826
19970603,0000,3704
19970604,0000,4287
19970605,0000,3705
19970606,0000,3450
19970607,0000,3003
19970608,0000,3218
19970609,0000,2060
19970610,0000,3730
19970611,0000,2651
19970612,0000,3047
19970613,0000,2863
19970614,0000,2396
19970615,0000,2952
19970616,0000,2997
19970617,0000,m
19970618,0000,2510
19970619,0000,2349
19970620,0000,2549
19970621,0000,2703
19970622,0000,2122
19970623,0000,1657
19970624,0000,2056
19970625,0000,2467
19970626,0000,2648
19970627,0000,1377
19970628,0000,2167
19970629,0000,1661
19970630,0000,2630
19970701,0000,1649
19970702,0000,1520
19970703,0000,2515
19970704,0000,3188
19970705,0000,1505
19970706,0000,2313
19970707,0000,2182
19970708,0000,1922
19970709,0000,2463
19970710,0000,1482
19970711,0000,1968
19970712,0000,1832
19970713,0000,2099
19970714,0000,2065
19970715,0000,2208
19970716,0000,1724
19970717,0000,m
19970718,0000,2158
19970719,0000,1854
19970720,0000,1801
19970721,0000,2112
19970722,0000,1804
19970723,0000,1484
19970724,0000,1764
19970725,0000,m
19970726,0000,m
19970727,0000,3577
19970728,0000,2349
19970729,0000,2063
19970730,0000,1997
19970731,0000,2004
19970801,0000,2075
19970802,0000,1863
19970803,0000,2442
19970804,0000,2157
19970805,0000,2166
19970806,0000,1872
19970807,0000,3096
19970808,0000,m
19970809,0000,m
19970810,0000,m
19970811,0000,1627
19970812,0000,2374
19970813,0000,2243
19970814,0000,2174
19970815,0000,2074
19970816,0000,2028
19970817,0000,2963
19970818,0000,2285
19970819,0000,2353
19970820,0000,1747
19970821,0000,2183
19970822,0000,2086
19970823,0000,3196
19970824,0000,2732
19970825,0000,2409
19970826,0000,2403
19970827,0000,2650
19970828,0000,2520
19970829,0000,2969
19970830,0000,2695
19970831,0000,2344
19970901,0000,2425
19970902,0000,1548
19970903,0000,2241
19970904,0000,1774
19970905,0000,2036
19970906,0000,2824
19970907,0000,1920
19970908,0000,1377
19970909,0000,2144
19970910,0000,1456
19970911,0000,1870
19970912,0000,1762
19970913,0000,2826
19970914,0000,1924
19970915,0000,1825
19970916,0000,2435
19970917,0000,1310
19970918,0000,1770
19970919,0000,1146
19970920,0000,2435
19970921,0000,2059
19970922,0000,1572
19970923,0000,2277
19970924,0000,1200
19970925,0000,2538
19970926,0000,1738
19970927,0000,1665
19970928,0000,1677
19970929,0000,1583
19970930,0000,790
19971001,0000,17
19971002,0000,215
19971003,0000,1240
19971004,0000,1678
19971005,0000,1050
19971006,0000,2070
19971007,0000,2485
19971008,0000,5073
19971009,0000,4511
19971010,0000,3500
19971011,0000,3351
19971012,0000,3171
19971013,0000,2891
19971014,0000,3158
19971015,0000,3014
19971016,0000,3658
19971017,0000,2405
19971018,0000,3338
19971019,0000,3232
19971020,0000,2542
19971021,0000,4870
19971022,0000,2032
19971023,0000,2065
19971024,0000,2325
19971025,0000,1925
19971026,0000,2797
19971027,0000,2913
19971028,0000,1383
19971029,0000,2594
19971030,0000,1835
19971031,0000,2173
19971101,0000,3320
19971102,0000,2967
19971103,0000,2783
19971104,0000,2967
19971105,0000,2034
19971106,0000,2874
19971107,0000,3606
19971108,0000,3158
19971109,0000,203
19971110,0000,3283
19971111,0000,2516
19971112,0000,3802
19971113,0000,3033
19971114,0000,3795
19971115,0000,3600
19971116,0000,3305
19971117,0000,2637
19971118,0000,2453
19971119,0000,3459
19971120,0000,3708
19971121,0000,334
19971122,0000,2606
19971123,0000,394
19971124,0000,3240
19971125,0000,4680
19971126,0000,9448
19971127,0000,7147
19971128,0000,5698
19971129,0000,4975
19971130,0000,5005
19971201,0000,3536
19971202,0000,4110
19971203,0000,4803
19971204,0000,3760
19971205,0000,3444
19971206,0000,4789
19971207,0000,9574
19971208,0000,7849
19971209,0000,6073
19971210,0000,5008
19971211,0000,4852
19971212,0000,5133
19971213,0000,4964
19971214,0000,5966
19971215,0000,5777
19971216,0000,5398
19971217,0000,5686
19971218,0000,6492
19971219,0000,585
19971220,0000,585
19971221,0000,532
19971222,0000,5177
19971223,0000,517
19971224,0000,4648
19971225,0000,4844
19971226,0000,4140
19971227,0000,5148
19971228,0000,4483
19971229,0000,4764
19971230,0000,3984
19971231,0000,3802
19980101,0000,2913
19980102,0000,4280
19980103,0000,8851
19980104,0000,9854
19980105,0000,5914
19980106,0000,5555
19980107,0000,3880
19980108,0000,3885
19980109,0000,3576
19980110,0000,7957
19980111,0000,1808
19980112,0000,34387
19980113,0000,22297
19980114,0000,15803
19980115,0000,25724
19980116,0000,20688
19980117,0000,32902
19980118,0000,27564
19980119,0000,23339
19980120,0000,16099
19980121,0000,12050
19980122,0000,10820
19980123,0000,10021
19980124,0000,9885
19980125,0000,7235
19980126,0000,10953
19980127,0000,10661
19980128,0000,896
19980129,0000,13615
19980130,0000,12884
19980131,0000,11055
19980201,0000,12700
19980202,0000,17553
19980203,0000,51742
19980204,0000,29696
19980205,0000,22424
19980206,0000,29415
19980207,0000,31580
19980208,0000,25481
19980209,0000,18847
19980210,0000,15810
19980211,0000,15867
19980212,0000,14856
19980213,0000,14274
19980214,0000,18950
19980215,0000,16805
19980216,0000,13998
19980217,0000,12968
19980218,0000,11934
19980219,0000,15370
19980220,0000,14140
19980221,0000,17085
19980222,0000,15662
19980223,0000,15486
19980224,0000,14315
19980225,0000,12168
19980226,0000,11132
19980227,0000,10404
19980228,0000,9665
19980301,0000,9596
19980302,0000,9840
19980303,0000,9596
19980304,0000,9810
19980305,0000,8637
19980306,0000,9917
19980307,0000,7497
19980308,0000,8914
19980309,0000,8097
19980310,0000,7710
19980311,0000,7745
19980312,0000,7113
19980313,0000,8506
19980314,0000,8899
19980315,0000,9395
19980316,0000,11275
19980317,0000,12140
19980318,0000,10882
19980319,0000,10384
19980320,0000,11229
19980321,0000,11178
19980322,0000,22346
19980323,0000,30317
19980324,0000,45906
19980325,0000,34347
19980326,0000,27389
19980327,0000,22426
19980328,0000,19362
19980329,0000,17588
19980330,0000,14840
19980331,0000,15595
19980401,0000,13749
19980402,0000,12235
19980403,0000,14037
19980404,0000,12648
19980405,0000,11319
19980406,0000,11634
19980407,0000,11541
19980408,0000,10772
19980409,0000,10690
19980410,0000,9969
19980411,0000,9794
19980412,0000,10387
19980413,0000,10140
19980414,0000,11252
19980415,0000,10466
19980416,0000,10139
19980417,0000,10404
19980418,0000,9738
19980419,0000,9806
19980420,0000,10426
19980421,0000,12178
19980422,0000,13159
19980423,0000,14851
19980424,0000,16725
19980425,0000,14719
19980426,0000,13788
19980427,0000,13677
19980428,0000,13981
19980429,0000,14884
19980430,0000,16006
19980501,0000,16903
19980502,0000,19415
19980503,0000,17902
19980504,0000,15826
19980505,0000,14689
19980506,0000,15090
19980507,0000,14714
19980508,0000,m
19980509,0000,m
19980510,0000,m
19980511,0000,m
19980512,0000,m
19980513,0000,m
19980514,0000,m
19980515,0000,m
19980516,0000,m
19980517,0000,m
19980518,0000,m
19980519,0000,m
19980520,0000,m
19980521,0000,m
19980522,0000,m
19980523,0000,m
19980524,0000,m
19980525,0000,m
19980526,0000,m
19980527,0000,m
19980528,0000,m
19980529,0000,19650
19980530,0000,17498
19980531,0000,16189
19980601,0000,16000
19980602,0000,16135
19980603,0000,16169
19980604,0000,15322
19980605,0000,15705
19980606,0000,15640
19980607,0000,15796
19980608,0000,13078
19980609,0000,2891
19980610,0000,17305
19980611,0000,13510
19980612,0000,17699
19980613,0000,18040
19980614,0000,17224
19980615,0000,16732
19980616,0000,15055
19980617,0000,14909
19980618,0000,14078
19980619,0000,14373
19980620,0000,11763
19980621,0000,13133
19980622,0000,12885
19980623,0000,11538
19980624,0000,11763
19980625,0000,11071
19980626,0000,10742
19980627,0000,10774
19980628,0000,9871
19980629,0000,8977
19980630,0000,9369
19980701,0000,9214
19980702,0000,7910
19980703,0000,8559
19980704,0000,6351
19980705,0000,7614
19980706,0000,6842
19980707,0000,7293
19980708,0000,686
19980709,0000,688
19980710,0000,6147
19980711,0000,6183
19980712,0000,5230
19980713,0000,5565
19980714,0000,5668
19980715,0000,5626
19980716,0000,5318
19980717,0000,4987
19980718,0000,5259
19980719,0000,5142
19980720,0000,4732
19980721,0000,4843
19980722,0000,4578
19980723,0000,5556
19980724,0000,4230
19980725,0000,5313
19980726,0000,5028
19980727,0000,4386
19980728,0000,4258
19980729,0000,4008
19980730,0000,4086
19980731,0000,4886
19980801,0000,5231
19980802,0000,4558
19980803,0000,4154
19980804,0000,4404
19980805,0000,4684
19980806,0000,4071
19980807,0000,4099
19980808,0000,3588
19980809,0000,3850
19980810,0000,4223
19980811,0000,2860
19980812,0000,4163
19980813,0000,4686
19980814,0000,2876
19980815,0000,3187
19980816,0000,3555
19980817,0000,3393
19980818,0000,3582
19980819,0000,2937
19980820,0000,3584
19980821,0000,3868
19980822,0000,3999
19980823,0000,3037
19980824,0000,3627
19980825,0000,3429
19980826,0000,3289
19980827,0000,3897
19980828,0000,3677
19980829,0000,3828
19980830,0000,3813
19980831,0000,3894
19980901,0000,3950
19980902,0000,3599
19980903,0000,3807
19980904,0000,m
19980905,0000,m
19980906,0000,m
19980907,0000,3713
19980908,0000,3314
19980909,0000,3010
19980910,0000,3142
19980911,0000,3499
19980912,0000,4043
19980913,0000,3447
19980914,0000,3914
19980915,0000,4520
19980916,0000,3582
19980917,0000,2754
19980918,0000,3359
19980919,0000,3226
19980920,0000,3942
19980921,0000,2331
19980922,0000,2636
19980923,0000,2606
19980924,0000,3783
19980925,0000,1640
19980926,0000,3323
19980927,0000,2705
19980928,0000,2628
19980929,0000,2285
19980930,0000,2918
19981001,0000,2648
19981002,0000,3663
19981003,0000,3943
19981004,0000,3743
19981005,0000,2762
19981006,0000,2657
19981007,0000,2516
19981008,0000,3011
19981009,0000,2665
19981010,0000,2931
19981011,0000,2980
19981012,0000,2218
19981013,0000,3308
19981014,0000,2760
19981015,0000,2492
19981016,0000,2808
19981017,0000,3374
19981018,0000,1936
19981019,0000,1597
19981020,0000,1318
19981021,0000,1464
19981022,0000,1276
19981023,0000,1553
19981024,0000,637
19981025,0000,1900
19981026,0000,1652
19981027,0000,2442
19981028,0000,1425
19981029,0000,1457
19981030,0000,3513
19981031,0000,4422
19981101,0000,3609
19981102,0000,3156
19981103,0000,3042
19981104,0000,2974
19981105,0000,3100
19981106,0000,3158
19981107,0000,3978
19981108,0000,3958
19981109,0000,3042
19981110,0000,3023
19981111,0000,5332
19981112,0000,4098
19981113,0000,4214
19981114,0000,3775
19981115,0000,3724
19981116,0000,3153
19981117,0000,4418
19981118,0000,4233
19981119,0000,3750
19981120,0000,3939
19981121,0000,3795
19981122,0000,6335
19981123,0000,15274
19981124,0000,10662
19981125,0000,6707
19981126,0000,6355
19981127,0000,8016
19981128,0000,7015
19981129,0000,7778
19981130,0000,22587
19981201,0000,18757
19981202,0000,11380
19981203,0000,28397
19981204,0000,16114
19981205,0000,11715
19981206,0000,10368
19981207,0000,7977
19981208,0000,8969
19981209,0000,6103
19981210,0000,7627
19981211,0000,5508
19981212,0000,6997
19981213,0000,5628
19981214,0000,6064
19981215,0000,4982
19981216,0000,2993
19981217,0000,4367
19981218,0000,5395
19981219,0000,6129
19981220,0000,5499
19981221,0000,5373
19981222,0000,4365
19981223,0000,4842
19981224,0000,5054
19981225,0000,5589
19981226,0000,5250
19981227,0000,5060
19981228,0000,4435
19981229,0000,5009
19981230,0000,5297
19981231,0000,4591
19990101,0000,4685
19990102,0000,4452
19990103,0000,2958
19990104,0000,4507
19990105,0000,4181
19990106,0000,3486
19990107,0000,3592
19990108,0000,3732
19990109,0000,3305
19990110,0000,2643
19990111,0000,3743
19990112,0000,3650
19990113,0000,3743
19990114,0000,3118
19990115,0000,4369
19990116,0000,5463
19990117,0000,6644
19990118,0000,13630
19990119,0000,13963
19990120,0000,21727
19990121,0000,18630
19990122,0000,14259
19990123,0000,28203
19990124,0000,17141
19990125,0000,12384
19990126,0000,m
19990127,0000,9952
19990128,0000,8169
19990129,0000,6664
19990130,0000,6454
19990131,0000,6069
19990201,0000,6170
19990202,0000,6165
19990203,0000,7183
19990204,0000,6784
19990205,0000,5961
19990206,0000,8833
19990207,0000,21180
19990208,0000,21280
19990209,0000,54255
19990210,0000,30115
19990211,0000,21455
19990212,0000,17374
19990213,0000,13447
19990214,0000,11421
19990215,0000,11140
19990216,0000,13195
19990217,0000,21150
19990218,0000,18677
19990219,0000,29903
19990220,0000,18527
19990221,0000,24752
19990222,0000,15638
19990223,0000,13598
19990224,0000,13038
19990225,0000,15970
19990226,0000,13492
19990227,0000,11461
19990228,0000,18968
19990301,0000,24752
19990302,0000,20314
19990303,0000,24558
19990304,0000,21366
19990305,0000,17625
19990306,0000,14435
19990307,0000,13789
19990308,0000,11480
19990309,0000,12892
19990310,0000,10288
19990311,0000,9089
19990312,0000,9089
19990313,0000,8306
19990314,0000,9177
19990315,0000,8857
19990316,0000,8537
19990317,0000,8410
19990318,0000,8328
19990319,0000,8866
19990320,0000,8752
19990321,0000,8779
19990322,0000,8518
19990323,0000,8069
19990324,0000,8620
19990325,0000,9399
19990326,0000,9344
19990327,0000,9183
19990328,0000,8206
19990329,0000,8124
19990330,0000,8609
19990331,0000,8094
19990401,0000,9344
19990402,0000,7710
19990403,0000,7242
19990404,0000,6728
19990405,0000,m
19990406,0000,7434
19990407,0000,6751
19990408,0000,8427
19990409,0000,m
19990410,0000,m
19990411,0000,8308
19990412,0000,8169
19990413,0000,8365
19990414,0000,8616
19990415,0000,8774
19990416,0000,9078
19990417,0000,9254
19990418,0000,10317
19990419,0000,11620
19990420,0000,11370
19990421,0000,11934
19990422,0000,11497
19990423,0000,11208
19990424,0000,10948
19990425,0000,11054
19990426,0000,m
19990427,0000,12579
19990428,0000,9064
19990429,0000,10805
19990430,0000,9530
19990501,0000,10725
19990502,0000,10734
19990503,0000,m
19990504,0000,10289
19990505,0000,9395
19990506,0000,9881
19990507,0000,9881
19990508,0000,9347
19990509,0000,9051
19990510,0000,8623
19990511,0000,8740
19990512,0000,8678
19990513,0000,8648
19990514,0000,8648
19990515,0000,8213
19990516,0000,8161
19990517,0000,7648
19990518,0000,8163
19990519,0000,7768
19990520,0000,8348
19990521,0000,8082
19990522,0000,8592
19990523,0000,8765
19990524,0000,9280
19990525,0000,8691
19990526,0000,8965
19990527,0000,9134
19990528,0000,8474
19990529,0000,7130
19990530,0000,7004
19990531,0000,6781
19990601,0000,6229
19990602,0000,6056
19990603,0000,5859
19990604,0000,4876
19990605,0000,5567
19990606,0000,5240
19990607,0000,4204
19990608,0000,4978
19990609,0000,4016
19990610,0000,4302
19990611,0000,4710
19990612,0000,5598
19990613,0000,4602
19990614,0000,5072
19990615,0000,4078
19990616,0000,4553
19990617,0000,5654
19990618,0000,3982
19990619,0000,4935
19990620,0000,3801
19990621,0000,4171
19990622,0000,3869
19990623,0000,4228
19990624,0000,3753
19990625,0000,3753
19990626,0000,4343
19990627,0000,2852
19990628,0000,3725
19990629,0000,3623
19990630,0000,3760
19990701,0000,4202
19990702,0000,2313
19990703,0000,1890
19990704,0000,2689
19990705,0000,3575
19990706,0000,3167
19990707,0000,3167
19990708,0000,3230
19990709,0000,2768
19990710,0000,3337
19990711,0000,3268
19990712,0000,3685
19990713,0000,3248
19990714,0000,3388
19990715,0000,3388
19990716,0000,2399
19990717,0000,3499
19990718,0000,2046
19990719,0000,2593
19990720,0000,2592
19990721,0000,2757
19990722,0000,2142
19990723,0000,2169
19990724,0000,2164
19990725,0000,2234
19990726,0000,3653
19990727,0000,3248
19990728,0000,2535
19990729,0000,2768
19990730,0000,3028
19990731,0000,2627
19990801,0000,3412
19990802,0000,3412
19990803,0000,3038
19990804,0000,3192
19990805,0000,2437
19990806,0000,4367
19990807,0000,4358
19990808,0000,4364
19990809,0000,3517
19990810,0000,2708
19990811,0000,2648
19990812,0000,3291
19990813,0000,3092
19990814,0000,2924
19990815,0000,2675
19990816,0000,2537
19990817,0000,3025
19990818,0000,1582
19990819,0000,3263
19990820,0000,3420
19990821,0000,3145
19990822,0000,3005
19990823,0000,2171
19990824,0000,2757
19990825,0000,-1515
19990826,0000,3043
19990827,0000,3648
19990828,0000,3635
19990829,0000,1888
19990830,0000,4831
19990831,0000,1703
19990901,0000,1515
19990902,0000,1078
19990903,0000,1352
19990904,0000,1691
19990905,0000,2044
19990906,0000,1824
19990907,0000,2189
19990908,0000,1082
19990909,0000,1642
19990910,0000,1568
19990911,0000,1614
19990912,0000,2486
19990913,0000,1505
19990914,0000,2316
19990915,0000,1625
19990916,0000,1720
19990917,0000,2018
19990918,0000,1245
19990919,0000,2356
19990920,0000,1572
19990921,0000,1282
19990922,0000,1704
19990923,0000,1488
19990924,0000,2078
19990925,0000,1049
19990926,0000,2300
19990927,0000,1562
19990928,0000,2115
19990929,0000,1930
19990930,0000,2053
19991001,0000,1916
19991002,0000,1173
19991003,0000,1752
19991004,0000,1168
19991005,0000,512
19991006,0000,1019
19991007,0000,1422
19991008,0000,1014
19991009,0000,562
19991010,0000,1189
19991011,0000,1037
19991012,0000,1352
19991013,0000,1868
19991014,0000,541
19991015,0000,911
19991016,0000,2782
19991017,0000,3282
19991018,0000,3032
19991019,0000,2991
19991020,0000,2677
19991021,0000,3020
19991022,0000,3666
19991023,0000,3018
19991024,0000,2673
19991025,0000,2521
19991026,0000,2866
19991027,0000,4515
19991028,0000,5030
19991029,0000,3526
19991030,0000,3581
19991031,0000,2630
19991101,0000,3590
19991102,0000,3258
19991103,0000,3600
19991104,0000,3393
19991105,0000,3072
19991106,0000,2071
19991107,0000,3739
19991108,0000,4458
19991109,0000,3524
19991110,0000,3813
19991111,0000,2147
19991112,0000,3379
19991113,0000,2347
19991114,0000,2966
19991115,0000,3632
19991116,0000,3961
19991117,0000,3972
19991118,0000,3694
19991119,0000,4644
19991120,0000,5376
19991121,0000,4062
19991122,0000,2768
19991123,0000,3775
19991124,0000,3125
19991125,0000,2883
19991126,0000,1965
19991127,0000,2802
19991128,0000,3180
19991129,0000,3368
19991130,0000,4660
19991201,0000,4163
19991202,0000,3793
19991203,0000,2910
19991204,0000,3694
19991205,0000,3569
19991206,0000,3047
19991207,0000,3448
19991208,0000,2924
19991209,0000,3590
19991210,0000,3177
19991211,0000,3373
19991212,0000,3185
19991213,0000,3264
19991214,0000,1860
19991215,0000,2818
19991216,0000,2263
19991217,0000,2532
19991218,0000,2029
19991219,0000,2918
19991220,0000,1875
19991221,0000,3940
19991222,0000,2054
19991223,0000,2744
19991224,0000,2427
19991225,0000,2446
19991226,0000,3221
19991227,0000,1570
19991228,0000,2461
19991229,0000,1746
19991230,0000,1829
19991231,0000,2154
20000101,0000,1905
20000102,0000,2674
20000103,0000,1484
20000104,0000,2465
20000105,0000,1822
20000106,0000,1512
20000107,0000,1692
20000108,0000,1314
20000109,0000,1377
20000110,0000,1113
20000111,0000,6175
20000112,0000,3492
20000113,0000,3141
20000114,0000,3210
20000115,0000,4502
20000116,0000,8172
20000117,0000,5749
20000118,0000,8688
20000119,0000,9066
20000120,0000,10400
20000121,0000,6204
20000122,0000,6638
20000123,0000,6793
20000124,0000,14862
20000125,0000,14874
20000126,0000,9742
20000127,0000,7558
20000128,0000,7147
20000129,0000,6240
20000130,0000,7440
20000131,0000,7200
20000201,0000,5865
20000202,0000,6268
20000203,0000,6141
20000204,0000,6394
20000205,0000,5807
20000206,0000,6674
20000207,0000,6206
20000208,0000,5311
20000209,0000,5134
20000210,0000,8075
20000211,0000,10393
20000212,0000,12596
20000213,0000,21915
20000214,0000,55945
20000215,0000,31290
20000216,0000,21183
20000217,0000,15373
20000218,0000,11579
20000219,0000,10394
20000220,0000,8977
20000221,0000,10074
20000222,0000,12838
20000223,0000,16257
20000224,0000,11727
20000225,0000,9543
20000226,0000,15264
20000227,0000,36162
20000228,0000,22869
20000229,0000,20782
20000301,0000,15737
20000302,0000,14091
20000303,0000,13365
20000304,0000,12234
20000305,0000,17266
20000306,0000,14469
20000307,0000,12243
20000308,0000,13353
20000309,0000,14380
20000310,0000,12870
20000311,0000,11673
20000312,0000,11346
20000313,0000,10547
20000314,0000,9292
20000315,0000,11475
20000316,0000,10079
20000317,0000,10488
20000318,0000,10340
20000319,0000,8968
20000320,0000,10935
20000321,0000,9759
20000322,0000,8874
20000323,0000,8619
20000324,0000,9054
20000325,0000,8524
20000326,0000,8260
20000327,0000,8485
20000328,0000,8508
20000329,0000,8081
20000330,0000,8029
20000331,0000,7250
20000401,0000,7569
20000402,0000,7409
20000403,0000,8607
20000404,0000,9059
20000405,0000,9586
20000406,0000,9369
20000407,0000,8677
20000408,0000,8724
20000409,0000,8805
20000410,0000,8266
20000411,0000,7326
20000412,0000,8706
20000413,0000,12189
20000414,0000,12045
20000415,0000,10177
20000416,0000,9845
20000417,0000,13334
20000418,0000,11956
20000419,0000,10554
20000420,0000,9602
20000421,0000,8885
20000422,0000,9194
20000423,0000,9022
20000424,0000,7894
20000425,0000,8504
20000426,0000,8098
20000427,0000,7764
20000428,0000,8658
20000429,0000,7193
20000430,0000,6709
20000501,0000,6585
20000502,0000,7613
20000503,0000,7111
20000504,0000,8608
20000505,0000,6781
20000506,0000,7079
20000507,0000,7172
20000508,0000,9020
20000509,0000,7094
20000510,0000,7292
20000511,0000,6546
20000512,0000,6732
20000513,0000,6313
20000514,0000,5601
20000515,0000,6326
20000516,0000,6921
20000517,0000,6388
20000518,0000,6013
20000519,0000,7354
20000520,0000,6879
20000521,0000,6983
20000522,0000,6715
20000523,0000,7731
20000524,0000,6394
20000525,0000,6646
20000526,0000,6749
20000527,0000,6855
20000528,0000,5865
20000529,0000,5520
20000530,0000,4330
20000531,0000,4493
20000601,0000,4249
20000602,0000,4206
20000603,0000,3946
20000604,0000,3944
20000605,0000,3049
20000606,0000,3233
20000607,0000,3341
20000608,0000,3782
20000609,0000,3666
20000610,0000,3362
20000611,0000,3845
20000612,0000,2386
20000613,0000,4412
20000614,0000,3706
20000615,0000,4686
20000616,0000,3126
20000617,0000,3885
20000618,0000,3791
20000619,0000,3272
20000620,0000,2576
20000621,0000,3236
20000622,0000,3427
20000623,0000,2074
20000624,0000,2744
20000625,0000,2994
20000626,0000,3056
20000627,0000,2657
20000628,0000,3388
20000629,0000,2567
20000630,0000,3793
20000701,0000,2459
20000702,0000,3377
20000703,0000,2192
20000704,0000,3643
20000705,0000,2678
20000706,0000,2455
20000707,0000,3088
20000708,0000,3683
20000709,0000,2659
20000710,0000,3322
20000711,0000,1962
20000712,0000,2828
20000713,0000,2560
20000714,0000,2179
20000715,0000,3297
20000716,0000,3016
20000717,0000,2772
20000718,0000,2936
20000719,0000,3025
20000720,0000,2742
20000721,0000,2816
20000722,0000,2868
20000723,0000,3083
20000724,0000,2931
20000725,0000,3092
20000726,0000,2892
20000727,0000,3117
20000728,0000,3478
20000729,0000,1589
20000730,0000,2752
20000731,0000,3955
20000801,0000,2326
20000802,0000,3338
20000803,0000,2796
20000804,0000,3438
20000805,0000,2760
20000806,0000,2493
20000807,0000,2546
20000808,0000,3284
20000809,0000,2509
20000810,0000,2877
20000811,0000,2600
20000812,0000,2280
20000813,0000,3005
20000814,0000,2627
20000815,0000,2662
20000816,0000,2706
20000817,0000,1711
20000818,0000,2254
20000819,0000,2138
20000820,0000,1028
20000821,0000,760
20000822,0000,1171
20000823,0000,3092
20000824,0000,3139
20000825,0000,3000
20000826,0000,2580
20000827,0000,2262
20000828,0000,3011
20000829,0000,2826
20000830,0000,1782
20000831,0000,2571
20000901,0000,2898
20000902,0000,3069
20000903,0000,2265
20000904,0000,1685
20000905,0000,2246
20000906,0000,1608
20000907,0000,2875
20000908,0000,1499
20000909,0000,2276
20000910,0000,3170
20000911,0000,2210
20000912,0000,1908
20000913,0000,2098
20000914,0000,2377
20000915,0000,3089
20000916,0000,1875
20000917,0000,2666
20000918,0000,2757
20000919,0000,2717
20000920,0000,1123
20000921,0000,2816
20000922,0000,3293
20000923,0000,2757
20000924,0000,2374
20000925,0000,2204
20000926,0000,2085
20000927,0000,1790
20000928,0000,2269
20000929,0000,2096
20000930,0000,2903
20001001,0000,2982
20001002,0000,2335
20001003,0000,2771
20001004,0000,3377
20001005,0000,2557
20001006,0000,2197
20001007,0000,2143
20001008,0000,2599
20001009,0000,2190
20001010,0000,2335
20001011,0000,2745
20001012,0000,3174
20001013,0000,2032
20001014,0000,3020
20001015,0000,2595
20001016,0000,2478
20001017,0000,1734
20001018,0000,3157
20001019,0000,2675
20001020,0000,819
20001021,0000,984
20001022,0000,988
20001023,0000,1561
20001024,0000,2042
20001025,0000,2944
20001026,0000,1948
20001027,0000,3062
20001028,0000,3045
20001029,0000,4229
20001030,0000,3014
20001031,0000,2547
20001101,0000,2127
20001102,0000,2861
20001103,0000,2483
20001104,0000,3153
20001105,0000,2676
20001106,0000,2019
20001107,0000,3008
20001108,0000,1743
20001109,0000,2460
20001110,0000,3019
20001111,0000,2320
20001112,0000,2512
20001113,0000,2440
20001114,0000,1888
20001115,0000,2172
20001116,0000,3051
20001117,0000,2493
20001118,0000,2520
20001119,0000,2385
20001120,0000,2457
20001121,0000,1898
20001122,0000,2908
20001123,0000,1728
20001124,0000,1058
20001125,0000,2263
20001126,0000,1555
20001127,0000,2258
20001128,0000,1590
20001129,0000,3246
20001130,0000,2818
20001201,0000,2419
20001202,0000,2585
20001203,0000,1922
20001204,0000,2046
20001205,0000,2606
20001206,0000,2039
20001207,0000,2401
20001208,0000,3177
20001209,0000,2429
20001210,0000,3060
20001211,0000,2845
20001212,0000,3244
20001213,0000,3317
20001214,0000,4017
20001215,0000,3161
20001216,0000,3603
20001217,0000,3665
20001218,0000,2814
20001219,0000,3653
20001220,0000,2496
20001221,0000,2296
20001222,0000,3222
20001223,0000,2786
20001224,0000,2405
20001225,0000,2643
20001226,0000,2527
20001227,0000,2852
20001228,0000,1674
20001229,0000,2765
20001230,0000,2183
20001231,0000,2211
20010101,0000,2169
20010102,0000,1443
20010103,0000,2610
20010104,0000,2247
20010105,0000,1598
20010106,0000,2882
20010107,0000,2111
20010108,0000,2649
20010109,0000,3098
20010110,0000,3379
20010111,0000,3744
20010112,0000,3310
20010113,0000,2981
20010114,0000,2524
20010115,0000,2425
20010116,0000,1787
20010117,0000,2549
20010118,0000,3071
20010119,0000,2341
20010120,0000,2476
20010121,0000,2274
20010122,0000,2272
20010123,0000,2415
20010124,0000,2853
20010125,0000,3225
20010126,0000,2981
20010127,0000,2620
20010128,0000,2736
20010129,0000,2724
20010130,0000,1894
20010131,0000,2974
20010201,0000,2511
20010202,0000,2427
20010203,0000,1666
20010204,0000,1612
20010205,0000,1457
20010206,0000,2295
20010207,0000,1855
20010208,0000,1852
20010209,0000,3385
20010210,0000,2405
20010211,0000,4019
20010212,0000,2637
20010213,0000,2896
20010214,0000,2276
20010215,0000,2543
20010216,0000,2166
20010217,0000,1910
20010218,0000,2533
20010219,0000,4093
20010220,0000,5930
20010221,0000,8956
20010222,0000,6923
20010223,0000,4778
20010224,0000,4404
20010225,0000,4223
20010226,0000,3692
20010227,0000,3715
20010228,0000,3038
20010301,0000,2893
20010302,0000,3004
20010303,0000,2686
20010304,0000,4432
20010305,0000,7983
20010306,0000,5908
20010307,0000,5011
20010308,0000,4564
20010309,0000,5350
20010310,0000,4411
20010311,0000,3539
20010312,0000,3995
20010313,0000,3261
20010314,0000,3557
20010315,0000,3401
20010316,0000,2906
20010317,0000,3063
20010318,0000,2942
20010319,0000,3792
20010320,0000,5148
20010321,0000,6196
20010322,0000,5068
20010323,0000,5287
20010324,0000,5902
20010325,0000,9066
20010326,0000,8365
20010327,0000,5497
20010328,0000,5786
20010329,0000,6185
20010330,0000,6161
20010331,0000,5714
20010401,0000,5241
20010402,0000,4661
20010403,0000,5390
20010404,0000,3766
20010405,0000,3636
20010406,0000,3323
20010407,0000,4172
20010408,0000,3208
20010409,0000,3005
20010410,0000,1901
20010411,0000,3618
20010412,0000,2568
20010413,0000,2346
20010414,0000,3165
20010415,0000,2483
20010416,0000,2902
20010417,0000,3133
20010418,0000,3292
20010419,0000,4488
20010420,0000,4574
20010421,0000,4056
20010422,0000,4032
20010423,0000,3553
20010424,0000,3766
20010425,0000,5144
20010426,0000,5723
20010427,0000,5780
20010428,0000,5875
20010429,0000,5051
20010430,0000,5058
20010501,0000,5304
20010502,0000,5281
20010503,0000,4426
20010504,0000,4192
20010505,0000,3906
20010506,0000,4089
20010507,0000,884
20010508,0000,8857
20010509,0000,5024
20010510,0000,5219
20010511,0000,5201
20010512,0000,5029
20010513,0000,4459
20010514,0000,3594
20010515,0000,4319
20010516,0000,3702
20010517,0000,2993
20010518,0000,3362
20010519,0000,3693
20010520,0000,2946
20010521,0000,3753
20010522,0000,3034
20010523,0000,2484
20010524,0000,3028
20010525,0000,1961
20010526,0000,2032
20010527,0000,2166
20010528,0000,1335
20010529,0000,1425
20010530,0000,1940
20010531,0000,1934
20010601,0000,1036
20010602,0000,1485
20010603,0000,1369
20010604,0000,1603
20010605,0000,666
20010606,0000,2168
20010607,0000,924
20010608,0000,1905
20010609,0000,593
20010610,0000,1038
20010611,0000,1862
20010612,0000,2197
20010613,0000,1421
20010614,0000,1824
20010615,0000,1760
20010616,0000,1318
20010617,0000,810
20010618,0000,2175
20010619,0000,1922
20010620,0000,1622
20010621,0000,2854
20010622,0000,1763
20010623,0000,795
20010624,0000,1241
20010625,0000,1734
20010626,0000,2740
20010627,0000,1183
20010628,0000,2036
20010629,0000,1360
20010630,0000,1129
20010701,0000,1145
20010702,0000,2034
20010703,0000,2281
20010704,0000,1519
20010705,0000,1789
20010706,0000,2101
20010707,0000,1492
20010708,0000,1156
20010709,0000,1527
20010710,0000,1100
20010711,0000,2309
20010712,0000,1509
20010713,0000,2352
20010714,0000,1295
20010715,0000,1177
20010716,0000,702
20010717,0000,1645
20010718,0000,1286
20010719,0000,1486
20010720,0000,1587
20010721,0000,1196
20010722,0000,1354
20010723,0000,1086
20010724,0000,2508
20010725,0000,1354
20010726,0000,1255
20010727,0000,1638
20010728,0000,1622
20010729,0000,1018
20010730,0000,1620
20010731,0000,1000
20010801,0000,1293
20010802,0000,1574
20010803,0000,1583
20010804,0000,1701
20010805,0000,1160
20010806,0000,1189
20010807,0000,1554
20010808,0000,2015
20010809,0000,998
20010810,0000,1591
20010811,0000,1361
20010812,0000,1121
20010813,0000,1511
20010814,0000,1471
20010815,0000,1599
20010816,0000,1979
20010817,0000,987
20010818,0000,1229
20010819,0000,1529
20010820,0000,1201
20010821,0000,1457
20010822,0000,1307
20010823,0000,2144
20010824,0000,1550
20010825,0000,676
20010826,0000,1884
20010827,0000,1483
20010828,0000,358
20010829,0000,469
20010830,0000,420
20010831,0000,647
20010901,0000,356
20010902,0000,1152
20010903,0000,369
20010904,0000,-36
20010905,0000,437
20010906,0000,248
20010907,0000,212
20010908,0000,369
20010909,0000,1023
20010910,0000,491
20010911,0000,992
20010912,0000,7
20010913,0000,481
20010914,0000,1178
20010915,0000,453
20010916,0000,980
20010917,0000,1380
20010918,0000,1982
20010919,0000,1851
20010920,0000,934
20010921,0000,1751
20010922,0000,2324
20010923,0000,1820
20010924,0000,1424
20010925,0000,1808
20010926,0000,1706
20010927,0000,2324
20010928,0000,2001
20010929,0000,1846
20010930,0000,1971
20011001,0000,2060
20011002,0000,1716
20011003,0000,2181
20011004,0000,2124
20011005,0000,2786
20011006,0000,2067
20011007,0000,2134
20011008,0000,1962
20011009,0000,1087
20011010,0000,1894
20011011,0000,1949
20011012,0000,2888
20011013,0000,1820
20011014,0000,2987
20011015,0000,1809
20011016,0000,2920
20011017,0000,2700
20011018,0000,3472
20011019,0000,2183
20011020,0000,2755
20011021,0000,2648
20011022,0000,2432
20011023,0000,1642
20011024,0000,1556
20011025,0000,729
20011026,0000,1305
20011027,0000,2151
20011028,0000,2381
20011029,0000,2493
20011030,0000,3488
20011031,0000,2893
20011101,0000,1654
20011102,0000,2152
20011103,0000,275
20011104,0000,262
20011105,0000,660
20011106,0000,762
20011107,0000,558
20011108,0000,701
20011109,0000,655
20011110,0000,266
20011111,0000,-67
20011112,0000,2379
20011113,0000,2091
20011114,0000,961
20011115,0000,1503
20011116,0000,1396
20011117,0000,1285
20011118,0000,968
20011119,0000,1471
20011120,0000,1943
20011121,0000,3835
20011122,0000,8949
20011123,0000,4287
20011124,0000,7349
20011125,0000,5120
20011126,0000,2930
20011127,0000,1805
20011128,0000,3066
20011129,0000,3573
20011130,0000,2190
20011201,0000,4801
20011202,0000,10753
20011203,0000,7820
20011204,0000,3966
20011205,0000,4555
20011206,0000,5344
20011207,0000,4947
20011208,0000,3559
20011209,0000,3357
20011210,0000,2804
20011211,0000,2920
20011212,0000,3159
20011213,0000,2256
20011214,0000,5331
20011215,0000,3043
20011216,0000,2758
20011217,0000,6210
20011218,0000,5614
20011219,0000,4368
20011220,0000,6117
20011221,0000,5238
20011222,0000,4395
20011223,0000,5547
20011224,0000,4293
20011225,0000,3450
20011226,0000,3501
20011227,0000,3563
20011228,0000,5205
20011229,0000,6193
20011230,0000,7088
20011231,0000,13526
20020101,0000,9834
20020102,0000,19417
20020103,0000,17683
20020104,0000,10977
20020105,0000,8294
20020106,0000,15308
20020107,0000,12377
20020108,0000,9681
20020109,0000,7905
20020110,0000,7005
20020111,0000,6289
20020112,0000,5494
20020113,0000,4621
20020114,0000,5194
20020115,0000,4236
20020116,0000,3911
20020117,0000,3939
20020118,0000,4364
20020119,0000,3921
20020120,0000,3457
20020121,0000,3754
20020122,0000,3955
20020123,0000,3483
20020124,0000,3470
20020125,0000,3134
20020126,0000,5212
20020127,0000,4374
20020128,0000,3677
20020129,0000,3653
20020130,0000,2990
20020131,0000,3245
20020201,0000,2829
20020202,0000,3244
20020203,0000,3410
20020204,0000,2963
20020205,0000,2585
20020206,0000,2881
20020207,0000,3654
20020208,0000,5387
20020209,0000,4079
20020210,0000,3386
20020211,0000,3479
20020212,0000,3614
20020213,0000,3079
20020214,0000,3456
20020215,0000,2811
20020216,0000,3276
20020217,0000,3240
20020218,0000,3435
20020219,0000,5015
20020220,0000,9333
20020221,0000,7559
20020222,0000,6815
20020223,0000,7222
20020224,0000,6261
20020225,0000,5526
20020226,0000,5540
20020227,0000,4761
20020228,0000,4724
20020301,0000,4331
20020302,0000,4250
20020303,0000,3856
20020304,0000,3799
20020305,0000,3829
20020306,0000,7806
20020307,0000,10140
20020308,0000,8445
20020309,0000,7379
20020310,0000,8024
20020311,0000,6756
20020312,0000,6417
20020313,0000,7124
20020314,0000,5947
20020315,0000,5903
20020316,0000,5103
20020317,0000,5041
20020318,0000,4700
20020319,0000,4976
20020320,0000,4724
20020321,0000,4401
20020322,0000,5349
20020323,0000,6264
20020324,0000,5571
20020325,0000,5931
20020326,0000,5371
20020327,0000,5067
20020328,0000,5270
20020329,0000,4860
20020330,0000,6778
20020331,0000,6166
20020401,0000,6491
20020402,0000,7110
20020403,0000,7733
20020404,0000,7716
20020405,0000,8143
20020406,0000,6560
20020407,0000,7148
20020408,0000,6463
20020409,0000,6498
20020410,0000,7246
20020411,0000,7203
20020412,0000,7006
20020413,0000,7339
20020414,0000,7596
20020415,0000,8187
20020416,0000,6308
20020417,0000,6177
20020418,0000,5270
20020419,0000,7658
20020420,0000,3732
20020421,0000,4743
20020422,0000,4670
20020423,0000,4230
20020424,0000,4430
20020425,0000,5293
20020426,0000,5168
20020427,0000,5347
20020428,0000,4823
20020429,0000,4549
20020430,0000,4519
20020501,0000,3742
20020502,0000,3861
20020503,0000,4224
20020504,0000,5182
20020505,0000,5048
20020506,0000,4428
20020507,0000,4660
20020508,0000,4099
20020509,0000,4044
20020510,0000,4872
20020511,0000,3979
20020512,0000,4496
20020513,0000,3906
20020514,0000,3365
20020515,0000,4666
20020516,0000,3942
20020517,0000,3692
20020518,0000,4171
20020519,0000,3820
20020520,0000,3808
20020521,0000,3797
20020522,0000,2975
20020523,0000,3108
20020524,0000,3551
20020525,0000,2455
20020526,0000,3867
20020527,0000,2772
20020528,0000,2683
20020529,0000,3683
20020530,0000,3987
20020531,0000,3592
20020601,0000,2658
20020602,0000,3629
20020603,0000,2651
20020604,0000,2632
20020605,0000,2435
20020606,0000,3336
20020607,0000,1752
20020608,0000,1109
20020609,0000,1909
20020610,0000,1847
20020611,0000,1571
20020612,0000,1270
20020613,0000,1428
20020614,0000,1388
20020615,0000,1596
20020616,0000,1315
20020617,0000,2092
20020618,0000,465
20020619,0000,1564
20020620,0000,827
20020621,0000,1682
20020622,0000,1255
20020623,0000,605
20020624,0000,1580
20020625,0000,1173
20020626,0000,1114
20020627,0000,1134
20020628,0000,265
20020629,0000,1165
20020630,0000,976
20020701,0000,1525
20020702,0000,1041
20020703,0000,884
20020704,0000,856
20020705,0000,791
20020706,0000,1172
20020707,0000,1230
20020708,0000,1797
20020709,0000,2074
20020710,0000,1993
20020711,0000,1865
20020712,0000,1973
20020713,0000,2725
20020714,0000,270
20020715,0000,1316
20020716,0000,1764
20020717,0000,512
20020718,0000,1258
20020719,0000,1278
20020720,0000,1136
20020721,0000,984
20020722,0000,1165
20020723,0000,1236
20020724,0000,1340
20020725,0000,2259
20020726,0000,1082
20020727,0000,1829
20020728,0000,344
20020729,0000,1414
20020730,0000,1417
20020731,0000,1655
20020801,0000,1450
20020802,0000,1466
20020803,0000,1353
20020804,0000,468
20020805,0000,1964
20020806,0000,2269
20020807,0000,1010
20020808,0000,2109
20020809,0000,1723
20020810,0000,1839
20020811,0000,1719
20020812,0000,1317
20020813,0000,731
20020814,0000,2139
20020815,0000,1048
20020816,0000,1490
20020817,0000,1740
20020818,0000,2310
20020819,0000,1124
20020820,0000,1671
20020821,0000,1024
20020822,0000,1715
20020823,0000,1580
20020824,0000,1670
20020825,0000,1615
20020826,0000,1528
20020827,0000,1640
20020828,0000,1677
20020829,0000,2085
20020830,0000,1779
20020831,0000,2178
20020901,0000,2290
20020902,0000,2120
20020903,0000,2606
20020904,0000,1263
20020905,0000,1990
20020906,0000,2008
20020907,0000,1343
20020908,0000,1661
20020909,0000,2087
20020910,0000,2407
20020911,0000,1947
20020912,0000,2177
20020913,0000,2120
20020914,0000,2720
20020915,0000,2184
20020916,0000,2178
20020917,0000,1097
20020918,0000,2613
20020919,0000,1706
20020920,0000,2294
20020921,0000,2441
20020922,0000,2659
20020923,0000,2430
20020924,0000,1572
20020925,0000,2270
20020926,0000,1651
20020927,0000,3337
20020928,0000,2428
20020929,0000,2721
20020930,0000,1533
20021001,0000,2614
20021002,0000,1766
20021003,0000,2069
20021004,0000,2207
20021005,0000,1458
20021006,0000,1746
20021007,0000,2360
20021008,0000,2261
20021009,0000,2504
20021010,0000,2713
20021011,0000,2297
20021012,0000,1746
20021013,0000,2993
20021014,0000,2032
20021015,0000,1992
20021016,0000,1991
20021017,0000,2248
20021018,0000,1911
20021019,0000,638
20021020,0000,2022
20021021,0000,876
20021022,0000,1498
20021023,0000,1268
20021024,0000,1384
20021025,0000,1559
20021026,0000,2067
20021027,0000,975
20021028,0000,1870
20021029,0000,1702
20021030,0000,1758
20021031,0000,1890
20021101,0000,1690
20021102,0000,1483
20021103,0000,1551
20021104,0000,1391
20021105,0000,1505
20021106,0000,1489
20021107,0000,3275
20021108,0000,5141
20021109,0000,5001
20021110,0000,4637
20021111,0000,3650
20021112,0000,2782
20021113,0000,1881
20021114,0000,2161
20021115,0000,2993
20021116,0000,2213
20021117,0000,2089
20021118,0000,2432
20021119,0000,2244
20021120,0000,2079
20021121,0000,2962
20021122,0000,2368
20021123,0000,2296
20021124,0000,1672
20021125,0000,2922
20021126,0000,1810
20021127,0000,2191
20021128,0000,1671
20021129,0000,2007
20021130,0000,1918
20021201,0000,2425
20021202,0000,1835
20021203,0000,2116
20021204,0000,2180
20021205,0000,2078
20021206,0000,2034
20021207,0000,1568
20021208,0000,1692
20021209,0000,1973
20021210,0000,2382
20021211,0000,2117
20021212,0000,2461
20021213,0000,6010
20021214,0000,26844
20021215,0000,17867
20021216,0000,26649
20021217,0000,14117
20021218,0000,8202
20021219,0000,7565
20021220,0000,7997
20021221,0000,12695
20021222,0000,6554
20021223,0000,4039
20021224,0000,4585
20021225,0000,4346
20021226,0000,4549
20021227,0000,17798
20021228,0000,36985
20021229,0000,24589
20021230,0000,15227
20021231,0000,15266
20030101,0000,11563
20030102,0000,9752
20030103,0000,8076
20030104,0000,7264
20030105,0000,6322
20030106,0000,7023
20030107,0000,6372
20030108,0000,5681
20030109,0000,7127
20030110,0000,10809
20030111,0000,14949
20030112,0000,12077
20030113,0000,15806
20030114,0000,14164
20030115,0000,11413
20030116,0000,9446
20030117,0000,9124
20030118,0000,8495
20030119,0000,8319
20030120,0000,7317
20030121,0000,8071
20030122,0000,10106
20030123,0000,20251
20030124,0000,16429
20030125,0000,14513
20030126,0000,12110
20030127,0000,11380
20030128,0000,11905
20030129,0000,10727
20030130,0000,9997
20030131,0000,9266
20030201,0000,9117
20030202,0000,8816
20030203,0000,8168
20030204,0000,8140
20030205,0000,7726
20030206,0000,7517
20030207,0000,6948
20030208,0000,6965
20030209,0000,6961
20030210,0000,6317
20030211,0000,6321
20030212,0000,5479
20030213,0000,7950
20030214,0000,8182
20030215,0000,5712
20030216,0000,9154
20030217,0000,6296
20030218,0000,6549
20030219,0000,7641
20030220,0000,6073
20030221,0000,6715
20030222,0000,5484
20030223,0000,5698
20030224,0000,5111
20030225,0000,6294
20030226,0000,5809
20030227,0000,4759
20030228,0000,4351
20030301,0000,4416
20030302,0000,5691
20030303,0000,4216
20030304,0000,4217
20030305,0000,3949
20030306,0000,3679
20030307,0000,3554
20030308,0000,3320
20030309,0000,2651
20030310,0000,3935
20030311,0000,3718
20030312,0000,3693
20030313,0000,4243
20030314,0000,10286
20030315,0000,25477
20030316,0000,17416
20030317,0000,11899
20030318,0000,9769
20030319,0000,8289
20030320,0000,7578
20030321,0000,6794
20030322,0000,6985
20030323,0000,9590
20030324,0000,5630
20030325,0000,3713
20030326,0000,10136
20030327,0000,9990
20030328,0000,8720
20030329,0000,8166
20030330,0000,7326
20030331,0000,7480
20030401,0000,5913
20030402,0000,6621
20030403,0000,6253
20030404,0000,6668
20030405,0000,5371
20030406,0000,5398
20030407,0000,5031
20030408,0000,5511
20030409,0000,5688
20030410,0000,5404
20030411,0000,5799
20030412,0000,7714
20030413,0000,9679
20030414,0000,9325
20030415,0000,7846
20030416,0000,7682
20030417,0000,7816
20030418,0000,8199
20030419,0000,7750
20030420,0000,6955
20030421,0000,7711
20030422,0000,7381
20030423,0000,7678
20030424,0000,14022
20030425,0000,13418
20030426,0000,12578
20030427,0000,10931
20030428,0000,13494
20030429,0000,13917
20030430,0000,13080
20030501,0000,11690
20030502,0000,11079
20030503,0000,15077
20030504,0000,16697
20030505,0000,14789
20030506,0000,14200
20030507,0000,12477
20030508,0000,12537
20030509,0000,11628
20030510,0000,10894
20030511,0000,10710
20030512,0000,10636
20030513,0000,11733
20030514,0000,10098
20030515,0000,11459
20030516,0000,11940
20030517,0000,10868
20030518,0000,10149
20030519,0000,9403
20030520,0000,9376
20030521,0000,9412
20030522,0000,9468
20030523,0000,10534
20030524,0000,10631
20030525,0000,10564
20030526,0000,10088
20030527,0000,8435
20030528,0000,9722
20030529,0000,9434
20030530,0000,9430
20030531,0000,8827
20030601,0000,8377
20030602,0000,7982
20030603,0000,8130
20030604,0000,7884
20030605,0000,7482
20030606,0000,6522
20030607,0000,7401
20030608,0000,7047
20030609,0000,6615
20030610,0000,5932
20030611,0000,5321
20030612,0000,5121
20030613,0000,4142
20030614,0000,5680
20030615,0000,4618
20030616,0000,4426
20030617,0000,4024
20030618,0000,4244
20030619,0000,3982
20030620,0000,3804
20030621,0000,4643
20030622,0000,3874
20030623,0000,3529
20030624,0000,3441
20030625,0000,4840
20030626,0000,4306
20030627,0000,2516
20030628,0000,3761
20030629,0000,2866
20030630,0000,4135
20030701,0000,2656
20030702,0000,3050
20030703,0000,4165
20030704,0000,1944
20030705,0000,2089
20030706,0000,3125
20030707,0000,1537
20030708,0000,2640
20030709,0000,2641
20030710,0000,2682
20030711,0000,2714
20030712,0000,3230
20030713,0000,1816
20030714,0000,2756
20030715,0000,2829
20030716,0000,2892
20030717,0000,2272
20030718,0000,3210
20030719,0000,1680
20030720,0000,2393
20030721,0000,2221
20030722,0000,3004
20030723,0000,2237
20030724,0000,1333
20030725,0000,2774
20030726,0000,2419
20030727,0000,2837
20030728,0000,3542
20030729,0000,1696
20030730,0000,1846
20030731,0000,2424
20030801,0000,2380
20030802,0000,2276
20030803,0000,2657
20030804,0000,1183
20030805,0000,2342
20030806,0000,2157
20030807,0000,2593
20030808,0000,3321
20030809,0000,1216
20030810,0000,2212
20030811,0000,2128
20030812,0000,2526
20030813,0000,2455
20030814,0000,3021
20030815,0000,1922
20030816,0000,2506
20030817,0000,1932
20030818,0000,2430
20030819,0000,2562
20030820,0000,2901
20030821,0000,1116
20030822,0000,1750
20030823,0000,1932
20030824,0000,2068
20030825,0000,2244
20030826,0000,2333
20030827,0000,3706
20030828,0000,2220
20030829,0000,3484
20030830,0000,2524
20030831,0000,1982
20030901,0000,2469
20030902,0000,2826
20030903,0000,2735
20030904,0000,3038
20030905,0000,2091
20030906,0000,1837
20030907,0000,2045
20030908,0000,2347
20030909,0000,2400
20030910,0000,2362
20030911,0000,2428
20030912,0000,3038
20030913,0000,2227
20030914,0000,2644
20030915,0000,2714
20030916,0000,3383
20030917,0000,1525
20030918,0000,3031
20030919,0000,2256
20030920,0000,2564
20030921,0000,2452
20030922,0000,1975
20030923,0000,1367
20030924,0000,1876
20030925,0000,2001
20030926,0000,3047
20030927,0000,2172
20030928,0000,2441
20030929,0000,1066
20030930,0000,1496
20031001,0000,1926
20031002,0000,1814
20031003,0000,1264
20031004,0000,1132
20031005,0000,1916
20031006,0000,1723
20031007,0000,2369
20031008,0000,820
20031009,0000,2649
20031010,0000,1792
20031011,0000,1353
20031012,0000,2180
20031013,0000,2381
20031014,0000,1218
20031015,0000,2097
20031016,0000,1965
20031017,0000,2414
20031018,0000,2495
20031019,0000,1258
20031020,0000,2786
20031021,0000,1598
20031022,0000,2057
20031023,0000,1854
20031024,0000,2255
20031025,0000,3061
20031026,0000,2436
20031027,0000,1651
20031028,0000,2994
20031029,0000,1916
20031030,0000,1440
20031031,0000,3005
20031101,0000,2550
20031102,0000,2381
20031103,0000,1764
20031104,0000,3179
20031105,0000,2342
20031106,0000,1774
20031107,0000,3246
20031108,0000,2097
20031109,0000,3795
20031110,0000,2709
20031111,0000,2575
20031112,0000,1477
20031113,0000,3104
20031114,0000,2083
20031115,0000,2460
20031116,0000,3387
20031117,0000,1755
20031118,0000,2465
20031119,0000,2390
20031120,0000,3071
20031121,0000,2446
20031122,0000,2248
20031123,0000,2337
20031124,0000,2229
20031125,0000,1763
20031126,0000,2230
20031127,0000,2589
20031128,0000,2786
20031129,0000,2483
20031130,0000,1706
20031201,0000,2824
20031202,0000,2898
20031203,0000,2756
20031204,0000,3380
20031205,0000,2090
20031206,0000,8116
20031207,0000,9717
20031208,0000,3993
20031209,0000,3459
20031210,0000,5607
20031211,0000,5068
20031212,0000,4247
20031213,0000,6180
20031214,0000,12293
20031215,0000,5730
20031216,0000,5125
20031217,0000,5995
20031218,0000,5066
20031219,0000,5061
20031220,0000,4842
20031221,0000,6659
20031222,0000,5485
20031223,0000,5746
20031224,0000,14197
20031225,0000,10671
20031226,0000,7774
20031227,0000,6271
20031228,0000,6154
20031229,0000,10126
20031230,0000,8364
20031231,0000,7026
20040101,0000,13605
20040102,0000,8586
20040103,0000,7158
20040104,0000,6002
20040105,0000,5801
20040106,0000,5731
20040107,0000,6969
20040108,0000,6243
20040109,0000,6948
20040110,0000,7121
20040111,0000,7294
20040112,0000,6670
20040113,0000,6370
20040114,0000,5452
20040115,0000,6382
20040116,0000,6085
20040117,0000,5862
20040118,0000,5844
20040119,0000,5418
20040120,0000,5795
20040121,0000,5634
20040122,0000,5613
20040123,0000,5216
20040124,0000,5235
20040125,0000,4853
20040126,0000,4488
20040127,0000,6242
20040128,0000,5069
20040129,0000,5530
20040130,0000,4701
20040131,0000,3676
20040201,0000,4252
20040202,0000,6785
20040203,0000,6464
20040204,0000,6229
20040205,0000,5458
20040206,0000,5072
20040207,0000,4904
20040208,0000,1259
20040209,0000,3768
20040210,0000,3373
20040211,0000,3107
20040212,0000,3684
20040213,0000,3209
20040214,0000,2916
20040215,0000,3283
20040216,0000,10531
20040217,0000,41183
20040218,0000,55215
20040219,0000,27049
20040220,0000,17250
20040221,0000,13722
20040222,0000,11503
20040223,0000,9565
20040224,0000,11075
20040225,0000,20067
20040226,0000,21970
20040227,0000,16868
20040228,0000,13046
20040229,0000,11504
20040301,0000,11825
20040302,0000,8879
20040303,0000,10346
20040304,0000,7876
20040305,0000,7500
20040306,0000,6035
20040307,0000,7177
20040308,0000,8621
20040309,0000,8825
20040310,0000,9347
20040311,0000,9760
20040312,0000,9865
20040313,0000,10132
20040314,0000,9812
20040315,0000,9155
20040316,0000,11511
20040317,0000,10726
20040318,0000,10635
20040319,0000,11019
20040320,0000,10937
20040321,0000,9855
20040322,0000,11772
20040323,0000,11271
20040324,0000,10747
20040325,0000,11023
20040326,0000,10344
20040327,0000,9413
20040328,0000,8547
20040329,0000,7387
20040330,0000,8027
20040331,0000,8013
20040401,0000,7808
20040402,0000,7167
20040403,0000,6647
20040404,0000,7304
20040405,0000,6514
20040406,0000,7563
20040407,0000,7003
20040408,0000,7158
20040409,0000,7496
20040410,0000,7458
20040411,0000,8161
20040412,0000,6332
20040413,0000,7072
20040414,0000,6752
20040415,0000,7495
20040416,0000,5094
20040417,0000,6451
20040418,0000,5146
20040419,0000,5687
20040420,0000,7037
20040421,0000,6959
20040422,0000,6391
20040423,0000,5863
20040424,0000,6611
20040425,0000,5948
20040426,0000,5597
20040427,0000,7275
20040428,0000,7336
20040429,0000,5844
20040430,0000,5845
20040501,0000,6796
20040502,0000,6465
20040503,0000,6687
20040504,0000,6088
20040505,0000,6596
20040506,0000,5641
20040507,0000,5249
20040508,0000,5645
20040509,0000,5279
20040510,0000,4856
20040511,0000,5055
20040512,0000,4462
20040513,0000,4269
20040514,0000,3948
20040515,0000,4158
20040516,0000,4179
20040517,0000,3373
20040518,0000,4549
20040519,0000,3721
20040520,0000,2597
20040521,0000,3381
20040522,0000,4420
20040523,0000,3623
20040524,0000,2406
20040525,0000,3977
20040526,0000,3319
20040527,0000,3094
20040528,0000,3622
20040529,0000,4157
20040530,0000,3413
20040531,0000,2968
20040601,0000,3318
20040602,0000,3043
20040603,0000,2077
20040604,0000,3458
20040605,0000,2588
20040606,0000,1583
20040607,0000,2330
20040608,0000,3351
20040609,0000,1070
20040610,0000,1237
20040611,0000,1796
20040612,0000,2669
20040613,0000,2109
20040614,0000,2335
20040615,0000,2804
20040616,0000,2653
20040617,0000,2034
20040618,0000,2900
20040619,0000,2359
20040620,0000,1967
20040621,0000,1320
20040622,0000,2371
20040623,0000,2167
20040624,0000,3027
20040625,0000,2260
20040626,0000,1149
20040627,0000,2972
20040628,0000,1578
20040629,0000,1804
20040630,0000,2466
20040701,0000,1877
20040702,0000,2080
20040703,0000,1790
20040704,0000,1890
20040705,0000,2066
20040706,0000,2079
20040707,0000,1516
20040708,0000,1442
20040709,0000,1714
20040710,0000,1511
20040711,0000,1509
20040712,0000,1951
20040713,0000,2672
20040714,0000,1651
20040715,0000,1681
20040716,0000,3163
20040717,0000,2218
20040718,0000,1509
20040719,0000,2002
20040720,0000,2337
20040721,0000,2185
20040722,0000,3105
20040723,0000,2523
20040724,0000,3081
20040725,0000,1879
20040726,0000,2589
20040727,0000,2719
20040728,0000,3207
20040729,0000,2228
20040730,0000,1634
20040731,0000,2328
20040801,0000,1912
20040802,0000,2144
20040803,0000,2512
20040804,0000,2267
20040805,0000,3351
20040806,0000,1602
20040807,0000,2502
20040808,0000,2456
20040809,0000,3142
20040810,0000,2345
20040811,0000,1666
20040812,0000,3265
20040813,0000,1618
20040814,0000,2214
20040815,0000,2125
20040816,0000,2754
20040817,0000,2449
20040818,0000,2709
20040819,0000,2489
20040820,0000,2587
20040821,0000,2293
20040822,0000,1997
20040823,0000,3041
20040824,0000,2678
20040825,0000,3012
20040826,0000,1868
20040827,0000,2086
20040828,0000,2415
20040829,0000,2992
20040830,0000,1862
20040831,0000,2972
20040901,0000,2456
20040902,0000,1474
20040903,0000,1927
20040904,0000,1364
20040905,0000,2641
20040906,0000,1766
20040907,0000,2970
20040908,0000,1788
20040909,0000,2788
20040910,0000,975
20040911,0000,2468
20040912,0000,354
20040913,0000,1536
20040914,0000,1575
20040915,0000,1708
20040916,0000,2689
20040917,0000,1802
20040918,0000,1550
20040919,0000,1724
20040920,0000,1401
20040921,0000,1045
20040922,0000,3237
20040923,0000,1825
20040924,0000,2976
20040925,0000,1937
20040926,0000,1048
20040927,0000,2063
20040928,0000,2477
20040929,0000,2212
20040930,0000,1720
20041001,0000,1721
20041002,0000,1225
20041003,0000,1554
20041004,0000,2075
20041005,0000,1379
20041006,0000,2013
20041007,0000,1497
20041008,0000,1146
20041009,0000,1787
20041010,0000,2609
20041011,0000,827
20041012,0000,2112
20041013,0000,1502
20041014,0000,1778
20041015,0000,1102
20041016,0000,2102
20041017,0000,2176
20041018,0000,1545
20041019,0000,3163
20041020,0000,4072
20041021,0000,1330
20041022,0000,1923
20041023,0000,3204
20041024,0000,2974
20041025,0000,1612
20041026,0000,4779
20041027,0000,2298
20041028,0000,3248
20041029,0000,3595
20041030,0000,1488
20041031,0000,2902
20041101,0000,3123
20041102,0000,1940
20041103,0000,2940
20041104,0000,2256
20041105,0000,2581
20041106,0000,3207
20041107,0000,1768
20041108,0000,2729
20041109,0000,2683
20041110,0000,2205
20041111,0000,2248
20041112,0000,2874
20041113,0000,2239
20041114,0000,2370
20041115,0000,2755
20041116,0000,2861
20041117,0000,2615
20041118,0000,2534
20041119,0000,2638
20041120,0000,2545
20041121,0000,1735
20041122,0000,2810
20041123,0000,2779
20041124,0000,2375
20041125,0000,1770
20041126,0000,2461
20041127,0000,2818
20041128,0000,2535
20041129,0000,2485
20041130,0000,2683
20041201,0000,3086
20041202,0000,2738
20041203,0000,2645
20041204,0000,2743
20041205,0000,2332
20041206,0000,2091
20041207,0000,4319
20041208,0000,11160
20041209,0000,7595
20041210,0000,5618
20041211,0000,4472
20041212,0000,4357
20041213,0000,3887
20041214,0000,3157
20041215,0000,2215
20041216,0000,1611
20041217,0000,4165
20041218,0000,2232
20041219,0000,3204
20041220,0000,3237
20041221,0000,3069
20041222,0000,3589
20041223,0000,3101
20041224,0000,1792
20041225,0000,2801
20041226,0000,3164
20041227,0000,3166
20041228,0000,4861
20041229,0000,5317
20041230,0000,7545
20041231,0000,5741
20050101,0000,5174
20050102,0000,6329
20050103,0000,4382
20050104,0000,4491
20050105,0000,4731
20050106,0000,3969
20050107,0000,5860
20050108,0000,5086
20050109,0000,5769
20050110,0000,5076
20050111,0000,6591
20050112,0000,5253
20050113,0000,4710
20050114,0000,4264
20050115,0000,3436
20050116,0000,3523
20050117,0000,3954
20050118,0000,3476
20050119,0000,3725
20050120,0000,3979
20050121,0000,3820
20050122,0000,3820
20050123,0000,3796
20050124,0000,3878
20050125,0000,3966
20050126,0000,6781
20050127,0000,7680
20050128,0000,8095
20050129,0000,5534
20050130,0000,5836
20050131,0000,4985
20050201,0000,4526
20050202,0000,4130
20050203,0000,4120
20050204,0000,3805
20050205,0000,3615
20050206,0000,3553
20050207,0000,3787
20050208,0000,3073
20050209,0000,4685
20050210,0000,3807
20050211,0000,3797
20050212,0000,2853
20050213,0000,4289
20050214,0000,5926
20050215,0000,5481
20050216,0000,5602
20050217,0000,5028
20050218,0000,5077
20050219,0000,4538
20050220,0000,8918
20050221,0000,7144
20050222,0000,7506
20050223,0000,7002
20050224,0000,6399
20050225,0000,6049
20050226,0000,4770
20050227,0000,6363
20050228,0000,6531
20050301,0000,6322
20050302,0000,7965
20050303,0000,6853
20050304,0000,5389
20050305,0000,6640
20050306,0000,5738
20050307,0000,5845
20050308,0000,5666
20050309,0000,6222
20050310,0000,6594
20050311,0000,7127
20050312,0000,6963
20050313,0000,7318
20050314,0000,6609
20050315,0000,5320
20050316,0000,5657
20050317,0000,4682
20050318,0000,4741
20050319,0000,5818
20050320,0000,9580
20050321,0000,9985
20050322,0000,17364
20050323,0000,19506
20050324,0000,15127
20050325,0000,11811
20050326,0000,9636
20050327,0000,9931
20050328,0000,15222
20050329,0000,13892
20050330,0000,12361
20050331,0000,9809
20050401,0000,8410
20050402,0000,8887
20050403,0000,8937
20050404,0000,9311
20050405,0000,7810
20050406,0000,6094
20050407,0000,9036
20050408,0000,10512
20050409,0000,9421
20050410,0000,8493
20050411,0000,7530
20050412,0000,7058
20050413,0000,8064
20050414,0000,6731
20050415,0000,6853
20050416,0000,6474
20050417,0000,6961
20050418,0000,7585
20050419,0000,7027
20050420,0000,6744
20050421,0000,6468
20050422,0000,6710
20050423,0000,7534
20050424,0000,7869
20050425,0000,7306
20050426,0000,7001
20050427,0000,7334
20050428,0000,7800
20050429,0000,7569
20050430,0000,7447
20050501,0000,7455
20050502,0000,7355
20050503,0000,7160
20050504,0000,7844
20050505,0000,9220
20050506,0000,10300
20050507,0000,9509
20050508,0000,11480
20050509,0000,19796
20050510,0000,14010
20050511,0000,13210
20050512,0000,11134
20050513,0000,10899
20050514,0000,10701
20050515,0000,11623
20050516,0000,17022
20050517,0000,13818
20050518,0000,30740
20050519,0000,52965
20050520,0000,30158
20050521,0000,21127
20050522,0000,17992
20050523,0000,16360
20050524,0000,14655
20050525,0000,13626
20050526,0000,13178
20050527,0000,12515
20050528,0000,10928
20050529,0000,m
20050530,0000,8890
20050531,0000,8180
20050601,0000,9001
20050602,0000,6841
20050603,0000,7818
20050604,0000,8160
20050605,0000,5732
20050606,0000,7534
20050607,0000,5905
20050608,0000,6623
20050609,0000,9374
20050610,0000,5730
20050611,0000,6959
20050612,0000,7217
20050613,0000,6147
20050614,0000,5794
20050615,0000,5741
20050616,0000,5004
20050617,0000,6318
20050618,0000,5924
20050619,0000,5818
20050620,0000,3475
20050621,0000,4228
20050622,0000,4100
20050623,0000,4233
20050624,0000,3608
20050625,0000,3262
20050626,0000,4416
20050627,0000,4449
20050628,0000,2972
20050629,0000,3359
20050630,0000,3861
20050701,0000,4700
20050702,0000,2486
20050703,0000,4144
20050704,0000,2900
20050705,0000,3384
20050706,0000,2530
20050707,0000,2846
20050708,0000,3551
20050709,0000,2464
20050710,0000,1983
20050711,0000,3275
20050712,0000,2053
20050713,0000,2792
20050714,0000,3727
20050715,0000,2883
20050716,0000,2520
20050717,0000,3257
20050718,0000,3194
20050719,0000,3126
20050720,0000,3875
20050721,0000,1859
20050722,0000,2957
20050723,0000,3246
20050724,0000,2977
20050725,0000,3687
20050726,0000,2354
20050727,0000,3204
20050728,0000,3483
20050729,0000,2353
20050730,0000,3277
20050731,0000,3439
20050801,0000,3348
20050802,0000,3082
20050803,0000,3512
20050804,0000,3486
20050805,0000,2621
20050806,0000,3656
20050807,0000,3006
20050808,0000,2307
20050809,0000,3048
20050810,0000,3621
20050811,0000,1630
20050812,0000,3319
20050813,0000,3528
20050814,0000,3009
20050815,0000,1972
20050816,0000,2748
20050817,0000,2926
20050818,0000,2517
20050819,0000,3189
20050820,0000,3054
20050821,0000,3819
20050822,0000,2428
20050823,0000,3787
20050824,0000,2033
20050825,0000,2933
20050826,0000,3972
20050827,0000,1980
20050828,0000,2766
20050829,0000,3041
20050830,0000,3211
20050831,0000,2720
20050901,0000,2997
20050902,0000,3682
20050903,0000,2863
20050904,0000,2659
20050905,0000,2640
20050906,0000,1809
20050907,0000,2793
20050908,0000,2840
20050909,0000,2880
20050910,0000,3776
20050911,0000,2517
20050912,0000,3134
20050913,0000,1763
20050914,0000,1970
20050915,0000,2724
20050916,0000,2881
20050917,0000,2141
20050918,0000,2539
20050919,0000,2100
20050920,0000,2702
20050921,0000,3178
20050922,0000,3272
20050923,0000,1769
20050924,0000,2643
20050925,0000,2758
20050926,0000,2691
20050927,0000,3010
20050928,0000,2611
20050929,0000,3158
20050930,0000,1990
20051001,0000,3016
20051002,0000,1862
20051003,0000,1808
20051004,0000,1615
20051005,0000,2325
20051006,0000,3026
20051007,0000,1687
20051008,0000,1603
20051009,0000,2980
20051010,0000,2248
20051011,0000,1530
20051012,0000,2911
20051013,0000,2255
20051014,0000,1607
20051015,0000,2410
20051016,0000,2924
20051017,0000,2264
20051018,0000,1021
20051019,0000,2355
20051020,0000,2243
20051021,0000,2373
20051022,0000,3017
20051023,0000,2122
20051024,0000,1758
20051025,0000,543
20051026,0000,1837
20051027,0000,1779
20051028,0000,3244
20051029,0000,1747
20051030,0000,1779
20051031,0000,825
20051101,0000,1322
20051102,0000,1377
20051103,0000,2905
20051104,0000,2855
20051105,0000,2071
20051106,0000,1702
20051107,0000,2589
20051108,0000,7514
20051109,0000,2790
20051110,0000,2257
20051111,0000,1466
20051112,0000,2760
20051113,0000,1338
20051114,0000,1937
20051115,0000,2861
20051116,0000,1692
20051117,0000,2365
20051118,0000,1985
20051119,0000,1988
20051120,0000,2629
20051121,0000,1187
20051122,0000,2057
20051123,0000,2585
20051124,0000,1615
20051125,0000,1253
20051126,0000,1992
20051127,0000,1863
20051128,0000,1341
20051129,0000,3503
20051130,0000,2456
20051201,0000,22567
20051202,0000,16667
20051203,0000,6495
20051204,0000,4296
20051205,0000,3802
20051206,0000,3599
20051207,0000,3245
20051208,0000,3037
20051209,0000,3216
20051210,0000,2607
20051211,0000,2730
20051212,0000,2985
20051213,0000,3316
20051214,0000,2923
20051215,0000,2933
20051216,0000,2349
20051217,0000,2266
20051218,0000,8147
20051219,0000,18141
20051220,0000,11519
20051221,0000,17076
20051222,0000,52362
20051223,0000,29846
20051224,0000,16173
20051225,0000,24624
20051226,0000,26998
20051227,0000,19136
20051228,0000,57998
20051229,0000,34603
20051230,0000,46563
20051231,0000,127863
20060101,0000,66973
20060102,0000,48592
20060103,0000,33032
20060104,0000,26735
20060105,0000,20950
20060106,0000,17456
20060107,0000,16035
20060108,0000,15256
20060109,0000,13433
20060110,0000,12422
20060111,0000,13728
20060112,0000,11601
20060113,0000,12180
20060114,0000,14663
20060115,0000,12845
20060116,0000,11057
20060117,0000,11620
20060118,0000,13400
20060119,0000,12390
20060120,0000,10899
20060121,0000,10668
20060122,0000,9498
20060123,0000,9547
20060124,0000,9087
20060125,0000,9071
20060126,0000,9055
20060127,0000,7987
20060128,0000,10758
20060129,0000,10040
20060130,0000,12045
20060131,0000,11912
20060201,0000,13389
20060202,0000,18884
20060203,0000,15363
20060204,0000,17404
20060205,0000,15598
20060206,0000,14009
20060207,0000,12687
20060208,0000,11934
20060209,0000,11322
20060210,0000,10711
20060211,0000,9349
20060212,0000,8371
20060213,0000,8230
20060214,0000,7741
20060215,0000,6689
20060216,0000,7252
20060217,0000,8338
20060218,0000,7191
20060219,0000,6114
20060220,0000,7625
20060221,0000,6476
20060222,0000,6410
20060223,0000,6408
20060224,0000,6541
20060225,0000,5134
20060226,0000,7313
20060227,0000,29076
20060228,0000,53196
20060301,0000,33386
20060302,0000,27091
20060303,0000,21762
20060304,0000,18724
20060305,0000,19008
20060306,0000,25176
20060307,0000,22210
20060308,0000,18581
20060309,0000,16294
20060310,0000,14569
20060311,0000,12870
20060312,0000,12270
20060313,0000,12283
20060314,0000,13507
20060315,0000,10958
20060316,0000,12035
20060317,0000,15493
20060318,0000,12172
20060319,0000,12405
20060320,0000,11689
20060321,0000,9921
20060322,0000,11187
20060323,0000,9427
20060324,0000,13194
20060325,0000,34124
20060326,0000,26138
20060327,0000,21252
20060328,0000,24645
20060329,0000,21974
20060330,0000,18906
20060331,0000,19525
20060401,0000,17318
20060402,0000,16766
20060403,0000,43496
20060404,0000,43947
20060405,0000,35685
20060406,0000,29175
20060407,0000,24825
20060408,0000,24472
20060409,0000,21034
20060410,0000,20622
20060411,0000,21620
20060412,0000,29067
20060413,0000,25339
20060414,0000,23004
20060415,0000,26317
20060416,0000,40397
20060417,0000,31303
20060418,0000,26563
20060419,0000,25519
20060420,0000,24272
20060421,0000,24010
20060422,0000,24742
20060423,0000,24265
20060424,0000,24361
20060425,0000,23572
20060426,0000,23899
20060427,0000,23751
20060428,0000,26187
20060429,0000,27986
20060430,0000,29050
20060501,0000,27807
20060502,0000,25748
20060503,0000,23580
20060504,0000,22400
20060505,0000,21481
20060506,0000,20764
20060507,0000,20200
20060508,0000,19889
20060509,0000,19983
20060510,0000,19483
20060511,0000,19454
20060512,0000,19934
20060513,0000,18620
20060514,0000,18307
20060515,0000,17396
20060516,0000,19669
20060517,0000,20070
20060518,0000,20258
20060519,0000,19358
20060520,0000,19477
20060521,0000,17186
20060522,0000,18953
20060523,0000,16622
20060524,0000,15522
20060525,0000,14701
20060526,0000,13425
20060527,0000,13006
20060528,0000,12459
20060529,0000,11365
20060530,0000,11056
20060531,0000,11153
20060601,0000,10861
20060602,0000,10416
20060603,0000,10289
20060604,0000,10505
20060605,0000,10279
20060606,0000,9767
20060607,0000,9293
20060608,0000,8795
20060609,0000,7681
20060610,0000,7229
20060611,0000,7417
20060612,0000,7298
20060613,0000,7325
20060614,0000,5917
20060615,0000,6894
20060616,0000,6175
20060617,0000,5224
20060618,0000,6684
20060619,0000,5385
20060620,0000,5565
20060621,0000,4764
20060622,0000,5178
20060623,0000,5669
20060624,0000,4217
20060625,0000,4194
20060626,0000,5761
20060627,0000,5107
20060628,0000,4461
20060629,0000,3473
20060630,0000,4093
20060701,0000,4085
20060702,0000,4390
20060703,0000,3448
20060704,0000,3276
20060705,0000,3164
20060706,0000,2636
20060707,0000,3119
20060708,0000,3131
20060709,0000,4138
20060710,0000,3014
20060711,0000,2430
20060712,0000,3020
20060713,0000,3429
20060714,0000,2301
20060715,0000,2946
20060716,0000,3417
20060717,0000,2234
20060718,0000,3711
20060719,0000,2321
20060720,0000,3040
20060721,0000,3618
20060722,0000,2085
20060723,0000,3629
20060724,0000,3504
20060725,0000,2990
20060726,0000,3518
20060727,0000,2823
20060728,0000,3780
20060729,0000,2725
20060730,0000,2202
20060731,0000,2672
20060801,0000,2938
20060802,0000,2698
20060803,0000,2603
20060804,0000,2402
20060805,0000,2381
20060806,0000,2958
20060807,0000,2794
20060808,0000,3032
20060809,0000,3906
20060810,0000,2092
20060811,0000,3381
20060812,0000,2696
20060813,0000,2570
20060814,0000,3945
20060815,0000,2092
20060816,0000,2735
20060817,0000,3196
20060818,0000,3414
20060819,0000,2946
20060820,0000,2968
20060821,0000,2095
20060822,0000,2293
20060823,0000,2734
20060824,0000,2171
20060825,0000,2444
20060826,0000,2063
20060827,0000,3498
20060828,0000,3467
20060829,0000,2532
20060830,0000,3068
20060831,0000,3726
20060901,0000,2100
20060902,0000,2943
20060903,0000,2816
20060904,0000,3355
20060905,0000,1160
20060906,0000,2457
20060907,0000,3537
20060908,0000,1015
20060909,0000,3343
20060910,0000,2512
20060911,0000,2197
20060912,0000,2544
20060913,0000,1814
20060914,0000,2729
20060915,0000,2191
20060916,0000,2334
20060917,0000,1560
20060918,0000,2774
20060919,0000,2378
20060920,0000,2825
20060921,0000,1294
20060922,0000,3236
20060923,0000,2232
20060924,0000,2323
20060925,0000,1538
20060926,0000,2737
20060927,0000,2608
20060928,0000,2457
20060929,0000,467
20060930,0000,773
20061001,0000,2600
20061002,0000,1942
20061003,0000,2422
20061004,0000,2105
20061005,0000,2264
20061006,0000,1156
20061007,0000,3411
20061008,0000,2510
20061009,0000,2182
20061010,0000,1534
20061011,0000,1806
20061012,0000,2174
20061013,0000,2955
20061014,0000,2682
20061015,0000,3323
20061016,0000,2270
20061017,0000,3172
20061018,0000,3144
20061019,0000,2742
20061020,0000,2860
20061021,0000,2884
20061022,0000,2861
20061023,0000,2819
20061024,0000,2354
20061025,0000,2230
20061026,0000,3640
20061027,0000,2821
20061028,0000,2977
20061029,0000,2804
20061030,0000,2070
20061031,0000,3204
20061101,0000,3461
20061102,0000,2576
20061103,0000,3835
20061104,0000,2428
20061105,0000,3067
20061106,0000,2368
20061107,0000,1983
20061108,0000,2218
20061109,0000,3094
20061110,0000,1869
20061111,0000,3322
20061112,0000,3505
20061113,0000,3249
20061114,0000,3502
20061115,0000,3034
20061116,0000,2590
20061117,0000,3860
20061118,0000,4152
20061119,0000,4236
20061120,0000,4281
20061121,0000,3527
20061122,0000,3815
20061123,0000,3930
20061124,0000,3335
20061125,0000,3341
20061126,0000,3584
20061127,0000,2965
20061128,0000,3476
20061129,0000,3092
20061130,0000,2111
20061201,0000,4099
20061202,0000,2924
20061203,0000,3115
20061204,0000,2792
20061205,0000,2629
20061206,0000,3307
20061207,0000,3224
20061208,0000,2512
20061209,0000,6536
20061210,0000,6459
20061211,0000,4936
20061212,0000,7759
20061213,0000,9174
20061214,0000,9108
20061215,0000,9494
20061216,0000,6445
20061217,0000,4125
20061218,0000,5147
20061219,0000,4003
20061220,0000,4285
20061221,0000,5064
20061222,0000,4785
20061223,0000,5246
20061224,0000,4425
20061225,0000,3314
20061226,0000,4578
20061227,0000,9334
20061228,0000,3367
20061229,0000,2450
20061230,0000,2177
20061231,0000,2254
20070101,0000,2157
20070102,0000,2259
20070103,0000,2055
20070104,0000,3637
20070105,0000,2556
20070106,0000,2177
20070107,0000,1723
20070108,0000,1668
20070109,0000,1593
20070110,0000,1224
20070111,0000,m

