Title: "ORO.csv"

5393,PST,'RESERVOIR STORAGE (af)'
19671001,0000,1000
19671101,0000,39850
19671201,0000,165530
19680101,0000,390150
19680201,0000,1065600
19680301,0000,1485700
19680401,0000,1699400
19680501,0000,1715300
19680601,0000,1671700
19680701,0000,1644400
19680801,0000,1648600
19680901,0000,1677600
19681001,0000,1705000
19681101,0000,1797700
19681201,0000,2066100
19690101,0000,2785200
19690201,0000,2756600
19690301,0000,2935200
19690401,0000,3013600
19690501,0000,3334700
19690601,0000,3491500
19690701,0000,3366000
19690801,0000,3030900
19690901,0000,2780300
19691001,0000,2764300
19691101,0000,2796200
19691201,0000,2919700
19700101,0000,2803100
19700201,0000,2789500
19700301,0000,2937700
19700401,0000,3006600
19700501,0000,3094500
19700601,0000,2991900
19700701,0000,2867000
19700801,0000,2685900
19700901,0000,2541800
19701001,0000,2461300
19701101,0000,2655700
19701201,0000,2795200
19710101,0000,2806100
19710201,0000,3091500
19710301,0000,3247300
19710401,0000,3265500
19710501,0000,3523400
19710601,0000,3513900
19710701,0000,3352600
19710801,0000,3034600
19710901,0000,2730400
19711001,0000,2730800
19711101,0000,2680600
19711201,0000,2601300
19720101,0000,2719000
19720201,0000,2821800
19720301,0000,3206800
19720401,0000,3424000
19720501,0000,3463400
19720601,0000,3235300
19720701,0000,3018500
19720801,0000,2766300
19720901,0000,2611500
19721001,0000,2483800
19721101,0000,2638900
19721201,0000,2861200
19730101,0000,2812800
19730201,0000,2875600
19730301,0000,2982400
19730401,0000,3315000
19730501,0000,3514600
19730601,0000,3389200
19730701,0000,3138700
19730801,0000,2866900
19730901,0000,2728500
19731001,0000,2687400
19731101,0000,2789200
19731201,0000,2811600
19740101,0000,2825700
19740201,0000,2847600
19740301,0000,3326200
19740401,0000,3222700
19740501,0000,3442100
19740601,0000,3513100
19740701,0000,3184000
19740801,0000,2757700
19740901,0000,2397000
19741001,0000,2072610
19741101,0000,1840100
19741201,0000,1667210
19750101,0000,1662100
19750201,0000,2016100
19750301,0000,2673600
19750401,0000,3127100
19750501,0000,3385600
19750601,0000,3475900
19750701,0000,3224900
19750801,0000,2983900
19750901,0000,2857500
19751001,0000,2808600
19751101,0000,2751600
19751201,0000,2582700
19760101,0000,2679000
19760201,0000,2751500
19760301,0000,2860000
19760401,0000,2751500
19760501,0000,2632700
19760601,0000,2422100
19760701,0000,2113300
19760801,0000,1927300
19760901,0000,1827900
19761001,0000,1743300
19761101,0000,1686300
19761201,0000,1627300
19770101,0000,1605900
19770201,0000,1572410
19770301,0000,1564500
19770401,0000,1406800
19770501,0000,1353400
19770601,0000,1203000
19770701,0000,996900
19770801,0000,891800
19770901,0000,915200
19771001,0000,905300
19771101,0000,917700
19771201,0000,1119920
19780101,0000,2030400
19780201,0000,2525100
19780301,0000,2841600
19780401,0000,3168400
19780501,0000,3344500
19780601,0000,3330700
19780701,0000,3021900
19780801,0000,2795200
19780901,0000,2744200
19781001,0000,2727900
19781101,0000,2707300
19781201,0000,2653000
19790101,0000,2771600
19790201,0000,2901000
19790301,0000,3059600
19790401,0000,3294400
19790501,0000,3502100
19790601,0000,3328500
19790701,0000,3037800
19790801,0000,2769200
19790901,0000,2672200
19791001,0000,2700900
19791101,0000,2747100
19791201,0000,2814000
19800101,0000,2735500
19800201,0000,2867800
19800301,0000,2893200
19800401,0000,3174600
19800501,0000,3344200
19800601,0000,3117800
19800701,0000,2885100
19800801,0000,2660500
19800901,0000,2611200
19801001,0000,2598600
19801101,0000,2619100
19801201,0000,2732400
19810101,0000,2881000
19810201,0000,3086600
19810301,0000,3259700
19810401,0000,3404300
19810501,0000,3252800
19810601,0000,3111600
19810701,0000,2672900
19810801,0000,2446700
19810901,0000,2354400
19811001,0000,2381800
19811101,0000,2891300
19811201,0000,2861400
19820101,0000,2778100
19820201,0000,2955020
19820301,0000,3009590
19820401,0000,3273600
19820501,0000,3514600
19820601,0000,3490100
19820701,0000,3318300
19820801,0000,3000200
19820901,0000,2775100
19821001,0000,2743700
19821101,0000,2829700
19821201,0000,2808800
19830101,0000,2804200
19830201,0000,2868800
19830301,0000,2834600
19830401,0000,2935300
19830501,0000,3309400
19830601,0000,3491300
19830701,0000,3280300
19830801,0000,3036100
19830901,0000,2818300
19831001,0000,2731800
19831101,0000,2837700
19831201,0000,2830800
19840101,0000,2754100
19840201,0000,2887500
19840301,0000,3092200
19840401,0000,3321400
19840501,0000,3363600
19840601,0000,3234100
19840701,0000,2860700
19840801,0000,2633100
19840901,0000,2529300
19841001,0000,2538300
19841101,0000,2699100
19841201,0000,2672700
19850101,0000,2718000
19850201,0000,2829700
19850301,0000,3002000
19850401,0000,3263300
19850501,0000,3064200
19850601,0000,2718000
19850701,0000,2413900
19850801,0000,2171300
19850901,0000,2132400
19851001,0000,2065500
19851101,0000,2007700
19851201,0000,2097900
19860101,0000,2429300
19860201,0000,2910900
19860301,0000,2880300
19860401,0000,3193300
19860501,0000,3287500
19860601,0000,3259800
19860701,0000,2945400
19860801,0000,2757000
19860901,0000,2660900
19861001,0000,2593800
19861101,0000,2607400
19861201,0000,2564100
19870101,0000,2584100
19870201,0000,2743700
19870301,0000,3078000
19870401,0000,3077900
19870501,0000,2928400
19870601,0000,2661900
19870701,0000,2290153
19870801,0000,2052510
19870901,0000,1978538
19871001,0000,1976965
19871101,0000,2069358
19871201,0000,2388007
19880101,0000,2649289
19880201,0000,2701689
19880301,0000,2661680
19880401,0000,2552740
19880501,0000,2478918
19880601,0000,2238794
19880701,0000,1867685
19880801,0000,1645221
19880901,0000,1528900
19881001,0000,1506898
19881101,0000,1605991
19881201,0000,1660266
19890101,0000,1699766
19890201,0000,1716489
19890301,0000,2867122
19890401,0000,3343930
19890501,0000,3278807
19890601,0000,3092775
19890701,0000,2628087
19890801,0000,2283529
19890901,0000,2150283
19891001,0000,2145723
19891101,0000,2125012
19891201,0000,1888799
19900101,0000,1895501
19900201,0000,1935355
19900301,0000,2091865
19900401,0000,1871358
19900501,0000,1727608
19900601,0000,1692620
19900701,0000,1446234
19900801,0000,1187386
19900901,0000,1163259
19901001,0000,1173203
19901101,0000,1155535
19901201,0000,987094
19910101,0000,921058
19910201,0000,937977
19910301,0000,1320262
19910401,0000,1599577
19910501,0000,1684654
19910601,0000,1570271
19910701,0000,1449685
19910801,0000,1388101
19910901,0000,1399251
19911001,0000,1353409
19911101,0000,1331087
19911201,0000,1265734
19920101,0000,1277365
19920201,0000,1535990
19920301,0000,1775113
19920401,0000,2017514
19920501,0000,1879385
19920601,0000,1746733
19920701,0000,1562893
19920801,0000,1406168
19920901,0000,1316867
19921001,0000,1305700
19921101,0000,1294128
19921201,0000,1402048
19930101,0000,2001921
19930201,0000,2509679
19930301,0000,2935879
19930401,0000,3273870
19930501,0000,3515972
19930601,0000,3487573
19930701,0000,3118405
19930801,0000,2710315
19930901,0000,2665948
19931001,0000,2657674
19931101,0000,2627062
19931201,0000,2429938
19940101,0000,2410233
19940201,0000,2488895
19940301,0000,2624062
19940401,0000,2636169
19940501,0000,2532082
19940601,0000,2316197
19940701,0000,2024329
19940801,0000,1806248
19940901,0000,1683158
19941001,0000,1585818
19941101,0000,1567602
19941201,0000,1668244
19950101,0000,2708222
19950201,0000,2641052
19950301,0000,2773891
19950401,0000,3159172
19950501,0000,3452965
19950601,0000,3512826
19950701,0000,3428021
19950801,0000,3181820
19950901,0000,2897173
19951001,0000,2800576
19951101,0000,2775753
19951201,0000,2702081
19960101,0000,2750028
19960201,0000,2729463
19960301,0000,2985016
19960401,0000,3243172
19960501,0000,3504341
19960601,0000,3441019
19960701,0000,3052191
19960801,0000,2743821
19960901,0000,2735516
19961001,0000,2683587
19961101,0000,2715028
19961201,0000,2929103
19970101,0000,2860051
19970201,0000,2675667
19970301,0000,2962255
19970401,0000,3222432
19970501,0000,3187389
19970601,0000,2970340
19970701,0000,2441723
19970801,0000,2201798
19970901,0000,2139728
19971001,0000,2032123
19971101,0000,2061894
19971201,0000,2224172
19980101,0000,2654963
19980201,0000,2713849
19980301,0000,2812374
19980401,0000,3025675
19980501,0000,3301917
19980601,0000,3524003
19980701,0000,3340440
19980801,0000,3059166
19980901,0000,2831485
19981001,0000,2721845
19981101,0000,2889913
19981201,0000,2687877
19990101,0000,2767779
19990201,0000,2791483
19990301,0000,2941141
19990401,0000,3246589
19990501,0000,3454519
19990601,0000,3419375
19990701,0000,2865217
19990801,0000,2577812
19990901,0000,2427271
19991001,0000,2294809
19991101,0000,2287827
19991201,0000,2186332
20000101,0000,2345401
20000201,0000,2765788
20000301,0000,2838641
20000401,0000,3107588
20000501,0000,3127657
20000601,0000,2874068
20000701,0000,2413006
20000801,0000,2033621
20000901,0000,1919813
20001001,0000,1834794
20001101,0000,1761851
20001201,0000,1724943
20010101,0000,1737247
20010201,0000,1842156
20010301,0000,2048313
20010401,0000,2188360
20010501,0000,2118837
20010601,0000,1918269
20010701,0000,1730944
20010801,0000,1539412
20010901,0000,1487684
20011001,0000,1433405
20011101,0000,1416920
20011201,0000,1595882
20020101,0000,1915916
20020201,0000,2120160
20020301,0000,2414816
20020401,0000,2659095
20020501,0000,2639503
20020601,0000,2353690
20020701,0000,1883126
20020801,0000,1539412
20020901,0000,1399662
20021001,0000,1280304
20021101,0000,1227434
20021201,0000,1624336
20030101,0000,2153511
20030201,0000,2259701
20030301,0000,2634628
20030401,0000,3073436
20030501,0000,3512826
20030601,0000,3461356
20030701,0000,2850416
20030801,0000,2458192
20030901,0000,2283761
20031001,0000,2185994
20031101,0000,2072284
20031201,0000,2248197
20040101,0000,2458925
20040201,0000,2862905
20040301,0000,3066010
20040401,0000,3048779
20040501,0000,3041820
20040601,0000,2757705
20040701,0000,2265364
20040801,0000,1885961
20040901,0000,1752980
20041001,0000,1665639
20041101,0000,1604002
20041201,0000,1644209
20050101,0000,1814709
20050201,0000,2023476
20050301,0000,2457576
20050401,0000,2841886
20050501,0000,3495082
20050601,0000,3480532
20050701,0000,3255959
20050801,0000,3032324
20050901,0000,2877345
20051001,0000,2740131
20051101,0000,2615801
20051201,0000,2924550
20060101,0000,2790281
20060201,0000,3007906
20060301,0000,2898959
20060401,0000,3136502
20060501,0000,3479595
20060601,0000,3476472
20060701,0000,3258938
20060801,0000,3014386
20060901,0000,2832969
20061001,0000,2759691
20061101,0000,2679694
20061201,0000,2792688
20070101,0000,m

