Date,PST,Outflow
19900101,0000,100
19900102,0000,75
19900103,0000,50
19900104,0000,51
19900105,0000,50
19900106,0000,50
19900107,0000,51
19900108,0000,1507
19900109,0000,1044
19900110,0000,271
19900111,0000,341
19900112,0000,348
19900113,0000,550
19900114,0000,1530
19900115,0000,1535
19900116,0000,1040
19900117,0000,350
19900118,0000,335
19900119,0000,356
19900120,0000,405
19900121,0000,345
19900122,0000,349
19900123,0000,344
19900124,0000,532
19900125,0000,440
19900126,0000,445
19900127,0000,440
19900128,0000,578
19900129,0000,534
19900130,0000,531
19900131,0000,554
19900201,0000,471
19900202,0000,444
19900203,0000,366
19900204,0000,50
19900205,0000,50
19900206,0000,50
19900207,0000,464
19900208,0000,108
19900209,0000,110
19900210,0000,112
19900211,0000,108
19900212,0000,68
19900213,0000,80
19900214,0000,86
19900215,0000,455
19900216,0000,50
19900217,0000,3
19900218,0000,50
19900219,0000,0
19900220,0000,60
19900221,0000,51
19900222,0000,50
19900223,0000,68
19900224,0000,50
19900225,0000,50
19900226,0000,104
19900227,0000,50
19900228,0000,50
19900301,0000,50
19900302,0000,50
19900303,0000,1143
19900304,0000,586
19900305,0000,54
19900306,0000,50
19900307,0000,846
19900308,0000,90
19900309,0000,87
19900310,0000,80
19900311,0000,50
19900312,0000,50
19900313,0000,414
19900314,0000,64
19900315,0000,74
19900316,0000,527
19900317,0000,50
19900318,0000,0
19900319,0000,562
19900320,0000,50
19900321,0000,84
19900322,0000,304
19900323,0000,50
19900324,0000,50
19900325,0000,50
19900326,0000,54
19900327,0000,86
19900328,0000,66
19900329,0000,77
19900330,0000,544
19900331,0000,57
19900401,0000,52
19900402,0000,51
19900403,0000,50
19900404,0000,50
19900405,0000,50
19900406,0000,54
19900407,0000,51
19900408,0000,50
19900409,0000,50
19900410,0000,50
19900411,0000,50
19900412,0000,50
19900413,0000,54
19900414,0000,50
19900415,0000,50
19900416,0000,250
19900417,0000,50
19900418,0000,50
19900419,0000,50
19900420,0000,50
19900421,0000,50
19900422,0000,50
19900423,0000,50
19900424,0000,50
19900425,0000,50
19900426,0000,50
19900427,0000,54
19900428,0000,63
19900429,0000,50
19900430,0000,53
19900501,0000,52
19900502,0000,50
19900503,0000,52
19900504,0000,50
19900505,0000,51
19900506,0000,50
19900507,0000,50
19900508,0000,50
19900509,0000,50
19900510,0000,50
19900511,0000,50
19900512,0000,50
19900513,0000,50
19900514,0000,50
19900515,0000,136
19900516,0000,50
19900517,0000,50
19900518,0000,50
19900519,0000,50
19900520,0000,50
19900521,0000,50
19900522,0000,50
19900523,0000,50
19900524,0000,50
19900525,0000,52
19900526,0000,63
19900527,0000,2304
19900528,0000,4242
19900529,0000,4224
19900530,0000,4225
19900531,0000,2011
19900601,0000,573
19900602,0000,578
19900603,0000,564
19900604,0000,493
19900605,0000,374
19900606,0000,50
19900607,0000,50
19900608,0000,50
19900609,0000,50
19900610,0000,50
19900611,0000,619
19900929,0000,3068
19900930,0000,3039
19940101,0000,94
19940102,0000,493
19940103,0000,200
19940104,0000,200
19940105,0000,184
19940106,0000,103
19940107,0000,50
19940108,0000,68
19940109,0000,63
19940110,0000,69
19940111,0000,50
19940112,0000,66
19940113,0000,50
19940114,0000,50
19940115,0000,50
19940116,0000,50
19940117,0000,50
19940118,0000,50
19940119,0000,50
19940120,0000,50
19940121,0000,50
19940122,0000,50
19940123,0000,131
19940124,0000,108
19940125,0000,222
19940126,0000,1044
19940127,0000,1043
19940128,0000,1194
19940129,0000,1178
19940130,0000,1185
19940131,0000,691
19941101,0000,218
19941102,0000,218
19941103,0000,330
19941104,0000,567
19941105,0000,580
19941106,0000,600
19941107,0000,1261
19941108,0000,881
19941109,0000,1091
19941110,0000,1108
19941111,0000,1112
19941112,0000,607
19941113,0000,761
19941114,0000,761
19941115,0000,411
19941116,0000,265
19941117,0000,450
19941118,0000,117
19941119,0000,117
19941120,0000,182
19941121,0000,50
19941122,0000,100
19941123,0000,100
19941124,0000,180
19941125,0000,197
19941126,0000,111
19941127,0000,67
19941128,0000,147
19941129,0000,84
19941130,0000,100
19941201,0000,129
19941202,0000,75
19941203,0000,91
19941204,0000,97
19941205,0000,100
19941206,0000,132
19941207,0000,359
19941208,0000,373
19941209,0000,367
19941210,0000,363
19941211,0000,373
19941212,0000,373
19941213,0000,359
19941214,0000,359
19941215,0000,427
19941216,0000,416
19941217,0000,387
19941218,0000,354
19941219,0000,379
19941220,0000,369
19941221,0000,359
19941222,0000,359
19941223,0000,101
19941224,0000,101
19941225,0000,155
19941226,0000,100
19941227,0000,100
19941228,0000,52
19941229,0000,123
19941230,0000,142
19941231,0000,382
19950101,0000,m
19950102,0000,352
19950103,0000,399
19950104,0000,m
19950105,0000,1048
19950106,0000,381
19950107,0000,372
19950108,0000,2326
19950109,0000,1422
19950110,0000,4483
19950111,0000,7132
19950112,0000,8266
19950113,0000,7489
19950114,0000,m
19950115,0000,7814
19950116,0000,5721
19950117,0000,4379
19950118,0000,4381
19950119,0000,4381
19950120,0000,4201
19950121,0000,4350
19950122,0000,4308
19950123,0000,411
19950124,0000,4402
19950125,0000,4423
19950126,0000,4374
19950127,0000,m
19950128,0000,m
19950129,0000,4283
19950130,0000,4318
19950131,0000,2667
19950201,0000,4045
19950202,0000,4029
19950203,0000,4276
19950204,0000,m
19950205,0000,m
19950206,0000,2345
19950207,0000,1520
19950208,0000,1198
19950209,0000,820
19950210,0000,m
19950211,0000,962
19950212,0000,1660
19950213,0000,340
19950214,0000,352
19950215,0000,m
19950216,0000,590
19950217,0000,370
19950218,0000,296
19950219,0000,348
19950220,0000,302
19950221,0000,375
19950222,0000,m
19950223,0000,881
19950224,0000,348
19950225,0000,525
19950226,0000,m
19950227,0000,353
19950228,0000,647
19950301,0000,m
19950302,0000,302
19950303,0000,304
19950304,0000,939
19950305,0000,2253
19950306,0000,322
19950307,0000,302
19950308,0000,318
19950309,0000,322
19950310,0000,1642
19950311,0000,4154
19950312,0000,4139
19950313,0000,4118
19950314,0000,4305
19950315,0000,4270
19950316,0000,2574
19950317,0000,376
19950318,0000,2397
19950319,0000,4323
19950320,0000,4187
19950321,0000,4360
19950322,0000,4370
19950323,0000,3658
19950324,0000,4255
19950325,0000,4254
19950326,0000,4275
19950327,0000,1981
19950328,0000,756
19950329,0000,1088
19950330,0000,986
19950331,0000,1224
19950401,0000,322
19950402,0000,520
19950403,0000,1464
19950404,0000,1972
19950405,0000,1989
19950406,0000,1964
19950407,0000,1088
19950408,0000,1806
19950409,0000,2053
19950410,0000,1844
19950411,0000,2044
19950412,0000,2043
19950413,0000,2038
19950414,0000,1807
19950415,0000,315
19950416,0000,318
19950417,0000,318
19950418,0000,313
19950419,0000,800
19950420,0000,398
19950421,0000,1174
19950422,0000,1389
19950423,0000,1808
19950424,0000,1933
19950425,0000,1801
19950426,0000,1803
19950427,0000,1818
19950428,0000,974
19950429,0000,1063
19950430,0000,1095
19950501,0000,1098
19950502,0000,1084
19950503,0000,1309
19950504,0000,1304
19950505,0000,1084
19950506,0000,545
19950507,0000,535
19950508,0000,528
19950509,0000,572
19950510,0000,578
19950511,0000,597
19950512,0000,m
19950513,0000,579
19950514,0000,622
19950515,0000,569
19950516,0000,1176
19950517,0000,1741
19950518,0000,2443
19950519,0000,570
19950520,0000,320
19950521,0000,3528
19950522,0000,3447
19950523,0000,4108
19950524,0000,3799
19950525,0000,4102
19950526,0000,4117
19950527,0000,3852
19950528,0000,3843
19950529,0000,m
19950530,0000,3888
19950531,0000,3871
19950601,0000,3872
19950602,0000,4110
19950603,0000,3866
19950604,0000,3404
19950605,0000,3452
19950606,0000,3856
19950607,0000,3900
19950608,0000,4006
19950609,0000,3118
19950610,0000,3467
19950611,0000,3578
19950612,0000,3642
19950613,0000,3634
19950614,0000,3511
19950615,0000,4186
19950616,0000,2908
19950617,0000,3680
19950618,0000,3700
19950619,0000,3707
19950620,0000,m
19950621,0000,3414
19950622,0000,3379
19950623,0000,3719
19950624,0000,3383
19950625,0000,3199
19950626,0000,3309
19950627,0000,3723
19950628,0000,3252
19950629,0000,3141
19950630,0000,3147
19950701,0000,3410
19950702,0000,4014
19950703,0000,3729
19950704,0000,3315
19950705,0000,3312
19950706,0000,3280
19950707,0000,3460
19950708,0000,3458
19950709,0000,3416
19950710,0000,m
19950711,0000,3419
19950712,0000,3424
19950713,0000,3351
19950714,0000,3282
19950715,0000,3292
19950716,0000,3311
19950717,0000,3307
19950718,0000,3288
19950719,0000,3292
19950720,0000,3076
19950721,0000,3287
19950722,0000,3093
19950723,0000,3069
19950724,0000,m
19950725,0000,3075
19950726,0000,3474
19950727,0000,3473
19950728,0000,m
19950729,0000,3279
19950730,0000,m
19950731,0000,m
19950801,0000,3260
19950802,0000,3277
19950803,0000,3432
19950804,0000,3255
19950805,0000,3294
19950806,0000,3458
19950807,0000,3450
19950808,0000,m
19950809,0000,3353
19950810,0000,m
19950811,0000,m
19950812,0000,m
19950813,0000,3203
19950814,0000,3464
19950815,0000,m
19950816,0000,m
19950817,0000,2908
19950818,0000,3172
19950819,0000,2894
19950820,0000,2340
19950821,0000,3268
19950822,0000,3347
19950823,0000,2443
19950824,0000,2637
19950825,0000,2794
19950826,0000,m
19950827,0000,3236
19950828,0000,3230
19950829,0000,3080
19950830,0000,3261
19950831,0000,2669
19950901,0000,m
19950902,0000,m
19950903,0000,m
19950904,0000,2925
19950905,0000,3128
19950906,0000,3171
19950907,0000,m
19950908,0000,2522
19950909,0000,3287
19950910,0000,2943
19950911,0000,2806
19950912,0000,3256
19950913,0000,2216
19950914,0000,2543
19950915,0000,2883
19950916,0000,2535
19950917,0000,2555
19950918,0000,2530
19950919,0000,2532
19950920,0000,2446
19950921,0000,2532
19950922,0000,2708
19950923,0000,2701
19950924,0000,2617
19950925,0000,2646
19950926,0000,m
19950927,0000,2532
19950928,0000,2391
19950929,0000,2134
19950930,0000,1707
19951001,0000,m
19951002,0000,1437
19951003,0000,2024
19951004,0000,2381
19951005,0000,1678
19951006,0000,m
19951007,0000,1638
19951008,0000,1562
19951009,0000,1601
19951010,0000,1533
19951011,0000,1690
19951012,0000,1566
19951013,0000,1476
19951014,0000,1657
19951015,0000,1486
19951016,0000,1889
19951017,0000,m
19951018,0000,1524
19951019,0000,1893
19951020,0000,2304
19951021,0000,1110
19951022,0000,1019
19951023,0000,1003
19951024,0000,234
19951025,0000,221
19951026,0000,766
19951027,0000,1392
19951028,0000,1165
19951029,0000,427
19951030,0000,443
19951031,0000,425
19951101,0000,405
19951102,0000,583
19951103,0000,420
19951104,0000,707
19951105,0000,537
19951106,0000,412
19951107,0000,766
19951108,0000,976
19951109,0000,m
19951110,0000,421
19951111,0000,651
19951112,0000,754
19951113,0000,418
19951114,0000,1375
19951115,0000,1356
19951116,0000,591
19951117,0000,318
19951118,0000,828
19951119,0000,835
19951120,0000,844
19951121,0000,418
19951122,0000,415
19951123,0000,415
19951124,0000,408
19951125,0000,423
19951126,0000,391
19951127,0000,413
19951128,0000,406
19951129,0000,416
19951130,0000,420
19951201,0000,329
19951202,0000,429
19951203,0000,421
19951204,0000,407
19951205,0000,425
19951206,0000,422
19951207,0000,425
19951208,0000,424
19951209,0000,404
19951210,0000,478
19951211,0000,406
19951212,0000,1561
19951213,0000,2155
19951214,0000,2154
19951215,0000,1338
19951216,0000,1526
19951217,0000,518
19951218,0000,317
19951219,0000,414
19951220,0000,408
19951221,0000,432
19951222,0000,320
19951223,0000,404
19951224,0000,312
19951225,0000,429
19951226,0000,m
19951227,0000,422
19951228,0000,404
19951229,0000,395
19951230,0000,896
19951231,0000,1015
19960101,0000,413
19960102,0000,369
19960103,0000,454
19960104,0000,401
19960105,0000,407
19960106,0000,418
19960107,0000,413
19960108,0000,424
19960109,0000,420
19960110,0000,409
19960111,0000,1390
19960112,0000,886
19960113,0000,408
19960114,0000,423
19960115,0000,413
19960116,0000,845
19960117,0000,1366
19960118,0000,1135
19960119,0000,1344
19960120,0000,1403
19960121,0000,1304
19960122,0000,1394
19960123,0000,925
19960124,0000,936
19960125,0000,1274
19960126,0000,460
19960127,0000,2083
19960128,0000,m
19960129,0000,2042
19960130,0000,2001
19960131,0000,1976
19960201,0000,1961
19960202,0000,1966
19960203,0000,515
19960204,0000,1287
19960205,0000,1934
19960206,0000,2004
19960207,0000,2045
19960208,0000,1966
19960209,0000,2332
19960210,0000,2428
19960211,0000,3806
19960212,0000,3803
19960213,0000,3798
19960214,0000,3885
19960215,0000,4094
19960216,0000,4097
19960217,0000,4097
19960218,0000,4118
19960219,0000,4157
19960220,0000,4110
19960221,0000,4028
19960222,0000,1172
19960223,0000,1327
19960224,0000,1852
19960225,0000,1807
19960226,0000,1816
19960227,0000,2782
19960228,0000,4069
19960229,0000,4092
19960301,0000,4046
19960302,0000,4038
19960303,0000,4097
19960304,0000,4168
19960305,0000,2676
19960306,0000,4083
19960307,0000,4066
19960308,0000,4105
19960309,0000,4106
19960310,0000,4120
19960311,0000,4142
19960312,0000,4129
19960313,0000,4108
19960314,0000,4093
19960315,0000,2751
19960317,0000,3075
19960318,0000,1978
19960319,0000,885
19960320,0000,889
19960322,0000,414
19960323,0000,413
19960324,0000,427
19960325,0000,407
19960326,0000,437
19960327,0000,433
19960328,0000,1104
19960329,0000,1103
19960330,0000,1150
19960331,0000,1143
19960401,0000,1137
19960402,0000,1274
19960403,0000,1153
19960404,0000,1154
19960405,0000,1151
19960406,0000,1153
19960407,0000,1145
19960408,0000,1152
19960409,0000,1156
19960410,0000,1157
19960411,0000,1153
19960412,0000,1142
19960413,0000,1155
19960414,0000,1176
19960415,0000,1150
19960416,0000,1154
19960417,0000,1152
19960418,0000,1148
19960419,0000,1156
19960420,0000,1599
19960421,0000,1651
19960422,0000,1651
19960423,0000,1621
19960424,0000,1630
19960425,0000,966
19960426,0000,1631
19960427,0000,1635
19960428,0000,1645
19960429,0000,1552
19960430,0000,1586
19960501,0000,1575
19960502,0000,1628
19960503,0000,1664
19960504,0000,1645
19960505,0000,1646
19960506,0000,1433
19960507,0000,1439
19960508,0000,1556
19960509,0000,1558
19960510,0000,1668
19960511,0000,862
19960512,0000,796
19960513,0000,849
19960514,0000,788
19960515,0000,795
19960516,0000,796
19960517,0000,584
19960518,0000,2214
19960519,0000,762
19960520,0000,509
19960521,0000,511
19960522,0000,604
19960523,0000,537
19960524,0000,680
19960525,0000,1198
19960526,0000,1205
19960527,0000,1140
19960528,0000,329
19960529,0000,324
19960530,0000,996
19960531,0000,m
19960601,0000,1043
19960602,0000,964
19960603,0000,951
19960604,0000,993
19960605,0000,1523
19960606,0000,1383
19960607,0000,2092
19960608,0000,2059
19960609,0000,2077
19960610,0000,2028
19960611,0000,2029
19960612,0000,2116
19960613,0000,1931
19960614,0000,1944
19960615,0000,3186
19960616,0000,2942
19960617,0000,2947
19960618,0000,2929
19960619,0000,2924
19960620,0000,2942
19960621,0000,3003
19960622,0000,2974
19960623,0000,2923
19960624,0000,3023
19960625,0000,3007
19960626,0000,3443
19960627,0000,3314
19960628,0000,3307
19960629,0000,3445
19960630,0000,3447
19960701,0000,3408
19960702,0000,3064
19960703,0000,3038
19960704,0000,3055
19960705,0000,3079
19960706,0000,3558
19960707,0000,3555
19960708,0000,3564
19960709,0000,3540
19960710,0000,3387
19960711,0000,3308
19960712,0000,2693
19960713,0000,2741
19960714,0000,3096
19960715,0000,3375
19960716,0000,3745
19960717,0000,3111
19960718,0000,3024
19960719,0000,3037
19960720,0000,3043
19960721,0000,3056
19960722,0000,3063
19960723,0000,3049
19960724,0000,2985
19960725,0000,3111
19960726,0000,3119
19960727,0000,3052
19960728,0000,3021
19960729,0000,3061
19960730,0000,3086
19960731,0000,3056
19960801,0000,3088
19960802,0000,3148
19960803,0000,3137
19960804,0000,3148
19960805,0000,2757
19960806,0000,1824
19960807,0000,1520
19960808,0000,1519
19960809,0000,3116
19960810,0000,3112
19960811,0000,3191
19960812,0000,2749
19960813,0000,3214
19960814,0000,3203
19960815,0000,3251
19960816,0000,3182
19960817,0000,3554
19960818,0000,3524
19960819,0000,2068
19960820,0000,3190
19960821,0000,3210
19960822,0000,3220
19960823,0000,3216
19960824,0000,3114
19960825,0000,3117
19960826,0000,3112
19960827,0000,3142
19960828,0000,3076
19960829,0000,2993
19960830,0000,3067
19960831,0000,3262
19960901,0000,3183
19960902,0000,3186
19960903,0000,3134
19960904,0000,3151
19960905,0000,3126
19960906,0000,3183
19960907,0000,3128
19960908,0000,3130
19960909,0000,3125
19960910,0000,3074
19960911,0000,3082
19960912,0000,2319
19960913,0000,2283
19960914,0000,2166
19960915,0000,1988
19960916,0000,2007
19960917,0000,2445
19960918,0000,2453
19960919,0000,2508
19960920,0000,2350
19960921,0000,1539
19960922,0000,2003
19960923,0000,2138
19960924,0000,1981
19960925,0000,1987
19960926,0000,1968
19960927,0000,2490
19960928,0000,2432
19960929,0000,2419
19960930,0000,2491
19961001,0000,2507
19961002,0000,2552
19961003,0000,2687
19961004,0000,2657
19961005,0000,2650
19961006,0000,2655
19961007,0000,2671
19961008,0000,2615
19961009,0000,2747
19961010,0000,2108
19961011,0000,1864
19961012,0000,2071
19961013,0000,1823
19961014,0000,1413
19961015,0000,1402
19961016,0000,1428
19961017,0000,1227
19961018,0000,1127
19961019,0000,933
19961020,0000,975
19961021,0000,959
19961022,0000,874
19961023,0000,872
19961024,0000,911
19961025,0000,934
19961026,0000,544
19961027,0000,516
19961028,0000,579
19961029,0000,354
19961030,0000,650
19961031,0000,565
19961101,0000,381
19961102,0000,414
19961103,0000,412
19961104,0000,423
19961105,0000,424
19961106,0000,415
19961107,0000,409
19961108,0000,m
19961109,0000,739
19961110,0000,1190
19961111,0000,300
19961112,0000,510
19961113,0000,400
19961114,0000,318
19961115,0000,237
19961116,0000,174
19961117,0000,150
19961118,0000,298
19961119,0000,1254
19961120,0000,1421
19961121,0000,407
19961122,0000,409
19961123,0000,524
19961124,0000,415
19961125,0000,456
19961126,0000,m
19961127,0000,408
19961128,0000,440
19961129,0000,424
19961130,0000,412
19961201,0000,448
19961202,0000,579
19961203,0000,457
19961204,0000,441
19961205,0000,427
19961206,0000,413
19961207,0000,518
19961208,0000,1366
19961209,0000,3336
19961210,0000,3886
19961211,0000,3901
19961212,0000,3893
19961213,0000,2615
19961214,0000,1420
19961215,0000,1448
19961216,0000,1420
19961217,0000,641
19961218,0000,462
19961219,0000,777
19961220,0000,835
19961221,0000,1536
19961222,0000,930
19961223,0000,822
19961224,0000,416
19961225,0000,717
19961226,0000,728
19961227,0000,723
19961228,0000,1108
19961229,0000,2769
19961230,0000,3977
19961231,0000,3792
19970101,0000,8135
19970102,0000,7679
19970103,0000,6780
19970104,0000,2321
19970105,0000,3932
19970106,0000,3855
19970107,0000,3883
19970108,0000,2631
19970109,0000,2638
19970110,0000,1645
19970111,0000,1627
19970112,0000,1540
19970113,0000,1623
19970114,0000,1592
19970115,0000,1599
19970116,0000,1586
19970117,0000,2262
19970118,0000,2249
19970119,0000,1874
19970120,0000,1925
19970121,0000,514
19970122,0000,4414
19970123,0000,1289
19970124,0000,1821
19970125,0000,439
19970126,0000,3188
19970127,0000,1840
19970128,0000,2184
19970129,0000,2705
19970130,0000,2713
19970131,0000,2284
19970201,0000,2138
19970202,0000,1472
19970203,0000,912
19970204,0000,998
19970205,0000,1093
19970206,0000,2138
19970207,0000,2153
19970208,0000,2351
19970209,0000,1730
19970210,0000,830
19970211,0000,410
19970212,0000,1257
19970213,0000,982
19970214,0000,1611
19970215,0000,1428
19970216,0000,1152
19970217,0000,1534
19970218,0000,1608
19970219,0000,1681
19970220,0000,1352
19970221,0000,1219
19970222,0000,1116
19970223,0000,1226
19970224,0000,1693
19970225,0000,1935
19970226,0000,2063
19970227,0000,789
19970228,0000,1447
19970301,0000,1601
19970302,0000,1229
19970303,0000,1781
19970304,0000,1611
19970305,0000,949
19970306,0000,878
19970307,0000,960
19970308,0000,855
19970309,0000,863
19970310,0000,959
19970311,0000,871
19970312,0000,877
19970313,0000,920
19970314,0000,166
19970315,0000,167
19970316,0000,188
19970317,0000,1312
19970318,0000,409
19970319,0000,413
19970320,0000,414
19970321,0000,414
19970322,0000,415
19970323,0000,413
19970324,0000,151
19970325,0000,157
19970326,0000,156
19970327,0000,161
19970328,0000,167
19970329,0000,341
19970330,0000,417
19970331,0000,448
19970401,0000,415
19970402,0000,417
19970403,0000,446
19970404,0000,416
19970405,0000,406
19970406,0000,406
19970407,0000,443
19970408,0000,455
19970409,0000,186
19970410,0000,383
19970411,0000,169
19970412,0000,150
19970413,0000,167
19970414,0000,154
19970415,0000,150
19970416,0000,591
19970417,0000,1079
19970418,0000,1448
19970419,0000,2027
19970420,0000,2019
19970421,0000,2017
19970422,0000,1452
19970423,0000,391
19970424,0000,408
19970425,0000,854
19970426,0000,1455
19970427,0000,2014
19970428,0000,2033
19970429,0000,2044
19970430,0000,2044
19970501,0000,2031
19970502,0000,2036
19970503,0000,2030
19970504,0000,2032
19970505,0000,1954
19970506,0000,2116
19970507,0000,1767
19970508,0000,2117
19970509,0000,2012
19970510,0000,2048
19970511,0000,2043
19970512,0000,2032
19970513,0000,2042
19970514,0000,2049
19970515,0000,2053
19970516,0000,1997
19970517,0000,2133
19970518,0000,1967
19970519,0000,1581
19970520,0000,1869
19970521,0000,1903
19970522,0000,2103
19970523,0000,2389
19970524,0000,2147
19970525,0000,2199
19970526,0000,2335
19970527,0000,2581
19970528,0000,2716
19970529,0000,2952
19970530,0000,2544
19970531,0000,2679
19970601,0000,2550
19970602,0000,2655
19970603,0000,3086
19970604,0000,3735
19970605,0000,2781
19970606,0000,2681
19970607,0000,2834
19970608,0000,2841
19970609,0000,2901
19970610,0000,2992
19970611,0000,3062
19970612,0000,3184
19970613,0000,3040
19970614,0000,3051
19970615,0000,3097
19970616,0000,3114
19970617,0000,3055
19970618,0000,3034
19970619,0000,3071
19970620,0000,2999
19970621,0000,2988
19970622,0000,2965
19970623,0000,2969
19970624,0000,2971
19970625,0000,2940
19970626,0000,3050
19970627,0000,2972
19970628,0000,3007
19970629,0000,2885
19970630,0000,2955
19970701,0000,2988
19970702,0000,3024
19970703,0000,2410
19970704,0000,2980
19970705,0000,2949
19970706,0000,2990
19970707,0000,2972
19970708,0000,2988
19970709,0000,3010
19970710,0000,2994
19970711,0000,2975
19970712,0000,2965
19970713,0000,2955
19970714,0000,3063
19970715,0000,3049
19970716,0000,3004
19970717,0000,3097
19970718,0000,2976
19970719,0000,2984
19970720,0000,2957
19970721,0000,2994
19970722,0000,2999
19970723,0000,2985
19970724,0000,3009
19970725,0000,3028
19970726,0000,2912
19970727,0000,2981
19970728,0000,3022
19970729,0000,3007
19970730,0000,2995
19970731,0000,2986
19970801,0000,2548
19970802,0000,2550
19970803,0000,2069
19970804,0000,2017
19970805,0000,2039
19970806,0000,2100
19970807,0000,2095
19970808,0000,2109
19970809,0000,2046
19970810,0000,1617
19970811,0000,1545
19970812,0000,1138
19970813,0000,1074
19970814,0000,1191
19970815,0000,1015
19970816,0000,1038
19970817,0000,1007
19970818,0000,977
19970819,0000,963
19970820,0000,755
19970821,0000,1039
19970822,0000,1059
19970823,0000,1039
19970824,0000,1045
19970825,0000,1111
19970826,0000,1007
19970827,0000,1021
19970828,0000,1035
19970829,0000,1227
19970830,0000,1132
19970831,0000,1055
19970901,0000,1043
19970902,0000,1005
19970903,0000,751
19970904,0000,1090
19970905,0000,790
19970906,0000,832
19970907,0000,853
19970908,0000,791
19970909,0000,782
19970910,0000,772
19970911,0000,602
19970912,0000,295
19970913,0000,286
19970914,0000,299
19970915,0000,323
19970916,0000,305
19970917,0000,307
19970918,0000,322
19970919,0000,319
19970920,0000,317
19970921,0000,314
19970922,0000,318
19970923,0000,271
19970924,0000,582
19970925,0000,300
19970926,0000,314
19970927,0000,308
19970928,0000,318
19970929,0000,323
19970930,0000,324
19971001,0000,318
19971002,0000,322
19971003,0000,312
19971004,0000,319
19971005,0000,347
19971006,0000,408
19971007,0000,361
19971008,0000,408
19971009,0000,417
19971010,0000,555
19971011,0000,659
19971012,0000,660
19971013,0000,661
19971014,0000,1056
19971015,0000,1539
19971016,0000,1241
19971017,0000,1128
19971018,0000,1141
19971019,0000,1147
19971020,0000,1044
19971021,0000,1671
19971022,0000,1637
19971023,0000,1491
19971024,0000,1087
19971025,0000,1164
19971026,0000,1181
19971027,0000,1049
19971028,0000,1103
19971029,0000,1300
19971030,0000,1513
19971031,0000,1584
19971101,0000,1570
19971102,0000,1538
19971103,0000,1571
19971104,0000,1574
19971105,0000,1177
19971106,0000,1163
19971107,0000,1219
19971108,0000,985
19971109,0000,938
19971110,0000,896
19971111,0000,958
19971112,0000,917
19971113,0000,418
19971114,0000,419
19971115,0000,424
19971116,0000,412
19971117,0000,421
19971118,0000,413
19971119,0000,262
19971120,0000,1674
19971121,0000,530
19971122,0000,627
19971123,0000,623
19971124,0000,409
19971125,0000,703
19971126,0000,1689
19971127,0000,1562
19971128,0000,803
19971129,0000,429
19971130,0000,412
19971201,0000,788
19971202,0000,417
19971203,0000,422
19971204,0000,514
19971205,0000,421
19971206,0000,400
19971207,0000,658
19971208,0000,406
19971209,0000,465
19971210,0000,649
19971211,0000,412
19971212,0000,421
19971213,0000,409
19971214,0000,577
19971215,0000,405
19971216,0000,420
19971217,0000,412
19971218,0000,308
19971219,0000,m
19971220,0000,418
19971221,0000,1039
19971222,0000,412
19971223,0000,411
19971224,0000,398
19971225,0000,418
19971226,0000,681
19971227,0000,415
19971228,0000,607
19971229,0000,414
19971230,0000,414
19971231,0000,410
19980101,0000,413
19980102,0000,175
19980103,0000,531
19980104,0000,1124
19980105,0000,758
19980106,0000,904
19980107,0000,755
19980108,0000,860
19980109,0000,897
19980110,0000,575
19980111,0000,1169
19980112,0000,1365
19980113,0000,1375
19980114,0000,1914
19980115,0000,3699
19980116,0000,2316
19980117,0000,1570
19980118,0000,3260
19980119,0000,3700
19980120,0000,4185
19980121,0000,3306
19980122,0000,1817
19980123,0000,1187
19980124,0000,1418
19980125,0000,1418
19980126,0000,1504
19980127,0000,3308
19980128,0000,2805
19980129,0000,2059
19980130,0000,2230
19980131,0000,1880
19980201,0000,2495
19980202,0000,4245
19980203,0000,3852
19980204,0000,4274
19980205,0000,4030
19980206,0000,5491
19980207,0000,9573
19980208,0000,11215
19980209,0000,7503
19980210,0000,5289
19980211,0000,4434
19980212,0000,4067
19980213,0000,4216
19980214,0000,4222
19980215,0000,4218
19980216,0000,4224
19980217,0000,4172
19980218,0000,4150
19980219,0000,4348
19980220,0000,4164
19980221,0000,4348
19980222,0000,4348
19980223,0000,4128
19980224,0000,4142
19980225,0000,4349
19980226,0000,4239
19980227,0000,4252
19980228,0000,4276
19980301,0000,4252
19980302,0000,4416
19980303,0000,4252
19980304,0000,1563
19980305,0000,1407
19980306,0000,434
19980307,0000,429
19980308,0000,1315
19980309,0000,2303
19980310,0000,1100
19980311,0000,423
19980312,0000,1090
19980313,0000,1278
19980314,0000,2988
19980315,0000,2719
19980316,0000,2516
19980317,0000,2670
19980318,0000,3561
19980319,0000,3625
19980320,0000,3093
19980321,0000,3867
19980322,0000,4297
19980323,0000,4301
19980324,0000,4113
19980325,0000,4186
19980326,0000,4252
19980327,0000,4256
19980328,0000,4277
19980329,0000,3854
19980330,0000,3862
19980331,0000,1260
19980401,0000,3068
19980402,0000,1695
19980403,0000,1464
19980404,0000,4104
19980405,0000,m
19980406,0000,3386
19980407,0000,3180
19980408,0000,3390
19980409,0000,3064
19980410,0000,2578
19980411,0000,4191
19980412,0000,4197
19980413,0000,3894
19980414,0000,4285
19980415,0000,4144
19980416,0000,4182
19980417,0000,3886
19980418,0000,3183
19980419,0000,2568
19980420,0000,4164
19980421,0000,4079
19980422,0000,3597
19980423,0000,4066
19980424,0000,4120
19980425,0000,4222
19980426,0000,4217
19980427,0000,4210
19980428,0000,4025
19980429,0000,4191
19980430,0000,3958
19980501,0000,3991
19980502,0000,3723
19980503,0000,4354
19980504,0000,4316
19980505,0000,4363
19980506,0000,4339
19980507,0000,4052
19980508,0000,4195
19980509,0000,4320
19980510,0000,4223
19980511,0000,4196
19980512,0000,3129
19980513,0000,2420
19980514,0000,2077
19980515,0000,2151
19980516,0000,3009
19980517,0000,2554
19980518,0000,2994
19980519,0000,1085
19980520,0000,1462
19980521,0000,814
19980522,0000,1712
19980523,0000,726
19980524,0000,735
19980525,0000,1614
19980526,0000,1489
19980527,0000,507
19980528,0000,541
19980529,0000,4132
19980530,0000,4443
19980531,0000,2328
19980601,0000,1964
19980602,0000,770
19980603,0000,912
19980604,0000,462
19980605,0000,1234
19980606,0000,1683
19980607,0000,341
19980608,0000,960
19980609,0000,558
19980610,0000,985
19980611,0000,962
19980612,0000,725
19980613,0000,806
19980614,0000,601
19980615,0000,539
19980616,0000,839
19980617,0000,618
19980618,0000,534
19980619,0000,718
19980620,0000,306
19980621,0000,775
19980622,0000,572
19980623,0000,1076
19980624,0000,1594
19980625,0000,1585
19980626,0000,1991
19980627,0000,1590
19980628,0000,1670
19980629,0000,2028
19980630,0000,2075
19980701,0000,2480
19980702,0000,2553
19980703,0000,2690
19980704,0000,3287
19980705,0000,3557
19980706,0000,3310
19980707,0000,3228
19980708,0000,3303
19980709,0000,3733
19980710,0000,3623
19980711,0000,3622
19980712,0000,3625
19980713,0000,3623
19980714,0000,3635
19980715,0000,3229
19980716,0000,3055
19980717,0000,2915
19980718,0000,2916
19980719,0000,3716
19980720,0000,3499
19980721,0000,3166
19980722,0000,3191
19980723,0000,2530
19980724,0000,3364
19980725,0000,m
19980726,0000,3359
19980727,0000,3481
19980728,0000,3230
19980729,0000,3111
19980730,0000,3185
19980731,0000,2917
19980801,0000,3304
19980802,0000,3308
19980803,0000,3276
19980804,0000,3323
19980805,0000,3302
19980806,0000,3139
19980807,0000,3634
19980808,0000,3532
19980809,0000,3192
19980810,0000,3290
19980811,0000,3253
19980812,0000,3241
19980813,0000,3291
19980814,0000,3234
19980815,0000,3218
19980816,0000,3216
19980817,0000,3175
19980818,0000,3244
19980819,0000,3225
19980820,0000,2876
19980821,0000,3210
19980822,0000,3197
19980823,0000,3889
19980824,0000,3565
19980825,0000,2950
19980826,0000,2867
19980827,0000,2767
19980828,0000,2776
19980829,0000,2635
19980830,0000,2478
19980831,0000,2768
19980901,0000,2766
19980902,0000,2918
19980903,0000,2620
19980904,0000,2211
19980905,0000,2045
19980906,0000,2013
19980907,0000,1960
19980908,0000,2420
19980909,0000,2020
19980910,0000,1718
19980911,0000,1719
19980912,0000,1735
19980913,0000,1694
19980914,0000,1980
19980915,0000,1979
19980916,0000,2018
19980917,0000,1905
19980918,0000,1866
19980919,0000,1637
19980920,0000,1524
19980921,0000,1543
19980922,0000,1525
19980923,0000,1226
19980924,0000,1049
19980925,0000,1273
19980926,0000,1260
19980927,0000,1340
19980928,0000,1722
19980929,0000,1312
19980930,0000,1435
19981001,0000,1164
19981002,0000,1202
19981003,0000,1054
19981004,0000,985
19981005,0000,938
19981006,0000,1173
19981007,0000,1929
19981008,0000,200
19981009,0000,812
19981010,0000,1274
19981011,0000,1462
19981012,0000,1154
19981013,0000,1160
19981014,0000,1297
19981015,0000,834
19981016,0000,1202
19981017,0000,1372
19981018,0000,1535
19981019,0000,1440
19981020,0000,1461
19981021,0000,1334
19981022,0000,677
19981023,0000,726
19981024,0000,1022
19981025,0000,1144
19981026,0000,1539
19981027,0000,1209
19981028,0000,1246
19981029,0000,811
19981030,0000,1122
19981031,0000,937
19981101,0000,1137
19981102,0000,1105
19981103,0000,1098
19981104,0000,820
19981105,0000,730
19981106,0000,692
19981107,0000,888
19981108,0000,1086
19981109,0000,1278
19981110,0000,1213
19981111,0000,1331
19981112,0000,940
19981113,0000,962
19981114,0000,463
19981115,0000,452
19981116,0000,924
19981117,0000,m
19981118,0000,3685
19981119,0000,4324
19981120,0000,3763
19981121,0000,2937
19981122,0000,3166
19981123,0000,4269
19981124,0000,4401
19981125,0000,4362
19981126,0000,4344
19981127,0000,3365
19981128,0000,4356
19981129,0000,3728
19981130,0000,3206
19981201,0000,2452
19981202,0000,476
19981203,0000,1334
19981204,0000,982
19981205,0000,1283
19981206,0000,884
19981207,0000,474
19981208,0000,795
19981209,0000,366
19981210,0000,415
19981211,0000,481
19981212,0000,485
19981213,0000,291
19981214,0000,474
19981215,0000,473
19981216,0000,865
19981217,0000,2166
19981218,0000,1652
19981219,0000,1485
19981220,0000,1377
19981221,0000,1288
19981222,0000,1336
19981223,0000,1466
19981224,0000,1532
19981225,0000,1122
19981226,0000,1284
19981227,0000,1586
19981228,0000,1590
19981229,0000,1263
19981230,0000,1254
19981231,0000,1566
19990101,0000,4071
19990102,0000,4009
19990103,0000,2928
19990104,0000,2268
19990105,0000,2647
19990106,0000,1636
19990107,0000,1169
19990108,0000,1217
19990109,0000,1158
19990110,0000,1278
19990111,0000,1528
19990112,0000,1224
19990113,0000,1230
19990114,0000,1288
19990115,0000,1181
19990116,0000,1167
19990117,0000,1738
19990118,0000,2216
19990119,0000,1388
19990120,0000,2059
19990121,0000,3449
19990122,0000,1955
19990123,0000,1918
19990124,0000,2014
19990125,0000,1550
19990126,0000,1166
19990127,0000,1364
19990128,0000,2132
19990129,0000,1583
19990130,0000,1270
19990131,0000,1521
19990201,0000,1282
19990202,0000,469
19990203,0000,463
19990204,0000,1929
19990205,0000,1614
19990206,0000,2807
19990207,0000,4075
19990208,0000,3444
19990209,0000,1264
19990210,0000,1018
19990211,0000,577
19990212,0000,861
19990213,0000,572
19990214,0000,549
19990215,0000,543
19990216,0000,529
19990217,0000,717
19990218,0000,1650
19990219,0000,933
19990220,0000,1624
19990221,0000,2478
19990222,0000,2486
19990223,0000,2017
19990224,0000,1619
19990225,0000,3351
19990226,0000,3730
19990227,0000,3443
19990228,0000,2887
19990301,0000,3493
19990302,0000,2309
19990303,0000,2742
19990304,0000,4199
19990305,0000,2459
19990306,0000,1937
19990307,0000,2268
19990308,0000,3072
19990309,0000,3610
19990310,0000,2321
19990311,0000,2054
19990312,0000,1676
19990313,0000,2599
19990314,0000,2627
19990315,0000,2459
19990316,0000,2735
19990317,0000,2570
19990318,0000,2223
19990319,0000,1362
19990320,0000,1332
19990321,0000,1380
19990322,0000,1375
19990323,0000,1584
19990324,0000,1803
19990325,0000,2038
19990326,0000,2380
19990327,0000,2357
19990328,0000,2191
19990329,0000,2274
19990330,0000,2074
19990331,0000,2274
19990401,0000,2354
19990402,0000,2336
19990403,0000,548
19990404,0000,433
19990405,0000,360
19990406,0000,883
19990407,0000,627
19990408,0000,676
19990409,0000,2261
19990410,0000,2276
19990411,0000,2252
19990412,0000,2270
19990413,0000,2253
19990414,0000,2272
19990415,0000,2238
19990416,0000,2086
19990417,0000,2091
19990418,0000,2133
19990419,0000,2099
19990420,0000,2135
19990421,0000,2154
19990422,0000,1948
19990423,0000,2297
19990424,0000,2187
19990425,0000,2154
19990426,0000,2189
19990427,0000,2153
19990428,0000,2163
19990429,0000,2134
19990430,0000,2139
19990501,0000,2151
19990502,0000,2167
19990503,0000,2195
19990504,0000,2177
19990505,0000,2158
19990506,0000,2184
19990507,0000,2171
19990508,0000,2160
19990509,0000,1922
19990510,0000,1822
19990511,0000,1368
19990512,0000,1205
19990513,0000,895
19990514,0000,1002
19990515,0000,1063
19990516,0000,1140
19990517,0000,1092
19990518,0000,1776
19990519,0000,1523
19990520,0000,1595
19990521,0000,1227
19990522,0000,1422
19990523,0000,1535
19990524,0000,1575
19990525,0000,1531
19990526,0000,2197
19990527,0000,2143
19990528,0000,2142
19990529,0000,2217
19990530,0000,2121
19990531,0000,2280
19990601,0000,2151
19990602,0000,2183
19990603,0000,2163
19990604,0000,2274
19990605,0000,2286
19990606,0000,2439
19990607,0000,2405
19990608,0000,2141
19990609,0000,2394
19990610,0000,2328
19990611,0000,2283
19990612,0000,2281
19990613,0000,2539
19990614,0000,2497
19990615,0000,1891
19990616,0000,2376
19990617,0000,2141
19990618,0000,2252
19990619,0000,2766
19990620,0000,2333
19990621,0000,2160
19990622,0000,2169
19990623,0000,2070
19990624,0000,2158
19990625,0000,2605
19990626,0000,2686
19990627,0000,1929
19990628,0000,2134
19990629,0000,2680
19990630,0000,2612
19990701,0000,2588
19990702,0000,2494
19990703,0000,2334
19990704,0000,2280
19990705,0000,2615
19990706,0000,2436
19990707,0000,2257
19990708,0000,2527
19990709,0000,m
19990710,0000,2391
19990711,0000,2587
19990712,0000,2720
19990713,0000,2712
19990714,0000,2698
19990715,0000,2350
19990716,0000,2384
19990717,0000,2422
19990718,0000,2858
19990719,0000,2485
19990720,0000,2814
19990721,0000,2522
19990722,0000,2661
19990723,0000,2802
19990724,0000,2248
19990725,0000,2186
19990726,0000,2311
19990727,0000,2184
19990728,0000,2228
19990729,0000,2218
19990730,0000,2235
19990731,0000,2201
19990801,0000,2209
19990802,0000,2249
19990803,0000,2254
19990804,0000,2162
19990805,0000,2153
19990806,0000,m
19990807,0000,2227
19990808,0000,2146
19990809,0000,2255
19990810,0000,2292
19990811,0000,2282
19990812,0000,1961
19990813,0000,1700
19990814,0000,1732
19990815,0000,1727
19990816,0000,1705
19990817,0000,1710
19990818,0000,1513
19990819,0000,1213
19990820,0000,1194
19990821,0000,1235
19990822,0000,1250
19990823,0000,1237
19990824,0000,1229
19990825,0000,1403
19990826,0000,1230
19990827,0000,1082
19990828,0000,1092
19990829,0000,1204
19990830,0000,1288
19990831,0000,1271
19990901,0000,1657
19990902,0000,1747
19990903,0000,1723
19990904,0000,1745
19990905,0000,1746
19990906,0000,1743
19990907,0000,1664
19990908,0000,1746
19990909,0000,1745
19990910,0000,1737
19990911,0000,1742
19990912,0000,1750
19990913,0000,1737
19990914,0000,1762
19990915,0000,1745
19990916,0000,1760
19990917,0000,1740
19990918,0000,1735
19990919,0000,1745
19990920,0000,1689
19990921,0000,1791
19990922,0000,1780
19990923,0000,1959
19990924,0000,1519
19990925,0000,1748
19990926,0000,1217
19990927,0000,1753
19990928,0000,1726
19990929,0000,1726
19990930,0000,1765
19991001,0000,1255
19991002,0000,1201
19991003,0000,969
19991004,0000,720
19991005,0000,480
19991006,0000,832
19991007,0000,464
19991008,0000,475
19991009,0000,408
19991010,0000,456
19991011,0000,445
19991012,0000,465
19991013,0000,453
19991014,0000,444
19991015,0000,612
19991016,0000,472
19991017,0000,481
19991018,0000,421
19991019,0000,490
19991020,0000,445
19991021,0000,639
19991022,0000,1162
19991023,0000,779
19991024,0000,805
19991025,0000,324
19991026,0000,1274
19991027,0000,745
19991028,0000,698
19991029,0000,942
19991030,0000,769
19991031,0000,930
19991101,0000,805
19991102,0000,647
19991103,0000,874
19991104,0000,595
19991105,0000,355
19991106,0000,365
19991107,0000,951
19991108,0000,943
19991109,0000,1310
19991110,0000,1256
19991111,0000,747
19991112,0000,730
19991113,0000,693
19991114,0000,898
19991115,0000,647
19991116,0000,1200
19991117,0000,214
19991118,0000,201
19991119,0000,335
19991120,0000,1356
19991121,0000,1244
19991122,0000,3341
19991123,0000,1411
19991124,0000,1300
19991125,0000,1190
19991126,0000,989
19991127,0000,1495
19991128,0000,1812
19991129,0000,1448
19991130,0000,1835
19991201,0000,1961
19991202,0000,1900
19991203,0000,1766
19991204,0000,1739
19991205,0000,1551
19991206,0000,1523
19991207,0000,1960
19991208,0000,1628
19991209,0000,1649
19991210,0000,1635
19991211,0000,942
19991212,0000,957
19991213,0000,942
19991214,0000,1177
19991215,0000,1115
19991216,0000,257
19991217,0000,231
19991218,0000,201
19991219,0000,222
19991220,0000,202
19991221,0000,200
19991222,0000,200
19991223,0000,200
19991224,0000,200
19991225,0000,200
19991226,0000,200
19991227,0000,200
19991228,0000,301
19991229,0000,348
19991230,0000,336
19991231,0000,339
20000101,0000,659
20000102,0000,436
20000103,0000,440
20000104,0000,207
20000105,0000,200
20000106,0000,200
20000107,0000,200
20000108,0000,0
20000109,0000,200
20000110,0000,200
20000111,0000,473
20000112,0000,412
20000113,0000,319
20000114,0000,2127
20000115,0000,2392
20000116,0000,2176
20000117,0000,1039
20000118,0000,724
20000119,0000,2308
20000120,0000,2380
20000121,0000,1871
20000122,0000,2666
20000123,0000,2865
20000124,0000,2902
20000125,0000,2711
20000126,0000,3288
20000127,0000,2840
20000128,0000,3166
20000129,0000,2599
20000130,0000,3151
20000131,0000,2654
20000201,0000,2769
20000202,0000,3072
20000203,0000,3098
20000204,0000,3165
20000205,0000,2533
20000206,0000,4387
20000207,0000,3184
20000208,0000,1825
20000209,0000,1837
20000210,0000,2600
20000211,0000,2632
20000212,0000,4311
20000213,0000,4359
20000214,0000,4352
20000215,0000,4476
20000216,0000,4426
20000217,0000,3994
20000218,0000,3638
20000219,0000,734
20000220,0000,1108
20000221,0000,1518
20000222,0000,1641
20000223,0000,4597
20000224,0000,3791
20000225,0000,4186
20000226,0000,3870
20000227,0000,4303
20000228,0000,4418
20000229,0000,4398
20000301,0000,4401
20000302,0000,2222
20000303,0000,1448
20000304,0000,1996
20000305,0000,1984
20000306,0000,2393
20000307,0000,1798
20000308,0000,3135
20000309,0000,3449
20000310,0000,1932
20000311,0000,1777
20000312,0000,1802
20000313,0000,1712
20000314,0000,1208
20000315,0000,1522
20000316,0000,2272
20000317,0000,2883
20000318,0000,2897
20000319,0000,3330
20000320,0000,2652
20000321,0000,2703
20000322,0000,3090
20000323,0000,2816
20000324,0000,3762
20000325,0000,3488
20000326,0000,3553
20000327,0000,3614
20000328,0000,2920
20000329,0000,3209
20000330,0000,2997
20000331,0000,2290
20000401,0000,3415
20000402,0000,3773
20000403,0000,3568
20000404,0000,2695
20000405,0000,3669
20000406,0000,3129
20000407,0000,2650
20000408,0000,3651
20000409,0000,460
20000410,0000,460
20000411,0000,470
20000412,0000,453
20000413,0000,844
20000414,0000,462
20000415,0000,445
20000416,0000,448
20000417,0000,4035
20000418,0000,4491
20000419,0000,4383
20000420,0000,1563
20000421,0000,1470
20000422,0000,1674
20000423,0000,1680
20000424,0000,1435
20000425,0000,834
20000426,0000,1155
20000427,0000,3780
20000428,0000,3023
20000429,0000,3903
20000430,0000,3644
20000501,0000,3463
20000502,0000,3527
20000503,0000,3796
20000504,0000,3438
20000505,0000,3446
20000506,0000,3695
20000507,0000,3962
20000508,0000,3863
20000509,0000,1296
20000510,0000,1288
20000511,0000,2625
20000512,0000,1883
20000513,0000,1833
20000514,0000,1814
20000515,0000,2812
20000516,0000,2688
20000517,0000,1912
20000518,0000,2198
20000519,0000,1946
20000520,0000,2514
20000521,0000,2970
20000522,0000,2884
20000523,0000,2440
20000524,0000,2594
20000525,0000,2426
20000526,0000,2825
20000527,0000,2804
20000528,0000,2857
20000529,0000,2931
20000530,0000,3271
20000531,0000,2866
20000601,0000,2563
20000602,0000,2604
20000603,0000,2405
20000604,0000,3545
20000605,0000,2850
20000606,0000,2415
20000607,0000,3293
20000608,0000,3136
20000609,0000,3529
20000610,0000,3134
20000611,0000,2750
20000612,0000,2825
20000613,0000,2859
20000614,0000,3238
20000615,0000,2138
20000616,0000,2075
20000617,0000,2850
20000618,0000,2934
20000619,0000,3090
20000620,0000,3069
20000621,0000,2997
20000622,0000,2934
20000623,0000,2982
20000624,0000,2986
20000625,0000,2996
20000626,0000,2900
20000627,0000,2906
20000628,0000,3160
20000629,0000,3421
20000630,0000,2742
20000701,0000,2980
20000702,0000,3004
20000703,0000,3312
20000704,0000,3269
20000705,0000,3099
20000706,0000,2985
20000707,0000,3113
20000708,0000,2855
20000709,0000,3405
20000710,0000,3422
20000711,0000,3040
20000712,0000,3118
20000713,0000,3274
20000714,0000,3070
20000715,0000,3191
20000716,0000,3210
20000717,0000,3314
20000718,0000,3331
20000719,0000,3391
20000720,0000,3438
20000721,0000,3328
20000722,0000,2769
20000723,0000,2751
20000724,0000,2712
20000725,0000,3616
20000726,0000,3732
20000727,0000,3385
20000728,0000,3381
20000729,0000,3469
20000730,0000,2652
20000731,0000,3616
20000801,0000,3488
20000802,0000,3845
20000803,0000,3619
20000804,0000,3576
20000805,0000,2823
20000806,0000,3049
20000807,0000,3322
20000808,0000,3500
20000809,0000,3444
20000810,0000,3482
20000811,0000,3714
20000812,0000,3480
20000813,0000,3395
20000814,0000,3162
20000815,0000,3218
20000816,0000,3774
20000817,0000,3321
20000818,0000,3508
20000819,0000,2798
20000820,0000,2803
20000821,0000,2879
20000822,0000,3205
20000823,0000,3003
20000824,0000,3385
20000825,0000,3684
20000826,0000,3692
20000827,0000,2861
20000828,0000,3631
20000829,0000,3548
20000830,0000,3407
20000831,0000,3329
20000901,0000,3382
20000902,0000,3470
20000903,0000,3574
20000904,0000,3468
20000905,0000,3142
20000906,0000,1994
20000907,0000,2058
20000908,0000,1431
20000909,0000,1552
20000910,0000,1825
20000911,0000,1339
20000912,0000,1600
20000913,0000,1604
20000914,0000,1767
20000915,0000,1736
20000916,0000,1560
20000917,0000,1536
20000918,0000,1447
20000919,0000,1499
20000920,0000,1390
20000921,0000,1969
20000922,0000,1551
20000923,0000,1761
20000924,0000,1687
20000925,0000,1514
20000926,0000,1599
20000927,0000,3181
20000928,0000,3206
20000929,0000,1660
20000930,0000,1158
20001001,0000,1126
20001002,0000,1087
20001003,0000,1127
20001004,0000,1130
20001005,0000,1201
20001006,0000,1117
20001007,0000,1187
20001008,0000,1184
20001009,0000,1159
20001010,0000,1086
20001011,0000,1184
20001012,0000,1205
20001013,0000,1149
20001014,0000,807
20001015,0000,125
20001016,0000,125
20001017,0000,125
20001018,0000,125
20001019,0000,125
20001020,0000,150
20001021,0000,125
20001022,0000,0
20001023,0000,125
20001024,0000,249
20001025,0000,382
20001026,0000,391
20001027,0000,386
20001028,0000,339
20001029,0000,369
20001030,0000,359
20001031,0000,367
20001101,0000,140
20001102,0000,140
20001103,0000,140
20001104,0000,140
20001105,0000,140
20001106,0000,124
20001107,0000,100
20001108,0000,100
20001109,0000,100
20001110,0000,100
20001111,0000,100
20001112,0000,100
20001113,0000,100
20001114,0000,100
20001115,0000,100
20001116,0000,134
20001117,0000,110
20001118,0000,125
20001119,0000,125
20001120,0000,280
20001121,0000,255
20001122,0000,403
20001123,0000,407
20001124,0000,400
20001125,0000,410
20001126,0000,415
20001127,0000,407
20001128,0000,400
20001129,0000,406
20001130,0000,398
20001201,0000,402
20001202,0000,150
20001203,0000,150
20001204,0000,150
20001205,0000,150
20001206,0000,150
20001207,0000,150
20001208,0000,0
20001209,0000,150
20001210,0000,150
20001211,0000,150
20001212,0000,0
20001213,0000,150
20001214,0000,411
20001215,0000,570
20001216,0000,596
20001217,0000,599
20001218,0000,223
20001219,0000,150
20001220,0000,150
20001221,0000,150
20001222,0000,1192
20001223,0000,1150
20001224,0000,1195
20001225,0000,1186
20001226,0000,1271
20001227,0000,1206
20001228,0000,402
20001229,0000,5
20001230,0000,150
20001231,0000,150
20010101,0000,150
20010102,0000,150
20010103,0000,417
20010104,0000,389
20010105,0000,403
20010106,0000,410
20010107,0000,411
20010108,0000,412
20010109,0000,402
20010110,0000,736
20010111,0000,955
20010112,0000,810
20010113,0000,396
20010114,0000,407
20010115,0000,313
20010116,0000,391
20010117,0000,395
20010118,0000,778
20010119,0000,400
20010120,0000,397
20010121,0000,384
20010122,0000,401
20010123,0000,413
20010124,0000,1718
20010125,0000,1292
20010126,0000,1741
20010127,0000,1935
20010128,0000,1472
20010129,0000,1657
20010130,0000,1686
20010131,0000,1436
20010201,0000,394
20010202,0000,389
20010203,0000,399
20010204,0000,419
20010205,0000,409
20010206,0000,404
20010207,0000,402
20010208,0000,411
20010209,0000,785
20010210,0000,2466
20010211,0000,2366
20010212,0000,2681
20010213,0000,2293
20010214,0000,1785
20010215,0000,287
20010216,0000,291
20010217,0000,296
20010218,0000,318
20010219,0000,276
20010220,0000,2589
20010221,0000,1914
20010222,0000,1888
20010223,0000,2829
20010224,0000,2405
20010225,0000,2600
20010226,0000,2287
20010227,0000,2334
20010228,0000,1830
20010301,0000,2613
20010302,0000,1508
20010303,0000,875
20010304,0000,976
20010305,0000,2458
20010306,0000,2320
20010307,0000,2307
20010308,0000,2341
20010309,0000,2478
20010310,0000,3873
20010311,0000,3558
20010312,0000,1931
20010313,0000,1244
20010314,0000,584
20010315,0000,248
20010316,0000,287
20010317,0000,931
20010318,0000,279
20010319,0000,1172
20010320,0000,442
20010321,0000,371
20010322,0000,1251
20010323,0000,684
20010324,0000,502
20010325,0000,1194
20010326,0000,1353
20010327,0000,931
20010328,0000,1149
20010329,0000,283
20010330,0000,292
20010331,0000,278
20010401,0000,290
20010402,0000,300
20010403,0000,298
20010404,0000,275
20010405,0000,404
20010406,0000,375
20010407,0000,385
20010408,0000,375
20010409,0000,404
20010410,0000,375
20010411,0000,338
20010412,0000,375
20010413,0000,375
20010414,0000,290
20010415,0000,375
20010416,0000,412
20010417,0000,400
20010418,0000,443
20010419,0000,443
20010420,0000,250
20010421,0000,427
20010422,0000,870
20010423,0000,717
20010424,0000,311
20010425,0000,400
20010426,0000,404
20010427,0000,427
20010428,0000,293
20010429,0000,462
20010430,0000,370
20010501,0000,466
20010502,0000,416
20010503,0000,400
20010504,0000,299
20010505,0000,433
20010506,0000,1845
20010507,0000,346
20010508,0000,712
20010509,0000,381
20010510,0000,770
20010511,0000,377
20010512,0000,577
20010513,0000,396
20010514,0000,420
20010515,0000,416
20010516,0000,202
20010517,0000,296
20010518,0000,381
20010519,0000,435
20010520,0000,389
20010521,0000,846
20010522,0000,1338
20010523,0000,1109
20010524,0000,920
20010525,0000,1155
20010526,0000,540
20010527,0000,827
20010528,0000,1647
20010529,0000,1178
20010530,0000,381
20010531,0000,836
20010601,0000,1472
20010602,0000,891
20010603,0000,280
20010604,0000,985
20010605,0000,1552
20010606,0000,1506
20010607,0000,1079
20010608,0000,1207
20010609,0000,1345
20010610,0000,1273
20010611,0000,1293
20010612,0000,1191
20010613,0000,1177
20010614,0000,1636
20010615,0000,2222
20010616,0000,2261
20010617,0000,1678
20010618,0000,2038
20010619,0000,1970
20010620,0000,2262
20010621,0000,1975
20010622,0000,2123
20010623,0000,1991
20010624,0000,1930
20010625,0000,2188
20010626,0000,1914
20010627,0000,1981
20010628,0000,2857
20010629,0000,2141
20010630,0000,1769
20010701,0000,1869
20010702,0000,2158
20010703,0000,2614
20010704,0000,2584
20010705,0000,2632
20010706,0000,2313
20010707,0000,2555
20010708,0000,2604
20010709,0000,2522
20010710,0000,2554
20010711,0000,2547
20010712,0000,2546
20010713,0000,2493
20010714,0000,2523
20010715,0000,2575
20010716,0000,2570
20010717,0000,2546
20010718,0000,2624
20010719,0000,2693
20010720,0000,3019
20010721,0000,3052
20010722,0000,3037
20010723,0000,3041
20010724,0000,3039
20010725,0000,3055
20010726,0000,2918
20010727,0000,3008
20010728,0000,3016
20010729,0000,2546
20010730,0000,2589
20010731,0000,2536
20010801,0000,2523
20010802,0000,2511
20010803,0000,2557
20010804,0000,2520
20010805,0000,2534
20010806,0000,2556
20010807,0000,2800
20010808,0000,2561
20010809,0000,2563
20010810,0000,2550
20010811,0000,2553
20010812,0000,2552
20010813,0000,2556
20010814,0000,2540
20010815,0000,2655
20010816,0000,2545
20010817,0000,2546
20010818,0000,2557
20010819,0000,2653
20010820,0000,2531
20010821,0000,2551
20010822,0000,2747
20010823,0000,2664
20010824,0000,2562
20010825,0000,2547
20010826,0000,2553
20010827,0000,2577
20010828,0000,2575
20010829,0000,2569
20010830,0000,2561
20010831,0000,2580
20010901,0000,2549
20010902,0000,2160
20010903,0000,2120
20010904,0000,2117
20010905,0000,2086
20010906,0000,2099
20010907,0000,2170
20010908,0000,2182
20010909,0000,2180
20010910,0000,2003
20010911,0000,2165
20010912,0000,2163
20010913,0000,2181
20010914,0000,2098
20010915,0000,1648
20010916,0000,1652
20010917,0000,1644
20010918,0000,1635
20010919,0000,1270
20010920,0000,1513
20010921,0000,1580
20010922,0000,1647
20010923,0000,1646
20010924,0000,1660
20010925,0000,1588
20010926,0000,1680
20010927,0000,2063
20010928,0000,1957
20010929,0000,2067
20010930,0000,2092
20011001,0000,2113
20011002,0000,2627
20011003,0000,2673
20011004,0000,2647
20011005,0000,2576
20011006,0000,2643
20011007,0000,2502
20011008,0000,2502
20011009,0000,3058
20011010,0000,2653
20011011,0000,2681
20011012,0000,2265
20011013,0000,2268
20011014,0000,2283
20011015,0000,2077
20011016,0000,2121
20011017,0000,2120
20011018,0000,2088
20011019,0000,2100
20011020,0000,2222
20011021,0000,2194
20011022,0000,2273
20011023,0000,2208
20011024,0000,2216
20011025,0000,2289
20011026,0000,2300
20011027,0000,2170
20011028,0000,2167
20011029,0000,200
20011030,0000,200
20011031,0000,200
20011101,0000,200
20011102,0000,200
20011103,0000,200
20011104,0000,200
20011105,0000,200
20011106,0000,200
20011107,0000,200
20011108,0000,200
20011109,0000,200
20011110,0000,0
20011111,0000,200
20011112,0000,200
20011113,0000,200
20011114,0000,200
20011115,0000,200
20011116,0000,200
20011117,0000,200
20011118,0000,200
20011119,0000,200
20011120,0000,200
20011121,0000,200
20011122,0000,200
20011123,0000,200
20011124,0000,200
20011125,0000,200
20011126,0000,200
20011127,0000,200
20011128,0000,200
20011129,0000,200
20011130,0000,200
20011201,0000,200
20011202,0000,200
20011203,0000,200
20011204,0000,200
20011205,0000,200
20011206,0000,200
20011207,0000,200
20011208,0000,200
20011209,0000,200
20011210,0000,200
20011211,0000,200
20011212,0000,200
20011213,0000,200
20011214,0000,200
20011215,0000,215
20011216,0000,200
20011217,0000,374
20011218,0000,572
20011219,0000,1167
20011220,0000,1641
20011221,0000,2964
20011222,0000,2700
20011223,0000,2447
20011224,0000,2471
20011225,0000,2496
20011226,0000,2464
20011227,0000,2393
20011228,0000,2435
20011229,0000,2617
20011230,0000,1565
20011231,0000,1843
20020101,0000,2316
20020102,0000,1761
20020103,0000,4007
20020104,0000,4150
20020105,0000,4161
20020106,0000,4181
20020107,0000,2896
20020108,0000,2558
20020109,0000,1105
20020110,0000,989
20020111,0000,1340
20020112,0000,1132
20020113,0000,1008
20020114,0000,797
20020115,0000,727
20020116,0000,773
20020117,0000,1069
20020118,0000,662
20020119,0000,511
20020120,0000,445
20020121,0000,458
20020122,0000,276
20020123,0000,481
20020124,0000,473
20020125,0000,465
20020126,0000,459
20020127,0000,450
20020128,0000,425
20020129,0000,450
20020130,0000,426
20020131,0000,470
20020201,0000,452
20020202,0000,450
20020203,0000,503
20020204,0000,467
20020205,0000,290
20020206,0000,334
20020207,0000,460
20020208,0000,621
20020209,0000,864
20020210,0000,475
20020211,0000,458
20020212,0000,459
20020213,0000,259
20020214,0000,470
20020215,0000,453
20020216,0000,478
20020217,0000,487
20020218,0000,490
20020219,0000,781
20020220,0000,1793
20020221,0000,1307
20020222,0000,1289
20020223,0000,989
20020224,0000,1049
20020225,0000,402
20020226,0000,747
20020227,0000,794
20020228,0000,1243
20020301,0000,534
20020302,0000,414
20020303,0000,762
20020304,0000,411
20020305,0000,421
20020306,0000,516
20020307,0000,612
20020308,0000,680
20020309,0000,411
20020310,0000,403
20020311,0000,422
20020312,0000,414
20020313,0000,411
20020314,0000,334
20020315,0000,393
20020316,0000,480
20020317,0000,1476
20020318,0000,482
20020319,0000,411
20020320,0000,390
20020321,0000,386
20020322,0000,430
20020323,0000,452
20020324,0000,428
20020325,0000,401
20020326,0000,406
20020327,0000,424
20020328,0000,737
20020329,0000,667
20020330,0000,924
20020331,0000,698
20020401,0000,403
20020402,0000,393
20020403,0000,407
20020404,0000,423
20020405,0000,398
20020406,0000,405
20020407,0000,434
20020408,0000,400
20020409,0000,400
20020410,0000,410
20020411,0000,369
20020412,0000,395
20020413,0000,399
20020414,0000,425
20020415,0000,239
20020416,0000,164
20020417,0000,150
20020418,0000,150
20020419,0000,164
20020420,0000,164
20020421,0000,150
20020422,0000,150
20020423,0000,150
20020424,0000,150
20020425,0000,150
20020426,0000,150
20020427,0000,164
20020428,0000,150
20020429,0000,168
20020430,0000,150
20020501,0000,164
20020502,0000,150
20020503,0000,164
20020504,0000,150
20020505,0000,150
20020506,0000,150
20020507,0000,150
20020508,0000,150
20020509,0000,474
20020510,0000,886
20020511,0000,1199
20020512,0000,1010
20020513,0000,150
20020514,0000,150
20020515,0000,1668
20020516,0000,1015
20020517,0000,1821
20020518,0000,1476
20020519,0000,2220
20020520,0000,556
20020521,0000,1537
20020522,0000,995
20020523,0000,909
20020524,0000,170
20020525,0000,416
20020526,0000,910
20020527,0000,1490
20020528,0000,1381
20020529,0000,1129
20020530,0000,1558
20020531,0000,1045
20020601,0000,1497
20020602,0000,1349
20020603,0000,1296
20020604,0000,1400
20020605,0000,1540
20020606,0000,1548
20020607,0000,1323
20020608,0000,1420
20020609,0000,1412
20020610,0000,1456
20020611,0000,1626
20020612,0000,2164
20020613,0000,1668
20020614,0000,1911
20020615,0000,1646
20020616,0000,1798
20020617,0000,1897
20020618,0000,1994
20020619,0000,1957
20020620,0000,2178
20020621,0000,2187
20020622,0000,2093
20020623,0000,2400
20020624,0000,2428
20020625,0000,2302
20020626,0000,2671
20020627,0000,2250
20020628,0000,2017
20020629,0000,2929
20020630,0000,2310
20020701,0000,2143
20020702,0000,2274
20020703,0000,2150
20020704,0000,2029
20020705,0000,1934
20020706,0000,2295
20020707,0000,2369
20020708,0000,2501
20020709,0000,2137
20020710,0000,2184
20020711,0000,2098
20020712,0000,2044
20020713,0000,2252
20020714,0000,2380
20020715,0000,2382
20020716,0000,2172
20020717,0000,2120
20020718,0000,2195
20020719,0000,2173
20020720,0000,2560
20020721,0000,2258
20020722,0000,2202
20020723,0000,2179
20020724,0000,2198
20020725,0000,2172
20020726,0000,2227
20020727,0000,2361
20020728,0000,2089
20020729,0000,2194
20020730,0000,2094
20020731,0000,2106
20020801,0000,2331
20020802,0000,2144
20020803,0000,2126
20020804,0000,2171
20020805,0000,2397
20020806,0000,2411
20020807,0000,2101
20020808,0000,2116
20020809,0000,1819
20020810,0000,2496
20020811,0000,2250
20020812,0000,2207
20020813,0000,2205
20020814,0000,2184
20020815,0000,2213
20020816,0000,2231
20020817,0000,2412
20020818,0000,1822
20020819,0000,2113
20020820,0000,2009
20020821,0000,2197
20020822,0000,2182
20020823,0000,2466
20020824,0000,2189
20020825,0000,2284
20020826,0000,2170
20020827,0000,2351
20020828,0000,2146
20020829,0000,2159
20020830,0000,2096
20020831,0000,2522
20020901,0000,2282
20020902,0000,2187
20020903,0000,2498
20020904,0000,2416
20020905,0000,1276
20020906,0000,1306
20020907,0000,1352
20020908,0000,1342
20020909,0000,1342
20020910,0000,1320
20020911,0000,1325
20020912,0000,1297
20020913,0000,1382
20020914,0000,1468
20020915,0000,1480
20020916,0000,1480
20020917,0000,1471
20020918,0000,1508
20020919,0000,1485
20020920,0000,1503
20020921,0000,264
20020922,0000,264
20020923,0000,264
20020924,0000,264
20020925,0000,264
20020926,0000,264
20020927,0000,256
20020928,0000,214
20020929,0000,214
20020930,0000,214
20021001,0000,2532
20021002,0000,2797
20021003,0000,3179
20021004,0000,3190
20021005,0000,1092
20021006,0000,997
20021007,0000,1183
20021008,0000,1202
20021009,0000,221
20021010,0000,1233
20021011,0000,1096
20021012,0000,2357
20021013,0000,2557
20021014,0000,2555
20021015,0000,2617
20021016,0000,2670
20021017,0000,2682
20021018,0000,2798
20021019,0000,3477
20021020,0000,1176
20021021,0000,451
20021022,0000,200
20021023,0000,216
20021024,0000,245
20021025,0000,217
20021026,0000,214
20021027,0000,214
20021028,0000,739
20021029,0000,728
20021030,0000,974
20021031,0000,956
20021101,0000,232
20021102,0000,14
20021103,0000,554
20021104,0000,806
20021105,0000,684
20021106,0000,1541
20021107,0000,1300
20021108,0000,1416
20021109,0000,613
20021110,0000,214
20021111,0000,371
20021112,0000,469
20021113,0000,437
20021114,0000,456
20021115,0000,472
20021116,0000,481
20021117,0000,455
20021118,0000,429
20021119,0000,600
20021120,0000,371
20021121,0000,214
20021122,0000,214
20021123,0000,214
20021124,0000,214
20021125,0000,214
20021126,0000,200
20021127,0000,220
20021128,0000,214
20021129,0000,214
20021130,0000,200
20021201,0000,200
20021202,0000,214
20021203,0000,214
20021204,0000,214
20021205,0000,214
20021206,0000,214
20021207,0000,214
20021208,0000,214
20021209,0000,214
20021210,0000,214
20021211,0000,214
20021212,0000,214
20021213,0000,214
20021214,0000,2258
20021215,0000,3370
20021216,0000,1115
20021217,0000,3420
20021218,0000,3256
20021219,0000,3018
20021220,0000,1949
20021221,0000,2730
20021222,0000,2162
20021223,0000,489
20021224,0000,956
20021225,0000,966
20021226,0000,472
20021227,0000,2136
20021228,0000,4499
20021229,0000,4465
20021230,0000,4457
20021231,0000,4063
20030101,0000,4498
20030102,0000,3708
20030103,0000,1685
20030104,0000,903
20030105,0000,452
20030106,0000,984
20030107,0000,716
20030108,0000,879
20030109,0000,1453
20030110,0000,748
20030111,0000,2096
20030112,0000,1989
20030113,0000,3272
20030114,0000,4491
20030115,0000,3658
20030116,0000,2172
20030117,0000,1010
20030118,0000,1067
20030119,0000,1253
20030120,0000,1068
20030121,0000,856
20030122,0000,1119
20030123,0000,1365
20030124,0000,1163
20030125,0000,1203
20030126,0000,1023
20030127,0000,1555
20030128,0000,1122
20030129,0000,549
20030130,0000,1082
20030131,0000,711
20030201,0000,1449
20030202,0000,1570
20030203,0000,1773
20030204,0000,1497
20030205,0000,1259
20030206,0000,1739
20030207,0000,1404
20030208,0000,1379
20030209,0000,1340
20030210,0000,1442
20030211,0000,1518
20030212,0000,1394
20030213,0000,1357
20030214,0000,1394
20030215,0000,1432
20030216,0000,1892
20030217,0000,2243
20030218,0000,1670
20030219,0000,2658
20030220,0000,2288
20030221,0000,1898
20030222,0000,2414
20030223,0000,2653
20030224,0000,3147
20030225,0000,1452
20030226,0000,1211
20030227,0000,1042
20030228,0000,1463
20030301,0000,1145
20030302,0000,841
20030303,0000,899
20030304,0000,978
20030305,0000,997
20030306,0000,1056
20030307,0000,920
20030308,0000,m
20030309,0000,214
20030310,0000,1280
20030311,0000,1333
20030312,0000,1271
20030313,0000,1223
20030314,0000,640
20030315,0000,1882
20030316,0000,2325
20030317,0000,2373
20030318,0000,2348
20030319,0000,2397
20030320,0000,2382
20030321,0000,2262
20030322,0000,2232
20030323,0000,2236
20030324,0000,2233
20030325,0000,2231
20030326,0000,2229
20030327,0000,2228
20030328,0000,2225
20030329,0000,2223
20030330,0000,1567
20030331,0000,1549
20030401,0000,1576
20030402,0000,1586
20030403,0000,1654
20030404,0000,1618
20030405,0000,1582
20030406,0000,1631
20030407,0000,1581
20030408,0000,1589
20030409,0000,214
20030410,0000,214
20030411,0000,214
20030412,0000,214
20030413,0000,214
20030414,0000,214
20030415,0000,214
20030416,0000,940
20030417,0000,948
20030418,0000,945
20030419,0000,735
20030420,0000,944
20030421,0000,951
20030422,0000,709
20030423,0000,1029
20030424,0000,2167
20030425,0000,2174
20030426,0000,2175
20030427,0000,475
20030428,0000,584
20030429,0000,1640
20030430,0000,3760
20030501,0000,3402
20030502,0000,2780
20030503,0000,2254
20030504,0000,1979
20030505,0000,2494
20030506,0000,2351
20030507,0000,2180
20030508,0000,2608
20030509,0000,2518
20030510,0000,2487
20030511,0000,2291
20030512,0000,2241
20030513,0000,2197
20030514,0000,2055
20030515,0000,2543
20030516,0000,2925
20030517,0000,2090
20030518,0000,1946
20030519,0000,2125
20030520,0000,2291
20030521,0000,2177
20030522,0000,2212
20030523,0000,2534
20030524,0000,2534
20030525,0000,2512
20030526,0000,2335
20030527,0000,2574
20030528,0000,2325
20030529,0000,2271
20030530,0000,2052
20030531,0000,2198
20030601,0000,2227
20030602,0000,2838
20030603,0000,2400
20030604,0000,2107
20030605,0000,1997
20030606,0000,2052
20030607,0000,1560
20030608,0000,2945
20030609,0000,2006
20030610,0000,2151
20030611,0000,2305
20030612,0000,2033
20030613,0000,2074
20030614,0000,2156
20030615,0000,2204
20030616,0000,2198
20030617,0000,2261
20030618,0000,2091
20030619,0000,2068
20030620,0000,2032
20030621,0000,2149
20030622,0000,1918
20030623,0000,2138
20030624,0000,2461
20030625,0000,1191
20030626,0000,1190
20030627,0000,1126
20030628,0000,1134
20030629,0000,1120
20030630,0000,1125
20030701,0000,957
20030702,0000,1054
20030703,0000,1076
20030704,0000,1044
20030705,0000,1064
20030706,0000,1028
20030707,0000,1098
20030708,0000,1050
20030709,0000,2138
20030710,0000,2217
20030711,0000,1870
20030712,0000,2616
20030713,0000,2602
20030714,0000,2614
20030715,0000,1324
20030716,0000,1190
20030717,0000,1612
20030718,0000,1638
20030719,0000,1543
20030720,0000,1632
20030721,0000,1547
20030722,0000,1497
20030723,0000,1670
20030724,0000,1639
20030725,0000,1512
20030726,0000,2064
20030727,0000,1985
20030728,0000,2432
20030729,0000,985
20030730,0000,1654
20030731,0000,1236
20030801,0000,3109
20030802,0000,2620
20030803,0000,2570
20030804,0000,2626
20030805,0000,2621
20030806,0000,2616
20030807,0000,2598
20030808,0000,2591
20030809,0000,2610
20030810,0000,2634
20030811,0000,1705
20030812,0000,2043
20030813,0000,2080
20030814,0000,2070
20030815,0000,2089
20030816,0000,2019
20030817,0000,2012
20030818,0000,2017
20030819,0000,2491
20030820,0000,2487
20030821,0000,3038
20030822,0000,3037
20030823,0000,2983
20030824,0000,3011
20030825,0000,3089
20030826,0000,3061
20030827,0000,2584
20030828,0000,2619
20030829,0000,2607
20030830,0000,2575
20030831,0000,2561
20030901,0000,2550
20030902,0000,2562
20030903,0000,2044
20030904,0000,2113
20030905,0000,2147
20030906,0000,2148
20030907,0000,2155
20030908,0000,2093
20030909,0000,2220
20030910,0000,2169
20030911,0000,2155
20030912,0000,2210
20030913,0000,2180
20030914,0000,2203
20030915,0000,2711
20030916,0000,2689
20030917,0000,2696
20030918,0000,2642
20030919,0000,2699
20030920,0000,2627
20030921,0000,2608
20030922,0000,2638
20030923,0000,2654
20030924,0000,2756
20030925,0000,2735
20030926,0000,2707
20030927,0000,2728
20030928,0000,2721
20030929,0000,2761
20030930,0000,2697
20031001,0000,2723
20031002,0000,2768
20031003,0000,2735
20031004,0000,2715
20031005,0000,2748
20031006,0000,2720
20031007,0000,2704
20031008,0000,2705
20031009,0000,2682
20031010,0000,2705
20031011,0000,2687
20031012,0000,2658
20031013,0000,2761
20031014,0000,2722
20031015,0000,1640
20031016,0000,1733
20031017,0000,1742
20031018,0000,1710
20031019,0000,2744
20031020,0000,2742
20031021,0000,2555
20031022,0000,2717
20031023,0000,2730
20031024,0000,2706
20031025,0000,2711
20031026,0000,2744
20031027,0000,297
20031028,0000,216
20031029,0000,215
20031030,0000,214
20031031,0000,275
20031101,0000,1260
20031102,0000,214
20031103,0000,214
20031104,0000,1352
20031105,0000,1397
20031106,0000,1659
20031107,0000,1619
20031108,0000,2821
20031109,0000,1356
20031110,0000,2928
20031111,0000,2832
20031112,0000,2455
20031113,0000,2229
20031114,0000,2456
20031115,0000,2411
20031116,0000,1357
20031117,0000,933
20031118,0000,631
20031119,0000,927
20031120,0000,672
20031121,0000,706
20031122,0000,793
20031123,0000,792
20031124,0000,809
20031125,0000,715
20031126,0000,762
20031127,0000,737
20031128,0000,714
20031129,0000,732
20031130,0000,730
20031201,0000,758
20031202,0000,775
20031203,0000,728
20031204,0000,705
20031205,0000,727
20031206,0000,1177
20031207,0000,1808
20031208,0000,683
20031209,0000,899
20031210,0000,728
20031211,0000,748
20031212,0000,712
20031213,0000,732
20031214,0000,2237
20031215,0000,1411
20031216,0000,764
20031217,0000,748
20031218,0000,729
20031219,0000,701
20031220,0000,756
20031221,0000,895
20031222,0000,925
20031223,0000,1208
20031224,0000,3668
20031225,0000,1623
20031226,0000,733
20031227,0000,745
20031228,0000,507
20031229,0000,715
20031230,0000,697
20031231,0000,733
20040101,0000,2833
20040102,0000,2119
20040103,0000,719
20040104,0000,734
20040105,0000,1345
20040106,0000,966
20040107,0000,743
20040108,0000,758
20040109,0000,1617
20040110,0000,1441
20040111,0000,1270
20040112,0000,857
20040113,0000,1500
20040114,0000,1001
20040115,0000,745
20040116,0000,851
20040117,0000,831
20040118,0000,713
20040119,0000,740
20040120,0000,756
20040121,0000,1114
20040122,0000,1225
20040123,0000,1197
20040124,0000,1236
20040125,0000,1209
20040126,0000,1256
20040127,0000,1238
20040128,0000,662
20040129,0000,468
20040130,0000,797
20040131,0000,706
20040201,0000,491
20040202,0000,651
20040203,0000,776
20040204,0000,649
20040205,0000,460
20040206,0000,458
20040207,0000,470
20040208,0000,488
20040209,0000,766
20040210,0000,481
20040211,0000,462
20040212,0000,453
20040213,0000,383
20040214,0000,357
20040215,0000,457
20040216,0000,2322
20040217,0000,3128
20040218,0000,4439
20040219,0000,4436
20040220,0000,4238
20040221,0000,4436
20040222,0000,4443
20040223,0000,4440
20040224,0000,3502
20040225,0000,3423
20040226,0000,4389
20040227,0000,4526
20040228,0000,4002
20040229,0000,2432
20040301,0000,1798
20040302,0000,1977
20040303,0000,1294
20040304,0000,4470
20040305,0000,4449
20040306,0000,4395
20040307,0000,4386
20040308,0000,4390
20040309,0000,4424
20040310,0000,4399
20040311,0000,4339
20040312,0000,4446
20040313,0000,4404
20040314,0000,4372
20040315,0000,3219
20040316,0000,3187
20040317,0000,2376
20040318,0000,1951
20040319,0000,2141
20040320,0000,2599
20040321,0000,2105
20040322,0000,2546
20040323,0000,4183
20040324,0000,3853
20040325,0000,3977
20040326,0000,4497
20040327,0000,4497
20040328,0000,4054
20040329,0000,4056
20040330,0000,3017
20040331,0000,2537
20040401,0000,2637
20040402,0000,2595
20040403,0000,2760
20040404,0000,2113
20040405,0000,2052
20040406,0000,2026
20040407,0000,1944
20040408,0000,2052
20040409,0000,2665
20040410,0000,2612
20040411,0000,2603
20040412,0000,2312
20040413,0000,2253
20040414,0000,2258
20040415,0000,2261
20040416,0000,2258
20040417,0000,2227
20040418,0000,2231
20040419,0000,2221
20040420,0000,2223
20040421,0000,2220
20040422,0000,2221
20040423,0000,2220
20040424,0000,2221
20040425,0000,2220
20040426,0000,2223
20040427,0000,2209
20040428,0000,2217
20040429,0000,2234
20040430,0000,2215
20040501,0000,2210
20040502,0000,2201
20040503,0000,2190
20040504,0000,2220
20040505,0000,1018
20040506,0000,214
20040507,0000,m
20040508,0000,m
20040509,0000,214
20040510,0000,214
20040511,0000,214
20040512,0000,214
20040513,0000,214
20040514,0000,218
20040515,0000,214
20040516,0000,214
20040517,0000,405
20040518,0000,216
20040519,0000,214
20040520,0000,214
20040521,0000,214
20040522,0000,214
20040523,0000,214
20040524,0000,216
20040525,0000,214
20040526,0000,214
20040527,0000,214
20040528,0000,214
20040529,0000,214
20040530,0000,214
20040531,0000,214
20040601,0000,212
20040602,0000,314
20040603,0000,719
20040604,0000,595
20040605,0000,1637
20040606,0000,643
20040607,0000,1513
20040608,0000,816
20040609,0000,1500
20040610,0000,1134
20040611,0000,1341
20040612,0000,1689
20040613,0000,2021
20040614,0000,1738
20040615,0000,1641
20040616,0000,1755
20040617,0000,2230
20040618,0000,2473
20040619,0000,1945
20040620,0000,2174
20040621,0000,2237
20040622,0000,2003
20040623,0000,2144
20040624,0000,2362
20040625,0000,2508
20040626,0000,2148
20040627,0000,2010
20040628,0000,2432
20040629,0000,1770
20040630,0000,1763
20040701,0000,1873
20040702,0000,2324
20040703,0000,2116
20040704,0000,2099
20040705,0000,2615
20040706,0000,2010
20040707,0000,1276
20040708,0000,2371
20040709,0000,2489
20040710,0000,2317
20040711,0000,2401
20040712,0000,2149
20040713,0000,2248
20040714,0000,2278
20040715,0000,2269
20040716,0000,2329
20040717,0000,2262
20040718,0000,2257
20040719,0000,2318
20040720,0000,2392
20040721,0000,2327
20040722,0000,2319
20040723,0000,2264
20040724,0000,2305
20040725,0000,2319
20040726,0000,2279
20040727,0000,2279
20040728,0000,2310
20040729,0000,2262
20040730,0000,2261
20040731,0000,2203
20040801,0000,2306
20040802,0000,2312
20040803,0000,2273
20040804,0000,2303
20040805,0000,2110
20040806,0000,1816
20040807,0000,1779
20040808,0000,1915
20040809,0000,1981
20040810,0000,1845
20040811,0000,1913
20040812,0000,1862
20040813,0000,1864
20040814,0000,1864
20040815,0000,1840
20040816,0000,1521
20040817,0000,89
20040818,0000,89
20040819,0000,89
20040820,0000,89
20040821,0000,1026
20040822,0000,1827
20040823,0000,1846
20040824,0000,1830
20040825,0000,1666
20040826,0000,1040
20040827,0000,1097
20040828,0000,1073
20040829,0000,1068
20040830,0000,1080
20040831,0000,2056
20040901,0000,2094
20040902,0000,1798
20040903,0000,1086
20040904,0000,1061
20040905,0000,1061
20040906,0000,1042
20040907,0000,1173
20040908,0000,1083
20040909,0000,1118
20040910,0000,1065
20040911,0000,1671
20040912,0000,1176
20040913,0000,1267
20040914,0000,1215
20040915,0000,1187
20040916,0000,1201
20040917,0000,1204
20040918,0000,1183
20040919,0000,1562
20040920,0000,1750
20040921,0000,1753
20040922,0000,1759
20040923,0000,1675
20040924,0000,1717
20040925,0000,2381
20040926,0000,2436
20040927,0000,3481
20040928,0000,3500
20040929,0000,3510
20040930,0000,3516
20041001,0000,3511
20041002,0000,3487
20041003,0000,3507
20041004,0000,3512
20041005,0000,3405
20041006,0000,3162
20041007,0000,3358
20041008,0000,3335
20041009,0000,3416
20041010,0000,3292
20041011,0000,3415
20041012,0000,3303
20041013,0000,3409
20041014,0000,3415
20041015,0000,3407
20041016,0000,3668
20041017,0000,3394
20041018,0000,3327
20041019,0000,3460
20041020,0000,2456
20041021,0000,723
20041022,0000,599
20041023,0000,1471
20041024,0000,2364
20041025,0000,1968
20041026,0000,2057
20041027,0000,2114
20041028,0000,2071
20041029,0000,2083
20041030,0000,1801
20041031,0000,696
20041101,0000,701
20041102,0000,691
20041103,0000,859
20041104,0000,427
20041105,0000,389
20041106,0000,389
20041107,0000,214
20041108,0000,293
20041109,0000,372
20041110,0000,374
20041111,0000,378
20041112,0000,375
20041113,0000,1374
20041114,0000,399
20041115,0000,338
20041116,0000,226
20041117,0000,m
20041118,0000,214
20041119,0000,m
20041120,0000,214
20041121,0000,0
20041122,0000,214
20041123,0000,214
20041124,0000,200
20041125,0000,200
20041126,0000,0
20041127,0000,200
20041128,0000,0
20041129,0000,214
20041130,0000,214
20041201,0000,214
20041202,0000,214
20041203,0000,214
20041204,0000,214
20041205,0000,214
20041206,0000,214
20041207,0000,214
20041208,0000,214
20041209,0000,321
20041210,0000,469
20041211,0000,451
20041212,0000,476
20041213,0000,454
20041214,0000,454
20041215,0000,463
20041216,0000,468
20041217,0000,265
20041218,0000,460
20041219,0000,474
20041220,0000,310
20041221,0000,214
20041222,0000,214
20041223,0000,214
20041224,0000,200
20041225,0000,200
20041226,0000,200
20041227,0000,1310
20041228,0000,3139
20041229,0000,2288
20041230,0000,2256
20041231,0000,2127
20050101,0000,1763
20050102,0000,1100
20050103,0000,761
20050104,0000,473
20050105,0000,496
20050106,0000,489
20050107,0000,465
20050108,0000,435
20050109,0000,426
20050110,0000,499
20050111,0000,466
20050112,0000,477
20050113,0000,467
20050114,0000,460
20050115,0000,477
20050116,0000,456
20050117,0000,445
20050118,0000,352
20050119,0000,214
20050120,0000,214
20050121,0000,214
20050122,0000,m
20050123,0000,214
20050124,0000,214
20050125,0000,352
20050126,0000,1757
20050127,0000,793
20050128,0000,1408
20050129,0000,1594
20050130,0000,1548
20050131,0000,1447
20050201,0000,469
20050202,0000,1044
20050203,0000,1803
20050204,0000,1317
20050205,0000,1308
20050206,0000,869
20050207,0000,214
20050208,0000,214
20050209,0000,214
20050210,0000,807
20050211,0000,214
20050212,0000,285
20050213,0000,m
20050214,0000,734
20050215,0000,214
20050216,0000,545
20050217,0000,665
20050218,0000,382
20050219,0000,214
20050220,0000,1458
20050221,0000,616
20050222,0000,1271
20050223,0000,674
20050224,0000,793
20050225,0000,350
20050226,0000,214
20050227,0000,541
20050228,0000,961
20050301,0000,1672
20050302,0000,1751
20050303,0000,2213
20050304,0000,1189
20050305,0000,1660
20050306,0000,218
20050307,0000,639
20050308,0000,1533
20050309,0000,218
20050310,0000,718
20050311,0000,214
20050312,0000,582
20050313,0000,734
20050314,0000,214
20050315,0000,214
20050316,0000,639
20050317,0000,544
20050318,0000,214
20050319,0000,1034
20050320,0000,465
20050321,0000,967
20050322,0000,1627
20050323,0000,1861
20050324,0000,2771
20050325,0000,2658
20050326,0000,2592
20050327,0000,2249
20050328,0000,1190
20050329,0000,1304
20050330,0000,1635
20050331,0000,1041
20050401,0000,469
20050402,0000,480
20050403,0000,502
20050404,0000,723
20050405,0000,427
20050406,0000,427
20050407,0000,443
20050408,0000,448
20050409,0000,440
20050410,0000,441
20050411,0000,488
20050412,0000,462
20050413,0000,462
20050414,0000,310
20050415,0000,214
20050416,0000,214
20050417,0000,214
20050418,0000,214
20050419,0000,214
20050420,0000,214
20050421,0000,m
20050422,0000,214
20050423,0000,214
20050424,0000,214
20050425,0000,214
20050426,0000,327
20050427,0000,436
20050428,0000,477
20050429,0000,438
20050430,0000,489
20050501,0000,466
20050502,0000,430
20050503,0000,443
20050504,0000,297
20050505,0000,1117
20050506,0000,730
20050507,0000,517
20050508,0000,1660
20050509,0000,2141
20050510,0000,2292
20050511,0000,2221
20050512,0000,2191
20050513,0000,837
20050514,0000,958
20050515,0000,970
20050516,0000,214
20050517,0000,371
20050518,0000,1313
20050519,0000,2174
20050520,0000,2175
20050521,0000,2169
20050522,0000,1602
20050523,0000,759
20050524,0000,1020
20050525,0000,214
20050526,0000,1415
20050527,0000,919
20050528,0000,898
20050529,0000,1072
20050530,0000,2012
20050531,0000,1161
20050601,0000,868
20050602,0000,985
20050603,0000,1045
20050604,0000,969
20050605,0000,909
20050606,0000,1005
20050607,0000,870
20050608,0000,921
20050609,0000,864
20050610,0000,824
20050611,0000,775
20050612,0000,844
20050613,0000,867
20050614,0000,1024
20050615,0000,891
20050616,0000,810
20050617,0000,705
20050618,0000,1536
20050619,0000,1362
20050620,0000,1507
20050621,0000,970
20050622,0000,1291
20050623,0000,1165
20050624,0000,751
20050625,0000,704
20050626,0000,1040
20050627,0000,725
20050628,0000,751
20050629,0000,812
20050630,0000,738
20050701,0000,765
20050702,0000,707
20050703,0000,1139
20050704,0000,814
20050705,0000,1083
20050706,0000,635
20050707,0000,712
20050708,0000,650
20050709,0000,773
20050710,0000,596
20050711,0000,724
20050712,0000,691
20050713,0000,970
20050714,0000,744
20050715,0000,897
20050716,0000,491
20050717,0000,614
20050718,0000,1138
20050719,0000,1219
20050720,0000,1301
20050721,0000,1099
20050722,0000,1193
20050723,0000,1377
20050724,0000,1143
20050725,0000,1168
20050726,0000,1538
20050727,0000,1265
20050728,0000,1158
20050729,0000,1018
20050730,0000,1270
20050731,0000,1028
20050801,0000,1098
20050802,0000,1033
20050803,0000,1333
20050804,0000,1181
20050805,0000,1137
20050806,0000,1303
20050807,0000,1089
20050808,0000,969
20050809,0000,947
20050810,0000,1098
20050811,0000,1202
20050812,0000,1450
20050813,0000,m
20050814,0000,1066
20050815,0000,1026
20050816,0000,1135
20050817,0000,1043
20050818,0000,1110
20050819,0000,1126
20050820,0000,1496
20050821,0000,1601
20050822,0000,1605
20050823,0000,1385
20050824,0000,1368
20050825,0000,1300
20050826,0000,1552
20050827,0000,1592
20050828,0000,1543
20050829,0000,1532
20050830,0000,1387
20050831,0000,1543
20050901,0000,1444
20050902,0000,1468
20050903,0000,1546
20050904,0000,1465
20050905,0000,1320
20050906,0000,1595
20050907,0000,1526
20050908,0000,1425
20050909,0000,1462
20050910,0000,1438
20050911,0000,1527
20050912,0000,1547
20050913,0000,1645
20050914,0000,1450
20050915,0000,1467
20050916,0000,1538
20050917,0000,1574
20050918,0000,1459
20050919,0000,1524
20050920,0000,1478
20050921,0000,1412
20050922,0000,897
20050923,0000,915
20050924,0000,909
20050925,0000,990
20050926,0000,911
20050927,0000,926
20050928,0000,874
20050929,0000,752
20050930,0000,764
20051001,0000,749
20051002,0000,1008
20051003,0000,1209
20051004,0000,1210
20051005,0000,1230
20051006,0000,1206
20051007,0000,2161
20051008,0000,1230
20051009,0000,2149
20051010,0000,1212
20051011,0000,1205
20051012,0000,1203
20051013,0000,1225
20051014,0000,1174
20051015,0000,1201
20051016,0000,1171
20051017,0000,1294
20051018,0000,1579
20051019,0000,1397
20051020,0000,1291
20051021,0000,1198
20051022,0000,1178
20051023,0000,1218
20051024,0000,1223
20051025,0000,1222
20051026,0000,1254
20051027,0000,1247
20051028,0000,1246
20051029,0000,1245
20051030,0000,1183
20051031,0000,1243
20051101,0000,1227
20051102,0000,1225
20051103,0000,1224
20051104,0000,1230
20051105,0000,1208
20051106,0000,1196
20051107,0000,1228
20051108,0000,1476
20051109,0000,2522
20051110,0000,1683
20051111,0000,1376
20051112,0000,1482
20051113,0000,1694
20051114,0000,1501
20051115,0000,1471
20051116,0000,1754
20051117,0000,1692
20051118,0000,1509
20051119,0000,1530
20051120,0000,1304
20051121,0000,1413
20051122,0000,1521
20051123,0000,1607
20051124,0000,1803
20051125,0000,1734
20051126,0000,1579
20051127,0000,1514
20051128,0000,1562
20051129,0000,1732
20051130,0000,2306
20051201,0000,1890
20051202,0000,2333
20051203,0000,1454
20051204,0000,1732
20051205,0000,1587
20051206,0000,1632
20051207,0000,1805
20051208,0000,1543
20051209,0000,739
20051210,0000,749
20051211,0000,868
20051212,0000,723
20051213,0000,921
20051214,0000,1011
20051215,0000,935
20051216,0000,929
20051217,0000,808
20051218,0000,1176
20051219,0000,1757
20051220,0000,2290
20051221,0000,1995
20051222,0000,2016
20051223,0000,2607
20051224,0000,2665
20051225,0000,2605
20051226,0000,3306
20051227,0000,3405
20051228,0000,4322
20051229,0000,4316
20051230,0000,3017
20051231,0000,4098
20060101,0000,4304
20060102,0000,4284
20060103,0000,3434
20060104,0000,2903
20060105,0000,2910
20060106,0000,2120
20060107,0000,2574
20060108,0000,432
20060109,0000,1850
20060110,0000,435
20060111,0000,1700
20060112,0000,784
20060113,0000,2053
20060114,0000,2869
20060115,0000,3108
20060116,0000,2600
20060117,0000,2187
20060118,0000,2592
20060119,0000,2082
20060120,0000,3157
20060121,0000,2062
20060122,0000,2074
20060123,0000,2078
20060124,0000,2079
20060125,0000,2257
20060126,0000,2079
20060127,0000,2318
20060128,0000,2170
20060129,0000,2632
20060130,0000,2780
20060131,0000,2631
20060201,0000,3792
20060202,0000,2840
20060203,0000,1607
20060204,0000,1724
20060205,0000,1754
20060206,0000,929
20060207,0000,1399
20060208,0000,966
20060209,0000,4124
20060210,0000,3505
20060211,0000,4248
20060212,0000,4299
20060213,0000,4039
20060214,0000,3638
20060215,0000,4229
20060216,0000,3662
20060217,0000,3714
20060218,0000,3711
20060219,0000,3709
20060220,0000,3701
20060221,0000,3726
20060222,0000,3545
20060223,0000,3428
20060224,0000,3300
20060225,0000,3598
20060226,0000,3645
20060227,0000,4059
20060228,0000,4315
20060301,0000,4316
20060302,0000,4314
20060303,0000,3927
20060304,0000,4113
20060305,0000,3320
20060306,0000,2195
20060307,0000,2285
20060308,0000,2177
20060309,0000,2209
20060310,0000,1741
20060311,0000,1737
20060312,0000,1541
20060313,0000,1208
20060314,0000,1755
20060315,0000,4284
20060316,0000,4284
20060317,0000,4302
20060318,0000,4296
20060319,0000,4297
20060320,0000,2855
20060321,0000,2351
20060322,0000,2370
20060323,0000,2297
20060324,0000,2316
20060325,0000,2345
20060326,0000,2359
20060327,0000,2359
20060328,0000,2335
20060329,0000,2376
20060330,0000,m
20060331,0000,2372
20060401,0000,2352
20060402,0000,2347
20060403,0000,2350
20060404,0000,2346
20060405,0000,2345
20060406,0000,2351
20060407,0000,2345
20060408,0000,2340
20060409,0000,2346
20060410,0000,2348
20060411,0000,2330
20060412,0000,2226
20060413,0000,5449
20060414,0000,5275
20060415,0000,4560
20060416,0000,4340
20060417,0000,4338
20060418,0000,4365
20060419,0000,4386
20060420,0000,3194
20060421,0000,3190
20060422,0000,3188
20060423,0000,3002
20060424,0000,3028
20060425,0000,2320
20060426,0000,285
20060427,0000,1213
20060428,0000,1874
20060429,0000,3451
20060430,0000,3249
20060501,0000,2322
20060502,0000,3790
20060503,0000,3651
20060504,0000,4214
20060505,0000,4315
20060506,0000,4316
20060507,0000,4313
20060508,0000,4276
20060509,0000,3522
20060510,0000,3745
20060511,0000,3553
20060512,0000,4232
20060513,0000,4236
20060514,0000,4187
20060515,0000,4254
20060516,0000,4092
20060517,0000,4264
20060518,0000,4182
20060519,0000,3405
20060520,0000,4293
20060521,0000,4299
20060522,0000,4298
20060523,0000,4287
20060524,0000,4303
20060525,0000,4309
20060526,0000,4309
20060527,0000,4302
20060528,0000,4287
20060529,0000,4293
20060530,0000,3742
20060531,0000,3378
20060601,0000,3542
20060602,0000,3767
20060603,0000,3659
20060604,0000,4208
20060605,0000,3727
20060606,0000,4171
20060607,0000,3845
20060608,0000,3471
20060609,0000,4112
20060610,0000,3566
20060611,0000,3670
20060612,0000,4195
20060613,0000,3528
20060614,0000,3842
20060615,0000,3005
20060616,0000,4231
20060617,0000,3340
20060618,0000,3525
20060619,0000,2059
20060620,0000,2074
20060621,0000,2077
20060622,0000,1743
20060623,0000,1664
20060624,0000,2072
20060625,0000,1712
20060626,0000,2042
20060627,0000,2127
20060628,0000,1969
20060629,0000,2036
20060630,0000,1964
20060701,0000,2074
20060702,0000,2113
20060703,0000,2068
20060704,0000,1891
20060705,0000,1876
20060706,0000,2072
20060707,0000,1872
20060708,0000,2025
20060709,0000,1895
20060710,0000,1942
20060711,0000,2013
20060712,0000,2019
20060713,0000,2013
20060714,0000,2004
20060715,0000,2005
20060716,0000,2111
20060717,0000,1716
20060718,0000,1781
20060719,0000,2127
20060720,0000,2118
20060721,0000,2032
20060722,0000,2057
20060723,0000,2864
20060724,0000,2132
20060725,0000,2131
20060726,0000,2029
20060727,0000,2279
20060728,0000,2563
20060729,0000,2128
20060730,0000,1932
20060731,0000,2216
20060801,0000,2322
20060802,0000,2321
20060803,0000,2249
20060804,0000,2037
20060805,0000,2257
20060806,0000,2270
20060807,0000,2735
20060808,0000,2245
20060809,0000,2055
20060810,0000,2226
20060811,0000,2152
20060812,0000,2294
20060813,0000,2246
20060814,0000,2386
20060815,0000,2614
20060816,0000,2272
20060817,0000,2541
20060818,0000,2340
20060819,0000,2327
20060820,0000,2341
20060821,0000,2321
20060822,0000,2333
20060823,0000,2300
20060824,0000,2409
20060825,0000,2279
20060826,0000,2342
20060827,0000,2387
20060828,0000,2365
20060829,0000,2714
20060830,0000,2618
20060831,0000,2054
20060901,0000,2817
20060902,0000,2753
20060903,0000,2066
20060904,0000,2470
20060905,0000,1970
20060906,0000,2663
20060907,0000,2830
20060908,0000,2814
20060909,0000,2650
20060910,0000,2560
20060911,0000,2557
20060912,0000,2498
20060913,0000,2642
20060914,0000,2718
20060915,0000,2673
20060916,0000,2656
20060917,0000,2656
20060918,0000,2676
20060919,0000,2658
20060920,0000,2689
20060921,0000,2655
20060922,0000,2695
20060923,0000,2667
20060924,0000,2684
20060925,0000,2679
20060926,0000,2664
20060927,0000,2665
20060928,0000,2655
20060929,0000,2651
20060930,0000,2652
20061001,0000,2638
20061002,0000,573
20061003,0000,688
20061004,0000,627
20061005,0000,600
20061006,0000,707
20061007,0000,710
20061008,0000,558
20061009,0000,760
20061010,0000,494
20061011,0000,472
20061012,0000,527
20061013,0000,785
20061014,0000,587
20061015,0000,462
20061016,0000,857
20061017,0000,852
20061018,0000,697
20061019,0000,1433
20061020,0000,1286
20061021,0000,1531
20061022,0000,626
20061023,0000,1098
20061024,0000,127
20061025,0000,472
20061026,0000,445
20061027,0000,555
20061028,0000,447
20061029,0000,2149
20061030,0000,2067
20061031,0000,209
20061101,0000,436
20061102,0000,437
20061103,0000,534
20061104,0000,209
20061105,0000,529
20061106,0000,209
20061107,0000,519
20061108,0000,773
20061109,0000,582
20061110,0000,593
20061111,0000,526
20061112,0000,254
20061113,0000,1352
20061114,0000,1827
20061115,0000,1214
20061116,0000,697
20061117,0000,639
20061118,0000,532
20061119,0000,272
20061120,0000,581
20061121,0000,566
20061122,0000,571
20061123,0000,271
20061124,0000,535
20061125,0000,269
20061126,0000,551
20061127,0000,520
20061128,0000,511
20061129,0000,267
20061130,0000,596
20061201,0000,658
20061202,0000,577
20061203,0000,251
20061204,0000,251
20061205,0000,629
20061206,0000,473
20061207,0000,478
20061208,0000,474
20061209,0000,518
20061210,0000,248
20061211,0000,617
20061212,0000,719
20061213,0000,1144
20061214,0000,1269
20061215,0000,1628
20061216,0000,1324
20061217,0000,796
20061218,0000,945
20061219,0000,1071
20061220,0000,690
20061221,0000,1059
20061222,0000,1179
20061223,0000,1177
20061224,0000,1135
20061225,0000,984
20061226,0000,1209
20061227,0000,1789
20061228,0000,1186
20061229,0000,1418
20061230,0000,1409
20061231,0000,1455
20070101,0000,666
20070102,0000,655
20070103,0000,657
20070104,0000,717
20070105,0000,641
20070106,0000,668
20070107,0000,663
20070108,0000,1035
20070109,0000,785
20070110,0000,787
20070111,0000,m

