Date,PST,Inflow
19940101,0000,m
19940102,0000,281
19940103,0000,513
19940104,0000,617
19940105,0000,776
19940106,0000,787
19940107,0000,698
19940108,0000,292
19940109,0000,260
19940110,0000,735
19940111,0000,718
19940112,0000,695
19940113,0000,806
19940114,0000,726
19940115,0000,292
19940116,0000,272
19940117,0000,567
19940118,0000,587
19940119,0000,503
19940120,0000,589
19940121,0000,543
19940122,0000,288
19940123,0000,319
19940124,0000,706
19940125,0000,684
19940126,0000,625
19940127,0000,612
19940128,0000,659
19940129,0000,414
19940130,0000,304
19940131,0000,636
19941002,0000,991
19941003,0000,726
19941004,0000,867
19941006,0000,1568
19941007,0000,1141
19941009,0000,1051
19941010,0000,999
19941011,0000,1126
19941013,0000,863
19941014,0000,752
19941015,0000,580
19941016,0000,544
19941017,0000,508
19941018,0000,457
19941019,0000,770
19941021,0000,398
19941022,0000,445
19941023,0000,375
19941024,0000,368
19941025,0000,375
19941026,0000,342
19941027,0000,331
19941028,0000,338
19941030,0000,327
19941031,0000,305
19941101,0000,287
19941102,0000,282
19941103,0000,274
19941104,0000,321
19941105,0000,270
19941106,0000,282
19941107,0000,666
19941108,0000,637
19941109,0000,546
19941110,0000,557
19941111,0000,712
19941112,0000,576
19941113,0000,488
19941114,0000,497
19941115,0000,458
19941116,0000,480
19941117,0000,444
19941118,0000,489
19941119,0000,479
19941120,0000,427
19941121,0000,426
19941122,0000,489
19941123,0000,487
19941124,0000,482
19941125,0000,435
19941126,0000,527
19941127,0000,663
19941128,0000,539
19941129,0000,717
19941130,0000,710
19941201,0000,884
19941202,0000,946
19941203,0000,922
19941204,0000,757
19941205,0000,785
19941206,0000,903
19941207,0000,849
19941208,0000,898
19941209,0000,768
19941210,0000,760
19941211,0000,606
19941212,0000,546
19941213,0000,737
19941214,0000,1098
19941215,0000,1098
19941216,0000,921
19941217,0000,613
19941218,0000,836
19941219,0000,677
19941220,0000,754
19941221,0000,831
19941222,0000,883
19941223,0000,925
19941224,0000,845
19941225,0000,932
19941226,0000,680
19941227,0000,675
19941228,0000,884
19941229,0000,717
19941230,0000,760
19941231,0000,665
19950101,0000,579
19950102,0000,579
19950103,0000,594
19950104,0000,1396
19950105,0000,3251
19950106,0000,1310
19950107,0000,1310
19950108,0000,1960
19950109,0000,1451
19950110,0000,6828
19950111,0000,6828
19950112,0000,5875
19950113,0000,4071
19950114,0000,3845
19950115,0000,3796
19950116,0000,6172
19950117,0000,2823
19950118,0000,2823
19950119,0000,2340
19950120,0000,2099
19950121,0000,1870
19950122,0000,1835
19950123,0000,1782
19950124,0000,2857
19950125,0000,3634
19950126,0000,3354
19950127,0000,3185
19950128,0000,2630
19950129,0000,2198
19950130,0000,1682
19950131,0000,1682
19950201,0000,1432
19950202,0000,1905
19950203,0000,1905
19950204,0000,2227
19950205,0000,2019
19950206,0000,2060
19950207,0000,1428
19950208,0000,1428
19950209,0000,1941
19950210,0000,1952
19950211,0000,1952
19950212,0000,1773
19950213,0000,1810
19950214,0000,2613
19950215,0000,2613
19950216,0000,1907
19950217,0000,1907
19950218,0000,1766
19950219,0000,1793
19950220,0000,1694
19950221,0000,1984
19950222,0000,2066
19950223,0000,2046
19950224,0000,2088
19950225,0000,2145
19950226,0000,2158
19950227,0000,2181
19950228,0000,2181
19950301,0000,2077
19950302,0000,2199
19950303,0000,2273
19950304,0000,2653
19950305,0000,2653
19950306,0000,2768
19950307,0000,2912
19950308,0000,2417
19950309,0000,2362
19950310,0000,4430
19950311,0000,24982
19950312,0000,21902
19950313,0000,9500
19950314,0000,6994
19950315,0000,6285
19950316,0000,5582
19950317,0000,4314
19950318,0000,4314
19950319,0000,4187
19950320,0000,4089
19950321,0000,5053
19950322,0000,7416
19950323,0000,7416
19950324,0000,10944
19950325,0000,6878
19950326,0000,5518
19950327,0000,4852
19950328,0000,4383
19950329,0000,m
19950330,0000,3852
19950331,0000,3852
19950401,0000,4209
19950402,0000,4465
19950403,0000,4465
19950404,0000,4364
19950405,0000,4364
19950406,0000,4587
19950407,0000,4415
19950408,0000,4512
19950409,0000,4292
19950410,0000,3957
19950411,0000,3946
19950412,0000,m
19950413,0000,4737
19950414,0000,4233
19950415,0000,3878
19950416,0000,3411
19950417,0000,3159
19950418,0000,3227
19950419,0000,3232
19950420,0000,3340
19950421,0000,3133
19950422,0000,3119
19950423,0000,3282
19950424,0000,3723
19950425,0000,4446
19950426,0000,4965
19950427,0000,5379
19950428,0000,5563
19950429,0000,7025
19950430,0000,14214
19950501,0000,12320
19950502,0000,9989
19950503,0000,8166
19950504,0000,8468
19950505,0000,8669
19950506,0000,6910
19950507,0000,5942
19950508,0000,5599
19950509,0000,5759
19950510,0000,6388
19950511,0000,6999
19950512,0000,7349
19950513,0000,6986
19950514,0000,6074
19950515,0000,5804
19950516,0000,5197
19950517,0000,m
19950518,0000,5899
19950519,0000,7986
19950520,0000,9099
19950521,0000,10487
19950522,0000,10704
19950523,0000,10136
19950524,0000,10211
19950525,0000,8794
19950526,0000,7836
19950527,0000,9127
19950528,0000,9209
19950529,0000,10332
19950530,0000,11753
19950531,0000,13180
19950601,0000,m
19950602,0000,12948
19950603,0000,13272
19950604,0000,14905
19950605,0000,16491
19950606,0000,14252
19950607,0000,11271
19950608,0000,m
19950609,0000,7508
19950610,0000,9142
19950611,0000,12267
19950612,0000,14636
19950613,0000,15749
19950614,0000,15222
19950615,0000,12804
19950616,0000,10962
19950617,0000,9225
19950618,0000,8759
19950619,0000,9203
19950620,0000,9877
19950621,0000,10285
19950622,0000,11298
19950623,0000,13295
19950624,0000,15236
19950625,0000,16867
19950626,0000,17190
19950627,0000,16723
19950628,0000,16964
19950629,0000,16691
19950630,0000,14564
19950701,0000,13745
19950702,0000,13382
19950703,0000,13477
19950704,0000,13445
19950705,0000,14007
19950706,0000,m
19950707,0000,15604
19950708,0000,15309
19950709,0000,16700
19950710,0000,14844
19950711,0000,11030
19950712,0000,9243
19950713,0000,8942
19950714,0000,9230
19950715,0000,9433
19950716,0000,m
19950717,0000,m
19950718,0000,12019
19950719,0000,9919
19950720,0000,8833
19950721,0000,8363
19950722,0000,8232
19950723,0000,7337
19950724,0000,6749
19950725,0000,6389
19950726,0000,6042
19950727,0000,6047
19950728,0000,m
19950729,0000,6853
19950730,0000,m
19950731,0000,6293
19950801,0000,5648
19950802,0000,5337
19950803,0000,5313
19950804,0000,5353
19950805,0000,5319
19950806,0000,5105
19950807,0000,4388
19950808,0000,4389
19950809,0000,3982
19950810,0000,3570
19950811,0000,m
19950812,0000,m
19950813,0000,2751
19950814,0000,2997
19950815,0000,3010
19950816,0000,2774
19950817,0000,2943
19950818,0000,2828
19950819,0000,2567
19950820,0000,2638
19950821,0000,2611
19950822,0000,3027
19950823,0000,3320
19950824,0000,3079
19950825,0000,m
19950826,0000,2387
19950827,0000,2237
19950828,0000,2121
19950829,0000,1969
19950830,0000,1908
19950831,0000,1964
19950901,0000,m
19950902,0000,2040
19950903,0000,2421
19950904,0000,2548
19950905,0000,2322
19950906,0000,m
19950907,0000,2129
19950908,0000,m
19950909,0000,m
19950910,0000,m
19950911,0000,1649
19950912,0000,1754
19950913,0000,1664
19950914,0000,1479
19950915,0000,m
19950916,0000,1610
19950917,0000,m
19950918,0000,1589
19950919,0000,1543
19950920,0000,1478
19950921,0000,1531
19950922,0000,m
19950923,0000,1474
19950924,0000,1452
19950925,0000,m
19950926,0000,1450
19950927,0000,1420
19950928,0000,1335
19950929,0000,m
19950930,0000,m
19951001,0000,1410
19951002,0000,m
19951003,0000,1377
19951004,0000,1336
19951005,0000,1306
19951006,0000,1284
19951007,0000,1208
19951008,0000,1253
19951009,0000,1220
19951010,0000,1212
19951011,0000,1218
19951012,0000,1327
19951013,0000,1215
19951014,0000,1179
19951015,0000,1144
19951016,0000,1207
19951017,0000,1154
19951018,0000,1148
19951019,0000,1095
19951020,0000,1129
19951021,0000,m
19951022,0000,423
19951023,0000,556
19951024,0000,682
19951025,0000,564
19951026,0000,554
19951027,0000,594
19951028,0000,367
19951029,0000,340
19951030,0000,539
19951031,0000,m
19951101,0000,648
19951102,0000,702
19951103,0000,620
19951104,0000,523
19951105,0000,580
19951106,0000,581
19951107,0000,663
19951108,0000,810
19951109,0000,831
19951110,0000,813
19951111,0000,813
19951112,0000,767
19951113,0000,m
19951114,0000,801
19951115,0000,758
19951116,0000,757
19951117,0000,786
19951118,0000,324
19951119,0000,342
19951120,0000,555
19951121,0000,555
19951122,0000,460
19951123,0000,308
19951124,0000,m
19951125,0000,389
19951126,0000,477
19951127,0000,279
19951128,0000,244
19951129,0000,281
19951130,0000,259
19951201,0000,259
19951202,0000,m
19951203,0000,249
19951204,0000,310
19951205,0000,m
19951206,0000,m
19951207,0000,m
19951208,0000,273
19951209,0000,285
19951210,0000,197
19951211,0000,467
19951212,0000,2402
19951213,0000,2039
19951214,0000,1173
19951215,0000,916
19951216,0000,m
19951217,0000,947
19951218,0000,m
19951219,0000,867
19951220,0000,832
19951221,0000,948
19951222,0000,869
19951223,0000,748
19951224,0000,639
19951225,0000,570
19951226,0000,702
19951227,0000,756
19951228,0000,733
19951229,0000,m
19951230,0000,m
19951231,0000,741
19960101,0000,582
19960102,0000,m
19960103,0000,782
19960104,0000,m
19960105,0000,684
19960106,0000,573
19960107,0000,517
19960108,0000,755
19960109,0000,688
19960110,0000,702
19960111,0000,570
19960112,0000,m
19960113,0000,m
19960114,0000,m
19960115,0000,761
19960116,0000,1397
19960117,0000,1747
19960118,0000,1062
19960119,0000,1454
19960120,0000,m
19960121,0000,m
19960122,0000,1126
19960123,0000,987
19960124,0000,m
19960125,0000,1483
19960126,0000,1109
19960127,0000,1355
19960128,0000,1551
19960129,0000,1125
19960130,0000,1167
19960131,0000,1724
19960201,0000,1499
19960203,0000,1037
19960204,0000,2519
19960205,0000,9152
19960207,0000,3200
19960210,0000,2028
19960211,0000,2009
19960212,0000,1744
19960213,0000,1813
19960214,0000,1712
19960216,0000,1851
19960217,0000,2026
19960219,0000,5162
19960220,0000,8884
19960221,0000,5057
19960222,0000,4258
19960223,0000,3169
19960224,0000,2992
19960225,0000,2645
19960226,0000,2483
19960227,0000,2190
19960228,0000,2108
19960229,0000,2068
19960303,0000,1778
19960304,0000,2571
19960305,0000,5113
19960306,0000,3229
19960308,0000,2816
19960309,0000,2983
19960310,0000,2981
19960311,0000,2986
19960312,0000,3784
19960313,0000,3467
19960314,0000,3098
19960315,0000,2823
19960316,0000,2829
19960317,0000,2905
19960318,0000,3285
19960319,0000,3685
19960320,0000,3675
19960321,0000,3796
19960322,0000,3911
19960324,0000,3344
19960325,0000,3044
19960326,0000,3058
19960328,0000,3253
19960329,0000,2995
19960330,0000,2789
19960331,0000,2924
19960401,0000,3534
19960402,0000,4271
19960403,0000,3606
19960404,0000,m
19960405,0000,m
19960406,0000,m
19960407,0000,m
19960408,0000,m
19960409,0000,4629
19960410,0000,4457
19960411,0000,4193
19960412,0000,4157
19960413,0000,3853
19960414,0000,3894
19960415,0000,4142
19960416,0000,5341
19960417,0000,5486
19960418,0000,5869
19960419,0000,4466
19960420,0000,4128
19960421,0000,3802
19960422,0000,3696
19960423,0000,4003
19960424,0000,4561
19960425,0000,5411
19960426,0000,6671
19960427,0000,7625
19960428,0000,8029
19960429,0000,8375
19960430,0000,8834
19960501,0000,m
19960502,0000,9230
19960503,0000,8726
19960504,0000,m
19960505,0000,7885
19960506,0000,8113
19960507,0000,8261
19960508,0000,8245
19960509,0000,m
19960510,0000,m
19960511,0000,9079
19960512,0000,9864
19960513,0000,10677
19960514,0000,10959
19960515,0000,10735
19960516,0000,21665
19960517,0000,m
19960518,0000,10134
19960519,0000,8963
19960520,0000,8057
19960521,0000,7747
19960522,0000,6747
19960523,0000,6565
19960524,0000,5713
19960525,0000,5234
19960526,0000,5012
19960527,0000,5844
19960528,0000,5612
19960529,0000,5891
19960530,0000,5977
19960531,0000,6216
19960601,0000,7111
19960602,0000,8131
19960603,0000,9216
19960604,0000,10044
19960605,0000,11197
19960606,0000,11490
19960607,0000,11593
19960608,0000,11565
19960609,0000,10952
19960610,0000,10267
19960611,0000,8911
19960612,0000,7701
19960613,0000,7518
19960614,0000,7559
19960615,0000,7006
19960616,0000,6780
19960617,0000,6203
19960618,0000,5646
19960619,0000,5491
19960620,0000,5494
19960621,0000,5256
19960622,0000,m
19960623,0000,4692
19960624,0000,4763
19960625,0000,4333
19960626,0000,3489
19960627,0000,3374
19960628,0000,2850
19960629,0000,2821
19960630,0000,3142
19960701,0000,3473
19960702,0000,3935
19960703,0000,4288
19960704,0000,3890
19960705,0000,3466
19960706,0000,3545
19960707,0000,3571
19960708,0000,3775
19960709,0000,3816
19960710,0000,3401
19960711,0000,3349
19960712,0000,m
19960713,0000,3693
19960714,0000,m
19960715,0000,3171
19960716,0000,2928
19960717,0000,2506
19960718,0000,2347
19960719,0000,1969
19960720,0000,1956
19960721,0000,1916
19960722,0000,2048
19960723,0000,m
19960724,0000,m
19960725,0000,2009
19960726,0000,1966
19960727,0000,1746
19960728,0000,1863
19960729,0000,1810
19960730,0000,1937
19960731,0000,m
19960801,0000,1645
19960802,0000,1700
19960803,0000,1684
19960804,0000,m
19960805,0000,1296
19960806,0000,1227
19960807,0000,1311
19960808,0000,1176
19960809,0000,m
19960810,0000,m
19960811,0000,m
19960812,0000,1216
19960813,0000,m
19960814,0000,m
19960815,0000,m
19960816,0000,m
19960817,0000,m
19960818,0000,m
19960819,0000,m
19960820,0000,m
19960821,0000,m
19960822,0000,1152
19960823,0000,1132
19960824,0000,1014
19960825,0000,996
19960826,0000,1058
19960827,0000,1029
19960828,0000,1051
19960829,0000,990
19960830,0000,1069
19960831,0000,905
19960901,0000,1019
19960902,0000,836
19960903,0000,928
19960904,0000,931
19960905,0000,958
19960906,0000,901
19960907,0000,674
19960908,0000,593
19960909,0000,744
19960910,0000,856
19960911,0000,645
19960912,0000,818
19960913,0000,704
19960914,0000,689
19960915,0000,680
19960916,0000,692
19960917,0000,690
19960918,0000,715
19960919,0000,698
19960920,0000,661
19960921,0000,652
19960922,0000,590
19960923,0000,576
19960924,0000,683
19960925,0000,629
19960926,0000,622
19960927,0000,537
19960928,0000,555
19960929,0000,603
19960930,0000,699
19961001,0000,626
19961002,0000,743
19961003,0000,727
19961004,0000,644
19961005,0000,518
19961006,0000,473
19961007,0000,633
19961008,0000,562
19961009,0000,645
19961010,0000,m
19961011,0000,604
19961012,0000,512
19961013,0000,264
19961014,0000,499
19961015,0000,522
19961016,0000,448
19961017,0000,538
19961018,0000,466
19961019,0000,450
19961020,0000,355
19961021,0000,534
19961022,0000,554
19961023,0000,472
19961024,0000,528
19961025,0000,692
19961026,0000,633
19961027,0000,476
19961028,0000,540
19961029,0000,827
19961030,0000,719
19961031,0000,707
19961101,0000,618
19961102,0000,672
19961103,0000,633
19961104,0000,697
19961105,0000,765
19961106,0000,698
19961107,0000,m
19961108,0000,725
19961109,0000,616
19961110,0000,583
19961111,0000,711
19961112,0000,755
19961113,0000,794
19961114,0000,580
19961115,0000,742
19961116,0000,808
19961117,0000,3887
19961118,0000,m
19961119,0000,1542
19961120,0000,1554
19961121,0000,3153
19961122,0000,8632
19961123,0000,3078
19961124,0000,2347
19961125,0000,2016
19961126,0000,m
19961127,0000,1466
19961128,0000,1329
19961129,0000,1328
19961130,0000,1276
19961201,0000,1033
19961202,0000,1186
19961203,0000,1059
19961204,0000,1079
19961205,0000,2425
19961206,0000,2233
19961207,0000,1594
19961208,0000,1280
19961209,0000,1912
19961210,0000,9101
19961211,0000,8262
19961212,0000,4769
19961213,0000,3437
19961214,0000,2983
19961215,0000,2642
19961216,0000,2446
19961217,0000,2280
19961218,0000,2230
19961219,0000,2112
19961220,0000,2034
19961221,0000,2148
19961222,0000,4217
19961223,0000,2956
19961224,0000,2599
19961225,0000,2480
19961226,0000,2714
19961227,0000,5529
19961228,0000,3423
19961229,0000,3109
19961230,0000,5849
19961231,0000,4878
19970101,0000,9775
19970102,0000,41893
19970103,0000,36259
19970104,0000,13916
19970105,0000,9499
19970106,0000,6955
19970107,0000,5848
19970108,0000,5218
19970109,0000,4795
19970110,0000,4415
19970111,0000,4007
19970112,0000,3978
19970113,0000,4044
19970114,0000,3448
19970115,0000,4452
19970116,0000,3742
19970117,0000,3593
19970118,0000,3562
19970119,0000,3145
19970120,0000,4283
19970121,0000,4062
19970122,0000,5584
19970123,0000,10395
19970124,0000,6089
19970125,0000,15178
19970126,0000,16241
19970127,0000,9321
19970128,0000,7277
19970129,0000,6289
19970130,0000,5538
19970131,0000,5221
19970201,0000,4793
19970202,0000,4656
19970203,0000,4349
19970204,0000,4119
19970205,0000,3977
19970206,0000,3792
19970207,0000,3612
19970208,0000,3511
19970209,0000,3327
19970210,0000,3216
19970211,0000,3063
19970212,0000,2980
19970213,0000,2897
19970214,0000,2852
19970215,0000,2819
19970216,0000,2855
19970217,0000,3130
19970218,0000,3017
19970219,0000,2910
19970220,0000,3032
19970221,0000,2983
19970222,0000,2906
19970223,0000,2718
19970224,0000,2988
19970225,0000,2612
19970226,0000,2725
19970227,0000,2696
19970228,0000,2636
19970301,0000,2552
19970302,0000,2489
19970303,0000,2474
19970304,0000,2409
19970305,0000,2429
19970306,0000,2434
19970307,0000,2551
19970308,0000,2505
19970309,0000,2616
19970310,0000,2515
19970311,0000,2915
19970312,0000,2875
19970313,0000,3006
19970314,0000,2958
19970315,0000,2922
19970316,0000,2993
19970317,0000,3245
19970318,0000,2858
19970319,0000,3279
19970320,0000,3492
19970321,0000,2938
19970322,0000,3201
19970323,0000,3231
19970324,0000,3528
19970325,0000,3845
19970326,0000,4597
19970327,0000,4460
19970328,0000,4698
19970329,0000,4579
19970330,0000,4613
19970331,0000,4352
19970401,0000,4142
19970402,0000,3678
19970403,0000,3533
19970404,0000,3281
19970405,0000,3257
19970406,0000,3251
19970407,0000,3144
19970408,0000,3129
19970409,0000,3042
19970410,0000,2881
19970411,0000,2710
19970412,0000,2696
19970413,0000,2624
19970414,0000,3040
19970415,0000,3290
19970416,0000,3750
19970417,0000,4586
19970418,0000,5002
19970419,0000,5384
19970420,0000,5923
19970421,0000,6728
19970422,0000,6460
19970423,0000,6460
19970424,0000,6619
19970425,0000,5629
19970426,0000,5222
19970427,0000,5907
19970428,0000,6891
19970429,0000,7111
19970430,0000,6645
19970501,0000,6624
19970502,0000,6910
19970503,0000,6625
19970504,0000,6624
19970505,0000,6624
19970506,0000,7061
19970507,0000,7535
19970508,0000,7464
19970509,0000,8012
19970510,0000,7909
19970511,0000,7510
19970512,0000,8012
19970513,0000,8521
19970514,0000,9492
19970515,0000,9961
19970516,0000,10570
19970517,0000,10519
19970518,0000,9005
19970519,0000,8998
19970520,0000,8037
19970521,0000,7191
19970522,0000,7357
19970523,0000,7226
19970524,0000,6954
19970525,0000,5874
19970526,0000,5535
19970527,0000,5373
19970528,0000,5761
19970529,0000,7142
19970530,0000,8268
19970531,0000,9171
19970601,0000,10113
19970602,0000,9329
19970603,0000,8055
19970604,0000,7706
19970605,0000,7678
19970606,0000,6754
19970607,0000,6059
19970608,0000,5871
19970609,0000,6003
19970610,0000,6132
19970611,0000,5620
19970612,0000,5399
19970613,0000,5464
19970614,0000,4814
19970615,0000,4283
19970616,0000,4188
19970617,0000,4106
19970618,0000,4862
19970619,0000,5496
19970620,0000,6081
19970621,0000,6249
19970622,0000,5697
19970623,0000,6249
19970624,0000,4766
19970625,0000,4525
19970626,0000,4241
19970627,0000,4092
19970628,0000,3838
19970629,0000,3421
19970630,0000,3421
19970701,0000,3074
19970702,0000,2672
19970703,0000,2464
19970704,0000,2556
19970705,0000,2512
19970706,0000,2345
19970707,0000,2556
19970708,0000,2518
19970709,0000,2700
19970710,0000,2518
19970711,0000,2886
19970712,0000,2442
19970713,0000,2061
19970714,0000,5255
19970715,0000,2422
19970716,0000,2386
19970717,0000,2168
19970718,0000,2029
19970719,0000,1705
19970720,0000,1447
19970721,0000,1793
19970722,0000,1886
19970723,0000,2092
19970724,0000,2736
19970725,0000,2217
19970726,0000,1549
19970727,0000,1291
19970728,0000,1593
19970729,0000,1648
19970730,0000,1593
19970731,0000,1603
19970801,0000,1337
19970802,0000,m
19970803,0000,1073
19970804,0000,1251
19970805,0000,1401
19970806,0000,1504
19970807,0000,1300
19970808,0000,1398
19970809,0000,1197
19970810,0000,968
19970811,0000,1321
19970812,0000,1297
19970813,0000,1357
19970814,0000,1197
19970815,0000,1141
19970816,0000,792
19970817,0000,681
19970818,0000,1062
19970819,0000,1122
19970820,0000,1236
19970821,0000,1099
19970822,0000,1115
19970823,0000,1069
19970824,0000,819
19970825,0000,1080
19970826,0000,1029
19970827,0000,984
19970828,0000,958
19970829,0000,1064
19970830,0000,982
19970831,0000,552
19970901,0000,759
19970902,0000,1012
19970903,0000,1477
19970904,0000,1467
19970905,0000,1376
19970906,0000,1210
19970907,0000,1286
19970908,0000,1293
19970909,0000,1202
19970910,0000,1238
19970911,0000,1210
19970912,0000,1091
19970913,0000,1096
19970914,0000,959
19970915,0000,1011
19970916,0000,1001
19970917,0000,902
19970918,0000,794
19970919,0000,951
19970920,0000,961
19970921,0000,910
19970922,0000,1137
19970923,0000,1092
19970924,0000,1047
19970925,0000,1168
19970926,0000,1122
19970927,0000,1276
19970928,0000,1008
19970929,0000,1045
19970930,0000,1129
19971001,0000,1222
19971002,0000,1134
19971003,0000,1209
19971004,0000,1229
19971005,0000,1046
19971006,0000,991
19971007,0000,860
19971008,0000,921
19971009,0000,1002
19971010,0000,937
19971011,0000,765
19971012,0000,972
19971013,0000,999
19971014,0000,1063
19971015,0000,953
19971016,0000,1078
19971017,0000,1065
19971018,0000,957
19971019,0000,825
19971020,0000,990
19971021,0000,1087
19971022,0000,938
19971023,0000,966
19971024,0000,1132
19971025,0000,1132
19971026,0000,1097
19971027,0000,1160
19971028,0000,1101
19971029,0000,844
19971030,0000,945
19971031,0000,925
19971101,0000,908
19971102,0000,818
19971103,0000,912
19971104,0000,780
19971105,0000,841
19971106,0000,904
19971107,0000,887
19971108,0000,497
19971109,0000,481
19971110,0000,862
19971111,0000,800
19971112,0000,810
19971113,0000,859
19971114,0000,807
19971115,0000,604
19971116,0000,566
19971117,0000,826
19971118,0000,784
19971119,0000,1062
19971120,0000,775
19971121,0000,511
19971122,0000,432
19971123,0000,440
19971124,0000,593
19971125,0000,552
19971126,0000,1248
19971127,0000,747
19971128,0000,589
19971129,0000,591
19971130,0000,643
19971201,0000,906
19971202,0000,782
19971203,0000,697
19971204,0000,653
19971205,0000,603
19971206,0000,1325
19971207,0000,1270
19971208,0000,1703
19971209,0000,869
19971210,0000,839
19971211,0000,799
19971212,0000,743
19971213,0000,653
19971214,0000,635
19971215,0000,714
19971216,0000,694
19971217,0000,780
19971218,0000,739
19971219,0000,695
19971220,0000,555
19971221,0000,536
19971222,0000,579
19971223,0000,475
19971224,0000,534
19971225,0000,496
19971226,0000,314
19971227,0000,398
19971228,0000,482
19971229,0000,397
19971230,0000,628
19971231,0000,505
19980101,0000,526
19980102,0000,651
19980103,0000,575
19980104,0000,656
19980105,0000,519
19980106,0000,384
19980107,0000,446
19980108,0000,461
19980109,0000,613
19980110,0000,820
19980111,0000,614
19980112,0000,1365
19980113,0000,1519
19980114,0000,940
19980115,0000,6098
19980116,0000,3476
19980117,0000,1744
19980118,0000,1622
19980119,0000,2594
19980120,0000,1588
19980121,0000,1248
19980122,0000,1081
19980123,0000,1015
19980124,0000,974
19980125,0000,867
19980126,0000,829
19980127,0000,722
19980128,0000,796
19980129,0000,1675
19980130,0000,1269
19980131,0000,1053
19980201,0000,1182
19980202,0000,3587
19980203,0000,6367
19980204,0000,3581
19980205,0000,2233
19980206,0000,3219
19980207,0000,4106
19980208,0000,4021
19980209,0000,2774
19980210,0000,2387
19980211,0000,2387
19980212,0000,2337
19980213,0000,2227
19980214,0000,3253
19980215,0000,3533
19980216,0000,3002
19980217,0000,3064
19980218,0000,2605
19980219,0000,2993
19980220,0000,3181
19980221,0000,3686
19980222,0000,5241
19980223,0000,5729
19980224,0000,4810
19980225,0000,3840
19980226,0000,3169
19980227,0000,3133
19980228,0000,3028
19980301,0000,2910
19980302,0000,2516
19980303,0000,2382
19980304,0000,2347
19980305,0000,2283
19980306,0000,2576
19980307,0000,2028
19980308,0000,1963
19980309,0000,1914
19980310,0000,1655
19980311,0000,1661
19980312,0000,1619
19980313,0000,1906
19980314,0000,1775
19980315,0000,1826
19980316,0000,2084
19980317,0000,2161
19980318,0000,2328
19980319,0000,2706
19980320,0000,2997
19980321,0000,3481
19980322,0000,3432
19980323,0000,3794
19980324,0000,5224
19980325,0000,9187
19980326,0000,5756
19980327,0000,5285
19980328,0000,6183
19980329,0000,4733
19980330,0000,4271
19980331,0000,4568
19980401,0000,4967
19980402,0000,4211
19980403,0000,4860
19980404,0000,4234
19980405,0000,4007
19980406,0000,3999
19980407,0000,3767
19980408,0000,3563
19980409,0000,3354
19980410,0000,3479
19980411,0000,3762
19980412,0000,4009
19980413,0000,3734
19980414,0000,3559
19980415,0000,3314
19980416,0000,3105
19980417,0000,2894
19980418,0000,3042
19980419,0000,3380
19980420,0000,3871
19980421,0000,4671
19980422,0000,6010
19980423,0000,m
19980424,0000,5863
19980425,0000,5399
19980426,0000,5295
19980427,0000,5744
19980428,0000,6201
19980429,0000,6766
19980430,0000,7714
19980501,0000,8580
19980502,0000,8256
19980503,0000,8309
19980504,0000,8268
19980505,0000,8599
19980506,0000,7378
19980507,0000,6421
19980508,0000,5915
19980509,0000,5794
19980510,0000,5789
19980511,0000,5571
19980512,0000,6125
19980513,0000,5588
19980514,0000,4976
19980515,0000,4631
19980516,0000,4757
19980517,0000,4630
19980518,0000,4739
19980519,0000,5120
19980520,0000,6093
19980521,0000,5885
19980522,0000,5911
19980523,0000,6220
19980524,0000,6549
19980525,0000,7610
19980526,0000,7333
19980527,0000,6108
19980528,0000,6235
19980529,0000,7303
19980530,0000,7006
19980531,0000,7747
19980601,0000,9171
19980602,0000,10084
19980603,0000,12339
19980604,0000,9400
19980605,0000,8797
19980606,0000,10729
19980607,0000,12299
19980608,0000,11236
19980609,0000,11407
19980610,0000,11614
19980611,0000,12144
19980612,0000,11553
19980613,0000,10484
19980614,0000,11734
19980615,0000,14879
19980616,0000,17428
19980617,0000,16200
19980618,0000,15395
19980619,0000,15771
19980620,0000,16175
19980621,0000,16192
19980622,0000,15647
19980623,0000,14918
19980624,0000,14377
19980625,0000,15026
19980626,0000,15135
19980627,0000,14501
19980628,0000,14734
19980629,0000,15226
19980630,0000,15000
19980701,0000,14511
19980702,0000,14989
19980703,0000,14676
19980704,0000,12788
19980705,0000,12268
19980706,0000,11803
19980707,0000,12374
19980708,0000,15207
19980709,0000,15081
19980710,0000,13762
19980711,0000,11153
19980712,0000,10302
19980713,0000,10110
19980714,0000,9428
19980715,0000,9216
19980716,0000,9216
19980717,0000,9678
19980718,0000,9678
19980719,0000,9749
19980720,0000,8521
19980721,0000,9325
19980722,0000,8704
19980723,0000,8713
19980724,0000,8049
19980725,0000,8049
19980726,0000,7272
19980727,0000,6086
19980728,0000,5811
19980729,0000,5598
19980730,0000,5565
19980731,0000,5098
19980801,0000,4510
19980802,0000,3955
19980803,0000,3938
19980804,0000,3553
19980805,0000,3987
19980806,0000,3992
19980807,0000,4136
19980808,0000,4138
19980809,0000,3663
19980810,0000,4138
19980811,0000,m
19980812,0000,m
19980813,0000,m
19980814,0000,3327
19980815,0000,3321
19980816,0000,3110
19980817,0000,3321
19980818,0000,2846
19980819,0000,2589
19980820,0000,2522
19980821,0000,2234
19980822,0000,m
19980823,0000,m
19980824,0000,1870
19980825,0000,1744
19980826,0000,1935
19980827,0000,1928
19980828,0000,1663
19980829,0000,1749
19980830,0000,1749
19980831,0000,1734
19980901,0000,1882
19980902,0000,2108
19980903,0000,1927
19980904,0000,1725
19980905,0000,2470
19980906,0000,2702
19980907,0000,2723
19980908,0000,2723
19980909,0000,2155
19980910,0000,2378
19980911,0000,2088
19980912,0000,1723
19980913,0000,1546
19980914,0000,1488
19980915,0000,1439
19980916,0000,1445
19980917,0000,m
19980918,0000,1338
19980919,0000,1255
19980920,0000,1235
19980921,0000,1189
19980922,0000,1159
19980923,0000,1207
19980924,0000,985
19980925,0000,1061
19980926,0000,952
19980927,0000,882
19980928,0000,940
19980929,0000,1159
19980930,0000,m
19981001,0000,1202
19981002,0000,1203
19981003,0000,1170
19981004,0000,1169
19981005,0000,1258
19981006,0000,1108
19981007,0000,1028
19981008,0000,1018
19981009,0000,860
19981010,0000,849
19981011,0000,m
19981012,0000,m
19981013,0000,983
19981014,0000,1151
19981015,0000,892
19981016,0000,863
19981017,0000,1008
19981018,0000,1051
19981019,0000,925
19981020,0000,998
19981021,0000,757
19981022,0000,952
19981023,0000,940
19981024,0000,796
19981025,0000,m
19981026,0000,732
19981027,0000,849
19981028,0000,878
19981029,0000,806
19981030,0000,839
19981031,0000,911
19981101,0000,887
19981102,0000,847
19981103,0000,839
19981104,0000,796
19981105,0000,911
19981106,0000,825
19981107,0000,869
19981108,0000,665
19981109,0000,889
19981110,0000,912
19981111,0000,m
19981112,0000,913
19981113,0000,939
19981114,0000,1056
19981115,0000,868
19981116,0000,907
19981117,0000,891
19981118,0000,867
19981119,0000,793
19981120,0000,880
19981121,0000,m
19981122,0000,822
19981123,0000,822
19981124,0000,898
19981125,0000,917
19981126,0000,841
19981127,0000,458
19981128,0000,647
19981129,0000,516
19981130,0000,834
19981201,0000,1273
19981202,0000,1554
19981203,0000,1177
19981204,0000,1155
19981205,0000,1062
19981206,0000,702
19981207,0000,758
19981208,0000,859
19981209,0000,957
19981210,0000,902
19981211,0000,914
19981212,0000,860
19981213,0000,844
19981214,0000,815
19981215,0000,m
19981216,0000,884
19981217,0000,841
19981218,0000,960
19981219,0000,1049
19981220,0000,m
19981221,0000,m
19981222,0000,m
19981223,0000,1204
19981224,0000,1026
19981225,0000,668
19981226,0000,774
19981227,0000,498
19981228,0000,545
19981229,0000,618
19981230,0000,737
19981231,0000,369
19990101,0000,m
19990102,0000,m
19990103,0000,m
19990104,0000,408
19990105,0000,449
19990106,0000,443
19990107,0000,328
19990108,0000,363
19990109,0000,m
19990110,0000,m
19990111,0000,352
19990112,0000,520
19990113,0000,375
19990114,0000,467
19990115,0000,377
19990116,0000,324
19990117,0000,504
19990118,0000,445
19990119,0000,445
19990120,0000,785
19990121,0000,2036
19990122,0000,1345
19990123,0000,868
19990124,0000,1112
19990125,0000,1112
19990126,0000,1590
19990127,0000,1394
19990128,0000,921
19990129,0000,953
19990130,0000,946
19990131,0000,759
19990201,0000,1092
19990202,0000,791
19990203,0000,910
19990204,0000,814
19990205,0000,817
19990206,0000,820
19990207,0000,1526
19990208,0000,2624
19990209,0000,3200
19990210,0000,2048
19990211,0000,1637
19990212,0000,1540
19990213,0000,1275
19990214,0000,1155
19990215,0000,1164
19990216,0000,1208
19990217,0000,1341
19990218,0000,1281
19990219,0000,1167
19990220,0000,1076
19990221,0000,1201
19990222,0000,1104
19990223,0000,1043
19990224,0000,1182
19990225,0000,1108
19990226,0000,956
19990227,0000,972
19990228,0000,979
19990301,0000,1044
19990302,0000,1198
19990303,0000,1150
19990304,0000,1225
19990305,0000,1202
19990306,0000,1129
19990307,0000,1078
19990308,0000,1201
19990309,0000,1127
19990310,0000,974
19990311,0000,1095
19990312,0000,1008
19990313,0000,1095
19990314,0000,1019
19990315,0000,1072
19990316,0000,1074
19990317,0000,959
19990318,0000,1047
19990319,0000,1098
19990320,0000,1103
19990321,0000,971
19990322,0000,957
19990323,0000,1288
19990324,0000,1289
19990325,0000,1461
19990326,0000,1149
19990327,0000,1416
19990328,0000,1425
19990329,0000,1635
19990330,0000,1757
19990331,0000,1691
19990401,0000,1243
19990402,0000,1296
19990403,0000,1140
19990404,0000,1040
19990405,0000,1074
19990406,0000,1365
19990407,0000,1313
19990408,0000,1445
19990409,0000,m
19990410,0000,m
19990411,0000,m
19990412,0000,m
19990413,0000,m
19990414,0000,m
19990415,0000,m
19990416,0000,m
19990417,0000,m
19990418,0000,m
19990419,0000,m
19990420,0000,m
19990421,0000,m
19990422,0000,m
19990423,0000,m
19990424,0000,m
19990425,0000,m
19990426,0000,m
19990427,0000,m
19990428,0000,m
19990429,0000,m
19990430,0000,m
19990501,0000,m
19990502,0000,m
19990503,0000,m
19990504,0000,2167
19990505,0000,2456
19990506,0000,3413
19990507,0000,4164
19990508,0000,4903
19990509,0000,4892
19990510,0000,4485
19990511,0000,4977
19990512,0000,6198
19990513,0000,6924
19990514,0000,5675
19990515,0000,4775
19990516,0000,4598
19990517,0000,4911
19990518,0000,5629
19990519,0000,5892
19990520,0000,5802
19990521,0000,6323
19990522,0000,6121
19990523,0000,5983
19990524,0000,6285
19990525,0000,6393
19990526,0000,6956
19990527,0000,7309
19990528,0000,6991
19990529,0000,6642
19990530,0000,5965
19990531,0000,5857
19990601,0000,5972
19990602,0000,5302
19990603,0000,4024
19990604,0000,3502
19990605,0000,3261
19990606,0000,3324
19990607,0000,3727
19990608,0000,3947
19990609,0000,3868
19990610,0000,4133
19990611,0000,4420
19990612,0000,4382
19990613,0000,4706
19990614,0000,5154
19990615,0000,5158
19990616,0000,4937
19990617,0000,4709
19990618,0000,4713
19990619,0000,4808
19990620,0000,4675
19990621,0000,4216
19990622,0000,3629
19990623,0000,3550
19990624,0000,3634
19990625,0000,3709
19990626,0000,3190
19990627,0000,2731
19990628,0000,2824
19990629,0000,2828
19990630,0000,2958
19990701,0000,2691
19990702,0000,2658
19990703,0000,2172
19990704,0000,2214
19990705,0000,2151
19990706,0000,1685
19990707,0000,1750
19990708,0000,1939
19990709,0000,1775
19990710,0000,2136
19990711,0000,2119
19990712,0000,2065
19990713,0000,2010
19990714,0000,2802
19990715,0000,2481
19990716,0000,2240
19990717,0000,1970
19990718,0000,1849
19990719,0000,1507
19990720,0000,1303
19990721,0000,1152
19990722,0000,1358
19990723,0000,1348
19990724,0000,1243
19990725,0000,816
19990726,0000,1282
19990727,0000,1105
19990728,0000,m
19990729,0000,1102
19990730,0000,1164
19990731,0000,1343
19990801,0000,1237
19990802,0000,1367
19990803,0000,1332
19990804,0000,1360
19990805,0000,1101
19990806,0000,786
19990807,0000,899
19990808,0000,m
19990809,0000,1098
19990810,0000,1135
19990811,0000,1014
19990812,0000,881
19990813,0000,1032
19990814,0000,750
19990815,0000,903
19990816,0000,958
19990817,0000,974
19990818,0000,931
19990819,0000,878
19990820,0000,846
19990821,0000,772
19990822,0000,832
19990823,0000,1050
19990824,0000,915
19990825,0000,1093
19990826,0000,1130
19990827,0000,1376
19990828,0000,1276
19990829,0000,1037
19990830,0000,913
19990831,0000,710
19990901,0000,847
19990902,0000,941
19990903,0000,811
19990904,0000,731
19990905,0000,764
19990906,0000,951
19990907,0000,983
19990908,0000,987
19990909,0000,896
19990910,0000,709
19990911,0000,870
19990912,0000,1038
19990913,0000,966
19990914,0000,825
19990915,0000,1067
19990916,0000,1046
19990917,0000,918
19990918,0000,801
19990919,0000,746
19990920,0000,1021
19990921,0000,m
19990922,0000,1089
19990923,0000,971
19990924,0000,946
19990925,0000,1161
19990926,0000,1135
19990927,0000,881
19990928,0000,901
19990929,0000,917
19990930,0000,m
19991001,0000,995
19991002,0000,858
19991003,0000,931
19991004,0000,897
19991005,0000,849
19991006,0000,800
19991007,0000,607
19991008,0000,803
19991009,0000,842
19991010,0000,739
19991011,0000,810
19991012,0000,871
19991013,0000,782
19991014,0000,698
19991015,0000,560
19991016,0000,607
19991017,0000,500
19991018,0000,691
19991019,0000,469
19991020,0000,608
19991021,0000,613
19991022,0000,523
19991023,0000,322
19991024,0000,462
19991025,0000,536
19991026,0000,373
19991027,0000,504
19991028,0000,689
19991029,0000,794
19991030,0000,813
19991031,0000,430
19991101,0000,377
19991102,0000,291
19991103,0000,195
19991104,0000,235
19991105,0000,215
19991106,0000,227
19991107,0000,198
19991108,0000,391
19991109,0000,329
19991110,0000,273
19991111,0000,290
19991112,0000,294
19991113,0000,261
19991114,0000,281
19991115,0000,296
19991116,0000,253
19991117,0000,380
19991118,0000,380
19991119,0000,296
19991120,0000,306
19991121,0000,363
19991122,0000,323
19991123,0000,285
19991124,0000,233
19991125,0000,230
19991126,0000,228
19991127,0000,267
19991128,0000,278
19991129,0000,210
19991130,0000,252
19991201,0000,271
19991202,0000,268
19991203,0000,249
19991204,0000,302
19991205,0000,381
19991206,0000,320
19991207,0000,284
19991208,0000,230
19991209,0000,228
19991210,0000,250
19991211,0000,253
19991212,0000,258
19991213,0000,293
19991214,0000,255
19991215,0000,245
19991216,0000,266
19991217,0000,168
19991218,0000,240
19991219,0000,279
19991220,0000,253
19991221,0000,304
19991222,0000,196
19991223,0000,175
19991224,0000,194
19991225,0000,213
19991226,0000,290
19991227,0000,229
19991228,0000,221
19991229,0000,168
19991230,0000,230
19991231,0000,224
20000101,0000,242
20000102,0000,214
20000103,0000,180
20000104,0000,219
20000105,0000,218
20000106,0000,202
20000107,0000,203
20000108,0000,197
20000109,0000,312
20000110,0000,158
20000111,0000,156
20000112,0000,205
20000113,0000,229
20000114,0000,195
20000115,0000,234
20000116,0000,293
20000117,0000,523
20000118,0000,2131
20000119,0000,1287
20000120,0000,495
20000121,0000,498
20000122,0000,467
20000123,0000,729
20000124,0000,3151
20000125,0000,3437
20000126,0000,1565
20000127,0000,1046
20000128,0000,801
20000129,0000,633
20000130,0000,889
20000131,0000,1081
20000201,0000,814
20000202,0000,611
20000203,0000,662
20000204,0000,699
20000205,0000,738
20000206,0000,624
20000207,0000,548
20000208,0000,580
20000209,0000,594
20000210,0000,955
20000211,0000,1114
20000212,0000,1444
20000213,0000,3980
20000214,0000,8612
20000215,0000,3731
20000216,0000,3313
20000217,0000,2500
20000218,0000,1861
20000219,0000,1418
20000220,0000,1684
20000221,0000,1950
20000222,0000,1626
20000223,0000,2839
20000224,0000,1874
20000225,0000,1547
20000226,0000,1543
20000227,0000,2860
20000228,0000,2518
20000229,0000,2335
20000301,0000,2113
20000302,0000,1835
20000303,0000,1735
20000304,0000,1702
20000305,0000,2637
20000306,0000,2498
20000307,0000,2070
20000308,0000,2321
20000309,0000,2042
20000310,0000,1852
20000311,0000,1859
20000312,0000,2043
20000313,0000,1741
20000314,0000,2171
20000315,0000,2181
20000316,0000,2264
20000317,0000,2334
20000318,0000,2085
20000319,0000,2273
20000320,0000,2514
20000321,0000,2217
20000322,0000,2079
20000323,0000,2112
20000324,0000,2326
20000325,0000,2092
20000326,0000,2273
20000327,0000,2343
20000328,0000,2519
20000329,0000,2302
20000330,0000,2561
20000331,0000,2407
20000401,0000,2365
20000402,0000,2450
20000403,0000,2688
20000404,0000,3218
20000405,0000,3283
20000406,0000,3451
20000407,0000,3508
20000408,0000,3731
20000409,0000,3576
20000410,0000,3448
20000411,0000,3558
20000412,0000,3439
20000413,0000,4054
20000414,0000,3814
20000415,0000,3004
20000416,0000,2878
20000417,0000,3236
20000418,0000,3152
20000419,0000,2698
20000420,0000,2665
20000421,0000,2777
20000422,0000,2761
20000423,0000,2922
20000424,0000,3316
20000425,0000,3705
20000426,0000,4543
20000427,0000,5275
20000428,0000,6048
20000429,0000,5347
20000430,0000,5436
20000501,0000,6375
20000502,0000,6906
20000503,0000,7316
20000504,0000,7762
20000505,0000,7817
20000506,0000,7582
20000507,0000,8016
20000508,0000,8267
20000509,0000,8240
20000510,0000,7906
20000511,0000,6234
20000512,0000,4999
20000513,0000,4520
20000514,0000,4700
20000515,0000,4285
20000516,0000,4325
20000517,0000,3969
20000518,0000,4105
20000519,0000,4821
20000520,0000,6034
20000521,0000,7442
20000522,0000,8612
20000523,0000,9752
20000524,0000,11164
20000525,0000,m
20000526,0000,m
20000527,0000,m
20000528,0000,m
20000529,0000,9347
20000530,0000,8357
20000531,0000,7430
20000601,0000,6874
20000602,0000,6603
20000603,0000,6513
20000604,0000,6894
20000605,0000,7134
20000606,0000,6544
20000607,0000,6487
20000608,0000,6465
20000609,0000,5061
20000610,0000,m
20000611,0000,m
20000612,0000,4349
20000613,0000,m
20000614,0000,6103
20000615,0000,6912
20000616,0000,6607
20000617,0000,m
20000618,0000,m
20000619,0000,m
20000620,0000,4247
20000621,0000,3878
20000622,0000,m
20000623,0000,3402
20000624,0000,3236
20000625,0000,3142
20000626,0000,3035
20000627,0000,2725
20000628,0000,2633
20000629,0000,3001
20000630,0000,2813
20000701,0000,2935
20000702,0000,m
20000703,0000,2442
20000704,0000,2226
20000705,0000,1708
20000706,0000,1934
20000707,0000,1765
20000708,0000,m
20000709,0000,m
20000710,0000,m
20000711,0000,1709
20000712,0000,m
20000713,0000,1679
20000714,0000,1850
20000715,0000,1789
20000716,0000,1559
20000717,0000,1611
20000718,0000,m
20000719,0000,m
20000720,0000,1458
20000721,0000,m
20000722,0000,1390
20000723,0000,m
20000724,0000,1265
20000725,0000,1295
20000726,0000,1252
20000727,0000,m
20000728,0000,1160
20000729,0000,1239
20000730,0000,1126
20000731,0000,1166
20000801,0000,1335
20000802,0000,m
20000803,0000,1260
20000804,0000,m
20000805,0000,m
20000806,0000,1255
20000807,0000,1292
20000808,0000,1269
20000809,0000,m
20000810,0000,1171
20000811,0000,m
20000812,0000,m
20000813,0000,m
20000814,0000,m
20000815,0000,m
20000816,0000,918
20000817,0000,866
20000818,0000,904
20000819,0000,869
20000820,0000,m
20000821,0000,854
20000822,0000,852
20000823,0000,m
20000824,0000,691
20000825,0000,714
20000826,0000,745
20000827,0000,m
20000828,0000,m
20000829,0000,746
20000830,0000,772
20000831,0000,792
20000901,0000,716
20000902,0000,780
20000903,0000,574
20000904,0000,622
20000905,0000,771
20000906,0000,794
20000907,0000,744
20000908,0000,662
20000909,0000,m
20000910,0000,m
20000911,0000,m
20000912,0000,m
20000913,0000,645
20000914,0000,806
20000915,0000,627
20000916,0000,583
20000917,0000,513
20000918,0000,646
20000919,0000,m
20000920,0000,m
20000921,0000,m
20000922,0000,m
20000923,0000,224
20000924,0000,m
20000925,0000,448
20000926,0000,m
20000927,0000,m
20000928,0000,147
20000929,0000,379
20000930,0000,178
20001001,0000,228
20001002,0000,446
20001003,0000,243
20001004,0000,395
20001005,0000,360
20001006,0000,317
20001007,0000,237
20001008,0000,140
20001009,0000,310
20001010,0000,m
20001011,0000,317
20001012,0000,m
20001013,0000,321
20001014,0000,257
20001015,0000,297
20001016,0000,293
20001017,0000,335
20001018,0000,250
20001019,0000,283
20001020,0000,267
20001021,0000,326
20001022,0000,198
20001023,0000,200
20001024,0000,235
20001025,0000,215
20001026,0000,259
20001027,0000,289
20001028,0000,273
20001029,0000,688
20001030,0000,678
20001031,0000,815
20001101,0000,m
20001102,0000,611
20001103,0000,850
20001104,0000,578
20001105,0000,540
20001106,0000,612
20001107,0000,645
20001108,0000,588
20001109,0000,659
20001110,0000,712
20001111,0000,631
20001112,0000,651
20001113,0000,726
20001114,0000,690
20001115,0000,828
20001116,0000,884
20001117,0000,878
20001118,0000,974
20001119,0000,966
20001120,0000,895
20001121,0000,736
20001122,0000,856
20001123,0000,696
20001124,0000,575
20001125,0000,503
20001126,0000,468
20001127,0000,713
20001128,0000,748
20001129,0000,700
20001130,0000,735
20001201,0000,730
20001202,0000,533
20001203,0000,554
20001204,0000,450
20001205,0000,824
20001206,0000,692
20001207,0000,800
20001208,0000,604
20001209,0000,884
20001210,0000,777
20001211,0000,1050
20001212,0000,764
20001213,0000,1035
20001214,0000,1033
20001215,0000,1087
20001216,0000,470
20001217,0000,486
20001218,0000,635
20001219,0000,674
20001220,0000,530
20001221,0000,419
20001222,0000,431
20001223,0000,300
20001224,0000,409
20001225,0000,431
20001226,0000,380
20001227,0000,473
20001228,0000,383
20001229,0000,401
20001230,0000,268
20001231,0000,251
20010101,0000,270
20010102,0000,329
20010103,0000,290
20010104,0000,311
20010105,0000,311
20010106,0000,201
20010107,0000,165
20010108,0000,269
20010109,0000,175
20010110,0000,490
20010111,0000,554
20010112,0000,467
20010113,0000,308
20010114,0000,276
20010115,0000,321
20010116,0000,288
20010117,0000,351
20010118,0000,294
20010119,0000,427
20010120,0000,372
20010121,0000,335
20010122,0000,301
20010123,0000,306
20010124,0000,692
20010125,0000,594
20010126,0000,520
20010127,0000,466
20010128,0000,396
20010129,0000,509
20010130,0000,463
20010131,0000,499
20010201,0000,425
20010202,0000,369
20010203,0000,333
20010204,0000,455
20010205,0000,684
20010206,0000,621
20010207,0000,564
20010208,0000,530
20010209,0000,657
20010210,0000,772
20010211,0000,881
20010212,0000,858
20010213,0000,821
20010214,0000,731
20010215,0000,553
20010216,0000,487
20010217,0000,487
20010218,0000,548
20010219,0000,607
20010220,0000,773
20010221,0000,676
20010222,0000,727
20010223,0000,730
20010224,0000,832
20010225,0000,718
20010226,0000,676
20010227,0000,690
20010228,0000,731
20010301,0000,602
20010302,0000,585
20010303,0000,529
20010304,0000,772
20010305,0000,m
20010306,0000,879
20010307,0000,837
20010308,0000,760
20010309,0000,932
20010310,0000,840
20010311,0000,830
20010312,0000,661
20010313,0000,782
20010314,0000,740
20010315,0000,932
20010316,0000,922
20010317,0000,792
20010318,0000,985
20010319,0000,1525
20010320,0000,1768
20010321,0000,1873
20010322,0000,1755
20010323,0000,1846
20010324,0000,2094
20010325,0000,1766
20010326,0000,1916
20010327,0000,2187
20010328,0000,2349
20010329,0000,2918
20010330,0000,2983
20010331,0000,3088
20010401,0000,3411
20010402,0000,3092
20010403,0000,2596
20010404,0000,2150
20010405,0000,1835
20010406,0000,1641
20010407,0000,2181
20010408,0000,1540
20010409,0000,1513
20010410,0000,m
20010411,0000,1336
20010412,0000,1296
20010413,0000,1305
20010414,0000,1307
20010415,0000,1362
20010416,0000,1612
20010417,0000,1954
20010418,0000,2022
20010419,0000,2216
20010420,0000,2362
20010421,0000,2160
20010422,0000,2036
20010423,0000,2012
20010424,0000,m
20010425,0000,3249
20010426,0000,4048
20010427,0000,4478
20010428,0000,4915
20010429,0000,4617
20010430,0000,5004
20010501,0000,5900
20010502,0000,6507
20010503,0000,5205
20010504,0000,4174
20010505,0000,m
20010506,0000,5138
20010507,0000,6347
20010508,0000,7156
20010509,0000,7352
20010510,0000,7197
20010511,0000,7584
20010512,0000,7340
20010513,0000,5455
20010514,0000,4690
20010515,0000,5072
20010516,0000,6522
20010517,0000,6847
20010518,0000,6488
20010519,0000,5466
20010520,0000,5597
20010521,0000,6011
20010522,0000,6162
20010523,0000,5995
20010524,0000,5772
20010525,0000,5724
20010526,0000,m
20010527,0000,4992
20010528,0000,4351
20010529,0000,3997
20010530,0000,4214
20010531,0000,4361
20010601,0000,4179
20010602,0000,3755
20010603,0000,3377
20010604,0000,2674
20010605,0000,2682
20010606,0000,2447
20010607,0000,2836
20010608,0000,2714
20010609,0000,2531
20010610,0000,2327
20010611,0000,2128
20010612,0000,2245
20010613,0000,2162
20010614,0000,1820
20010615,0000,1929
20010616,0000,1860
20010617,0000,1787
20010618,0000,1796
20010619,0000,1673
20010620,0000,1880
20010621,0000,1994
20010622,0000,1864
20010623,0000,1856
20010624,0000,1739
20010625,0000,1686
20010626,0000,m
20010627,0000,m
20010628,0000,1527
20010629,0000,1198
20010630,0000,m
20010701,0000,m
20010702,0000,1432
20010703,0000,1533
20010704,0000,1340
20010705,0000,1540
20010706,0000,1699
20010707,0000,1910
20010708,0000,1772
20010709,0000,2121
20010710,0000,1679
20010711,0000,1684
20010712,0000,1420
20010713,0000,1381
20010714,0000,1121
20010715,0000,884
20010716,0000,995
20010717,0000,m
20010718,0000,1033
20010719,0000,1036
20010720,0000,m
20010721,0000,728
20010722,0000,m
20010723,0000,m
20010724,0000,891
20010725,0000,932
20010726,0000,802
20010727,0000,742
20010728,0000,529
20010729,0000,356
20010730,0000,666
20010731,0000,619
20010801,0000,643
20010802,0000,642
20010803,0000,615
20010804,0000,339
20010805,0000,281
20010806,0000,m
20010807,0000,548
20010808,0000,699
20010809,0000,641
20010810,0000,604
20010811,0000,m
20010812,0000,382
20010813,0000,605
20010814,0000,m
20010815,0000,m
20010816,0000,m
20010817,0000,439
20010818,0000,399
20010819,0000,374
20010820,0000,541
20010821,0000,m
20010822,0000,466
20010823,0000,517
20010824,0000,524
20010825,0000,m
20010826,0000,m
20010827,0000,m
20010828,0000,524
20010829,0000,476
20010830,0000,623
20010831,0000,605
20010901,0000,406
20010902,0000,409
20010903,0000,m
20010904,0000,614
20010905,0000,658
20010906,0000,591
20010907,0000,650
20010908,0000,513
20010909,0000,401
20010910,0000,504
20010911,0000,608
20010912,0000,446
20010913,0000,573
20010914,0000,464
20010915,0000,m
20010916,0000,408
20010917,0000,m
20010918,0000,552
20010919,0000,m
20010920,0000,486
20010921,0000,481
20010922,0000,447
20010923,0000,243
20010924,0000,353
20010925,0000,390
20010926,0000,384
20010927,0000,313
20010928,0000,409
20010929,0000,m
20010930,0000,m
20011001,0000,455
20011002,0000,536
20011003,0000,550
20011004,0000,m
20011005,0000,339
20011006,0000,138
20011007,0000,139
20011008,0000,304
20011009,0000,338
20011010,0000,349
20011011,0000,395
20011012,0000,327
20011013,0000,162
20011014,0000,300
20011015,0000,313
20011016,0000,m
20011017,0000,301
20011018,0000,315
20011019,0000,391
20011020,0000,238
20011021,0000,233
20011022,0000,391
20011023,0000,220
20011024,0000,364
20011025,0000,370
20011026,0000,375
20011027,0000,225
20011028,0000,m
20011029,0000,346
20011030,0000,451
20011031,0000,598
20011101,0000,m
20011102,0000,476
20011103,0000,306
20011104,0000,278
20011105,0000,372
20011106,0000,423
20011107,0000,m
20011108,0000,420
20011109,0000,414
20011110,0000,m
20011111,0000,360
20011112,0000,669
20011113,0000,515
20011114,0000,526
20011115,0000,501
20011116,0000,498
20011117,0000,357
20011118,0000,328
20011119,0000,436
20011120,0000,418
20011121,0000,513
20011122,0000,435
20011123,0000,678
20011124,0000,1622
20011125,0000,1554
20011126,0000,758
20011127,0000,907
20011128,0000,746
20011129,0000,877
20011130,0000,845
20011201,0000,m
20011202,0000,1067
20011203,0000,1467
20011204,0000,932
20011205,0000,750
20011206,0000,694
20011207,0000,680
20011208,0000,663
20011209,0000,633
20011210,0000,649
20011211,0000,m
20011212,0000,545
20011213,0000,513
20011214,0000,616
20011215,0000,532
20011216,0000,501
20011217,0000,499
20011218,0000,m
20011219,0000,517
20011220,0000,601
20011221,0000,615
20011222,0000,584
20011223,0000,567
20011224,0000,652
20011225,0000,558
20011226,0000,517
20011227,0000,571
20011228,0000,772
20011229,0000,4028
20011230,0000,2323
20011231,0000,1782
20020101,0000,1392
20020102,0000,1312
20020103,0000,1881
20020104,0000,m
20020105,0000,1311
20020106,0000,m
20020107,0000,957
20020108,0000,919
20020109,0000,892
20020110,0000,891
20020111,0000,858
20020112,0000,807
20020113,0000,772
20020114,0000,m
20020115,0000,729
20020116,0000,664
20020117,0000,662
20020118,0000,1047
20020119,0000,1082
20020120,0000,1079
20020121,0000,1094
20020122,0000,m
20020123,0000,843
20020124,0000,1062
20020125,0000,990
20020126,0000,m
20020127,0000,m
20020128,0000,1192
20020129,0000,m
20020130,0000,m
20020131,0000,1009
20020201,0000,1143
20020202,0000,m
20020203,0000,m
20020204,0000,m
20020205,0000,1038
20020206,0000,m
20020207,0000,1002
20020208,0000,1083
20020209,0000,m
20020210,0000,1053
20020211,0000,1088
20020212,0000,1088
20020213,0000,1092
20020214,0000,m
20020215,0000,1264
20020216,0000,1271
20020217,0000,m
20020218,0000,1423
20020219,0000,1074
20020220,0000,1027
20020221,0000,1116
20020222,0000,1144
20020223,0000,976
20020224,0000,957
20020225,0000,1219
20020226,0000,1230
20020227,0000,1317
20020228,0000,1276
20020301,0000,1345
20020302,0000,1037
20020303,0000,m
20020304,0000,1192
20020305,0000,1183
20020306,0000,1379
20020307,0000,m
20020308,0000,1564
20020309,0000,1175
20020310,0000,1109
20020311,0000,1248
20020312,0000,1278
20020313,0000,1413
20020314,0000,1356
20020315,0000,1123
20020316,0000,958
20020317,0000,812
20020318,0000,987
20020319,0000,1073
20020320,0000,1094
20020321,0000,m
20020322,0000,1159
20020323,0000,1262
20020324,0000,1254
20020325,0000,1295
20020326,0000,1237
20020327,0000,1241
20020328,0000,1348
20020329,0000,1308
20020330,0000,1381
20020331,0000,1680
20020401,0000,2074
20020402,0000,m
20020403,0000,2715
20020404,0000,m
20020405,0000,3229
20020406,0000,m
20020407,0000,2757
20020408,0000,3006
20020409,0000,3559
20020410,0000,3294
20020411,0000,3914
20020412,0000,4491
20020413,0000,4621
20020414,0000,4990
20020415,0000,5882
20020416,0000,4255
20020417,0000,3626
20020418,0000,2914
20020419,0000,2485
20020420,0000,2092
20020421,0000,1897
20020422,0000,2062
20020423,0000,m
20020424,0000,m
20020425,0000,2924
20020426,0000,3735
20020427,0000,2997
20020428,0000,2610
20020429,0000,m
20020430,0000,2371
20020501,0000,m
20020502,0000,2219
20020503,0000,2281
20020504,0000,2380
20020505,0000,2592
20020506,0000,3725
20020507,0000,4257
20020508,0000,4314
20020509,0000,4283
20020510,0000,4227
20020511,0000,3486
20020512,0000,3382
20020513,0000,m
20020514,0000,m
20020515,0000,m
20020516,0000,m
20020517,0000,6112
20020518,0000,m
20020519,0000,m
20020520,0000,m
20020521,0000,m
20020522,0000,3690
20020523,0000,3526
20020524,0000,m
20020525,0000,3502
20020526,0000,3955
20020527,0000,4675
20020528,0000,5151
20020529,0000,5583
20020530,0000,6042
20020531,0000,6647
20020601,0000,6011
20020602,0000,5091
20020603,0000,4899
20020604,0000,4805
20020605,0000,5065
20020606,0000,5575
20020607,0000,5857
20020608,0000,4916
20020609,0000,3984
20020610,0000,3748
20020611,0000,3392
20020612,0000,3302
20020613,0000,3413
20020614,0000,3592
20020615,0000,3259
20020616,0000,3100
20020617,0000,2922
20020618,0000,3038
20020619,0000,3284
20020620,0000,3249
20020621,0000,3119
20020622,0000,2644
20020623,0000,2292
20020624,0000,2480
20020625,0000,2382
20020626,0000,2208
20020627,0000,2208
20020628,0000,2078
20020629,0000,2060
20020630,0000,2092
20020701,0000,2097
20020702,0000,2177
20020703,0000,2063
20020704,0000,1932
20020705,0000,1653
20020706,0000,1653
20020707,0000,1555
20020708,0000,1550
20020709,0000,1656
20020710,0000,1474
20020711,0000,1518
20020712,0000,1466
20020713,0000,1252
20020714,0000,1241
20020715,0000,1406
20020716,0000,1400
20020717,0000,1373
20020718,0000,1313
20020719,0000,1261
20020720,0000,1053
20020721,0000,983
20020722,0000,983
20020723,0000,1048
20020724,0000,1003
20020725,0000,1000
20020726,0000,981
20020727,0000,869
20020728,0000,834
20020729,0000,827
20020730,0000,1014
20020731,0000,883
20020801,0000,962
20020802,0000,938
20020803,0000,742
20020804,0000,737
20020805,0000,866
20020806,0000,717
20020807,0000,856
20020808,0000,854
20020809,0000,857
20020810,0000,738
20020811,0000,676
20020812,0000,816
20020813,0000,795
20020814,0000,636
20020815,0000,764
20020816,0000,660
20020817,0000,573
20020818,0000,463
20020819,0000,598
20020820,0000,657
20020821,0000,868
20020822,0000,945
20020823,0000,1072
20020824,0000,1028
20020825,0000,927
20020826,0000,848
20020827,0000,946
20020828,0000,834
20020829,0000,800
20020830,0000,811
20020831,0000,665
20020901,0000,664
20020902,0000,665
20020903,0000,677
20020904,0000,743
20020905,0000,638
20020906,0000,364
20020907,0000,484
20020908,0000,400
20020909,0000,480
20020910,0000,504
20020911,0000,554
20020912,0000,585
20020913,0000,646
20020914,0000,479
20020915,0000,336
20020916,0000,540
20020917,0000,478
20020918,0000,496
20020919,0000,574
20020920,0000,616
20020921,0000,447
20020922,0000,469
20020923,0000,461
20020924,0000,499
20020925,0000,551
20020926,0000,448
20020927,0000,202
20020928,0000,164
20020929,0000,145
20020930,0000,155
20021001,0000,156
20021002,0000,156
20021003,0000,253
20021004,0000,178
20021005,0000,357
20021006,0000,441
20021007,0000,490
20021008,0000,436
20021009,0000,157
20021010,0000,165
20021011,0000,174
20021012,0000,271
20021013,0000,295
20021014,0000,299
20021015,0000,252
20021016,0000,m
20021017,0000,158
20021018,0000,132
20021019,0000,151
20021020,0000,264
20021021,0000,395
20021022,0000,m
20021023,0000,516
20021024,0000,464
20021025,0000,493
20021026,0000,347
20021027,0000,430
20021028,0000,477
20021029,0000,516
20021030,0000,m
20021031,0000,477
20021101,0000,434
20021102,0000,252
20021103,0000,293
20021104,0000,450
20021105,0000,318
20021106,0000,284
20021107,0000,536
20021108,0000,8683
20021109,0000,8866
20021110,0000,2571
20021111,0000,1776
20021112,0000,1108
20021113,0000,925
20021114,0000,919
20021115,0000,932
20021116,0000,889
20021117,0000,965
20021118,0000,1060
20021119,0000,1014
20021120,0000,886
20021121,0000,835
20021122,0000,926
20021123,0000,779
20021124,0000,820
20021125,0000,811
20021126,0000,735
20021127,0000,699
20021128,0000,450
20021129,0000,585
20021130,0000,676
20021201,0000,652
20021202,0000,602
20021203,0000,654
20021204,0000,671
20021205,0000,657
20021206,0000,657
20021207,0000,577
20021208,0000,593
20021209,0000,625
20021210,0000,677
20021211,0000,691
20021212,0000,733
20021213,0000,679
20021214,0000,506
20021215,0000,638
20021216,0000,1147
20021217,0000,1247
20021218,0000,1005
20021219,0000,984
20021220,0000,1248
20021221,0000,915
20021222,0000,906
20021223,0000,884
20021224,0000,876
20021225,0000,709
20021226,0000,827
20021227,0000,847
20021228,0000,938
20021229,0000,1041
20021230,0000,975
20021231,0000,1096
20030101,0000,1004
20030102,0000,918
20030103,0000,1044
20030104,0000,1155
20030105,0000,978
20030106,0000,954
20030107,0000,661
20030108,0000,809
20030109,0000,858
20030110,0000,1035
20030111,0000,765
20030112,0000,770
20030113,0000,804
20030114,0000,687
20030115,0000,752
20030116,0000,647
20030117,0000,671
20030118,0000,670
20030119,0000,797
20030120,0000,748
20030121,0000,738
20030122,0000,710
20030123,0000,m
20030124,0000,748
20030125,0000,620
20030126,0000,827
20030127,0000,916
20030128,0000,829
20030129,0000,890
20030130,0000,857
20030131,0000,891
20030201,0000,779
20030202,0000,991
20030203,0000,1129
20030204,0000,1143
20030205,0000,1098
20030206,0000,1020
20030207,0000,968
20030208,0000,775
20030209,0000,956
20030210,0000,944
20030211,0000,896
20030212,0000,1248
20030213,0000,1834
20030214,0000,1815
20030215,0000,1384
20030216,0000,1668
20030217,0000,1465
20030218,0000,1280
20030219,0000,1253
20030220,0000,1156
20030221,0000,1302
20030222,0000,841
20030223,0000,1221
20030224,0000,1143
20030225,0000,1145
20030226,0000,1197
20030227,0000,1406
20030228,0000,1202
20030301,0000,1021
20030302,0000,1033
20030303,0000,1051
20030304,0000,1151
20030305,0000,1096
20030306,0000,1127
20030307,0000,1225
20030308,0000,1040
20030309,0000,1273
20030310,0000,1008
20030311,0000,1197
20030312,0000,1289
20030313,0000,1423
20030314,0000,1515
20030315,0000,5102
20030316,0000,3316
20030317,0000,2239
20030318,0000,1887
20030319,0000,1654
20030320,0000,1637
20030321,0000,1434
20030322,0000,1565
20030323,0000,1756
20030324,0000,1626
20030325,0000,1595
20030326,0000,1571
20030327,0000,1654
20030328,0000,1844
20030329,0000,1627
20030330,0000,1923
20030331,0000,2198
20030401,0000,2377
20030402,0000,2198
20030403,0000,1868
20030404,0000,1814
20030405,0000,1589
20030406,0000,1584
20030407,0000,1484
20030408,0000,1746
20030409,0000,2080
20030410,0000,2218
20030411,0000,2389
20030412,0000,2453
20030413,0000,2687
20030414,0000,3097
20030415,0000,2423
20030416,0000,2276
20030417,0000,2565
20030418,0000,2213
20030419,0000,1867
20030420,0000,1799
20030421,0000,2184
20030422,0000,1776
20030423,0000,1793
20030424,0000,2109
20030425,0000,2015
20030426,0000,1909
20030427,0000,2192
20030428,0000,2543
20030429,0000,2083
20030430,0000,1820
20030501,0000,1909
20030502,0000,1854
20030503,0000,2534
20030504,0000,3180
20030505,0000,2641
20030506,0000,2571
20030507,0000,2599
20030508,0000,2396
20030509,0000,2139
20030510,0000,2096
20030511,0000,2321
20030512,0000,2748
20030513,0000,3338
20030514,0000,4012
20030515,0000,4205
20030516,0000,4904
20030517,0000,4972
20030518,0000,5300
20030519,0000,5865
20030520,0000,6467
20030521,0000,7001
20030522,0000,8256
20030523,0000,8854
20030524,0000,8707
20030525,0000,9388
20030526,0000,9245
20030527,0000,10466
20030528,0000,11929
20030529,0000,12156
20030530,0000,11504
20030531,0000,10528
20030601,0000,10085
20030602,0000,10176
20030603,0000,10562
20030604,0000,10419
20030605,0000,9031
20030606,0000,8380
20030607,0000,7566
20030608,0000,7065
20030609,0000,6321
20030610,0000,6289
20030611,0000,5975
20030612,0000,5493
20030613,0000,5097
20030614,0000,4817
20030615,0000,5107
20030616,0000,5010
20030617,0000,4721
20030618,0000,4581
20030619,0000,4249
20030620,0000,3629
20030621,0000,3393
20030622,0000,3299
20030623,0000,2977
20030624,0000,2674
20030625,0000,2426
20030626,0000,2446
20030627,0000,2530
20030628,0000,2542
20030629,0000,2551
20030630,0000,2396
20030701,0000,2412
20030702,0000,2194
20030703,0000,2041
20030704,0000,1715
20030705,0000,1685
20030706,0000,1677
20030707,0000,2052
20030708,0000,1592
20030709,0000,1696
20030710,0000,1742
20030711,0000,1530
20030712,0000,1523
20030713,0000,1695
20030714,0000,1495
20030715,0000,1543
20030716,0000,1475
20030717,0000,1487
20030718,0000,1501
20030719,0000,1274
20030720,0000,1500
20030721,0000,1553
20030722,0000,1459
20030723,0000,1495
20030724,0000,1775
20030725,0000,1763
20030726,0000,1651
20030727,0000,1493
20030728,0000,1608
20030729,0000,1660
20030730,0000,1502
20030731,0000,m
20030801,0000,1842
20030802,0000,1400
20030803,0000,1641
20030804,0000,1570
20030805,0000,1392
20030806,0000,1214
20030807,0000,1148
20030808,0000,1135
20030809,0000,1055
20030810,0000,943
20030811,0000,1076
20030812,0000,977
20030813,0000,870
20030814,0000,851
20030815,0000,879
20030816,0000,800
20030817,0000,743
20030818,0000,859
20030819,0000,m
20030820,0000,836
20030821,0000,775
20030822,0000,765
20030823,0000,824
20030824,0000,747
20030825,0000,939
20030826,0000,948
20030827,0000,863
20030828,0000,891
20030829,0000,755
20030830,0000,518
20030831,0000,309
20030901,0000,650
20030902,0000,636
20030903,0000,750
20030904,0000,m
20030905,0000,903
20030906,0000,448
20030907,0000,323
20030908,0000,772
20030909,0000,676
20030910,0000,421
20030911,0000,647
20030912,0000,657
20030913,0000,647
20030914,0000,649
20030915,0000,707
20030916,0000,630
20030917,0000,585
20030918,0000,644
20030919,0000,726
20030920,0000,571
20030921,0000,589
20030922,0000,570
20030923,0000,610
20030924,0000,506
20030925,0000,469
20030926,0000,399
20030927,0000,306
20030928,0000,113
20030929,0000,270
20030930,0000,419
20031001,0000,539
20031002,0000,482
20031003,0000,344
20031004,0000,70
20031005,0000,171
20031006,0000,678
20031007,0000,755
20031008,0000,572
20031009,0000,712
20031010,0000,500
20031011,0000,270
20031012,0000,526
20031013,0000,438
20031014,0000,686
20031015,0000,423
20031016,0000,380
20031017,0000,344
20031018,0000,413
20031019,0000,444
20031020,0000,430
20031021,0000,272
20031022,0000,263
20031023,0000,196
20031024,0000,236
20031025,0000,212
20031026,0000,309
20031027,0000,322
20031028,0000,239
20031029,0000,238
20031030,0000,287
20031031,0000,274
20031101,0000,272
20031102,0000,338
20031103,0000,494
20031104,0000,471
20031105,0000,429
20031106,0000,353
20031107,0000,362
20031108,0000,433
20031109,0000,535
20031110,0000,537
20031111,0000,490
20031112,0000,358
20031113,0000,340
20031114,0000,302
20031115,0000,281
20031116,0000,496
20031117,0000,429
20031118,0000,520
20031119,0000,532
20031120,0000,637
20031121,0000,545
20031122,0000,489
20031123,0000,635
20031124,0000,660
20031125,0000,683
20031126,0000,549
20031127,0000,386
20031128,0000,327
20031129,0000,225
20031130,0000,437
20031201,0000,579
20031202,0000,516
20031203,0000,665
20031204,0000,449
20031205,0000,595
20031206,0000,396
20031207,0000,737
20031208,0000,689
20031209,0000,919
20031210,0000,861
20031211,0000,1203
20031212,0000,895
20031213,0000,516
20031214,0000,851
20031215,0000,940
20031216,0000,740
20031217,0000,935
20031218,0000,984
20031219,0000,1041
20031220,0000,784
20031221,0000,m
20031222,0000,871
20031223,0000,989
20031224,0000,1243
20031225,0000,m
20031226,0000,1332
20031227,0000,m
20031228,0000,m
20031229,0000,1313
20031230,0000,1165
20031231,0000,m
20040101,0000,1593
20040102,0000,1580
20040103,0000,1227
20040104,0000,1212
20040105,0000,1052
20040106,0000,1246
20040107,0000,1296
20040108,0000,1201
20040109,0000,1150
20040110,0000,699
20040111,0000,921
20040112,0000,m
20040113,0000,963
20040114,0000,1024
20040115,0000,1041
20040116,0000,933
20040117,0000,948
20040118,0000,1018
20040119,0000,885
20040120,0000,m
20040121,0000,947
20040122,0000,950
20040123,0000,1133
20040124,0000,731
20040125,0000,864
20040126,0000,1100
20040127,0000,1162
20040128,0000,1035
20040129,0000,965
20040130,0000,998
20040131,0000,615
20040201,0000,924
20040202,0000,1090
20040203,0000,919
20040204,0000,923
20040205,0000,859
20040206,0000,859
20040207,0000,683
20040208,0000,777
20040209,0000,826
20040210,0000,895
20040211,0000,888
20040212,0000,945
20040213,0000,865
20040214,0000,746
20040215,0000,727
20040216,0000,660
20040217,0000,963
20040218,0000,812
20040219,0000,792
20040220,0000,772
20040221,0000,715
20040222,0000,886
20040223,0000,869
20040224,0000,796
20040225,0000,1454
20040226,0000,4152
20040227,0000,2020
20040228,0000,1295
20040229,0000,1412
20040301,0000,1201
20040302,0000,1331
20040303,0000,1063
20040304,0000,982
20040305,0000,1092
20040306,0000,923
20040307,0000,1214
20040308,0000,1464
20040309,0000,1751
20040310,0000,1848
20040311,0000,1841
20040312,0000,1827
20040313,0000,1883
20040314,0000,2082
20040315,0000,2379
20040316,0000,2695
20040317,0000,2948
20040318,0000,3099
20040319,0000,3319
20040320,0000,3327
20040321,0000,3567
20040322,0000,3675
20040323,0000,3811
20040324,0000,3737
20040325,0000,3626
20040326,0000,3383
20040327,0000,2878
20040328,0000,2779
20040329,0000,2933
20040330,0000,3144
20040331,0000,3085
20040401,0000,3189
20040402,0000,2754
20040403,0000,2404
20040404,0000,2336
20040405,0000,2557
20040406,0000,3182
20040407,0000,2844
20040408,0000,m
20040409,0000,3220
20040410,0000,3384
20040411,0000,3408
20040412,0000,3484
20040413,0000,3486
20040414,0000,3109
20040415,0000,2846
20040416,0000,2728
20040417,0000,2519
20040418,0000,2278
20040419,0000,2251
20040420,0000,2216
20040421,0000,2150
20040422,0000,2370
20040423,0000,2291
20040424,0000,2285
20040425,0000,2775
20040426,0000,3418
20040427,0000,3929
20040428,0000,4280
20040429,0000,4128
20040430,0000,3607
20040501,0000,m
20040502,0000,4432
20040503,0000,5105
20040504,0000,6064
20040505,0000,5998
20040506,0000,5204
20040507,0000,4621
20040508,0000,4166
20040509,0000,4144
20040510,0000,4621
20040511,0000,3640
20040512,0000,3355
20040513,0000,3486
20040514,0000,3721
20040515,0000,3644
20040516,0000,3510
20040517,0000,3831
20040518,0000,3689
20040519,0000,3532
20040520,0000,3368
20040521,0000,3163
20040522,0000,2799
20040523,0000,3047
20040524,0000,3332
20040525,0000,3085
20040526,0000,3010
20040527,0000,2942
20040528,0000,3765
20040529,0000,3485
20040530,0000,3214
20040531,0000,3601
20040601,0000,4116
20040602,0000,4197
20040603,0000,4468
20040604,0000,4413
20040605,0000,3948
20040606,0000,4298
20040607,0000,4032
20040608,0000,3698
20040609,0000,2946
20040610,0000,2433
20040611,0000,2346
20040612,0000,2277
20040613,0000,2220
20040614,0000,3013
20040615,0000,3089
20040616,0000,m
20040617,0000,2957
20040618,0000,2896
20040619,0000,2701
20040620,0000,2502
20040621,0000,2664
20040622,0000,2665
20040623,0000,2368
20040624,0000,2192
20040625,0000,2275
20040626,0000,2358
20040627,0000,1852
20040628,0000,2036
20040629,0000,1822
20040630,0000,1597
20040701,0000,1640
20040702,0000,1538
20040703,0000,1436
20040704,0000,1250
20040705,0000,1336
20040706,0000,1636
20040707,0000,1485
20040708,0000,1585
20040709,0000,1457
20040710,0000,1275
20040711,0000,1358
20040712,0000,1340
20040713,0000,1351
20040714,0000,1355
20040715,0000,1301
20040716,0000,1167
20040717,0000,1075
20040718,0000,1172
20040719,0000,1251
20040720,0000,1257
20040721,0000,1233
20040722,0000,1212
20040723,0000,1187
20040724,0000,862
20040725,0000,927
20040726,0000,990
20040727,0000,923
20040728,0000,1001
20040729,0000,966
20040730,0000,911
20040731,0000,732
20040801,0000,685
20040802,0000,828
20040803,0000,653
20040804,0000,859
20040805,0000,502
20040806,0000,762
20040807,0000,384
20040808,0000,459
20040809,0000,561
20040810,0000,600
20040811,0000,645
20040812,0000,751
20040813,0000,847
20040814,0000,720
20040815,0000,755
20040816,0000,932
20040817,0000,899
20040818,0000,872
20040819,0000,757
20040820,0000,820
20040821,0000,482
20040822,0000,741
20040823,0000,816
20040824,0000,798
20040825,0000,843
20040826,0000,817
20040827,0000,722
20040828,0000,721
20040829,0000,534
20040830,0000,626
20040831,0000,704
20040901,0000,638
20040902,0000,599
20040903,0000,347
20040904,0000,367
20040905,0000,534
20040906,0000,470
20040907,0000,557
20040908,0000,456
20040909,0000,446
20040910,0000,377
20040911,0000,305
20040912,0000,262
20040913,0000,184
20040914,0000,222
20040915,0000,272
20040916,0000,448
20040917,0000,486
20040918,0000,226
20040919,0000,137
20040920,0000,424
20040921,0000,222
20040922,0000,468
20040923,0000,472
20040924,0000,420
20040925,0000,206
20040926,0000,237
20040927,0000,308
20040928,0000,187
20040929,0000,242
20040930,0000,219
20041001,0000,231
20041002,0000,173
20041003,0000,208
20041004,0000,186
20041005,0000,223
20041006,0000,204
20041007,0000,203
20041008,0000,200
20041009,0000,171
20041010,0000,192
20041011,0000,234
20041012,0000,162
20041013,0000,220
20041014,0000,250
20041015,0000,227
20041016,0000,109
20041017,0000,272
20041018,0000,392
20041019,0000,605
20041020,0000,2005
20041021,0000,957
20041022,0000,589
20041023,0000,513
20041024,0000,460
20041025,0000,598
20041026,0000,852
20041027,0000,968
20041028,0000,686
20041029,0000,670
20041030,0000,551
20041031,0000,602
20041101,0000,652
20041102,0000,704
20041103,0000,825
20041104,0000,840
20041105,0000,778
20041106,0000,667
20041107,0000,595
20041108,0000,650
20041109,0000,814
20041110,0000,797
20041111,0000,728
20041112,0000,696
20041113,0000,664
20041114,0000,679
20041115,0000,627
20041116,0000,566
20041117,0000,611
20041118,0000,619
20041119,0000,503
20041120,0000,511
20041121,0000,602
20041122,0000,484
20041123,0000,438
20041124,0000,438
20041125,0000,429
20041126,0000,463
20041127,0000,460
20041128,0000,631
20041129,0000,479
20041130,0000,661
20041201,0000,711
20041202,0000,667
20041203,0000,653
20041204,0000,493
20041205,0000,703
20041206,0000,658
20041207,0000,869
20041208,0000,920
20041209,0000,559
20041210,0000,620
20041211,0000,646
20041212,0000,648
20041213,0000,664
20041214,0000,549
20041215,0000,740
20041216,0000,719
20041217,0000,613
20041218,0000,506
20041219,0000,587
20041220,0000,637
20041221,0000,745
20041222,0000,893
20041223,0000,754
20041224,0000,473
20041225,0000,534
20041226,0000,622
20041227,0000,615
20041228,0000,763
20041229,0000,739
20041230,0000,1257
20041231,0000,4748
20050101,0000,1431
20050102,0000,1167
20050103,0000,1409
20050104,0000,1693
20050105,0000,1366
20050106,0000,1415
20050107,0000,1448
20050108,0000,2013
20050109,0000,8143
20050110,0000,5082
20050111,0000,6747
20050112,0000,3281
20050113,0000,2508
20050114,0000,2228
20050115,0000,1651
20050116,0000,1768
20050117,0000,1838
20050118,0000,1799
20050119,0000,1818
20050120,0000,1963
20050121,0000,78
20050122,0000,64117
20050123,0000,1680
20050124,0000,1868
20050125,0000,1815
20050126,0000,2448
20050127,0000,2486
20050128,0000,2273
20050129,0000,1950
20050130,0000,1682
20050131,0000,1869
20050201,0000,1730
20050202,0000,1827
20050203,0000,1702
20050204,0000,1657
20050205,0000,1233
20050206,0000,1515
20050207,0000,1558
20050208,0000,1585
20050209,0000,1559
20050210,0000,1513
20050211,0000,1582
20050212,0000,1248
20050213,0000,1612
20050214,0000,1459
20050215,0000,1606
20050216,0000,1811
20050217,0000,1721
20050218,0000,2134
20050219,0000,1795
20050220,0000,2828
20050221,0000,2660
20050222,0000,2383
20050223,0000,2102
20050224,0000,1993
20050225,0000,1909
20050226,0000,1771
20050227,0000,1717
20050228,0000,2078
20050301,0000,1833
20050302,0000,1741
20050303,0000,1730
20050304,0000,1822
20050305,0000,1587
20050306,0000,1616
20050307,0000,1593
20050308,0000,1337
20050309,0000,1985
20050310,0000,2207
20050311,0000,2523
20050312,0000,2620
20050313,0000,2754
20050314,0000,2637
20050315,0000,2464
20050316,0000,2314
20050317,0000,2176
20050318,0000,2044
20050319,0000,2680
20050320,0000,2862
20050321,0000,1993
20050322,0000,6598
20050323,0000,7186
20050324,0000,4377
20050325,0000,3323
20050326,0000,3458
20050327,0000,3044
20050328,0000,3576
20050329,0000,2843
20050330,0000,2674
20050331,0000,2478
20050401,0000,2640
20050402,0000,2769
20050403,0000,2825
20050404,0000,3030
20050405,0000,1810
20050406,0000,3492
20050407,0000,3503
20050408,0000,3545
20050409,0000,3507
20050410,0000,3258
20050411,0000,3090
20050412,0000,3218
20050413,0000,3342
20050414,0000,3309
20050415,0000,3604
20050416,0000,4067
20050417,0000,4637
20050418,0000,4993
20050419,0000,4847
20050420,0000,4192
20050421,0000,3967
20050422,0000,4154
20050423,0000,3985
20050424,0000,4029
20050425,0000,3700
20050426,0000,3837
20050427,0000,4219
20050428,0000,4757
20050429,0000,4109
20050430,0000,4063
20050501,0000,4518
20050502,0000,4725
20050503,0000,5564
20050504,0000,5876
20050505,0000,7748
20050506,0000,6729
20050507,0000,5453
20050508,0000,5176
20050509,0000,8517
20050510,0000,6533
20050511,0000,5507
20050512,0000,5285
20050513,0000,6040
20050514,0000,7202
20050515,0000,9030
20050516,0000,15481
20050517,0000,11867
20050518,0000,10103
20050519,0000,11408
20050520,0000,12701
20050521,0000,12919
20050522,0000,13860
20050523,0000,14808
20050524,0000,14794
20050525,0000,15165
20050526,0000,16057
20050527,0000,16414
20050528,0000,16358
20050529,0000,15500
20050530,0000,12809
20050531,0000,12752
20050601,0000,13400
20050602,0000,13883
20050603,0000,12981
20050604,0000,11724
20050605,0000,11745
20050606,0000,10379
20050607,0000,9028
20050608,0000,8925
20050609,0000,7861
20050610,0000,8249
20050611,0000,9526
20050612,0000,10323
20050613,0000,11339
20050614,0000,12423
20050615,0000,12395
20050616,0000,11665
20050617,0000,10013
20050618,0000,8791
20050619,0000,7954
20050620,0000,7913
20050621,0000,8645
20050622,0000,9342
20050623,0000,9084
20050624,0000,8885
20050625,0000,8119
20050626,0000,7276
20050627,0000,7325
20050628,0000,7427
20050629,0000,8027
20050630,0000,8343
20050701,0000,8670
20050702,0000,9048
20050703,0000,8805
20050704,0000,7700
20050705,0000,7477
20050706,0000,7359
20050707,0000,7020
20050708,0000,6804
20050709,0000,6531
20050710,0000,6083
20050711,0000,5858
20050712,0000,5949
20050713,0000,5590
20050714,0000,5307
20050715,0000,4955
20050716,0000,4727
20050717,0000,4705
20050718,0000,4469
20050719,0000,4609
20050720,0000,4204
20050721,0000,3812
20050722,0000,4098
20050723,0000,4068
20050724,0000,3771
20050725,0000,3476
20050726,0000,3186
20050727,0000,2999
20050728,0000,2830
20050729,0000,3114
20050730,0000,2663
20050731,0000,2741
20050801,0000,2541
20050802,0000,2285
20050803,0000,2078
20050804,0000,2057
20050805,0000,2041
20050806,0000,2014
20050807,0000,2204
20050808,0000,2186
20050809,0000,1758
20050810,0000,1471
20050811,0000,1410
20050812,0000,1842
20050813,0000,m
20050814,0000,1764
20050815,0000,1738
20050816,0000,2158
20050817,0000,2140
20050818,0000,1972
20050819,0000,1841
20050820,0000,1625
20050821,0000,1524
20050822,0000,1571
20050823,0000,1537
20050824,0000,1538
20050825,0000,1485
20050826,0000,1359
20050827,0000,1274
20050828,0000,1290
20050829,0000,1132
20050830,0000,1242
20050831,0000,1167
20050901,0000,1143
20050902,0000,1118
20050903,0000,1078
20050904,0000,1027
20050905,0000,898
20050906,0000,1061
20050907,0000,2022
20050908,0000,-8
20050909,0000,m
20050910,0000,953
20050911,0000,952
20050912,0000,1045
20050913,0000,1049
20050914,0000,1029
20050915,0000,1050
20050916,0000,816
20050917,0000,824
20050918,0000,758
20050919,0000,689
20050920,0000,802
20050921,0000,825
20050922,0000,890
20050923,0000,738
20050924,0000,746
20050925,0000,723
20050926,0000,787
20050927,0000,876
20050928,0000,1023
20050929,0000,1024
20050930,0000,861
20051001,0000,772
20051002,0000,709
20051003,0000,604
20051004,0000,693
20051005,0000,691
20051006,0000,657
20051007,0000,675
20051008,0000,660
20051009,0000,719
20051010,0000,671
20051011,0000,635
20051012,0000,713
20051013,0000,648
20051014,0000,642
20051015,0000,629
20051016,0000,732
20051017,0000,692
20051018,0000,579
20051019,0000,632
20051020,0000,689
20051021,0000,725
20051022,0000,621
20051023,0000,612
20051024,0000,736
20051025,0000,675
20051026,0000,649
20051027,0000,678
20051028,0000,741
20051029,0000,733
20051030,0000,645
20051031,0000,824
20051101,0000,470
20051102,0000,317
20051103,0000,415
20051104,0000,546
20051105,0000,333
20051106,0000,300
20051107,0000,328
20051108,0000,414
20051109,0000,466
20051110,0000,411
20051111,0000,493
20051112,0000,379
20051113,0000,342
20051114,0000,406
20051115,0000,443
20051116,0000,466
20051117,0000,640
20051118,0000,705
20051119,0000,560
20051120,0000,836
20051121,0000,710
20051122,0000,706
20051123,0000,757
20051124,0000,757
20051125,0000,634
20051126,0000,751
20051127,0000,797
20051128,0000,727
20051129,0000,631
20051130,0000,752
20051201,0000,957
20051202,0000,3300
20051203,0000,1444
20051204,0000,1037
20051205,0000,954
20051206,0000,908
20051207,0000,849
20051208,0000,887
20051209,0000,937
20051210,0000,882
20051211,0000,840
20051212,0000,823
20051213,0000,839
20051214,0000,871
20051215,0000,834
20051216,0000,906
20051217,0000,765
20051218,0000,1612
20051219,0000,1867
20051220,0000,1295
20051221,0000,1408
20051222,0000,1233
20051223,0000,933
20051224,0000,864
20051225,0000,906
20051226,0000,1435
20051227,0000,1244
20051228,0000,1287
20051229,0000,1328
20051230,0000,1178
20051231,0000,7782
20060101,0000,4439
20060102,0000,14669
20060103,0000,6335
20060104,0000,3422
20060105,0000,2854
20060106,0000,2622
20060107,0000,2487
20060108,0000,2255
20060109,0000,1980
20060110,0000,1513
20060111,0000,1361
20060112,0000,1739
20060113,0000,1794
20060114,0000,1831
20060115,0000,1961
20060116,0000,1784
20060117,0000,1882
20060118,0000,1488
20060119,0000,1368
20060120,0000,1535
20060121,0000,1426
20060122,0000,m
20060123,0000,1328
20060124,0000,1376
20060125,0000,1217
20060126,0000,1312
20060127,0000,1252
20060128,0000,1276
20060129,0000,1350
20060130,0000,1325
20060131,0000,1373
20060201,0000,1052
20060202,0000,1387
20060203,0000,1438
20060204,0000,1390
20060205,0000,1349
20060206,0000,1452
20060207,0000,1332
20060208,0000,1332
20060209,0000,1338
20060210,0000,1325
20060211,0000,1330
20060212,0000,1519
20060213,0000,1590
20060214,0000,1532
20060215,0000,1638
20060216,0000,1462
20060217,0000,1594
20060218,0000,1396
20060219,0000,1433
20060220,0000,1384
20060221,0000,1255
20060222,0000,1260
20060223,0000,1266
20060224,0000,1262
20060225,0000,1215
20060226,0000,1251
20060227,0000,1827
20060228,0000,8864
20060301,0000,3731
20060302,0000,2929
20060303,0000,3748
20060304,0000,2655
20060305,0000,2558
20060306,0000,3261
20060307,0000,2996
20060308,0000,2699
20060309,0000,2510
20060310,0000,2650
20060311,0000,2501
20060312,0000,2310
20060313,0000,2216
20060314,0000,2297
20060315,0000,2238
20060316,0000,1746
20060317,0000,2373
20060318,0000,2474
20060319,0000,2279
20060320,0000,2460
20060321,0000,2283
20060322,0000,2154
20060323,0000,2166
20060324,0000,2297
20060325,0000,2742
20060326,0000,2772
20060327,0000,2492
20060328,0000,5916
20060329,0000,5368
20060330,0000,3722
20060331,0000,3704
20060401,0000,4484
20060402,0000,3634
20060403,0000,13445
20060404,0000,21949
20060405,0000,13636
20060406,0000,7759
20060407,0000,6440
20060408,0000,5702
20060409,0000,5144
20060410,0000,5169
20060411,0000,4816
20060412,0000,4671
20060413,0000,4914
20060414,0000,5672
20060415,0000,5300
20060416,0000,5341
20060417,0000,5411
20060418,0000,4631
20060419,0000,4647
20060420,0000,5001
20060421,0000,5611
20060422,0000,5918
20060423,0000,5534
20060424,0000,4992
20060425,0000,5066
20060426,0000,5476
20060427,0000,5868
20060428,0000,7150
20060429,0000,8631
20060430,0000,9974
20060501,0000,10799
20060502,0000,11347
20060503,0000,11060
20060504,0000,10614
20060505,0000,9891
20060506,0000,10099
20060507,0000,10723
20060508,0000,11646
20060509,0000,12306
20060510,0000,12670
20060511,0000,13095
20060512,0000,13396
20060513,0000,14202
20060514,0000,15271
20060515,0000,15638
20060516,0000,14400
20060517,0000,15293
20060518,0000,15401
20060519,0000,14742
20060520,0000,14691
20060521,0000,14558
20060522,0000,12504
20060523,0000,9828
20060524,0000,10065
20060525,0000,11005
20060526,0000,11821
20060527,0000,11522
20060528,0000,8931
20060529,0000,8360
20060530,0000,8610
20060531,0000,9706
20060601,0000,11277
20060602,0000,12560
20060603,0000,13557
20060604,0000,15052
20060605,0000,15386
20060606,0000,15922
20060607,0000,15171
20060608,0000,14143
20060609,0000,13833
20060610,0000,13035
20060611,0000,12752
20060612,0000,12510
20060613,0000,11806
20060614,0000,10259
20060615,0000,10182
20060616,0000,11122
20060617,0000,11637
20060618,0000,12104
20060619,0000,12328
20060620,0000,11879
20060621,0000,11468
20060622,0000,11586
20060623,0000,11368
20060624,0000,10796
20060625,0000,10501
20060626,0000,10123
20060627,0000,8813
20060628,0000,8400
20060629,0000,8298
20060630,0000,7805
20060701,0000,7853
20060702,0000,7848
20060703,0000,6852
20060704,0000,6845
20060705,0000,6684
20060706,0000,6376
20060707,0000,5911
20060708,0000,5410
20060709,0000,5742
20060710,0000,5351
20060711,0000,5143
20060712,0000,4982
20060713,0000,4667
20060714,0000,4341
20060715,0000,4148
20060716,0000,3998
20060717,0000,4201
20060718,0000,4289
20060719,0000,4051
20060720,0000,4133
20060721,0000,4905
20060722,0000,4773
20060723,0000,4730
20060724,0000,4791
20060725,0000,4731
20060726,0000,4413
20060727,0000,3841
20060728,0000,3728
20060729,0000,3481
20060730,0000,3239
20060731,0000,2981
20060801,0000,2707
20060802,0000,2337
20060803,0000,2212
20060804,0000,1943
20060805,0000,2019
20060806,0000,2008
20060807,0000,1917
20060808,0000,1877
20060809,0000,1787
20060810,0000,1862
20060811,0000,1537
20060812,0000,1536
20060813,0000,1400
20060814,0000,1448
20060815,0000,1426
20060816,0000,1415
20060817,0000,1371
20060818,0000,1316
20060819,0000,1218
20060820,0000,1043
20060821,0000,1218
20060822,0000,1228
20060823,0000,1113
20060824,0000,1244
20060825,0000,1039
20060826,0000,1108
20060827,0000,1029
20060828,0000,1008
20060829,0000,971
20060830,0000,1033
20060831,0000,1026
20060901,0000,1031
20060902,0000,941
20060903,0000,719
20060904,0000,908
20060905,0000,919
20060906,0000,638
20060907,0000,792
20060908,0000,968
20060909,0000,927
20060910,0000,927
20060911,0000,908
20060912,0000,945
20060913,0000,818
20060914,0000,604
20060915,0000,868
20060916,0000,625
20060917,0000,757
20060918,0000,782
20060919,0000,628
20060920,0000,708
20060921,0000,810
20060922,0000,763
20060923,0000,794
20060924,0000,541
20060925,0000,645
20060926,0000,670
20060927,0000,m
20060928,0000,639
20060929,0000,519
20060930,0000,433
20061001,0000,289
20061002,0000,617
20061003,0000,704
20061004,0000,590
20061005,0000,733
20061006,0000,594
20061007,0000,569
20061008,0000,24
20061009,0000,572
20061010,0000,520
20061011,0000,608
20061012,0000,595
20061013,0000,496
20061014,0000,477
20061015,0000,531
20061016,0000,510
20061017,0000,598
20061018,0000,662
20061019,0000,573
20061020,0000,885
20061021,0000,782
20061022,0000,624
20061023,0000,689
20061024,0000,722
20061025,0000,496
20061026,0000,535
20061027,0000,560
20061028,0000,614
20061029,0000,470
20061030,0000,763
20061031,0000,755
20061101,0000,817
20061102,0000,750
20061103,0000,778
20061104,0000,750
20061105,0000,690
20061106,0000,767
20061107,0000,559
20061108,0000,501
20061109,0000,535
20061110,0000,577
20061111,0000,372
20061112,0000,623
20061113,0000,831
20061114,0000,1114
20061115,0000,1044
20061116,0000,993
20061117,0000,988
20061118,0000,835
20061119,0000,716
20061120,0000,835
20061121,0000,831
20061122,0000,851
20061123,0000,479
20061124,0000,459
20061125,0000,574
20061126,0000,458
20061127,0000,646
20061128,0000,390
20061129,0000,710
20061130,0000,751
20061201,0000,789
20061202,0000,865
20061203,0000,753
20061204,0000,696
20061205,0000,804
20061206,0000,668
20061207,0000,748
20061208,0000,674
20061209,0000,778
20061210,0000,936
20061211,0000,775
20061212,0000,911
20061213,0000,781
20061214,0000,925
20061215,0000,706
20061216,0000,804
20061217,0000,805
20061218,0000,788
20061219,0000,735
20061220,0000,742
20061221,0000,894
20061222,0000,872
20061223,0000,790
20061224,0000,831
20061225,0000,838
20061226,0000,796
20061227,0000,1091
20061228,0000,778
20061229,0000,1034
20061230,0000,811
20061231,0000,997
20070101,0000,899
20070102,0000,777
20070103,0000,917
20070104,0000,1052
20070105,0000,1271
20070106,0000,1115
20070107,0000,1068
20070108,0000,730
20070109,0000,655
20070110,0000,612
20070111,0000,m

