Title: "PNF.csv"

5427,PST,'RESERVOIR STORAGE (af)'
19511201,0000,2700
19520101,0000,2950
19520201,0000,2840
19520301,0000,2800
19520401,0000,2860
19520501,0000,92800
19520601,0000,98300
19520701,0000,280
19520801,0000,20
19520901,0000,m
19521001,0000,m
19521101,0000,m
19521201,0000,m
19530101,0000,m
19530201,0000,m
19530301,0000,m
19530401,0000,208
19530501,0000,31
19530601,0000,33
19530701,0000,16
19530801,0000,m
19530901,0000,m
19531001,0000,0
19531101,0000,0
19531201,0000,0
19540101,0000,0
19540201,0000,30866
19540301,0000,58698
19540401,0000,153831
19540501,0000,422688
19540601,0000,358663
19540701,0000,172195
19540801,0000,74867
19540901,0000,63095
19541001,0000,66344
19541101,0000,81249
19541201,0000,103801
19550101,0000,139253
19550201,0000,174352
19550301,0000,157649
19550401,0000,187902
19550501,0000,361186
19550601,0000,379061
19550701,0000,233610
19550801,0000,119426
19550901,0000,69608
19551001,0000,72229
19551101,0000,83928
19551201,0000,477300
19560101,0000,674257
19560201,0000,552048
19560301,0000,429581
19560401,0000,538076
19560501,0000,828041
19560601,0000,937432
19560701,0000,730789
19560801,0000,476544
19560901,0000,405789
19561001,0000,424490
19561101,0000,439704
19561201,0000,448988
19570101,0000,447223
19570201,0000,483930
19570301,0000,468917
19570401,0000,518650
19570501,0000,736999
19570601,0000,868085
19570701,0000,565912
19570801,0000,363926
19570901,0000,291755
19571001,0000,294773
19571101,0000,316310
19571201,0000,348765
19580101,0000,375490
19580201,0000,453416
19580301,0000,588118
19580401,0000,750876
19580501,0000,921209
19580601,0000,996820
19580701,0000,835848
19580801,0000,621450
19580901,0000,585553
19581001,0000,596871
19581101,0000,606639
19581201,0000,614180
19590101,0000,625333
19590201,0000,663463
19590301,0000,637839
19590401,0000,687726
19590501,0000,655474
19590601,0000,490018
19590701,0000,420879
19590801,0000,354076
19590901,0000,310418
19591001,0000,316632
19591101,0000,321036
19591201,0000,321552
19600101,0000,328369
19600201,0000,362410
19600301,0000,384792
19600401,0000,417616
19600501,0000,486850
19600601,0000,371405
19600701,0000,288783
19600801,0000,239425
19600901,0000,231835
19601001,0000,237156
19601101,0000,255738
19601201,0000,271901
19610101,0000,278998
19610201,0000,290558
19610301,0000,294928
19610401,0000,342862
19610501,0000,398352
19610601,0000,360661
19610701,0000,202697
19610801,0000,142547
19610901,0000,110185
19611001,0000,113936
19611101,0000,126847
19611201,0000,151902
19620101,0000,166249
19620201,0000,307698
19620301,0000,354619
19620401,0000,526459
19620501,0000,591174
19620601,0000,646883
19620701,0000,467505
19620801,0000,321552
19620901,0000,247397
19621001,0000,265217
19621101,0000,285797
19621201,0000,287866
19630101,0000,346311
19630201,0000,513202
19630301,0000,523254
19630401,0000,657538
19630501,0000,859460
19630601,0000,923190
19630701,0000,770775
19630801,0000,526877
19630901,0000,467191
19631001,0000,511886
19631101,0000,589845
19631201,0000,630559
19640101,0000,616447
19640201,0000,604480
19640301,0000,544423
19640401,0000,621633
19640501,0000,692874
19640601,0000,537276
19640701,0000,336351
19640801,0000,261194
19640901,0000,191863
19641001,0000,210790
19641101,0000,253790
19641201,0000,388525
19650101,0000,509421
19650201,0000,536812
19650301,0000,503007
19650401,0000,623596
19650501,0000,694226
19650601,0000,705948
19650701,0000,557580
19650801,0000,455195
19650901,0000,419319
19651001,0000,457711
19651101,0000,523462
19651201,0000,577503
19660101,0000,609341
19660201,0000,620903
19660301,0000,528504
19660401,0000,608304
19660501,0000,686240
19660601,0000,504351
19660701,0000,321647
19660801,0000,270242
19660901,0000,211228
19661001,0000,229955
19661101,0000,273234
19661201,0000,559429
19670101,0000,646787
19670201,0000,705851
19670301,0000,780375
19670401,0000,845798
19670501,0000,844935
19670601,0000,957641
19670701,0000,963098
19670801,0000,742792
19670901,0000,666012
19671001,0000,650002
19671101,0000,692778
19671201,0000,699589
19680101,0000,680450
19680201,0000,707019
19680301,0000,655708
19680401,0000,670033
19680501,0000,739143
19680601,0000,558137
19680701,0000,378470
19680801,0000,349236
19680901,0000,306592
19681001,0000,342094
19681101,0000,380336
19681201,0000,420877
19690101,0000,783212
19690201,0000,818947
19690301,0000,664595
19690401,0000,581190
19690501,0000,926143
19690601,0000,951799
19690701,0000,968689
19690801,0000,819477
19690901,0000,712531
19691001,0000,666862
19691101,0000,668849
19691201,0000,690179
19700101,0000,722637
19700201,0000,769496
19700301,0000,803555
19700401,0000,814185
19700501,0000,923135
19700601,0000,829320
19700701,0000,616309
19700801,0000,522131
19700901,0000,498940
19701001,0000,514148
19701101,0000,541031
19701201,0000,603716
19710101,0000,653927
19710201,0000,700704
19710301,0000,670507
19710401,0000,720669
19710501,0000,812496
19710601,0000,748259
19710701,0000,550380
19710801,0000,403095
19710901,0000,368797
19711001,0000,385216
19711101,0000,400774
19711201,0000,426992
19720101,0000,453917
19720201,0000,452450
19720301,0000,430180
19720401,0000,488812
19720501,0000,573872
19720601,0000,487168
19720701,0000,250709
19720801,0000,199149
19720901,0000,209828
19721001,0000,243378
19721101,0000,285613
19721201,0000,325729
19730101,0000,393027
19730201,0000,484487
19730301,0000,583700
19730401,0000,558008
19730501,0000,839820
19730601,0000,947130
19730701,0000,688497
19730801,0000,489776
19730901,0000,425683
19731001,0000,452566
19731101,0000,509094
19731201,0000,543149
19740101,0000,654302
19740201,0000,690805
19740301,0000,782128
19740401,0000,816299
19740501,0000,970266
19740601,0000,974168
19740701,0000,721603
19740801,0000,527919
19740901,0000,465779
19741001,0000,464253
19741101,0000,480102
19741201,0000,490580
19750101,0000,503372
19750201,0000,558051
19750301,0000,586524
19750401,0000,571778
19750501,0000,772566
19750601,0000,824523
19750701,0000,606682
19750801,0000,426281
19750901,0000,354380
19751001,0000,406849
19751101,0000,456433
19751201,0000,475725
19760101,0000,480732
19760201,0000,503147
19760301,0000,516576
19760401,0000,546956
19760501,0000,577358
19760601,0000,423138
19760701,0000,259975
19760801,0000,195398
19760901,0000,207654
19761001,0000,230276
19761101,0000,246150
19761201,0000,253369
19770101,0000,266291
19770201,0000,275660
19770301,0000,291954
19770401,0000,338592
19770501,0000,390068
19770601,0000,341790
19770701,0000,126459
19770801,0000,67176
19770901,0000,67889
19771001,0000,79589
19771101,0000,93509
19771201,0000,152664
19780101,0000,309692
19780201,0000,507767
19780301,0000,545467
19780401,0000,488132
19780501,0000,606007
19780601,0000,884480
19780701,0000,876809
19780801,0000,652163
19780901,0000,m
19781001,0000,648622
19781101,0000,645136
19781201,0000,658623
19790101,0000,711032
19790201,0000,788903
19790301,0000,856797
19790401,0000,841563
19790501,0000,984639
19790601,0000,887248
19790701,0000,654501
19790801,0000,524254
19790901,0000,484045
19791001,0000,508341
19791101,0000,533628
19791201,0000,562915
19800101,0000,750237
19800201,0000,873345
19800301,0000,683025
19800401,0000,625844
19800501,0000,741853
19800601,0000,967158
19800701,0000,934989
19800801,0000,735711
19800901,0000,683552
19801001,0000,689069
19801101,0000,722575
19801201,0000,737555
19810101,0000,745260
19810201,0000,768592
19810301,0000,782081
19810401,0000,882765
19810501,0000,936990
19810601,0000,714950
19810701,0000,462115
19810801,0000,307886
19810901,0000,327914
19811001,0000,348873
19811101,0000,400840
19811201,0000,450479
19820101,0000,548447
19820201,0000,632853
19820301,0000,782081
19820401,0000,926607
19820501,0000,929225
19820601,0000,983871
19820701,0000,890022
19820801,0000,677345
19820901,0000,743657
19821001,0000,736908
19821101,0000,697751
19821201,0000,644672
19830101,0000,646018
19830201,0000,664597
19830301,0000,764921
19830401,0000,554691
19830501,0000,594523
19830601,0000,915895
19830701,0000,979163
19830801,0000,925412
19830901,0000,864638
19831001,0000,771658
19831101,0000,739553
19831201,0000,763140
19840101,0000,674490
19840201,0000,735861
19840301,0000,743105
19840401,0000,784455
19840501,0000,945141
19840601,0000,882599
19840701,0000,676107
19840801,0000,536786
19840901,0000,514428
19841001,0000,515171
19841101,0000,556665
19841201,0000,593278
19850101,0000,622834
19850201,0000,614797
19850301,0000,594834
19850401,0000,719519
19850501,0000,837001
19850601,0000,664786
19850701,0000,333000
19850801,0000,192082
19850901,0000,220171
19851001,0000,263254
19851101,0000,304545
19851201,0000,368425
19860101,0000,458142
19860201,0000,805157
19860301,0000,835395
19860401,0000,745160
19860501,0000,883593
19860601,0000,996415
19860701,0000,846730
19860801,0000,627946
19860901,0000,561057
19861001,0000,533300
19861101,0000,563800
19861201,0000,590400
19870101,0000,612800
19870201,0000,633400
19870301,0000,611700
19870401,0000,740500
19870501,0000,784800
19870601,0000,500621
19870701,0000,175855
19870801,0000,108292
19870901,0000,125453
19871001,0000,147988
19871101,0000,165486
19871201,0000,194083
19880101,0000,260554
19880201,0000,281961
19880301,0000,240676
19880401,0000,294388
19880501,0000,411176
19880601,0000,300100
19880701,0000,67789
19880801,0000,49037
19880901,0000,62744
19881001,0000,66679
19881101,0000,81229
19881201,0000,102131
19890101,0000,120195
19890201,0000,147580
19890301,0000,166536
19890401,0000,297298
19890501,0000,382558
19890601,0000,185878
19890701,0000,35844
19890801,0000,32761
19890901,0000,36928
19891001,0000,48231
19891101,0000,58085
19891201,0000,67276
19900101,0000,80352
19900201,0000,98938
19900301,0000,105737
19900401,0000,211731
19900501,0000,306003
19900601,0000,204870
19900701,0000,57296
19900801,0000,29050
19900901,0000,29547
19901001,0000,34535
19901101,0000,38337
19901201,0000,42304
19910101,0000,44479
19910201,0000,46406
19910301,0000,171835
19910401,0000,234883
19910501,0000,362236
19910601,0000,347559
19910701,0000,113293
19910801,0000,36029
19910901,0000,42427
19911001,0000,59052
19911101,0000,86012
19911201,0000,87295
19920101,0000,110769
19920201,0000,163330
19920301,0000,208605
19920401,0000,268757
19920501,0000,357024
19920601,0000,163059
19920701,0000,56721
19920801,0000,33548
19920901,0000,31180
19921001,0000,39447
19921101,0000,53108
19921201,0000,76970
19930101,0000,236861
19930201,0000,349887
19930301,0000,514098
19930401,0000,587696
19930501,0000,822873
19930601,0000,925130
19930701,0000,750540
19930801,0000,536322
19930901,0000,428303
19931001,0000,336965
19931101,0000,358940
19931201,0000,388603
19940101,0000,410881
19940201,0000,439947
19940301,0000,476518
19940401,0000,547127
19940501,0000,657732
19940601,0000,466852
19940701,0000,184911
19940801,0000,92441
19940901,0000,102893
19941001,0000,137373
19941101,0000,161751
19941201,0000,205196
19950101,0000,367731
19950201,0000,473627
19950301,0000,802278
19950401,0000,695817
19950501,0000,611905
19950601,0000,900163
19950701,0000,924846
19950801,0000,726527
19950901,0000,637779
19951001,0000,541732
19951101,0000,563390
19951201,0000,594389
19960101,0000,636718
19960201,0000,797684
19960301,0000,837216
19960401,0000,854899
19960501,0000,915501
19960601,0000,896199
19960701,0000,637917
19960801,0000,406411
19960901,0000,335773
19961001,0000,350428
19961101,0000,438539
19961201,0000,626026
19970101,0000,898039
19970201,0000,741253
19970301,0000,679013
19970401,0000,761007
19970501,0000,897704
19970601,0000,865129
19970701,0000,630007
19970801,0000,432405
19970901,0000,390641
19971001,0000,429129
19971101,0000,464578
19971201,0000,501028
19980101,0000,573991
19980201,0000,750187
19980301,0000,789679
19980401,0000,766806
19980501,0000,688780
19980601,0000,938996
19980701,0000,975523
19980801,0000,789886
19980901,0000,705421
19981001,0000,677916
19981101,0000,672732
19981201,0000,639071
19990101,0000,663371
19990201,0000,728606
19990301,0000,732030
19990401,0000,782751
19990501,0000,888079
19990601,0000,798465
19990701,0000,538643
19990801,0000,395453
19990901,0000,367384
19991001,0000,389424
19991101,0000,396968
19991201,0000,402729
20000101,0000,434709
20000201,0000,540165
20000301,0000,644764
20000401,0000,759485
20000501,0000,954375
20000601,0000,866823
20000701,0000,566074
20000801,0000,390319
20000901,0000,360483
20001001,0000,343194
20001101,0000,378110
20001201,0000,408826
20010101,0000,425117
20010201,0000,454650
20010301,0000,517113
20010401,0000,637179
20010501,0000,855169
20010601,0000,619285
20010701,0000,366240
20010801,0000,278142
20010901,0000,276048
20011001,0000,286752
20011101,0000,314883
20011201,0000,359625
20020101,0000,417338
20020201,0000,446058
20020301,0000,459191
20020401,0000,549898
20020501,0000,616789
20020601,0000,465166
20020701,0000,200555
20020801,0000,121818
20020901,0000,133296
20021001,0000,143684
20021101,0000,217374
20021201,0000,261655
20030101,0000,305142
20030201,0000,365549
20030301,0000,441279
20030401,0000,523629
20030501,0000,743907
20030601,0000,669557
20030701,0000,368043
20030801,0000,232560
20030901,0000,181929
20031001,0000,153320
20031101,0000,170884
20031201,0000,210540
20040101,0000,265559
20040201,0000,319830
20040301,0000,433764
20040401,0000,508300
20040501,0000,612582
20040601,0000,408020
20040701,0000,178997
20040801,0000,115564
20040901,0000,114961
20041001,0000,130406
20041101,0000,160965
20041201,0000,203618
20050101,0000,341489
20050201,0000,435277
20050301,0000,568026
20050401,0000,661770
20050501,0000,880390
20050601,0000,981516
20050701,0000,837965
20050801,0000,611949
20050901,0000,517030
20051001,0000,451172
20051101,0000,459542
20051201,0000,521383
20060101,0000,653798
20060201,0000,719421
20060301,0000,843444
20060401,0000,888856
20060501,0000,919004
20060601,0000,987117
20060701,0000,833148
20060801,0000,589199
20060901,0000,465361
20061001,0000,410330
20061101,0000,434823
20061201,0000,467951
20070101,0000,m

