Date,PST,Inflow
19940101,0000,m
19940102,0000,337
19940103,0000,294
19940104,0000,168
19940105,0000,315
19940106,0000,358
19940107,0000,279
19940108,0000,55
19940109,0000,327
19940110,0000,319
19940111,0000,249
19940112,0000,247
19940113,0000,292
19940114,0000,294
19940115,0000,235
19940116,0000,303
19940117,0000,308
19940118,0000,268
19940119,0000,300
19940120,0000,270
19940121,0000,300
19940122,0000,270
19940123,0000,439
19940124,0000,397
19940125,0000,253
19940126,0000,346
19940127,0000,293
19940128,0000,333
19940129,0000,229
19940130,0000,312
19940131,0000,371
19941030,0000,201
19941031,0000,201
19941101,0000,150
19941102,0000,150
19941103,0000,172
19941104,0000,167
19941105,0000,167
19941106,0000,182
19941107,0000,218
19941108,0000,218
19941109,0000,211
19941110,0000,219
19941111,0000,230
19941112,0000,189
19941113,0000,119
19941114,0000,232
19941115,0000,220
19941116,0000,146
19941117,0000,117
19941118,0000,232
19941119,0000,287
19941120,0000,207
19941121,0000,164
19941122,0000,227
19941123,0000,259
19941124,0000,191
19941125,0000,188
19941126,0000,188
19941127,0000,376
19941128,0000,132
19941129,0000,308
19941130,0000,233
19941201,0000,216
19941202,0000,216
19941203,0000,266
19941204,0000,231
19941205,0000,253
19941206,0000,214
19941207,0000,221
19941208,0000,230
19941209,0000,258
19941210,0000,187
19941211,0000,166
19941212,0000,234
19941213,0000,m
19941214,0000,m
19941215,0000,215
19941216,0000,215
19941217,0000,231
19941218,0000,173
19941219,0000,173
19941220,0000,241
19941221,0000,241
19941222,0000,240
19941223,0000,225
19941224,0000,218
19941225,0000,233
19941226,0000,275
19941227,0000,252
19941228,0000,234
19941229,0000,212
19941230,0000,231
19941231,0000,255
19950101,0000,m
19950102,0000,239
19950103,0000,239
19950104,0000,531
19950105,0000,m
19950106,0000,252
19950107,0000,252
19950108,0000,434
19950109,0000,370
19950110,0000,1132
19950111,0000,1132
19950112,0000,1538
19950113,0000,1338
19950114,0000,1120
19950115,0000,962
19950116,0000,1551
19950117,0000,755
19950118,0000,755
19950119,0000,588
19950120,0000,579
19950121,0000,485
19950122,0000,493
19950123,0000,493
19950124,0000,579
19950125,0000,631
19950126,0000,688
19950127,0000,809
19950128,0000,723
19950129,0000,666
19950130,0000,593
19950131,0000,593
19950201,0000,599
19950202,0000,795
19950203,0000,795
19950204,0000,743
19950205,0000,712
19950206,0000,687
19950207,0000,671
19950208,0000,671
19950209,0000,762
19950210,0000,653
19950211,0000,653
19950212,0000,517
19950213,0000,607
19950214,0000,1630
19950215,0000,1630
19950216,0000,932
19950217,0000,932
19950218,0000,817
19950219,0000,758
19950220,0000,761
19950221,0000,799
19950222,0000,865
19950223,0000,857
19950224,0000,916
19950225,0000,927
19950226,0000,928
19950227,0000,922
19950228,0000,922
19950301,0000,911
19950302,0000,898
19950303,0000,905
19950304,0000,1128
19950305,0000,1128
19950306,0000,1784
19950307,0000,2279
19950308,0000,1607
19950309,0000,1378
19950310,0000,1311
19950311,0000,4566
19950312,0000,7347
19950313,0000,4784
19950314,0000,3410
19950315,0000,2963
19950316,0000,2887
19950317,0000,2418
19950318,0000,2418
19950319,0000,2146
19950320,0000,2499
19950321,0000,2529
19950322,0000,2742
19950323,0000,2742
19950324,0000,2622
19950325,0000,2245
19950326,0000,2109
19950327,0000,1956
19950328,0000,1920
19950329,0000,1819
19950330,0000,1819
19950331,0000,1706
19950401,0000,1691
19950402,0000,1747
19950403,0000,1747
19950404,0000,1913
19950405,0000,1913
19950406,0000,m
19950407,0000,2328
19950408,0000,2364
19950409,0000,2609
19950410,0000,m
19950411,0000,2363
19950412,0000,m
19950413,0000,m
19950414,0000,2721
19950415,0000,2431
19950416,0000,2120
19950417,0000,2149
19950418,0000,1861
19950419,0000,1909
19950420,0000,1778
19950421,0000,1770
19950422,0000,1683
19950423,0000,1678
19950424,0000,1798
19950425,0000,m
19950426,0000,2394
19950427,0000,2684
19950428,0000,2923
19950429,0000,m
19950430,0000,5264
19950501,0000,6141
19950502,0000,5760
19950503,0000,5099
19950504,0000,4651
19950505,0000,4439
19950506,0000,3996
19950507,0000,3500
19950508,0000,3374
19950509,0000,3250
19950510,0000,3385
19950511,0000,3618
19950512,0000,3835
19950513,0000,3901
19950514,0000,3618
19950515,0000,3440
19950516,0000,3205
19950517,0000,2955
19950518,0000,2996
19950519,0000,3229
19950520,0000,3613
19950521,0000,3911
19950522,0000,4182
19950523,0000,4280
19950524,0000,4253
19950525,0000,4069
19950526,0000,3802
19950527,0000,m
19950528,0000,4001
19950529,0000,4105
19950530,0000,4293
19950531,0000,4688
19950601,0000,m
19950602,0000,4784
19950603,0000,4938
19950604,0000,5070
19950605,0000,5645
19950606,0000,5389
19950607,0000,4884
19950608,0000,4305
19950609,0000,3895
19950610,0000,3883
19950611,0000,4405
19950612,0000,5047
19950613,0000,5536
19950614,0000,5358
19950615,0000,4929
19950616,0000,4675
19950617,0000,4191
19950618,0000,3798
19950619,0000,3528
19950620,0000,3467
19950621,0000,3597
19950622,0000,3631
19950623,0000,4197
19950624,0000,4802
19950625,0000,5265
19950626,0000,m
19950627,0000,5436
19950628,0000,5565
19950629,0000,5720
19950630,0000,5668
19950701,0000,5403
19950702,0000,5183
19950703,0000,m
19950704,0000,5170
19950705,0000,5168
19950706,0000,m
19950707,0000,5075
19950708,0000,4855
19950709,0000,5283
19950710,0000,m
19950711,0000,m
19950712,0000,3512
19950713,0000,3076
19950714,0000,3156
19950715,0000,m
19950716,0000,3342
19950717,0000,3668
19950718,0000,4464
19950719,0000,m
19950720,0000,2998
19950721,0000,3142
19950722,0000,2933
19950723,0000,2599
19950724,0000,2509
19950725,0000,2401
19950726,0000,2268
19950727,0000,2245
19950728,0000,2503
19950729,0000,2641
19950730,0000,2534
19950731,0000,2353
19950801,0000,2322
19950802,0000,2034
19950803,0000,1916
19950804,0000,1962
19950805,0000,2058
19950806,0000,1818
19950807,0000,1547
19950808,0000,1622
19950809,0000,1450
19950810,0000,1299
19950811,0000,m
19950812,0000,m
19950813,0000,1065
19950814,0000,1221
19950815,0000,952
19950816,0000,m
19950817,0000,m
19950818,0000,m
19950819,0000,1035
19950820,0000,1009
19950821,0000,1088
19950822,0000,m
19950823,0000,m
19950824,0000,m
19950825,0000,m
19950826,0000,m
19950827,0000,m
19950828,0000,827
19950829,0000,m
19950830,0000,779
19950831,0000,808
19950901,0000,m
19950902,0000,799
19950903,0000,908
19950904,0000,956
19950905,0000,908
19950906,0000,816
19950907,0000,748
19950908,0000,m
19950909,0000,m
19950910,0000,624
19950911,0000,659
19950912,0000,632
19950913,0000,576
19950914,0000,606
19950915,0000,m
19950916,0000,m
19950917,0000,m
19950918,0000,575
19950919,0000,510
19950920,0000,m
19950921,0000,542
19950922,0000,m
19950923,0000,m
19950924,0000,580
19950925,0000,m
19950926,0000,470
19950927,0000,467
19950928,0000,273
19950929,0000,m
19950930,0000,m
19951001,0000,469
19951002,0000,m
19951003,0000,269
19951004,0000,589
19951005,0000,382
19951006,0000,337
19951007,0000,364
19951008,0000,m
19951009,0000,396
19951010,0000,m
19951011,0000,296
19951012,0000,297
19951013,0000,400
19951014,0000,335
19951015,0000,165
19951016,0000,436
19951017,0000,359
19951018,0000,346
19951019,0000,m
19951020,0000,301
19951021,0000,m
19951022,0000,m
19951023,0000,386
19951024,0000,m
19951025,0000,379
19951026,0000,m
19951027,0000,405
19951028,0000,392
19951029,0000,333
19951030,0000,277
19951031,0000,430
19951101,0000,352
19951102,0000,386
19951103,0000,265
19951104,0000,391
19951105,0000,268
19951106,0000,334
19951107,0000,398
19951108,0000,274
19951109,0000,208
19951110,0000,564
19951111,0000,338
19951112,0000,419
19951113,0000,m
19951114,0000,372
19951115,0000,m
19951116,0000,409
19951117,0000,325
19951118,0000,348
19951119,0000,399
19951120,0000,327
19951121,0000,m
19951122,0000,399
19951123,0000,301
19951124,0000,m
19951125,0000,195
19951126,0000,417
19951127,0000,323
19951128,0000,384
19951129,0000,309
19951130,0000,324
19951201,0000,230
19951202,0000,m
19951203,0000,286
19951204,0000,282
19951205,0000,m
19951206,0000,m
19951207,0000,235
19951208,0000,345
19951209,0000,m
19951210,0000,300
19951211,0000,269
19951212,0000,700
19951213,0000,1122
19951214,0000,m
19951215,0000,493
19951216,0000,478
19951217,0000,470
19951218,0000,m
19951219,0000,m
19951220,0000,m
19951221,0000,438
19951222,0000,426
19951223,0000,m
19951224,0000,475
19951225,0000,354
19951226,0000,353
19951227,0000,m
19951228,0000,282
19951229,0000,m
19951230,0000,357
19951231,0000,501
19960101,0000,470
19960102,0000,m
19960103,0000,371
19960104,0000,m
19960105,0000,440
19960106,0000,m
19960107,0000,392
19960108,0000,m
19960109,0000,365
19960110,0000,402
19960111,0000,406
19960112,0000,m
19960113,0000,m
19960114,0000,m
19960115,0000,m
19960116,0000,m
19960117,0000,1722
19960118,0000,761
19960119,0000,m
19960120,0000,m
19960121,0000,608
19960122,0000,588
19960123,0000,324
19960124,0000,615
19960125,0000,742
19960126,0000,656
19960127,0000,m
19960128,0000,814
19960129,0000,656
19960130,0000,589
19960131,0000,649
19960201,0000,727
19960204,0000,651
19960205,0000,1823
19960206,0000,1599
19960207,0000,1206
19960210,0000,950
19960211,0000,957
19960212,0000,930
19960214,0000,837
19960216,0000,869
19960220,0000,7749
19960222,0000,2966
19960223,0000,1979
19960224,0000,1783
19960225,0000,1529
19960227,0000,1324
19960229,0000,1132
19960303,0000,1116
19960304,0000,1352
19960305,0000,2138
19960306,0000,1690
19960307,0000,1524
19960308,0000,1437
19960309,0000,1437
19960311,0000,1449
19960312,0000,1775
19960313,0000,1797
19960314,0000,1495
19960316,0000,1391
19960317,0000,1486
19960319,0000,1800
19960320,0000,1952
19960321,0000,1987
19960322,0000,2038
19960324,0000,1601
19960325,0000,1941
19960326,0000,1617
19960327,0000,1678
19960328,0000,1790
19960330,0000,1653
19960331,0000,1601
19960401,0000,1695
19960402,0000,2380
19960403,0000,1985
19960404,0000,m
19960405,0000,m
19960406,0000,m
19960407,0000,m
19960408,0000,1992
19960409,0000,2333
19960410,0000,2149
19960411,0000,2186
19960412,0000,2385
19960413,0000,2162
19960414,0000,2187
19960415,0000,2199
19960416,0000,m
19960417,0000,2794
19960418,0000,2662
19960419,0000,2162
19960420,0000,2267
19960421,0000,2024
19960422,0000,1941
19960423,0000,2004
19960424,0000,m
19960425,0000,m
19960426,0000,3074
19960427,0000,m
19960428,0000,3852
19960429,0000,3807
19960430,0000,m
19960501,0000,m
19960502,0000,4492
19960503,0000,4392
19960504,0000,m
19960505,0000,4064
19960506,0000,m
19960507,0000,3964
19960508,0000,3829
19960509,0000,3721
19960510,0000,3623
19960511,0000,3974
19960512,0000,4037
19960513,0000,4131
19960514,0000,4414
19960515,0000,4550
19960516,0000,4679
19960517,0000,m
19960518,0000,3787
19960519,0000,3717
19960520,0000,3295
19960521,0000,3087
19960522,0000,2963
19960523,0000,2839
19960524,0000,2790
19960525,0000,m
19960526,0000,2337
19960527,0000,2392
19960528,0000,2358
19960529,0000,m
19960530,0000,2462
19960531,0000,2388
19960601,0000,2708
19960602,0000,2879
19960603,0000,m
19960604,0000,m
19960605,0000,3794
19960606,0000,3952
19960607,0000,3977
19960608,0000,3993
19960609,0000,3796
19960610,0000,3614
19960611,0000,3074
19960612,0000,m
19960613,0000,2696
19960614,0000,m
19960615,0000,m
19960616,0000,2480
19960617,0000,2224
19960618,0000,2214
19960619,0000,1981
19960620,0000,m
19960621,0000,2007
19960622,0000,m
19960623,0000,1645
19960624,0000,1675
19960625,0000,1680
19960626,0000,m
19960627,0000,m
19960628,0000,1321
19960629,0000,1220
19960630,0000,1207
19960701,0000,m
19960702,0000,1410
19960703,0000,1348
19960704,0000,1522
19960705,0000,1472
19960706,0000,1444
19960707,0000,m
19960708,0000,1394
19960709,0000,1377
19960710,0000,1285
19960711,0000,1160
19960712,0000,m
19960713,0000,1300
19960714,0000,m
19960715,0000,1327
19960716,0000,1003
19960717,0000,1045
19960718,0000,945
19960719,0000,942
19960720,0000,887
19960721,0000,787
19960722,0000,808
19960723,0000,m
19960724,0000,m
19960725,0000,m
19960726,0000,858
19960727,0000,839
19960728,0000,775
19960729,0000,843
19960730,0000,812
19960731,0000,m
19960801,0000,744
19960802,0000,594
19960803,0000,618
19960804,0000,m
19960805,0000,606
19960806,0000,461
19960807,0000,603
19960808,0000,m
19960809,0000,m
19960810,0000,m
19960811,0000,m
19960812,0000,m
19960813,0000,m
19960814,0000,m
19960815,0000,m
19960816,0000,m
19960817,0000,m
19960818,0000,m
19960819,0000,m
19960820,0000,m
19960821,0000,m
19960822,0000,398
19960823,0000,433
19960824,0000,476
19960825,0000,426
19960826,0000,411
19960827,0000,394
19960828,0000,360
19960829,0000,404
19960830,0000,412
19960831,0000,393
19960901,0000,322
19960902,0000,376
19960903,0000,296
19960904,0000,303
19960905,0000,307
19960906,0000,327
19960907,0000,330
19960908,0000,301
19960909,0000,316
19960910,0000,323
19960911,0000,299
19960912,0000,257
19960913,0000,173
19960914,0000,299
19960915,0000,116
19960916,0000,292
19960917,0000,171
19960918,0000,357
19960919,0000,222
19960920,0000,305
19960921,0000,213
19960922,0000,289
19960923,0000,246
19960924,0000,208
19960925,0000,242
19960926,0000,210
19960927,0000,272
19960928,0000,231
19960929,0000,248
19960930,0000,256
19961001,0000,225
19961002,0000,240
19961003,0000,234
19961004,0000,265
19961005,0000,265
19961006,0000,242
19961007,0000,249
19961008,0000,261
19961009,0000,286
19961010,0000,m
19961011,0000,230
19961012,0000,245
19961013,0000,194
19961014,0000,252
19961015,0000,229
19961016,0000,176
19961017,0000,315
19961018,0000,172
19961019,0000,175
19961020,0000,218
19961021,0000,309
19961022,0000,179
19961023,0000,256
19961024,0000,168
19961025,0000,248
19961026,0000,209
19961027,0000,263
19961028,0000,235
19961029,0000,279
19961030,0000,269
19961031,0000,378
19961101,0000,287
19961102,0000,289
19961103,0000,240
19961104,0000,249
19961105,0000,344
19961106,0000,225
19961107,0000,m
19961108,0000,293
19961109,0000,321
19961110,0000,278
19961111,0000,320
19961112,0000,310
19961113,0000,230
19961114,0000,254
19961115,0000,275
19961116,0000,291
19961117,0000,837
19961118,0000,m
19961119,0000,663
19961120,0000,613
19961121,0000,1126
19961122,0000,3492
19961123,0000,1758
19961124,0000,1126
19961125,0000,907
19961126,0000,m
19961127,0000,682
19961128,0000,602
19961129,0000,799
19961130,0000,566
19961201,0000,545
19961202,0000,745
19961203,0000,537
19961204,0000,414
19961205,0000,554
19961206,0000,695
19961207,0000,592
19961208,0000,577
19961209,0000,829
19961210,0000,1479
19961211,0000,5603
19961212,0000,3133
19961213,0000,2170
19961214,0000,1611
19961215,0000,1378
19961216,0000,1158
19961217,0000,1015
19961218,0000,1011
19961219,0000,893
19961220,0000,836
19961221,0000,934
19961222,0000,1522
19961223,0000,1197
19961224,0000,937
19961225,0000,982
19961226,0000,893
19961227,0000,2003
19961228,0000,1867
19961229,0000,1290
19961230,0000,1525
19961231,0000,1801
19970101,0000,2050
19970102,0000,8176
19970103,0000,18780
19970104,0000,8731
19970105,0000,5643
19970106,0000,4171
19970107,0000,3449
19970108,0000,2999
19970109,0000,2703
19970110,0000,2479
19970111,0000,1980
19970112,0000,2512
19970113,0000,2142
19970114,0000,1824
19970115,0000,2297
19970116,0000,1900
19970117,0000,1863
19970118,0000,1814
19970119,0000,1730
19970120,0000,1971
19970121,0000,1807
19970122,0000,2287
19970123,0000,3587
19970124,0000,2969
19970125,0000,4625
19970126,0000,6053
19970127,0000,4363
19970128,0000,3523
19970129,0000,2963
19970130,0000,2831
19970131,0000,2657
19970201,0000,2581
19970202,0000,2532
19970203,0000,2283
19970204,0000,2142
19970205,0000,2121
19970206,0000,2069
19970207,0000,1924
19970208,0000,1868
19970209,0000,1822
19970210,0000,1679
19970211,0000,1639
19970212,0000,1547
19970213,0000,1607
19970214,0000,1600
19970215,0000,1580
19970216,0000,1458
19970217,0000,1584
19970218,0000,1589
19970219,0000,1194
19970220,0000,1609
19970221,0000,1404
19970222,0000,1595
19970223,0000,1406
19970224,0000,1422
19970225,0000,1293
19970226,0000,1325
19970227,0000,1471
19970228,0000,1454
19970301,0000,1300
19970302,0000,1160
19970303,0000,1248
19970304,0000,1346
19970305,0000,1335
19970306,0000,1295
19970307,0000,1269
19970308,0000,1356
19970309,0000,1318
19970310,0000,1484
19970311,0000,1463
19970312,0000,1643
19970313,0000,1632
19970314,0000,1746
19970315,0000,1673
19970316,0000,1730
19970317,0000,1799
19970318,0000,1780
19970319,0000,1761
19970320,0000,1969
19970321,0000,2078
19970322,0000,2053
19970323,0000,2243
19970324,0000,2209
19970325,0000,2350
19970326,0000,2378
19970327,0000,2631
19970328,0000,2810
19970329,0000,2765
19970330,0000,2607
19970331,0000,2523
19970401,0000,2655
19970402,0000,2287
19970403,0000,2264
19970404,0000,2068
19970405,0000,2248
19970406,0000,1992
19970407,0000,2013
19970408,0000,1932
19970409,0000,1844
19970410,0000,1844
19970411,0000,1950
19970412,0000,1787
19970413,0000,1773
19970414,0000,1842
19970415,0000,1906
19970416,0000,1920
19970417,0000,2118
19970418,0000,2276
19970419,0000,2307
19970420,0000,2524
19970421,0000,2862
19970422,0000,2999
19970423,0000,2999
19970424,0000,3132
19970425,0000,3049
19970426,0000,2789
19970427,0000,2827
19970428,0000,3105
19970429,0000,3037
19970430,0000,3272
19970501,0000,2973
19970502,0000,3392
19970503,0000,3099
19970504,0000,3099
19970505,0000,3099
19970506,0000,3122
19970507,0000,3275
19970508,0000,3304
19970509,0000,3429
19970510,0000,3552
19970511,0000,3380
19970512,0000,3429
19970513,0000,3519
19970514,0000,3730
19970515,0000,3837
19970516,0000,4167
19970517,0000,4461
19970518,0000,4320
19970519,0000,4099
19970520,0000,3739
19970521,0000,3360
19970522,0000,3269
19970523,0000,3220
19970524,0000,3298
19970525,0000,3312
19970526,0000,2788
19970527,0000,2542
19970528,0000,2804
19970529,0000,2885
19970530,0000,3538
19970531,0000,3640
19970601,0000,4075
19970602,0000,3797
19970603,0000,3590
19970604,0000,3342
19970605,0000,3028
19970606,0000,2881
19970607,0000,2649
19970608,0000,2491
19970609,0000,2637
19970610,0000,2649
19970611,0000,2427
19970612,0000,2157
19970613,0000,2033
19970614,0000,2340
19970615,0000,2088
19970616,0000,2067
19970617,0000,1836
19970618,0000,1988
19970619,0000,2133
19970620,0000,2448
19970621,0000,2528
19970622,0000,2094
19970623,0000,2568
19970624,0000,2032
19970625,0000,1863
19970626,0000,1820
19970627,0000,1801
19970628,0000,1527
19970629,0000,1527
19970630,0000,1527
19970701,0000,1326
19970702,0000,1260
19970703,0000,1271
19970704,0000,1180
19970705,0000,1264
19970706,0000,1222
19970707,0000,1183
19970708,0000,1251
19970709,0000,1226
19970710,0000,1251
19970711,0000,1233
19970712,0000,1223
19970713,0000,1208
19970714,0000,1407
19970715,0000,1236
19970716,0000,1117
19970717,0000,962
19970718,0000,1089
19970719,0000,1088
19970720,0000,1026
19970721,0000,925
19970722,0000,1069
19970723,0000,1259
19970724,0000,1584
19970725,0000,1267
19970726,0000,1088
19970727,0000,950
19970728,0000,1014
19970729,0000,960
19970730,0000,923
19970731,0000,958
19970801,0000,781
19970802,0000,849
19970803,0000,701
19970804,0000,839
19970805,0000,808
19970806,0000,782
19970807,0000,853
19970808,0000,780
19970809,0000,846
19970810,0000,656
19970811,0000,709
19970812,0000,670
19970813,0000,771
19970814,0000,733
19970815,0000,717
19970816,0000,696
19970817,0000,624
19970818,0000,555
19970819,0000,654
19970820,0000,576
19970821,0000,580
19970822,0000,604
19970823,0000,518
19970824,0000,578
19970825,0000,538
19970826,0000,496
19970827,0000,497
19970828,0000,455
19970829,0000,401
19970830,0000,301
19970831,0000,375
19970901,0000,399
19970902,0000,409
19970903,0000,1009
19970904,0000,672
19970905,0000,485
19970906,0000,440
19970907,0000,336
19970908,0000,368
19970909,0000,445
19970910,0000,380
19970911,0000,363
19970912,0000,392
19970913,0000,344
19970914,0000,317
19970915,0000,194
19970916,0000,291
19970917,0000,297
19970918,0000,247
19970919,0000,309
19970920,0000,336
19970921,0000,312
19970922,0000,318
19970923,0000,289
19970924,0000,320
19970925,0000,481
19970926,0000,390
19970927,0000,524
19970928,0000,402
19970929,0000,406
19970930,0000,394
19971001,0000,337
19971002,0000,329
19971003,0000,362
19971004,0000,335
19971005,0000,297
19971006,0000,263
19971007,0000,138
19971008,0000,343
19971009,0000,406
19971010,0000,293
19971011,0000,465
19971012,0000,441
19971013,0000,532
19971014,0000,405
19971015,0000,451
19971016,0000,353
19971017,0000,396
19971018,0000,384
19971019,0000,341
19971020,0000,348
19971021,0000,377
19971022,0000,283
19971023,0000,311
19971024,0000,419
19971025,0000,419
19971026,0000,359
19971027,0000,348
19971028,0000,379
19971029,0000,387
19971030,0000,408
19971031,0000,381
19971101,0000,396
19971102,0000,384
19971103,0000,329
19971104,0000,398
19971105,0000,409
19971106,0000,332
19971107,0000,356
19971108,0000,441
19971109,0000,410
19971110,0000,495
19971111,0000,422
19971112,0000,430
19971113,0000,396
19971114,0000,471
19971115,0000,487
19971116,0000,367
19971117,0000,404
19971118,0000,365
19971119,0000,368
19971120,0000,596
19971121,0000,435
19971122,0000,405
19971123,0000,396
19971124,0000,411
19971125,0000,398
19971126,0000,525
19971127,0000,543
19971128,0000,383
19971129,0000,434
19971130,0000,464
19971201,0000,389
19971202,0000,384
19971203,0000,408
19971204,0000,310
19971205,0000,642
19971206,0000,528
19971207,0000,544
19971208,0000,751
19971209,0000,526
19971210,0000,440
19971211,0000,373
19971212,0000,412
19971213,0000,410
19971214,0000,387
19971215,0000,473
19971216,0000,421
19971217,0000,428
19971218,0000,420
19971219,0000,457
19971220,0000,315
19971221,0000,382
19971222,0000,422
19971223,0000,327
19971224,0000,340
19971225,0000,326
19971226,0000,285
19971227,0000,364
19971228,0000,m
19971229,0000,506
19971230,0000,409
19971231,0000,355
19980101,0000,430
19980102,0000,421
19980103,0000,458
19980104,0000,476
19980105,0000,391
19980106,0000,311
19980107,0000,415
19980108,0000,394
19980109,0000,592
19980110,0000,606
19980111,0000,499
19980112,0000,596
19980113,0000,772
19980114,0000,649
19980115,0000,885
19980116,0000,1612
19980117,0000,1148
19980118,0000,744
19980119,0000,1104
19980120,0000,832
19980121,0000,843
19980122,0000,706
19980123,0000,666
19980124,0000,646
19980125,0000,567
19980126,0000,580
19980127,0000,583
19980128,0000,571
19980129,0000,708
19980130,0000,615
19980131,0000,556
19980201,0000,828
19980202,0000,1749
19980203,0000,1269
19980204,0000,1253
19980205,0000,1091
19980206,0000,1116
19980207,0000,1492
19980208,0000,1567
19980209,0000,1230
19980210,0000,975
19980211,0000,975
19980212,0000,1036
19980213,0000,863
19980214,0000,2546
19980215,0000,2928
19980216,0000,1801
19980217,0000,1614
19980218,0000,1405
19980219,0000,1407
19980220,0000,1422
19980221,0000,1540
19980222,0000,3716
19980223,0000,5479
19980224,0000,3810
19980225,0000,2445
19980226,0000,1990
19980227,0000,1826
19980228,0000,1590
19980301,0000,1557
19980302,0000,1487
19980303,0000,1447
19980304,0000,1530
19980305,0000,1535
19980306,0000,1442
19980307,0000,1426
19980308,0000,1294
19980309,0000,1333
19980310,0000,1350
19980311,0000,1450
19980312,0000,1572
19980313,0000,1700
19980314,0000,1574
19980315,0000,1507
19980316,0000,2016
19980317,0000,1994
19980318,0000,2202
19980319,0000,2264
19980320,0000,2321
19980321,0000,2405
19980322,0000,2493
19980323,0000,2898
19980324,0000,3326
19980325,0000,3746
19980326,0000,3039
19980327,0000,2923
19980328,0000,3038
19980329,0000,2446
19980330,0000,2236
19980331,0000,2391
19980401,0000,2174
19980402,0000,2036
19980403,0000,2131
19980404,0000,2117
19980405,0000,1772
19980406,0000,1965
19980407,0000,1849
19980408,0000,1814
19980409,0000,1885
19980410,0000,2011
19980411,0000,2039
19980412,0000,2003
19980413,0000,1953
19980414,0000,1917
19980415,0000,1877
19980416,0000,1777
19980417,0000,1776
19980418,0000,1872
19980419,0000,2076
19980420,0000,2486
19980421,0000,3162
19980422,0000,3933
19980423,0000,m
19980424,0000,4431
19980425,0000,4362
19980426,0000,4133
19980427,0000,4222
19980428,0000,4518
19980429,0000,4677
19980430,0000,5170
19980501,0000,5547
19980502,0000,5516
19980503,0000,5563
19980504,0000,5608
19980505,0000,5976
19980506,0000,5364
19980507,0000,4957
19980508,0000,4345
19980509,0000,4521
19980510,0000,4688
19980511,0000,4484
19980512,0000,4533
19980513,0000,4296
19980514,0000,3752
19980515,0000,3571
19980516,0000,3571
19980517,0000,3619
19980518,0000,3572
19980519,0000,3853
19980520,0000,3835
19980521,0000,4138
19980522,0000,4137
19980523,0000,4288
19980524,0000,4448
19980525,0000,4717
19980526,0000,4941
19980527,0000,4561
19980528,0000,4339
19980529,0000,4437
19980530,0000,4302
19980531,0000,4370
19980601,0000,4782
19980602,0000,5015
19980603,0000,5386
19980604,0000,5077
19980605,0000,4966
19980606,0000,5065
19980607,0000,5424
19980608,0000,5334
19980609,0000,5290
19980610,0000,5382
19980611,0000,5457
19980612,0000,5071
19980613,0000,5053
19980614,0000,4836
19980615,0000,5756
19980616,0000,6792
19980617,0000,7098
19980618,0000,6747
19980619,0000,6780
19980620,0000,6895
19980621,0000,6578
19980622,0000,6668
19980623,0000,6204
19980624,0000,5932
19980625,0000,6268
19980626,0000,6469
19980627,0000,6023
19980628,0000,6055
19980629,0000,6142
19980630,0000,6017
19980701,0000,5771
19980702,0000,5895
19980703,0000,5790
19980704,0000,5653
19980705,0000,5195
19980706,0000,5096
19980707,0000,4752
19980708,0000,4805
19980709,0000,5202
19980710,0000,5094
19980711,0000,4653
19980712,0000,4216
19980713,0000,4369
19980714,0000,4091
19980715,0000,4084
19980716,0000,4084
19980717,0000,3948
19980718,0000,3948
19980719,0000,4090
19980720,0000,3613
19980721,0000,3723
19980722,0000,3608
19980723,0000,3811
19980724,0000,3587
19980725,0000,3598
19980726,0000,3207
19980727,0000,m
19980728,0000,2755
19980729,0000,2431
19980730,0000,2372
19980731,0000,2246
19980801,0000,2064
19980802,0000,1891
19980803,0000,2163
19980804,0000,1970
19980805,0000,1895
19980806,0000,1894
19980807,0000,1457
19980808,0000,1649
19980809,0000,1848
19980810,0000,1703
19980811,0000,m
19980812,0000,m
19980813,0000,m
19980814,0000,1393
19980815,0000,m
19980816,0000,m
19980817,0000,1558
19980818,0000,1254
19980819,0000,1135
19980820,0000,1322
19980821,0000,1011
19980822,0000,m
19980823,0000,m
19980824,0000,885
19980825,0000,966
19980826,0000,779
19980827,0000,779
19980828,0000,939
19980829,0000,869
19980830,0000,918
19980831,0000,726
19980901,0000,956
19980902,0000,943
19980903,0000,977
19980904,0000,867
19980905,0000,1113
19980906,0000,1172
19980907,0000,1035
19980908,0000,1035
19980909,0000,972
19980910,0000,1087
19980911,0000,896
19980912,0000,818
19980913,0000,857
19980914,0000,733
19980915,0000,692
19980916,0000,839
19980917,0000,m
19980918,0000,724
19980919,0000,642
19980920,0000,662
19980921,0000,561
19980922,0000,668
19980923,0000,650
19980924,0000,630
19980925,0000,643
19980926,0000,486
19980927,0000,592
19980928,0000,559
19980929,0000,584
19980930,0000,m
19981001,0000,655
19981002,0000,663
19981003,0000,404
19981004,0000,812
19981005,0000,613
19981006,0000,613
19981007,0000,574
19981008,0000,583
19981009,0000,591
19981010,0000,548
19981011,0000,m
19981012,0000,m
19981013,0000,522
19981014,0000,578
19981015,0000,460
19981016,0000,562
19981017,0000,588
19981018,0000,567
19981019,0000,570
19981020,0000,572
19981021,0000,550
19981022,0000,555
19981023,0000,580
19981024,0000,512
19981025,0000,m
19981026,0000,526
19981027,0000,612
19981028,0000,579
19981029,0000,555
19981030,0000,554
19981031,0000,568
19981101,0000,521
19981102,0000,534
19981103,0000,521
19981104,0000,483
19981105,0000,484
19981106,0000,512
19981107,0000,397
19981108,0000,675
19981109,0000,492
19981110,0000,663
19981111,0000,732
19981112,0000,765
19981113,0000,677
19981114,0000,607
19981115,0000,620
19981116,0000,642
19981117,0000,627
19981118,0000,519
19981119,0000,588
19981120,0000,510
19981121,0000,m
19981122,0000,452
19981123,0000,452
19981124,0000,433
19981125,0000,1787
19981126,0000,561
19981127,0000,550
19981128,0000,499
19981129,0000,529
19981130,0000,593
19981201,0000,597
19981202,0000,546
19981203,0000,620
19981204,0000,472
19981205,0000,631
19981206,0000,m
19981207,0000,536
19981208,0000,448
19981209,0000,446
19981210,0000,552
19981211,0000,509
19981212,0000,458
19981213,0000,513
19981214,0000,460
19981215,0000,m
19981216,0000,424
19981217,0000,630
19981218,0000,460
19981219,0000,407
19981220,0000,m
19981221,0000,m
19981222,0000,m
19981223,0000,358
19981224,0000,421
19981225,0000,417
19981226,0000,422
19981227,0000,451
19981228,0000,482
19981229,0000,461
19981230,0000,459
19981231,0000,470
19990101,0000,m
19990102,0000,m
19990103,0000,m
19990104,0000,411
19990105,0000,435
19990106,0000,430
19990107,0000,436
19990108,0000,437
19990109,0000,m
19990110,0000,m
19990111,0000,407
19990112,0000,351
19990113,0000,459
19990114,0000,442
19990115,0000,392
19990116,0000,392
19990117,0000,204
19990118,0000,617
19990119,0000,648
19990120,0000,642
19990121,0000,1236
19990122,0000,980
19990123,0000,588
19990124,0000,570
19990125,0000,580
19990126,0000,1061
19990127,0000,788
19990128,0000,559
19990129,0000,531
19990130,0000,575
19990131,0000,538
19990201,0000,607
19990202,0000,494
19990203,0000,546
19990204,0000,513
19990205,0000,546
19990206,0000,412
19990207,0000,576
19990208,0000,875
19990209,0000,764
19990210,0000,956
19990211,0000,690
19990212,0000,573
19990213,0000,570
19990214,0000,593
19990215,0000,626
19990216,0000,537
19990217,0000,671
19990218,0000,494
19990219,0000,754
19990220,0000,565
19990221,0000,575
19990222,0000,564
19990223,0000,588
19990224,0000,564
19990225,0000,557
19990226,0000,640
19990227,0000,543
19990228,0000,602
19990301,0000,637
19990302,0000,578
19990303,0000,579
19990304,0000,603
19990305,0000,660
19990306,0000,532
19990307,0000,625
19990308,0000,542
19990309,0000,567
19990310,0000,502
19990311,0000,539
19990312,0000,549
19990313,0000,472
19990314,0000,583
19990315,0000,489
19990316,0000,518
19990317,0000,495
19990318,0000,540
19990319,0000,554
19990320,0000,488
19990321,0000,622
19990322,0000,509
19990323,0000,606
19990324,0000,568
19990325,0000,626
19990326,0000,570
19990327,0000,643
19990328,0000,646
19990329,0000,604
19990330,0000,551
19990331,0000,739
19990401,0000,563
19990402,0000,541
19990403,0000,604
19990404,0000,561
19990405,0000,636
19990406,0000,569
19990407,0000,578
19990408,0000,679
19990409,0000,m
19990410,0000,m
19990411,0000,m
19990412,0000,m
19990413,0000,m
19990414,0000,m
19990415,0000,m
19990416,0000,m
19990417,0000,m
19990418,0000,m
19990419,0000,m
19990420,0000,m
19990421,0000,m
19990422,0000,m
19990423,0000,m
19990424,0000,m
19990425,0000,m
19990426,0000,m
19990427,0000,m
19990428,0000,m
19990429,0000,m
19990430,0000,m
19990501,0000,m
19990502,0000,m
19990503,0000,m
19990504,0000,1009
19990505,0000,918
19990506,0000,1026
19990507,0000,1170
19990508,0000,1344
19990509,0000,1407
19990510,0000,1405
19990511,0000,1483
19990512,0000,1602
19990513,0000,1980
19990514,0000,1700
19990515,0000,1704
19990516,0000,1390
19990517,0000,1397
19990518,0000,1562
19990519,0000,1734
19990520,0000,1709
19990521,0000,1730
19990522,0000,1634
19990523,0000,1700
19990524,0000,1772
19990525,0000,1817
19990526,0000,1911
19990527,0000,2009
19990528,0000,1952
19990529,0000,1991
19990530,0000,1843
19990531,0000,1670
19990601,0000,1646
19990602,0000,1447
19990603,0000,1362
19990604,0000,1200
19990605,0000,1012
19990606,0000,935
19990607,0000,1028
19990608,0000,1067
19990609,0000,1001
19990610,0000,1212
19990611,0000,1209
19990612,0000,1232
19990613,0000,1276
19990614,0000,1377
19990615,0000,1424
19990616,0000,1345
19990617,0000,1291
19990618,0000,1354
19990619,0000,1313
19990620,0000,1276
19990621,0000,1160
19990622,0000,1035
19990623,0000,984
19990624,0000,1023
19990625,0000,976
19990626,0000,883
19990627,0000,813
19990628,0000,746
19990629,0000,796
19990630,0000,697
19990701,0000,717
19990702,0000,756
19990703,0000,634
19990704,0000,660
19990705,0000,718
19990706,0000,580
19990707,0000,556
19990708,0000,567
19990709,0000,638
19990710,0000,664
19990711,0000,680
19990712,0000,753
19990713,0000,678
19990714,0000,777
19990715,0000,621
19990716,0000,547
19990717,0000,556
19990718,0000,496
19990719,0000,400
19990720,0000,405
19990721,0000,349
19990722,0000,364
19990723,0000,283
19990724,0000,226
19990725,0000,301
19990726,0000,310
19990727,0000,295
19990728,0000,m
19990729,0000,334
19990730,0000,356
19990731,0000,225
19990801,0000,226
19990802,0000,345
19990803,0000,332
19990804,0000,365
19990805,0000,332
19990806,0000,261
19990807,0000,249
19990808,0000,m
19990809,0000,205
19990810,0000,268
19990811,0000,188
19990812,0000,277
19990813,0000,209
19990814,0000,245
19990815,0000,241
19990816,0000,194
19990817,0000,276
19990818,0000,235
19990819,0000,220
19990820,0000,234
19990821,0000,243
19990822,0000,201
19990823,0000,246
19990824,0000,210
19990825,0000,233
19990826,0000,287
19990827,0000,211
19990828,0000,222
19990829,0000,242
19990830,0000,126
19990831,0000,190
19990901,0000,157
19990902,0000,221
19990903,0000,197
19990904,0000,215
19990905,0000,206
19990906,0000,229
19990907,0000,228
19990908,0000,203
19990909,0000,212
19990910,0000,186
19990911,0000,176
19990912,0000,182
19990913,0000,191
19990914,0000,200
19990915,0000,197
19990916,0000,197
19990917,0000,182
19990918,0000,211
19990919,0000,170
19990920,0000,224
19990921,0000,m
19990922,0000,252
19990923,0000,193
19990924,0000,209
19990925,0000,219
19990926,0000,201
19990927,0000,227
19990928,0000,210
19990929,0000,193
19990930,0000,m
19991001,0000,164
19991002,0000,169
19991003,0000,141
19991004,0000,157
19991005,0000,118
19991006,0000,155
19991007,0000,185
19991008,0000,213
19991009,0000,174
19991010,0000,169
19991011,0000,151
19991012,0000,183
19991013,0000,139
19991014,0000,134
19991015,0000,168
19991016,0000,203
19991017,0000,145
19991018,0000,131
19991019,0000,221
19991020,0000,198
19991021,0000,235
19991022,0000,183
19991023,0000,157
19991024,0000,182
19991025,0000,182
19991026,0000,170
19991027,0000,149
19991028,0000,185
19991029,0000,282
19991030,0000,155
19991031,0000,174
19991101,0000,209
19991102,0000,211
19991103,0000,207
19991104,0000,181
19991105,0000,193
19991106,0000,215
19991107,0000,151
19991108,0000,209
19991109,0000,206
19991110,0000,229
19991111,0000,199
19991112,0000,228
19991113,0000,188
19991114,0000,208
19991115,0000,218
19991116,0000,187
19991117,0000,190
19991118,0000,211
19991119,0000,201
19991120,0000,160
19991121,0000,256
19991122,0000,247
19991123,0000,185
19991124,0000,185
19991125,0000,195
19991126,0000,192
19991127,0000,221
19991128,0000,223
19991129,0000,207
19991130,0000,210
19991201,0000,187
19991202,0000,232
19991203,0000,184
19991204,0000,172
19991205,0000,186
19991206,0000,173
19991207,0000,194
19991208,0000,216
19991209,0000,440
19991210,0000,310
19991211,0000,289
19991212,0000,129
19991213,0000,266
19991214,0000,221
19991215,0000,190
19991216,0000,194
19991217,0000,230
19991218,0000,163
19991219,0000,236
19991220,0000,212
19991221,0000,252
19991222,0000,188
19991223,0000,217
19991224,0000,199
19991225,0000,217
19991226,0000,232
19991227,0000,229
19991228,0000,196
19991229,0000,160
19991230,0000,203
19991231,0000,177
20000101,0000,168
20000102,0000,225
20000103,0000,167
20000104,0000,152
20000105,0000,231
20000106,0000,166
20000107,0000,158
20000108,0000,223
20000109,0000,143
20000110,0000,142
20000111,0000,260
20000112,0000,248
20000113,0000,260
20000114,0000,207
20000115,0000,187
20000116,0000,252
20000117,0000,295
20000118,0000,384
20000119,0000,332
20000120,0000,313
20000121,0000,275
20000122,0000,241
20000123,0000,201
20000124,0000,552
20000125,0000,787
20000126,0000,537
20000127,0000,387
20000128,0000,377
20000129,0000,270
20000130,0000,261
20000131,0000,449
20000201,0000,358
20000202,0000,325
20000203,0000,319
20000204,0000,332
20000205,0000,300
20000206,0000,338
20000207,0000,275
20000208,0000,281
20000209,0000,286
20000210,0000,391
20000211,0000,389
20000212,0000,516
20000213,0000,1047
20000214,0000,1412
20000215,0000,1159
20000216,0000,745
20000217,0000,716
20000218,0000,609
20000219,0000,531
20000220,0000,408
20000221,0000,685
20000222,0000,501
20000223,0000,780
20000224,0000,470
20000225,0000,543
20000226,0000,519
20000227,0000,655
20000228,0000,568
20000229,0000,628
20000301,0000,564
20000302,0000,502
20000303,0000,537
20000304,0000,533
20000305,0000,784
20000306,0000,567
20000307,0000,584
20000308,0000,582
20000309,0000,514
20000310,0000,589
20000311,0000,523
20000312,0000,656
20000313,0000,683
20000314,0000,709
20000315,0000,813
20000316,0000,754
20000317,0000,978
20000318,0000,905
20000319,0000,861
20000320,0000,1068
20000321,0000,926
20000322,0000,814
20000323,0000,838
20000324,0000,855
20000325,0000,819
20000326,0000,855
20000327,0000,833
20000328,0000,980
20000329,0000,950
20000330,0000,952
20000331,0000,878
20000401,0000,881
20000402,0000,855
20000403,0000,949
20000404,0000,1002
20000405,0000,1091
20000406,0000,1215
20000407,0000,1144
20000408,0000,1176
20000409,0000,1290
20000410,0000,1236
20000411,0000,1164
20000412,0000,1166
20000413,0000,1233
20000414,0000,1175
20000415,0000,1138
20000416,0000,1035
20000417,0000,1031
20000418,0000,1071
20000419,0000,946
20000420,0000,968
20000421,0000,975
20000422,0000,974
20000423,0000,933
20000424,0000,997
20000425,0000,1057
20000426,0000,1194
20000427,0000,1371
20000428,0000,1506
20000429,0000,1481
20000430,0000,1418
20000501,0000,1653
20000502,0000,1769
20000503,0000,2078
20000504,0000,2295
20000505,0000,2213
20000506,0000,2236
20000507,0000,2271
20000508,0000,2397
20000509,0000,2308
20000510,0000,2276
20000511,0000,2201
20000512,0000,1835
20000513,0000,1642
20000514,0000,1505
20000515,0000,1362
20000516,0000,1431
20000517,0000,1267
20000518,0000,1321
20000519,0000,1370
20000520,0000,1545
20000521,0000,1804
20000522,0000,2167
20000523,0000,2634
20000524,0000,2988
20000525,0000,2970
20000526,0000,2863
20000527,0000,2747
20000528,0000,2795
20000529,0000,2827
20000530,0000,2542
20000531,0000,m
20000601,0000,2135
20000602,0000,2080
20000603,0000,1937
20000604,0000,1979
20000605,0000,2052
20000606,0000,1865
20000607,0000,1689
20000608,0000,1671
20000609,0000,1499
20000610,0000,m
20000611,0000,m
20000612,0000,1114
20000613,0000,m
20000614,0000,1468
20000615,0000,1606
20000616,0000,1652
20000617,0000,m
20000618,0000,m
20000619,0000,1391
20000620,0000,1271
20000621,0000,1171
20000622,0000,1138
20000623,0000,1010
20000624,0000,951
20000625,0000,844
20000626,0000,m
20000627,0000,891
20000628,0000,m
20000629,0000,831
20000630,0000,792
20000701,0000,710
20000702,0000,m
20000703,0000,646
20000704,0000,696
20000705,0000,539
20000706,0000,512
20000707,0000,595
20000708,0000,m
20000709,0000,m
20000710,0000,m
20000711,0000,523
20000712,0000,m
20000713,0000,457
20000714,0000,535
20000715,0000,369
20000716,0000,424
20000717,0000,m
20000718,0000,m
20000719,0000,m
20000720,0000,394
20000721,0000,m
20000722,0000,303
20000723,0000,m
20000724,0000,280
20000725,0000,371
20000726,0000,278
20000727,0000,m
20000728,0000,380
20000729,0000,333
20000730,0000,277
20000731,0000,319
20000801,0000,347
20000802,0000,m
20000803,0000,308
20000804,0000,m
20000805,0000,m
20000806,0000,300
20000807,0000,326
20000808,0000,328
20000809,0000,m
20000810,0000,236
20000811,0000,m
20000812,0000,m
20000813,0000,m
20000814,0000,m
20000815,0000,m
20000816,0000,200
20000817,0000,201
20000818,0000,139
20000819,0000,201
20000820,0000,m
20000821,0000,212
20000822,0000,m
20000823,0000,179
20000824,0000,196
20000825,0000,m
20000826,0000,m
20000827,0000,m
20000828,0000,m
20000829,0000,189
20000830,0000,190
20000831,0000,201
20000901,0000,201
20000902,0000,221
20000903,0000,204
20000904,0000,168
20000905,0000,210
20000906,0000,240
20000907,0000,174
20000908,0000,177
20000909,0000,m
20000910,0000,m
20000911,0000,m
20000912,0000,m
20000913,0000,251
20000914,0000,156
20000915,0000,223
20000916,0000,197
20000917,0000,180
20000918,0000,201
20000919,0000,m
20000920,0000,m
20000921,0000,m
20000922,0000,m
20000923,0000,m
20000924,0000,m
20000925,0000,164
20000926,0000,m
20000927,0000,m
20000928,0000,153
20000929,0000,202
20000930,0000,159
20001001,0000,152
20001002,0000,167
20001003,0000,180
20001004,0000,194
20001005,0000,173
20001006,0000,186
20001007,0000,176
20001008,0000,178
20001009,0000,194
20001010,0000,161
20001011,0000,152
20001012,0000,m
20001013,0000,214
20001014,0000,215
20001015,0000,240
20001016,0000,222
20001017,0000,193
20001018,0000,189
20001019,0000,208
20001020,0000,167
20001021,0000,186
20001022,0000,202
20001023,0000,202
20001024,0000,185
20001025,0000,172
20001026,0000,220
20001027,0000,195
20001028,0000,184
20001029,0000,210
20001030,0000,260
20001031,0000,221
20001101,0000,m
20001102,0000,220
20001103,0000,199
20001104,0000,208
20001105,0000,181
20001106,0000,266
20001107,0000,209
20001108,0000,173
20001109,0000,210
20001110,0000,170
20001111,0000,208
20001112,0000,182
20001113,0000,125
20001114,0000,228
20001115,0000,179
20001116,0000,195
20001117,0000,181
20001118,0000,169
20001119,0000,203
20001120,0000,190
20001121,0000,176
20001122,0000,223
20001123,0000,215
20001124,0000,213
20001125,0000,163
20001126,0000,249
20001127,0000,205
20001128,0000,184
20001129,0000,156
20001130,0000,237
20001201,0000,196
20001202,0000,218
20001203,0000,228
20001204,0000,188
20001205,0000,211
20001206,0000,204
20001207,0000,187
20001208,0000,197
20001209,0000,191
20001210,0000,217
20001211,0000,145
20001212,0000,238
20001213,0000,130
20001214,0000,91
20001215,0000,318
20001216,0000,218
20001217,0000,221
20001218,0000,182
20001219,0000,181
20001220,0000,194
20001221,0000,147
20001222,0000,248
20001223,0000,183
20001224,0000,183
20001225,0000,195
20001226,0000,170
20001227,0000,187
20001228,0000,185
20001229,0000,176
20001230,0000,194
20001231,0000,169
20010101,0000,195
20010102,0000,192
20010103,0000,180
20010104,0000,173
20010105,0000,196
20010106,0000,173
20010107,0000,179
20010108,0000,224
20010109,0000,190
20010110,0000,237
20010111,0000,492
20010112,0000,200
20010113,0000,233
20010114,0000,207
20010115,0000,211
20010116,0000,214
20010117,0000,215
20010118,0000,168
20010119,0000,273
20010120,0000,256
20010121,0000,239
20010122,0000,238
20010123,0000,247
20010124,0000,289
20010125,0000,280
20010126,0000,303
20010127,0000,244
20010128,0000,245
20010129,0000,228
20010130,0000,250
20010131,0000,219
20010201,0000,237
20010202,0000,268
20010203,0000,253
20010204,0000,281
20010205,0000,319
20010206,0000,327
20010207,0000,252
20010208,0000,249
20010209,0000,238
20010210,0000,281
20010211,0000,400
20010212,0000,324
20010213,0000,379
20010214,0000,303
20010215,0000,283
20010216,0000,394
20010217,0000,289
20010218,0000,219
20010219,0000,360
20010220,0000,281
20010221,0000,334
20010222,0000,287
20010223,0000,313
20010224,0000,555
20010225,0000,362
20010226,0000,361
20010227,0000,353
20010228,0000,362
20010301,0000,m
20010302,0000,315
20010303,0000,319
20010304,0000,360
20010305,0000,m
20010306,0000,314
20010307,0000,400
20010308,0000,385
20010309,0000,392
20010310,0000,420
20010311,0000,412
20010312,0000,355
20010313,0000,378
20010314,0000,414
20010315,0000,428
20010316,0000,466
20010317,0000,487
20010318,0000,516
20010319,0000,618
20010320,0000,714
20010321,0000,787
20010322,0000,738
20010323,0000,745
20010324,0000,751
20010325,0000,808
20010326,0000,787
20010327,0000,865
20010328,0000,878
20010329,0000,992
20010330,0000,1115
20010331,0000,1189
20010401,0000,1216
20010402,0000,1270
20010403,0000,1200
20010404,0000,1035
20010405,0000,872
20010406,0000,814
20010407,0000,893
20010408,0000,739
20010409,0000,689
20010410,0000,m
20010411,0000,659
20010412,0000,608
20010413,0000,669
20010414,0000,644
20010415,0000,672
20010416,0000,705
20010417,0000,765
20010418,0000,847
20010419,0000,773
20010420,0000,894
20010421,0000,926
20010422,0000,814
20010423,0000,941
20010424,0000,m
20010425,0000,1098
20010426,0000,1222
20010427,0000,1413
20010428,0000,1533
20010429,0000,1599
20010430,0000,1571
20010501,0000,1740
20010502,0000,2028
20010503,0000,1927
20010504,0000,1678
20010505,0000,1589
20010506,0000,1661
20010507,0000,1892
20010508,0000,2190
20010509,0000,2368
20010510,0000,m
20010511,0000,2581
20010512,0000,2606
20010513,0000,2287
20010514,0000,1877
20010515,0000,1821
20010516,0000,2116
20010517,0000,2574
20010518,0000,2505
20010519,0000,2181
20010520,0000,2112
20010521,0000,m
20010522,0000,2241
20010523,0000,2120
20010524,0000,2033
20010525,0000,2041
20010526,0000,m
20010527,0000,1761
20010528,0000,1816
20010529,0000,1670
20010530,0000,1479
20010531,0000,1501
20010601,0000,1496
20010602,0000,1273
20010603,0000,1287
20010604,0000,1066
20010605,0000,867
20010606,0000,966
20010607,0000,935
20010608,0000,823
20010609,0000,911
20010610,0000,769
20010611,0000,729
20010612,0000,652
20010613,0000,765
20010614,0000,m
20010615,0000,592
20010616,0000,574
20010617,0000,552
20010618,0000,550
20010619,0000,545
20010620,0000,573
20010621,0000,500
20010622,0000,477
20010623,0000,494
20010624,0000,392
20010625,0000,m
20010626,0000,425
20010627,0000,389
20010628,0000,m
20010629,0000,389
20010630,0000,m
20010701,0000,m
20010702,0000,356
20010703,0000,412
20010704,0000,537
20010705,0000,m
20010706,0000,720
20010707,0000,m
20010708,0000,808
20010709,0000,645
20010710,0000,626
20010711,0000,469
20010712,0000,508
20010713,0000,415
20010714,0000,366
20010715,0000,335
20010716,0000,317
20010717,0000,m
20010718,0000,323
20010719,0000,332
20010720,0000,m
20010721,0000,248
20010722,0000,250
20010723,0000,287
20010724,0000,289
20010725,0000,258
20010726,0000,282
20010727,0000,250
20010728,0000,164
20010729,0000,173
20010730,0000,124
20010731,0000,259
20010801,0000,163
20010802,0000,m
20010803,0000,208
20010804,0000,132
20010805,0000,244
20010806,0000,m
20010807,0000,209
20010808,0000,213
20010809,0000,174
20010810,0000,195
20010811,0000,231
20010812,0000,195
20010813,0000,207
20010814,0000,211
20010815,0000,m
20010816,0000,m
20010817,0000,199
20010818,0000,205
20010819,0000,179
20010820,0000,136
20010821,0000,m
20010822,0000,132
20010823,0000,192
20010824,0000,174
20010825,0000,m
20010826,0000,m
20010827,0000,m
20010828,0000,133
20010829,0000,124
20010830,0000,174
20010831,0000,143
20010901,0000,192
20010902,0000,172
20010903,0000,m
20010904,0000,165
20010905,0000,109
20010906,0000,178
20010907,0000,168
20010908,0000,206
20010909,0000,199
20010910,0000,159
20010911,0000,147
20010912,0000,142
20010913,0000,201
20010914,0000,130
20010915,0000,162
20010916,0000,118
20010917,0000,172
20010918,0000,155
20010919,0000,153
20010920,0000,159
20010921,0000,145
20010922,0000,168
20010923,0000,156
20010924,0000,118
20010925,0000,m
20010926,0000,197
20010927,0000,119
20010928,0000,97
20010929,0000,m
20010930,0000,158
20011001,0000,174
20011002,0000,121
20011003,0000,136
20011004,0000,m
20011005,0000,140
20011006,0000,181
20011007,0000,169
20011008,0000,141
20011009,0000,155
20011010,0000,161
20011011,0000,m
20011012,0000,220
20011013,0000,167
20011014,0000,196
20011015,0000,145
20011016,0000,m
20011017,0000,144
20011018,0000,155
20011019,0000,148
20011020,0000,139
20011021,0000,110
20011022,0000,178
20011023,0000,168
20011024,0000,175
20011025,0000,178
20011026,0000,156
20011027,0000,147
20011028,0000,170
20011029,0000,146
20011030,0000,242
20011031,0000,m
20011101,0000,m
20011102,0000,201
20011103,0000,181
20011104,0000,193
20011105,0000,186
20011106,0000,165
20011107,0000,197
20011108,0000,195
20011109,0000,178
20011110,0000,179
20011111,0000,179
20011112,0000,306
20011113,0000,m
20011114,0000,226
20011115,0000,234
20011116,0000,206
20011117,0000,184
20011118,0000,206
20011119,0000,185
20011120,0000,207
20011121,0000,42
20011122,0000,237
20011123,0000,300
20011124,0000,418
20011125,0000,853
20011126,0000,350
20011127,0000,267
20011128,0000,249
20011129,0000,402
20011130,0000,320
20011201,0000,m
20011202,0000,316
20011203,0000,505
20011204,0000,322
20011205,0000,262
20011206,0000,m
20011207,0000,318
20011208,0000,276
20011209,0000,298
20011210,0000,232
20011211,0000,m
20011212,0000,248
20011213,0000,216
20011214,0000,304
20011215,0000,317
20011216,0000,225
20011217,0000,m
20011218,0000,m
20011219,0000,255
20011220,0000,278
20011221,0000,m
20011222,0000,273
20011223,0000,293
20011224,0000,275
20011225,0000,274
20011226,0000,279
20011227,0000,237
20011228,0000,332
20011229,0000,1113
20011230,0000,1660
20011231,0000,1039
20020101,0000,778
20020102,0000,638
20020103,0000,643
20020104,0000,604
20020105,0000,504
20020106,0000,472
20020107,0000,465
20020108,0000,488
20020109,0000,394
20020110,0000,400
20020111,0000,397
20020112,0000,410
20020113,0000,397
20020114,0000,m
20020115,0000,391
20020116,0000,367
20020117,0000,323
20020118,0000,370
20020119,0000,292
20020120,0000,361
20020121,0000,249
20020122,0000,m
20020123,0000,343
20020124,0000,292
20020125,0000,313
20020126,0000,312
20020127,0000,401
20020128,0000,329
20020129,0000,321
20020130,0000,m
20020131,0000,306
20020201,0000,292
20020202,0000,326
20020203,0000,302
20020204,0000,m
20020205,0000,291
20020206,0000,335
20020207,0000,263
20020208,0000,368
20020209,0000,m
20020210,0000,286
20020211,0000,310
20020212,0000,322
20020213,0000,348
20020214,0000,332
20020215,0000,367
20020216,0000,331
20020217,0000,m
20020218,0000,440
20020219,0000,299
20020220,0000,395
20020221,0000,350
20020222,0000,414
20020223,0000,370
20020224,0000,379
20020225,0000,451
20020226,0000,382
20020227,0000,505
20020228,0000,456
20020301,0000,512
20020302,0000,448
20020303,0000,448
20020304,0000,433
20020305,0000,364
20020306,0000,462
20020307,0000,572
20020308,0000,567
20020309,0000,458
20020310,0000,458
20020311,0000,463
20020312,0000,429
20020313,0000,m
20020314,0000,561
20020315,0000,381
20020316,0000,448
20020317,0000,449
20020318,0000,m
20020319,0000,445
20020320,0000,452
20020321,0000,475
20020322,0000,433
20020323,0000,523
20020324,0000,591
20020325,0000,527
20020326,0000,467
20020327,0000,529
20020328,0000,506
20020329,0000,531
20020330,0000,576
20020331,0000,668
20020401,0000,692
20020402,0000,783
20020403,0000,844
20020404,0000,m
20020405,0000,964
20020406,0000,m
20020407,0000,915
20020408,0000,965
20020409,0000,988
20020410,0000,1126
20020411,0000,1093
20020412,0000,1249
20020413,0000,1357
20020414,0000,1436
20020415,0000,1599
20020416,0000,1378
20020417,0000,1234
20020418,0000,999
20020419,0000,979
20020420,0000,858
20020421,0000,845
20020422,0000,775
20020423,0000,m
20020424,0000,m
20020425,0000,781
20020426,0000,888
20020427,0000,906
20020428,0000,828
20020429,0000,m
20020430,0000,689
20020501,0000,m
20020502,0000,662
20020503,0000,690
20020504,0000,693
20020505,0000,709
20020506,0000,775
20020507,0000,926
20020508,0000,1045
20020509,0000,1006
20020510,0000,1061
20020511,0000,1039
20020512,0000,968
20020513,0000,930
20020514,0000,1102
20020515,0000,m
20020516,0000,m
20020517,0000,1515
20020518,0000,m
20020519,0000,m
20020520,0000,1650
20020521,0000,1383
20020522,0000,1184
20020523,0000,1202
20020524,0000,m
20020525,0000,1063
20020526,0000,1069
20020527,0000,1229
20020528,0000,1338
20020529,0000,1502
20020530,0000,1582
20020531,0000,1784
20020601,0000,1766
20020602,0000,1652
20020603,0000,1535
20020604,0000,1467
20020605,0000,m
20020606,0000,1580
20020607,0000,1631
20020608,0000,1474
20020609,0000,1350
20020610,0000,1194
20020611,0000,1035
20020612,0000,994
20020613,0000,976
20020614,0000,992
20020615,0000,1000
20020616,0000,904
20020617,0000,926
20020618,0000,921
20020619,0000,988
20020620,0000,949
20020621,0000,m
20020622,0000,922
20020623,0000,798
20020624,0000,754
20020625,0000,m
20020626,0000,667
20020627,0000,m
20020628,0000,m
20020629,0000,m
20020630,0000,673
20020701,0000,598
20020702,0000,m
20020703,0000,m
20020704,0000,m
20020705,0000,498
20020706,0000,497
20020707,0000,473
20020708,0000,m
20020709,0000,m
20020710,0000,395
20020711,0000,423
20020712,0000,m
20020713,0000,m
20020714,0000,m
20020715,0000,389
20020716,0000,315
20020717,0000,282
20020718,0000,331
20020719,0000,302
20020720,0000,320
20020721,0000,225
20020722,0000,225
20020723,0000,258
20020724,0000,216
20020725,0000,222
20020726,0000,224
20020727,0000,211
20020728,0000,190
20020729,0000,249
20020730,0000,178
20020731,0000,204
20020801,0000,186
20020802,0000,m
20020803,0000,188
20020804,0000,173
20020805,0000,194
20020806,0000,m
20020807,0000,160
20020808,0000,122
20020809,0000,151
20020810,0000,m
20020811,0000,m
20020812,0000,165
20020813,0000,143
20020814,0000,m
20020815,0000,208
20020816,0000,189
20020817,0000,164
20020818,0000,203
20020819,0000,124
20020820,0000,m
20020821,0000,m
20020822,0000,160
20020823,0000,129
20020824,0000,139
20020825,0000,147
20020826,0000,m
20020827,0000,146
20020828,0000,158
20020829,0000,171
20020830,0000,m
20020831,0000,131
20020901,0000,158
20020902,0000,130
20020903,0000,m
20020904,0000,m
20020905,0000,162
20020906,0000,m
20020907,0000,69
20020908,0000,m
20020909,0000,m
20020910,0000,125
20020911,0000,136
20020912,0000,138
20020913,0000,155
20020914,0000,181
20020915,0000,86
20020916,0000,m
20020917,0000,102
20020918,0000,m
20020919,0000,150
20020920,0000,127
20020921,0000,132
20020922,0000,121
20020923,0000,145
20020924,0000,126
20020925,0000,125
20020926,0000,m
20020927,0000,113
20020928,0000,129
20020929,0000,m
20020930,0000,m
20021001,0000,134
20021002,0000,128
20021003,0000,121
20021004,0000,144
20021005,0000,145
20021006,0000,m
20021007,0000,m
20021008,0000,m
20021009,0000,135
20021010,0000,155
20021011,0000,171
20021012,0000,199
20021013,0000,159
20021014,0000,177
20021015,0000,140
20021016,0000,m
20021017,0000,105
20021018,0000,m
20021019,0000,m
20021020,0000,m
20021021,0000,149
20021022,0000,m
20021023,0000,117
20021024,0000,159
20021025,0000,130
20021026,0000,m
20021027,0000,182
20021028,0000,112
20021029,0000,146
20021030,0000,142
20021031,0000,169
20021101,0000,172
20021102,0000,153
20021103,0000,172
20021104,0000,128
20021105,0000,134
20021106,0000,167
20021107,0000,223
20021108,0000,8431
20021109,0000,10306
20021110,0000,3207
20021111,0000,1906
20021112,0000,1172
20021113,0000,963
20021114,0000,866
20021115,0000,707
20021116,0000,634
20021117,0000,634
20021118,0000,567
20021119,0000,567
20021120,0000,584
20021121,0000,519
20021122,0000,501
20021123,0000,527
20021124,0000,440
20021125,0000,524
20021126,0000,381
20021127,0000,401
20021128,0000,397
20021129,0000,414
20021130,0000,413
20021201,0000,433
20021202,0000,365
20021203,0000,m
20021204,0000,m
20021205,0000,353
20021206,0000,322
20021207,0000,361
20021208,0000,361
20021209,0000,m
20021210,0000,342
20021211,0000,344
20021212,0000,326
20021213,0000,293
20021214,0000,319
20021215,0000,361
20021216,0000,684
20021217,0000,829
20021218,0000,576
20021219,0000,461
20021220,0000,614
20021221,0000,533
20021222,0000,452
20021223,0000,438
20021224,0000,390
20021225,0000,427
20021226,0000,404
20021227,0000,454
20021228,0000,400
20021229,0000,536
20021230,0000,398
20021231,0000,474
20030101,0000,487
20030102,0000,420
20030103,0000,479
20030104,0000,512
20030105,0000,562
20030106,0000,550
20030107,0000,584
20030108,0000,593
20030109,0000,564
20030110,0000,556
20030111,0000,583
20030112,0000,530
20030113,0000,498
20030114,0000,472
20030115,0000,505
20030116,0000,462
20030117,0000,451
20030118,0000,479
20030119,0000,495
20030120,0000,m
20030121,0000,461
20030122,0000,514
20030123,0000,m
20030124,0000,465
20030125,0000,492
20030126,0000,492
20030127,0000,m
20030128,0000,524
20030129,0000,506
20030130,0000,465
20030131,0000,481
20030201,0000,454
20030202,0000,532
20030203,0000,523
20030204,0000,407
20030205,0000,503
20030206,0000,460
20030207,0000,393
20030208,0000,354
20030209,0000,409
20030210,0000,434
20030211,0000,453
20030212,0000,726
20030213,0000,768
20030214,0000,722
20030215,0000,700
20030216,0000,607
20030217,0000,636
20030218,0000,584
20030219,0000,566
20030220,0000,513
20030221,0000,515
20030222,0000,570
20030223,0000,489
20030224,0000,481
20030225,0000,524
20030226,0000,553
20030227,0000,487
20030228,0000,543
20030301,0000,508
20030302,0000,501
20030303,0000,458
20030304,0000,456
20030305,0000,477
20030306,0000,478
20030307,0000,483
20030308,0000,454
20030309,0000,464
20030310,0000,443
20030311,0000,434
20030312,0000,499
20030313,0000,513
20030314,0000,495
20030315,0000,1092
20030316,0000,1698
20030317,0000,1222
20030318,0000,1065
20030319,0000,966
20030320,0000,894
20030321,0000,912
20030322,0000,848
20030323,0000,865
20030324,0000,909
20030325,0000,900
20030326,0000,804
20030327,0000,1044
20030328,0000,1024
20030329,0000,935
20030330,0000,975
20030331,0000,1028
20030401,0000,1123
20030402,0000,1094
20030403,0000,1007
20030404,0000,1027
20030405,0000,921
20030406,0000,853
20030407,0000,863
20030408,0000,873
20030409,0000,820
20030410,0000,937
20030411,0000,957
20030412,0000,997
20030413,0000,1015
20030414,0000,1093
20030415,0000,1112
20030416,0000,1082
20030417,0000,974
20030418,0000,935
20030419,0000,942
20030420,0000,879
20030421,0000,821
20030422,0000,776
20030423,0000,854
20030424,0000,791
20030425,0000,793
20030426,0000,830
20030427,0000,865
20030428,0000,777
20030429,0000,840
20030430,0000,847
20030501,0000,758
20030502,0000,739
20030503,0000,909
20030504,0000,1118
20030505,0000,1258
20030506,0000,1149
20030507,0000,1101
20030508,0000,1011
20030509,0000,888
20030510,0000,971
20030511,0000,968
20030512,0000,1027
20030513,0000,1085
20030514,0000,1180
20030515,0000,1281
20030516,0000,1285
20030517,0000,1274
20030518,0000,1580
20030519,0000,1705
20030520,0000,1915
20030521,0000,1955
20030522,0000,2221
20030523,0000,2608
20030524,0000,2636
20030525,0000,2756
20030526,0000,3101
20030527,0000,3326
20030528,0000,3791
20030529,0000,3794
20030530,0000,3864
20030531,0000,3796
20030601,0000,3417
20030602,0000,3735
20030603,0000,3925
20030604,0000,3580
20030605,0000,3519
20030606,0000,3244
20030607,0000,2849
20030608,0000,2746
20030609,0000,2451
20030610,0000,2171
20030611,0000,2032
20030612,0000,2038
20030613,0000,1857
20030614,0000,1757
20030615,0000,1733
20030616,0000,1816
20030617,0000,1810
20030618,0000,1686
20030619,0000,1640
20030620,0000,1440
20030621,0000,1347
20030622,0000,1261
20030623,0000,1012
20030624,0000,1067
20030625,0000,934
20030626,0000,916
20030627,0000,866
20030628,0000,895
20030629,0000,892
20030630,0000,891
20030701,0000,927
20030702,0000,852
20030703,0000,796
20030704,0000,747
20030705,0000,682
20030706,0000,644
20030707,0000,731
20030708,0000,690
20030709,0000,687
20030710,0000,622
20030711,0000,614
20030712,0000,527
20030713,0000,442
20030714,0000,548
20030715,0000,528
20030716,0000,531
20030717,0000,518
20030718,0000,421
20030719,0000,551
20030720,0000,590
20030721,0000,543
20030722,0000,514
20030723,0000,464
20030724,0000,519
20030725,0000,488
20030726,0000,429
20030727,0000,428
20030728,0000,498
20030729,0000,508
20030730,0000,456
20030731,0000,m
20030801,0000,869
20030802,0000,590
20030803,0000,500
20030804,0000,509
20030805,0000,436
20030806,0000,406
20030807,0000,344
20030808,0000,309
20030809,0000,345
20030810,0000,284
20030811,0000,274
20030812,0000,300
20030813,0000,328
20030814,0000,314
20030815,0000,319
20030816,0000,278
20030817,0000,308
20030818,0000,360
20030819,0000,m
20030820,0000,433
20030821,0000,368
20030822,0000,381
20030823,0000,389
20030824,0000,312
20030825,0000,346
20030826,0000,448
20030827,0000,370
20030828,0000,347
20030829,0000,324
20030830,0000,267
20030831,0000,271
20030901,0000,325
20030902,0000,349
20030903,0000,420
20030904,0000,m
20030905,0000,401
20030906,0000,283
20030907,0000,281
20030908,0000,156
20030909,0000,172
20030910,0000,338
20030911,0000,283
20030912,0000,259
20030913,0000,233
20030914,0000,215
20030915,0000,209
20030916,0000,184
20030917,0000,254
20030918,0000,249
20030919,0000,214
20030920,0000,239
20030921,0000,226
20030922,0000,220
20030923,0000,208
20030924,0000,159
20030925,0000,230
20030926,0000,192
20030927,0000,178
20030928,0000,181
20030929,0000,194
20030930,0000,198
20031001,0000,154
20031002,0000,140
20031003,0000,146
20031004,0000,134
20031005,0000,178
20031006,0000,183
20031007,0000,137
20031008,0000,151
20031009,0000,128
20031010,0000,215
20031011,0000,147
20031012,0000,154
20031013,0000,188
20031014,0000,158
20031015,0000,139
20031016,0000,231
20031017,0000,196
20031018,0000,165
20031019,0000,157
20031020,0000,203
20031021,0000,167
20031022,0000,168
20031023,0000,196
20031024,0000,180
20031025,0000,168
20031026,0000,150
20031027,0000,196
20031028,0000,192
20031029,0000,128
20031030,0000,100
20031031,0000,190
20031101,0000,157
20031102,0000,163
20031103,0000,162
20031104,0000,156
20031105,0000,203
20031106,0000,212
20031107,0000,190
20031108,0000,242
20031109,0000,295
20031110,0000,268
20031111,0000,258
20031112,0000,239
20031113,0000,218
20031114,0000,207
20031115,0000,179
20031116,0000,215
20031117,0000,249
20031118,0000,212
20031119,0000,214
20031120,0000,141
20031121,0000,196
20031122,0000,228
20031123,0000,205
20031124,0000,139
20031125,0000,147
20031126,0000,263
20031127,0000,280
20031128,0000,186
20031129,0000,201
20031130,0000,207
20031201,0000,241
20031202,0000,213
20031203,0000,189
20031204,0000,186
20031205,0000,174
20031206,0000,202
20031207,0000,237
20031208,0000,328
20031209,0000,263
20031210,0000,131
20031211,0000,234
20031212,0000,266
20031213,0000,199
20031214,0000,224
20031215,0000,293
20031216,0000,240
20031217,0000,209
20031218,0000,267
20031219,0000,227
20031220,0000,225
20031221,0000,m
20031222,0000,334
20031223,0000,197
20031224,0000,257
20031225,0000,m
20031226,0000,557
20031227,0000,m
20031228,0000,m
20031229,0000,379
20031230,0000,363
20031231,0000,m
20040101,0000,409
20040102,0000,437
20040103,0000,416
20040104,0000,313
20040105,0000,361
20040106,0000,337
20040107,0000,410
20040108,0000,387
20040109,0000,369
20040110,0000,393
20040111,0000,354
20040112,0000,m
20040113,0000,383
20040114,0000,381
20040115,0000,351
20040116,0000,370
20040117,0000,375
20040118,0000,332
20040119,0000,380
20040120,0000,m
20040121,0000,360
20040122,0000,359
20040123,0000,294
20040124,0000,225
20040125,0000,389
20040126,0000,290
20040127,0000,300
20040128,0000,404
20040129,0000,366
20040130,0000,208
20040131,0000,428
20040201,0000,312
20040202,0000,423
20040203,0000,353
20040204,0000,399
20040205,0000,328
20040206,0000,321
20040207,0000,334
20040208,0000,340
20040209,0000,323
20040210,0000,316
20040211,0000,322
20040212,0000,379
20040213,0000,313
20040214,0000,321
20040215,0000,315
20040216,0000,340
20040217,0000,387
20040218,0000,454
20040219,0000,462
20040220,0000,465
20040221,0000,421
20040222,0000,408
20040223,0000,451
20040224,0000,414
20040225,0000,550
20040226,0000,778
20040227,0000,653
20040228,0000,575
20040229,0000,527
20040301,0000,628
20040302,0000,579
20040303,0000,494
20040304,0000,531
20040305,0000,561
20040306,0000,626
20040307,0000,657
20040308,0000,741
20040309,0000,843
20040310,0000,934
20040311,0000,696
20040312,0000,1209
20040313,0000,967
20040314,0000,1032
20040315,0000,1122
20040316,0000,1194
20040317,0000,1020
20040318,0000,1595
20040319,0000,1476
20040320,0000,1472
20040321,0000,1279
20040322,0000,1950
20040323,0000,1623
20040324,0000,1655
20040325,0000,1521
20040326,0000,1454
20040327,0000,1555
20040328,0000,1306
20040329,0000,1306
20040330,0000,1331
20040331,0000,1370
20040401,0000,1280
20040402,0000,1090
20040403,0000,956
20040404,0000,1079
20040405,0000,1087
20040406,0000,1186
20040407,0000,1131
20040408,0000,1206
20040409,0000,1221
20040410,0000,1250
20040411,0000,1215
20040412,0000,1247
20040413,0000,1276
20040414,0000,1135
20040415,0000,1142
20040416,0000,1058
20040417,0000,947
20040418,0000,967
20040419,0000,869
20040420,0000,827
20040421,0000,873
20040422,0000,829
20040423,0000,823
20040424,0000,852
20040425,0000,897
20040426,0000,988
20040427,0000,1070
20040428,0000,1156
20040429,0000,1225
20040430,0000,1148
20040501,0000,m
20040502,0000,1297
20040503,0000,1457
20040504,0000,1666
20040505,0000,1864
20040506,0000,1773
20040507,0000,m
20040508,0000,1468
20040509,0000,1466
20040510,0000,1398
20040511,0000,1486
20040512,0000,1343
20040513,0000,1231
20040514,0000,1274
20040515,0000,1234
20040516,0000,1365
20040517,0000,1206
20040518,0000,1170
20040519,0000,1260
20040520,0000,1138
20040521,0000,1128
20040522,0000,1059
20040523,0000,1096
20040524,0000,1111
20040525,0000,1126
20040526,0000,1110
20040527,0000,1077
20040528,0000,1052
20040529,0000,1280
20040530,0000,1170
20040531,0000,1153
20040601,0000,1319
20040602,0000,1352
20040603,0000,1427
20040604,0000,1573
20040605,0000,1392
20040606,0000,1366
20040607,0000,1416
20040608,0000,1286
20040609,0000,1111
20040610,0000,1028
20040611,0000,888
20040612,0000,795
20040613,0000,791
20040614,0000,894
20040615,0000,938
20040616,0000,m
20040617,0000,884
20040618,0000,895
20040619,0000,836
20040620,0000,744
20040621,0000,845
20040622,0000,804
20040623,0000,776
20040624,0000,672
20040625,0000,641
20040626,0000,587
20040627,0000,628
20040628,0000,622
20040629,0000,545
20040630,0000,538
20040701,0000,509
20040702,0000,518
20040703,0000,487
20040704,0000,476
20040705,0000,465
20040706,0000,496
20040707,0000,468
20040708,0000,437
20040709,0000,445
20040710,0000,458
20040711,0000,390
20040712,0000,346
20040713,0000,372
20040714,0000,348
20040715,0000,302
20040716,0000,338
20040717,0000,350
20040718,0000,394
20040719,0000,382
20040720,0000,376
20040721,0000,374
20040722,0000,340
20040723,0000,303
20040724,0000,333
20040725,0000,303
20040726,0000,297
20040727,0000,274
20040728,0000,268
20040729,0000,250
20040730,0000,219
20040731,0000,231
20040801,0000,240
20040802,0000,208
20040803,0000,247
20040804,0000,216
20040805,0000,212
20040806,0000,147
20040807,0000,249
20040808,0000,209
20040809,0000,169
20040810,0000,208
20040811,0000,255
20040812,0000,242
20040813,0000,207
20040814,0000,211
20040815,0000,240
20040816,0000,244
20040817,0000,227
20040818,0000,224
20040819,0000,206
20040820,0000,230
20040821,0000,165
20040822,0000,189
20040823,0000,149
20040824,0000,212
20040825,0000,157
20040826,0000,203
20040827,0000,217
20040828,0000,218
20040829,0000,164
20040830,0000,193
20040831,0000,185
20040901,0000,168
20040902,0000,155
20040903,0000,132
20040904,0000,203
20040905,0000,201
20040906,0000,196
20040907,0000,163
20040908,0000,169
20040909,0000,169
20040910,0000,153
20040911,0000,167
20040912,0000,108
20040913,0000,112
20040914,0000,158
20040915,0000,124
20040916,0000,141
20040917,0000,128
20040918,0000,121
20040919,0000,125
20040920,0000,75
20040921,0000,183
20040922,0000,167
20040923,0000,146
20040924,0000,160
20040925,0000,147
20040926,0000,158
20040927,0000,134
20040928,0000,105
20040929,0000,129
20040930,0000,127
20041001,0000,155
20041002,0000,149
20041003,0000,155
20041004,0000,152
20041005,0000,147
20041006,0000,165
20041007,0000,156
20041008,0000,171
20041009,0000,122
20041010,0000,157
20041011,0000,190
20041012,0000,146
20041013,0000,182
20041014,0000,162
20041015,0000,158
20041016,0000,157
20041017,0000,117
20041018,0000,182
20041019,0000,332
20041020,0000,382
20041021,0000,319
20041022,0000,296
20041023,0000,200
20041024,0000,243
20041025,0000,238
20041026,0000,325
20041027,0000,307
20041028,0000,259
20041029,0000,232
20041030,0000,226
20041031,0000,243
20041101,0000,290
20041102,0000,233
20041103,0000,254
20041104,0000,238
20041105,0000,258
20041106,0000,243
20041107,0000,223
20041108,0000,215
20041109,0000,271
20041110,0000,259
20041111,0000,262
20041112,0000,260
20041113,0000,247
20041114,0000,270
20041115,0000,252
20041116,0000,248
20041117,0000,252
20041118,0000,235
20041119,0000,228
20041120,0000,279
20041121,0000,177
20041122,0000,209
20041123,0000,223
20041124,0000,225
20041125,0000,233
20041126,0000,221
20041127,0000,213
20041128,0000,325
20041129,0000,230
20041130,0000,194
20041201,0000,213
20041202,0000,238
20041203,0000,170
20041204,0000,216
20041205,0000,236
20041206,0000,184
20041207,0000,345
20041208,0000,266
20041209,0000,252
20041210,0000,290
20041211,0000,268
20041212,0000,255
20041213,0000,277
20041214,0000,250
20041215,0000,268
20041216,0000,252
20041217,0000,219
20041218,0000,244
20041219,0000,242
20041220,0000,209
20041221,0000,258
20041222,0000,233
20041223,0000,232
20041224,0000,204
20041225,0000,219
20041226,0000,238
20041227,0000,313
20041228,0000,438
20041229,0000,420
20041230,0000,317
20041231,0000,468
20050101,0000,331
20050102,0000,312
20050103,0000,335
20050104,0000,372
20050105,0000,354
20050106,0000,355
20050107,0000,393
20050108,0000,397
20050109,0000,2687
20050110,0000,4450
20050111,0000,4390
20050112,0000,2255
20050113,0000,1329
20050114,0000,1073
20050115,0000,910
20050116,0000,834
20050117,0000,846
20050118,0000,816
20050119,0000,787
20050120,0000,834
20050121,0000,936
20050122,0000,966
20050123,0000,874
20050124,0000,917
20050125,0000,1113
20050126,0000,1082
20050127,0000,1159
20050128,0000,1010
20050129,0000,913
20050130,0000,842
20050131,0000,839
20050201,0000,802
20050202,0000,703
20050203,0000,667
20050204,0000,689
20050205,0000,693
20050206,0000,685
20050207,0000,658
20050208,0000,705
20050209,0000,658
20050210,0000,713
20050211,0000,687
20050212,0000,671
20050213,0000,699
20050214,0000,723
20050215,0000,726
20050216,0000,741
20050217,0000,922
20050218,0000,791
20050219,0000,984
20050220,0000,1060
20050221,0000,1025
20050222,0000,1105
20050223,0000,1199
20050224,0000,1150
20050225,0000,1021
20050226,0000,1675
20050227,0000,1274
20050228,0000,729
20050301,0000,751
20050302,0000,802
20050303,0000,918
20050304,0000,849
20050305,0000,882
20050306,0000,895
20050307,0000,923
20050308,0000,930
20050309,0000,990
20050310,0000,1302
20050311,0000,1130
20050312,0000,1150
20050313,0000,1715
20050314,0000,1369
20050315,0000,1536
20050316,0000,1789
20050317,0000,1222
20050318,0000,3309
20050319,0000,1432
20050320,0000,1616
20050321,0000,1490
20050322,0000,1875
20050323,0000,2893
20050324,0000,2115
20050325,0000,1867
20050326,0000,1699
20050327,0000,1679
20050328,0000,1816
20050329,0000,1641
20050330,0000,1740
20050331,0000,1584
20050401,0000,1522
20050402,0000,1622
20050403,0000,1549
20050404,0000,1801
20050405,0000,1709
20050406,0000,1717
20050407,0000,1848
20050408,0000,1962
20050409,0000,2006
20050410,0000,1840
20050411,0000,1773
20050412,0000,1834
20050413,0000,2008
20050414,0000,2028
20050415,0000,2108
20050416,0000,2230
20050417,0000,2482
20050418,0000,2679
20050419,0000,2865
20050420,0000,2715
20050421,0000,2561
20050422,0000,2487
20050423,0000,2471
20050424,0000,2415
20050425,0000,2346
20050426,0000,2367
20050427,0000,2581
20050428,0000,2756
20050429,0000,2586
20050430,0000,2507
20050501,0000,2497
20050502,0000,2850
20050503,0000,3082
20050504,0000,3268
20050505,0000,3757
20050506,0000,3566
20050507,0000,3174
20050508,0000,2944
20050509,0000,3223
20050510,0000,3299
20050511,0000,2947
20050512,0000,2871
20050513,0000,3029
20050514,0000,3369
20050515,0000,3795
20050516,0000,4637
20050517,0000,4856
20050518,0000,4720
20050519,0000,5171
20050520,0000,5637
20050521,0000,5734
20050522,0000,5947
20050523,0000,6228
20050524,0000,6519
20050525,0000,6413
20050526,0000,6895
20050527,0000,7077
20050528,0000,6962
20050529,0000,6713
20050530,0000,6051
20050531,0000,5502
20050601,0000,5956
20050602,0000,6119
20050603,0000,5918
20050604,0000,5371
20050605,0000,4939
20050606,0000,4748
20050607,0000,4215
20050608,0000,3858
20050609,0000,3604
20050610,0000,3778
20050611,0000,3842
20050612,0000,3905
20050613,0000,4154
20050614,0000,4577
20050615,0000,4436
20050616,0000,4437
20050617,0000,3895
20050618,0000,3247
20050619,0000,2900
20050620,0000,3040
20050621,0000,2872
20050622,0000,3223
20050623,0000,3229
20050624,0000,3240
20050625,0000,2937
20050626,0000,2901
20050627,0000,2768
20050628,0000,2624
20050629,0000,2812
20050630,0000,2939
20050701,0000,3187
20050702,0000,3349
20050703,0000,3387
20050704,0000,2969
20050705,0000,2815
20050706,0000,2647
20050707,0000,2806
20050708,0000,2604
20050709,0000,2538
20050710,0000,2248
20050711,0000,2103
20050712,0000,2308
20050713,0000,2192
20050714,0000,2070
20050715,0000,1983
20050716,0000,1798
20050717,0000,1764
20050718,0000,1697
20050719,0000,1666
20050720,0000,1536
20050721,0000,1572
20050722,0000,1555
20050723,0000,1542
20050724,0000,1597
20050725,0000,1455
20050726,0000,1369
20050727,0000,1262
20050728,0000,1042
20050729,0000,1164
20050730,0000,1047
20050731,0000,1049
20050801,0000,1189
20050802,0000,658
20050803,0000,928
20050804,0000,778
20050805,0000,837
20050806,0000,825
20050807,0000,743
20050808,0000,970
20050809,0000,859
20050810,0000,898
20050811,0000,858
20050812,0000,894
20050813,0000,m
20050814,0000,617
20050815,0000,1245
20050816,0000,768
20050817,0000,928
20050818,0000,699
20050819,0000,612
20050820,0000,649
20050821,0000,549
20050822,0000,564
20050823,0000,613
20050824,0000,582
20050825,0000,508
20050826,0000,557
20050827,0000,587
20050828,0000,487
20050829,0000,513
20050830,0000,575
20050831,0000,406
20050901,0000,599
20050902,0000,584
20050903,0000,524
20050904,0000,461
20050905,0000,513
20050906,0000,488
20050907,0000,485
20050908,0000,469
20050909,0000,m
20050910,0000,198
20050911,0000,495
20050912,0000,409
20050913,0000,381
20050914,0000,382
20050915,0000,306
20050916,0000,258
20050917,0000,343
20050918,0000,365
20050919,0000,530
20050920,0000,310
20050921,0000,600
20050922,0000,490
20050923,0000,396
20050924,0000,386
20050925,0000,514
20050926,0000,468
20050927,0000,338
20050928,0000,532
20050929,0000,453
20050930,0000,481
20051001,0000,351
20051002,0000,374
20051003,0000,277
20051004,0000,455
20051005,0000,397
20051006,0000,417
20051007,0000,334
20051008,0000,325
20051009,0000,370
20051010,0000,358
20051011,0000,360
20051012,0000,377
20051013,0000,358
20051014,0000,302
20051015,0000,304
20051016,0000,334
20051017,0000,132
20051018,0000,768
20051019,0000,420
20051020,0000,401
20051021,0000,385
20051022,0000,372
20051023,0000,359
20051024,0000,372
20051025,0000,316
20051026,0000,363
20051027,0000,305
20051028,0000,424
20051029,0000,280
20051030,0000,420
20051031,0000,376
20051101,0000,349
20051102,0000,278
20051103,0000,244
20051104,0000,455
20051105,0000,291
20051106,0000,357
20051107,0000,340
20051108,0000,434
20051109,0000,309
20051110,0000,345
20051111,0000,322
20051112,0000,413
20051113,0000,396
20051114,0000,340
20051115,0000,357
20051116,0000,178
20051117,0000,287
20051118,0000,315
20051119,0000,346
20051120,0000,307
20051121,0000,343
20051122,0000,303
20051123,0000,320
20051124,0000,319
20051125,0000,274
20051126,0000,254
20051127,0000,337
20051128,0000,173
20051129,0000,312
20051130,0000,364
20051201,0000,365
20051202,0000,1111
20051203,0000,937
20051204,0000,515
20051205,0000,442
20051206,0000,445
20051207,0000,402
20051208,0000,412
20051209,0000,405
20051210,0000,458
20051211,0000,352
20051212,0000,370
20051213,0000,408
20051214,0000,400
20051215,0000,332
20051216,0000,352
20051217,0000,312
20051218,0000,549
20051219,0000,693
20051220,0000,542
20051221,0000,446
20051222,0000,466
20051223,0000,582
20051224,0000,446
20051225,0000,385
20051226,0000,580
20051227,0000,522
20051228,0000,376
20051229,0000,613
20051230,0000,419
20051231,0000,971
20060101,0000,1806
20060102,0000,2098
20060103,0000,2044
20060104,0000,1293
20060105,0000,1118
20060106,0000,986
20060107,0000,922
20060108,0000,967
20060109,0000,805
20060110,0000,738
20060111,0000,661
20060112,0000,895
20060113,0000,616
20060114,0000,647
20060115,0000,832
20060116,0000,742
20060117,0000,488
20060118,0000,746
20060119,0000,759
20060120,0000,591
20060121,0000,697
20060122,0000,m
20060123,0000,515
20060124,0000,603
20060125,0000,570
20060126,0000,441
20060127,0000,653
20060128,0000,336
20060129,0000,696
20060130,0000,449
20060131,0000,1204
20060201,0000,419
20060202,0000,598
20060203,0000,698
20060204,0000,599
20060205,0000,733
20060206,0000,626
20060207,0000,523
20060208,0000,623
20060209,0000,574
20060210,0000,582
20060211,0000,570
20060212,0000,584
20060213,0000,623
20060214,0000,597
20060215,0000,513
20060216,0000,553
20060217,0000,620
20060218,0000,588
20060219,0000,535
20060220,0000,511
20060221,0000,528
20060222,0000,533
20060223,0000,562
20060224,0000,603
20060225,0000,545
20060226,0000,577
20060227,0000,2012
20060228,0000,1808
20060301,0000,1464
20060302,0000,1154
20060303,0000,1081
20060304,0000,964
20060305,0000,906
20060306,0000,931
20060307,0000,1077
20060308,0000,992
20060309,0000,817
20060310,0000,1090
20060311,0000,844
20060312,0000,803
20060313,0000,854
20060314,0000,767
20060315,0000,914
20060316,0000,822
20060317,0000,912
20060318,0000,768
20060319,0000,802
20060320,0000,720
20060321,0000,826
20060322,0000,810
20060323,0000,799
20060324,0000,784
20060325,0000,800
20060326,0000,1144
20060327,0000,1034
20060328,0000,1700
20060329,0000,1853
20060330,0000,1431
20060331,0000,1384
20060401,0000,1386
20060402,0000,1248
20060403,0000,1558
20060404,0000,3860
20060405,0000,3397
20060406,0000,2868
20060407,0000,2552
20060408,0000,2457
20060409,0000,2317
20060410,0000,2303
20060411,0000,2100
20060412,0000,1960
20060413,0000,2036
20060414,0000,2087
20060415,0000,2591
20060416,0000,2444
20060417,0000,2363
20060418,0000,2214
20060419,0000,2184
20060420,0000,2372
20060421,0000,2468
20060422,0000,2552
20060423,0000,10617
20060424,0000,2491
20060425,0000,2408
20060426,0000,2515
20060427,0000,2517
20060428,0000,2519
20060429,0000,2842
20060430,0000,3392
20060501,0000,38629
20060502,0000,38186
20060503,0000,4338
20060504,0000,4377
20060505,0000,4110
20060506,0000,4119
20060507,0000,4238
20060508,0000,4514
20060509,0000,4913
20060510,0000,5036
20060511,0000,5468
20060512,0000,5303
20060513,0000,5549
20060514,0000,5902
20060515,0000,6299
20060516,0000,5956
20060517,0000,6100
20060518,0000,5976
20060519,0000,6218
20060520,0000,6056
20060521,0000,5511
20060522,0000,5351
20060523,0000,4347
20060524,0000,4600
20060525,0000,4207
20060526,0000,4177
20060527,0000,4328
20060528,0000,3877
20060529,0000,3550
20060530,0000,3428
20060531,0000,3512
20060601,0000,3884
20060602,0000,4290
20060603,0000,4677
20060604,0000,5135
20060605,0000,5472
20060606,0000,5544
20060607,0000,5294
20060608,0000,4678
20060609,0000,4550
20060610,0000,4331
20060611,0000,4077
20060612,0000,4061
20060613,0000,3500
20060614,0000,3184
20060615,0000,2942
20060616,0000,2997
20060617,0000,3336
20060618,0000,3432
20060619,0000,3689
20060620,0000,3265
20060621,0000,3202
20060622,0000,3207
20060623,0000,3125
20060624,0000,3166
20060625,0000,3276
20060626,0000,2960
20060627,0000,2981
20060628,0000,2812
20060629,0000,2739
20060630,0000,2477
20060701,0000,2554
20060702,0000,2452
20060703,0000,2241
20060704,0000,2144
20060705,0000,2216
20060706,0000,2127
20060707,0000,2011
20060708,0000,1786
20060709,0000,2029
20060710,0000,1777
20060711,0000,1684
20060712,0000,1616
20060713,0000,1573
20060714,0000,1429
20060715,0000,1361
20060716,0000,1382
20060717,0000,1334
20060718,0000,1429
20060719,0000,1395
20060720,0000,1413
20060721,0000,1465
20060722,0000,1705
20060723,0000,1386
20060724,0000,1365
20060725,0000,1365
20060726,0000,1430
20060727,0000,1258
20060728,0000,1353
20060729,0000,1148
20060730,0000,989
20060731,0000,1001
20060801,0000,960
20060802,0000,918
20060803,0000,927
20060804,0000,793
20060805,0000,841
20060806,0000,688
20060807,0000,688
20060808,0000,682
20060809,0000,716
20060810,0000,710
20060811,0000,616
20060812,0000,620
20060813,0000,562
20060814,0000,584
20060815,0000,590
20060816,0000,518
20060817,0000,564
20060818,0000,593
20060819,0000,559
20060820,0000,546
20060821,0000,459
20060822,0000,479
20060823,0000,545
20060824,0000,446
20060825,0000,428
20060826,0000,501
20060827,0000,495
20060828,0000,12591
20060829,0000,400
20060830,0000,426
20060831,0000,434
20060901,0000,469
20060902,0000,454
20060903,0000,436
20060904,0000,365
20060905,0000,404
20060906,0000,416
20060907,0000,434
20060908,0000,396
20060909,0000,347
20060910,0000,374
20060911,0000,355
20060912,0000,433
20060913,0000,352
20060914,0000,217
20060915,0000,162
20060916,0000,514
20060917,0000,371
20060918,0000,342
20060919,0000,318
20060920,0000,299
20060921,0000,251
20060922,0000,445
20060923,0000,317
20060924,0000,357
20060925,0000,300
20060926,0000,345
20060927,0000,2572
20060928,0000,328
20060929,0000,294
20060930,0000,283
20061001,0000,308
20061002,0000,280
20061003,0000,1491
20061004,0000,371
20061005,0000,267
20061006,0000,308
20061007,0000,252
20061008,0000,328
20061009,0000,339
20061010,0000,344
20061011,0000,311
20061012,0000,252
20061013,0000,363
20061014,0000,348
20061015,0000,270
20061016,0000,241
20061017,0000,310
20061018,0000,315
20061019,0000,319
20061020,0000,356
20061021,0000,279
20061022,0000,332
20061023,0000,288
20061024,0000,313
20061025,0000,307
20061026,0000,302
20061027,0000,321
20061028,0000,333
20061029,0000,246
20061030,0000,251
20061031,0000,314
20061101,0000,297
20061102,0000,272
20061103,0000,315
20061104,0000,260
20061105,0000,325
20061106,0000,296
20061107,0000,267
20061108,0000,229
20061109,0000,315
20061110,0000,288
20061111,0000,193
20061112,0000,321
20061113,0000,411
20061114,0000,176
20061115,0000,441
20061116,0000,325
20061117,0000,363
20061118,0000,372
20061119,0000,345
20061120,0000,290
20061121,0000,242
20061122,0000,297
20061123,0000,347
20061124,0000,278
20061125,0000,250
20061126,0000,134
20061127,0000,182
20061128,0000,415
20061129,0000,324
20061130,0000,242
20061201,0000,334
20061202,0000,284
20061203,0000,321
20061204,0000,240
20061205,0000,304
20061206,0000,302
20061207,0000,376
20061208,0000,237
20061209,0000,371
20061210,0000,499
20061211,0000,334
20061212,0000,273
20061213,0000,348
20061214,0000,336
20061215,0000,302
20061216,0000,403
20061217,0000,328
20061218,0000,220
20061219,0000,273
20061220,0000,252
20061221,0000,210
20061222,0000,564
20061223,0000,308
20061224,0000,311
20061225,0000,310
20061226,0000,316
20061227,0000,465
20061228,0000,379
20061229,0000,378
20061230,0000,317
20061231,0000,231
20070101,0000,370
20070102,0000,352
20070103,0000,252
20070104,0000,296
20070105,0000,558
20070106,0000,378
20070107,0000,356
20070108,0000,373
20070109,0000,318
20070110,0000,265
20070111,0000,m

