Date,PST,Outflow
19931001,0000,967
19931002,0000,929
19931003,0000,931
19931004,0000,933
19931005,0000,869
19931006,0000,831
19931007,0000,813
19931008,0000,769
19931009,0000,737
19931010,0000,714
19931011,0000,694
19931012,0000,630
19931013,0000,531
19931014,0000,372
19931015,0000,331
19931016,0000,m
19931017,0000,319
19931018,0000,372
19931019,0000,404
19931020,0000,401
19931021,0000,399
19931022,0000,381
19931023,0000,360
19931024,0000,379
19931025,0000,384
19931026,0000,400
19931027,0000,423
19931028,0000,426
19931029,0000,m
19931030,0000,408
19931031,0000,321
19931101,0000,288
19931102,0000,246
19931103,0000,225
19931104,0000,226
19931105,0000,216
19931106,0000,202
19931107,0000,220
19931108,0000,194
19931109,0000,186
19931110,0000,200
19931111,0000,219
19931112,0000,218
19931113,0000,218
19931114,0000,220
19931115,0000,219
19931116,0000,216
19931117,0000,215
19931118,0000,215
19931119,0000,215
19931120,0000,225
19931121,0000,241
19931122,0000,241
19931123,0000,240
19931124,0000,240
19931125,0000,240
19931126,0000,255
19931127,0000,277
19931128,0000,275
19931129,0000,291
19931130,0000,313
19931201,0000,303
19931202,0000,313
19931203,0000,333
19931204,0000,316
19931205,0000,305
19931206,0000,305
19931207,0000,314
19931208,0000,324
19931209,0000,319
19931210,0000,289
19931211,0000,254
19931212,0000,250
19931213,0000,245
19931214,0000,245
19931215,0000,245
19931216,0000,245
19931217,0000,245
19931218,0000,262
19931219,0000,271
19931220,0000,260
19931221,0000,260
19931222,0000,266
19931223,0000,271
19931224,0000,272
19931225,0000,272
19931226,0000,272
19931227,0000,272
19931228,0000,272
19931229,0000,272
19931230,0000,272
19931231,0000,272
19940101,0000,m
19940102,0000,284
19940103,0000,284
19940104,0000,284
19940105,0000,285
19940106,0000,278
19940107,0000,269
19940108,0000,269
19940109,0000,269
19940110,0000,269
19940111,0000,269
19940112,0000,269
19940113,0000,269
19940114,0000,276
19940115,0000,285
19940116,0000,285
19940117,0000,285
19940118,0000,285
19940119,0000,285
19940120,0000,285
19940121,0000,285
19940122,0000,285
19940123,0000,352
19940124,0000,414
19940125,0000,390
19940126,0000,334
19940127,0000,321
19940128,0000,320
19940129,0000,320
19940130,0000,369
19940131,0000,495
19940201,0000,634
19940202,0000,685
19940203,0000,688
19940204,0000,656
19940205,0000,616
19940206,0000,592
19940207,0000,479
19940208,0000,m
19940209,0000,325
19940210,0000,335
19940211,0000,348
19940212,0000,337
19940213,0000,326
19940214,0000,318
19940215,0000,336
19940216,0000,361
19940217,0000,362
19940218,0000,371
19940219,0000,382
19940220,0000,m
19940221,0000,m
19940222,0000,586
19940223,0000,586
19940224,0000,567
19940225,0000,568
19940226,0000,629
19940227,0000,700
19940228,0000,787
19940301,0000,878
19940302,0000,947
19940303,0000,979
19940304,0000,986
19940305,0000,938
19940306,0000,819
19940307,0000,694
19940308,0000,659
19940309,0000,633
19940310,0000,626
19940311,0000,584
19940312,0000,548
19940313,0000,582
19940314,0000,639
19940315,0000,682
19940316,0000,684
19940317,0000,628
19940318,0000,578
19940319,0000,559
19940320,0000,633
19940321,0000,657
19940322,0000,633
19940323,0000,585
19940324,0000,535
19940325,0000,501
19940326,0000,488
19940327,0000,532
19940328,0000,625
19940329,0000,718
19940330,0000,766
19940331,0000,713
19940401,0000,607
19940402,0000,551
19940403,0000,656
19940404,0000,681
19940405,0000,709
19940406,0000,780
19940407,0000,800
19940408,0000,741
19940409,0000,634
19940410,0000,m
19940411,0000,603
19940412,0000,603
19940413,0000,661
19940414,0000,741
19940415,0000,745
19940416,0000,733
19940417,0000,774
19940418,0000,824
19940419,0000,849
19940420,0000,859
19940421,0000,842
19940422,0000,781
19940423,0000,703
19940424,0000,698
19940425,0000,719
19940426,0000,671
19940427,0000,596
19940428,0000,608
19940429,0000,552
19940430,0000,448
19940501,0000,436
19940502,0000,426
19940503,0000,439
19940504,0000,528
19940505,0000,628
19940506,0000,601
19940507,0000,409
19940508,0000,428
19940509,0000,465
19940510,0000,446
19940511,0000,438
19940512,0000,519
19940513,0000,576
19940514,0000,602
19940515,0000,605
19940516,0000,597
19940517,0000,562
19940518,0000,526
19940519,0000,m
19940520,0000,569
19940521,0000,415
19940522,0000,479
19940523,0000,514
19940524,0000,603
19940525,0000,735
19940526,0000,798
19940527,0000,804
19940528,0000,829
19940529,0000,956
19940530,0000,1016
19940531,0000,990
19940601,0000,909
19940602,0000,936
19940603,0000,986
19940604,0000,993
19940605,0000,1021
19940606,0000,1064
19940607,0000,1168
19940608,0000,1274
19940609,0000,1315
19940610,0000,1300
19940611,0000,1215
19940612,0000,1210
19940613,0000,1199
19940614,0000,1266
19940615,0000,1318
19940616,0000,1273
19940617,0000,1241
19940618,0000,1191
19940619,0000,1186
19940620,0000,1243
19940621,0000,1287
19940622,0000,1267
19940623,0000,1210
19940624,0000,1172
19940625,0000,1136
19940626,0000,1123
19940627,0000,1134
19940628,0000,1174
19940629,0000,1272
19940630,0000,1295
19940701,0000,1292
19940702,0000,1300
19940703,0000,1297
19940704,0000,1291
19940705,0000,1235
19940706,0000,1219
19940707,0000,1270
19940708,0000,1318
19940709,0000,1351
19940710,0000,1351
19940711,0000,1325
19940712,0000,1308
19940713,0000,1331
19940714,0000,1317
19940715,0000,1279
19940716,0000,1265
19940717,0000,1265
19940718,0000,1276
19940719,0000,m
19940720,0000,1245
19940721,0000,1176
19940722,0000,1142
19940723,0000,1059
19940724,0000,1033
19940725,0000,1090
19940726,0000,1086
19940727,0000,1056
19940728,0000,m
19940729,0000,1152
19940730,0000,1099
19940731,0000,1134
19940801,0000,1181
19940802,0000,1214
19940803,0000,1194
19940804,0000,1154
19940805,0000,m
19940806,0000,m
19940807,0000,1146
19940808,0000,1158
19940809,0000,1172
19940810,0000,1168
19940811,0000,1133
19940812,0000,1061
19940813,0000,948
19940814,0000,936
19940815,0000,973
19940816,0000,955
19940817,0000,934
19940818,0000,804
19940819,0000,710
19940820,0000,648
19940821,0000,591
19940822,0000,592
19940823,0000,647
19940824,0000,662
19940825,0000,637
19940826,0000,589
19940827,0000,489
19940828,0000,461
19940829,0000,461
19940830,0000,452
19940831,0000,469
19940901,0000,468
19940902,0000,456
19940903,0000,432
19940904,0000,419
19940905,0000,409
19940906,0000,381
19940907,0000,360
19940908,0000,m
19940909,0000,m
19940910,0000,m
19940911,0000,278
19940912,0000,241
19940913,0000,230
19940914,0000,247
19940915,0000,249
19940916,0000,206
19940917,0000,194
19940918,0000,199
19940919,0000,236
19940920,0000,254
19940921,0000,246
19940922,0000,226
19940923,0000,207
19940924,0000,185
19940925,0000,169
19940926,0000,159
19940927,0000,175
19940928,0000,197
19940929,0000,209
19940930,0000,211
19941001,0000,202
19941002,0000,224
19941003,0000,224
19941004,0000,223
19941005,0000,223
19941006,0000,223
19941007,0000,223
19941008,0000,224
19941009,0000,223
19941010,0000,224
19941011,0000,m
19941012,0000,224
19941013,0000,224
19941014,0000,224
19941015,0000,224
19941016,0000,224
19941017,0000,223
19941018,0000,222
19941019,0000,m
19941020,0000,225
19941021,0000,225
19941022,0000,225
19941023,0000,225
19941024,0000,224
19941025,0000,223
19941026,0000,224
19941027,0000,225
19941028,0000,m
19941029,0000,225
19941030,0000,225
19941031,0000,225
19941101,0000,224
19941102,0000,224
19941103,0000,216
19941104,0000,195
19941105,0000,185
19941106,0000,175
19941107,0000,164
19941108,0000,186
19941109,0000,198
19941110,0000,198
19941111,0000,209
19941112,0000,226
19941113,0000,196
19941114,0000,172
19941115,0000,172
19941116,0000,172
19941117,0000,172
19941118,0000,174
19941119,0000,176
19941120,0000,176
19941121,0000,176
19941122,0000,192
19941123,0000,209
19941124,0000,221
19941125,0000,224
19941126,0000,224
19941127,0000,224
19941128,0000,210
19941129,0000,199
19941130,0000,201
19941201,0000,201
19941202,0000,214
19941203,0000,224
19941204,0000,224
19941205,0000,224
19941206,0000,224
19941207,0000,225
19941208,0000,239
19941209,0000,252
19941210,0000,245
19941211,0000,245
19941212,0000,254
19941213,0000,262
19941214,0000,256
19941215,0000,256
19941216,0000,236
19941217,0000,224
19941218,0000,224
19941219,0000,218
19941220,0000,201
19941221,0000,203
19941222,0000,220
19941223,0000,223
19941224,0000,225
19941225,0000,226
19941226,0000,225
19941227,0000,225
19941228,0000,225
19941229,0000,225
19941230,0000,225
19941231,0000,225
19950101,0000,225
19950102,0000,225
19950103,0000,225
19950104,0000,226
19950105,0000,227
19950106,0000,227
19950107,0000,227
19950108,0000,229
19950109,0000,227
19950110,0000,226
19950111,0000,226
19950112,0000,236
19950113,0000,239
19950114,0000,240
19950115,0000,240
19950116,0000,240
19950117,0000,238
19950118,0000,238
19950119,0000,246
19950120,0000,261
19950121,0000,270
19950122,0000,260
19950123,0000,257
19950124,0000,262
19950125,0000,260
19950126,0000,260
19950127,0000,261
19950128,0000,263
19950129,0000,262
19950130,0000,261
19950131,0000,261
19950201,0000,261
19950202,0000,261
19950203,0000,261
19950204,0000,260
19950205,0000,260
19950206,0000,261
19950207,0000,260
19950208,0000,260
19950209,0000,262
19950210,0000,362
19950211,0000,362
19950212,0000,359
19950213,0000,360
19950214,0000,360
19950215,0000,360
19950216,0000,349
19950217,0000,349
19950218,0000,338
19950219,0000,340
19950220,0000,340
19950221,0000,340
19950222,0000,343
19950223,0000,340
19950224,0000,338
19950225,0000,341
19950226,0000,340
19950227,0000,339
19950228,0000,339
19950301,0000,416
19950302,0000,593
19950303,0000,595
19950304,0000,595
19950305,0000,595
19950306,0000,595
19950307,0000,597
19950308,0000,602
19950309,0000,603
19950310,0000,603
19950311,0000,604
19950312,0000,602
19950313,0000,601
19950314,0000,603
19950315,0000,604
19950316,0000,603
19950317,0000,601
19950318,0000,601
19950319,0000,600
19950320,0000,597
19950321,0000,596
19950322,0000,701
19950323,0000,701
19950324,0000,955
19950325,0000,982
19950326,0000,1072
19950327,0000,1141
19950328,0000,1218
19950329,0000,1268
19950330,0000,1268
19950331,0000,1272
19950401,0000,1276
19950402,0000,1320
19950403,0000,1320
19950404,0000,1465
19950405,0000,1465
19950406,0000,1756
19950407,0000,1793
19950408,0000,1797
19950409,0000,1796
19950410,0000,1816
19950411,0000,1895
19950412,0000,1995
19950413,0000,2028
19950414,0000,1926
19950415,0000,1754
19950416,0000,1736
19950417,0000,1811
19950418,0000,1804
19950419,0000,1750
19950420,0000,1653
19950421,0000,1647
19950422,0000,1755
19950423,0000,1821
19950424,0000,1904
19950425,0000,1988
19950426,0000,2156
19950427,0000,2275
19950428,0000,2252
19950429,0000,2177
19950430,0000,2181
19950501,0000,2198
19950502,0000,2135
19950503,0000,2092
19950504,0000,2095
19950505,0000,2035
19950506,0000,1985
19950507,0000,1980
19950508,0000,2019
19950509,0000,2092
19950510,0000,2214
19950511,0000,2259
19950512,0000,2296
19950513,0000,2269
19950514,0000,2267
19950515,0000,2134
19950516,0000,1702
19950517,0000,1600
19950518,0000,1733
19950519,0000,1866
19950520,0000,1960
19950521,0000,1983
19950522,0000,2022
19950523,0000,2023
19950524,0000,2057
19950525,0000,2098
19950526,0000,2080
19950527,0000,2048
19950528,0000,2092
19950529,0000,2262
19950530,0000,2434
19950531,0000,2630
19950601,0000,m
19950602,0000,2836
19950603,0000,2650
19950604,0000,2619
19950605,0000,2636
19950606,0000,2479
19950607,0000,2411
19950608,0000,2464
19950609,0000,2449
19950610,0000,2369
19950611,0000,2457
19950612,0000,2681
19950613,0000,2892
19950614,0000,3081
19950615,0000,3195
19950616,0000,3075
19950617,0000,2773
19950618,0000,2725
19950619,0000,2775
19950620,0000,2851
19950621,0000,3046
19950622,0000,3397
19950623,0000,3520
19950624,0000,3467
19950625,0000,3448
19950626,0000,m
19950627,0000,3554
19950628,0000,3718
19950629,0000,3549
19950630,0000,3370
19950701,0000,3147
19950702,0000,3023
19950703,0000,2896
19950704,0000,2687
19950705,0000,2712
19950706,0000,2767
19950707,0000,2849
19950708,0000,2933
19950709,0000,2952
19950710,0000,2984
19950711,0000,m
19950712,0000,2893
19950713,0000,2941
19950714,0000,3003
19950715,0000,3093
19950716,0000,3176
19950717,0000,3250
19950718,0000,3219
19950719,0000,3217
19950720,0000,3328
19950721,0000,3244
19950722,0000,2868
19950723,0000,2876
19950724,0000,2970
19950725,0000,3025
19950726,0000,3181
19950727,0000,3244
19950728,0000,3165
19950729,0000,3070
19950730,0000,3026
19950731,0000,3111
19950801,0000,3234
19950802,0000,3373
19950803,0000,3605
19950804,0000,3685
19950805,0000,3596
19950806,0000,3618
19950807,0000,3656
19950808,0000,3701
19950809,0000,3629
19950810,0000,3601
19950811,0000,m
19950812,0000,m
19950813,0000,3411
19950814,0000,3438
19950815,0000,3389
19950816,0000,3529
19950817,0000,3583
19950818,0000,m
19950819,0000,3223
19950820,0000,3064
19950821,0000,3031
19950822,0000,2845
19950823,0000,m
19950824,0000,m
19950825,0000,m
19950826,0000,m
19950827,0000,m
19950828,0000,2483
19950829,0000,2466
19950830,0000,2375
19950831,0000,2251
19950901,0000,m
19950902,0000,2010
19950903,0000,1922
19950904,0000,1884
19950905,0000,1934
19950906,0000,1918
19950907,0000,1879
19950908,0000,1825
19950909,0000,m
19950910,0000,1802
19950911,0000,1871
19950912,0000,1829
19950913,0000,1820
19950914,0000,1808
19950915,0000,1760
19950916,0000,1713
19950917,0000,1733
19950918,0000,1777
19950919,0000,1764
19950920,0000,1690
19950921,0000,1514
19950922,0000,1426
19950923,0000,1328
19950924,0000,1316
19950925,0000,1461
19950926,0000,1542
19950927,0000,1538
19950928,0000,1527
19950929,0000,1408
19950930,0000,m
19951001,0000,m
19951002,0000,m
19951003,0000,1306
19951004,0000,1156
19951005,0000,1206
19951006,0000,1216
19951007,0000,1142
19951008,0000,1113
19951009,0000,1080
19951010,0000,1021
19951011,0000,993
19951012,0000,972
19951013,0000,921
19951014,0000,881
19951015,0000,896
19951016,0000,943
19951017,0000,925
19951018,0000,917
19951019,0000,1060
19951020,0000,1164
19951021,0000,m
19951022,0000,m
19951023,0000,1398
19951024,0000,m
19951025,0000,1363
19951026,0000,1275
19951027,0000,1235
19951028,0000,1131
19951029,0000,1146
19951030,0000,1217
19951031,0000,1176
19951101,0000,1081
19951102,0000,959
19951103,0000,802
19951104,0000,759
19951105,0000,780
19951106,0000,891
19951107,0000,874
19951108,0000,884
19951109,0000,940
19951110,0000,957
19951111,0000,969
19951112,0000,1005
19951113,0000,1031
19951114,0000,1044
19951115,0000,1064
19951116,0000,1087
19951117,0000,1072
19951118,0000,1018
19951119,0000,979
19951120,0000,987
19951121,0000,987
19951122,0000,971
19951123,0000,964
19951124,0000,m
19951125,0000,948
19951126,0000,938
19951127,0000,966
19951128,0000,871
19951129,0000,734
19951130,0000,669
19951201,0000,486
19951202,0000,m
19951203,0000,361
19951204,0000,503
19951205,0000,m
19951206,0000,449
19951207,0000,426
19951208,0000,397
19951209,0000,345
19951210,0000,347
19951211,0000,332
19951212,0000,321
19951213,0000,380
19951214,0000,m
19951215,0000,414
19951216,0000,414
19951217,0000,414
19951218,0000,413
19951219,0000,413
19951220,0000,412
19951221,0000,412
19951222,0000,412
19951223,0000,413
19951224,0000,414
19951225,0000,411
19951226,0000,411
19951227,0000,410
19951228,0000,410
19951229,0000,410
19951230,0000,409
19951231,0000,411
19960101,0000,412
19960102,0000,412
19960103,0000,411
19960104,0000,411
19960105,0000,412
19960106,0000,413
19960107,0000,412
19960108,0000,m
19960109,0000,413
19960110,0000,414
19960111,0000,414
19960112,0000,414
19960113,0000,m
19960114,0000,m
19960115,0000,411
19960116,0000,414
19960117,0000,416
19960118,0000,416
19960119,0000,416
19960120,0000,m
19960121,0000,415
19960122,0000,414
19960123,0000,413
19960124,0000,413
19960125,0000,412
19960126,0000,412
19960127,0000,413
19960128,0000,413
19960129,0000,414
19960130,0000,414
19960131,0000,414
19960201,0000,414
19960203,0000,416
19960204,0000,417
19960205,0000,412
19960206,0000,410
19960207,0000,412
19960210,0000,411
19960211,0000,409
19960212,0000,412
19960214,0000,410
19960215,0000,411
19960216,0000,413
19960217,0000,413
19960218,0000,413
19960219,0000,411
19960220,0000,413
19960221,0000,410
19960222,0000,412
19960223,0000,414
19960224,0000,412
19960225,0000,410
19960226,0000,411
19960227,0000,413
19960228,0000,413
19960229,0000,477
19960301,0000,588
19960302,0000,603
19960303,0000,605
19960304,0000,604
19960305,0000,604
19960306,0000,606
19960307,0000,609
19960308,0000,603
19960309,0000,601
19960310,0000,604
19960311,0000,606
19960312,0000,606
19960313,0000,589
19960314,0000,582
19960315,0000,584
19960316,0000,584
19960317,0000,586
19960318,0000,639
19960319,0000,697
19960320,0000,708
19960321,0000,726
19960322,0000,672
19960324,0000,614
19960325,0000,657
19960326,0000,715
19960327,0000,760
19960328,0000,730
19960329,0000,657
19960330,0000,634
19960331,0000,643
19960401,0000,734
19960402,0000,741
19960403,0000,677
19960404,0000,m
19960405,0000,599
19960406,0000,589
19960407,0000,m
19960408,0000,865
19960409,0000,991
19960410,0000,1042
19960411,0000,993
19960412,0000,983
19960413,0000,948
19960414,0000,920
19960415,0000,898
19960416,0000,868
19960417,0000,847
19960418,0000,843
19960419,0000,887
19960420,0000,888
19960421,0000,890
19960422,0000,951
19960423,0000,1023
19960424,0000,1075
19960425,0000,1083
19960426,0000,1105
19960427,0000,1111
19960428,0000,1162
19960429,0000,1215
19960430,0000,1355
19960501,0000,m
19960502,0000,1809
19960503,0000,1808
19960504,0000,m
19960505,0000,1790
19960506,0000,1876
19960507,0000,1926
19960508,0000,1853
19960509,0000,1848
19960510,0000,1864
19960511,0000,1807
19960512,0000,1805
19960513,0000,1991
19960514,0000,2175
19960515,0000,2309
19960516,0000,2684
19960517,0000,m
19960518,0000,2797
19960519,0000,2838
19960520,0000,2943
19960521,0000,2969
19960522,0000,2960
19960523,0000,2967
19960524,0000,2902
19960525,0000,2628
19960526,0000,2539
19960527,0000,2517
19960528,0000,2483
19960529,0000,2301
19960530,0000,2272
19960531,0000,2304
19960601,0000,2238
19960602,0000,2323
19960603,0000,2479
19960604,0000,2471
19960605,0000,2548
19960606,0000,2680
19960607,0000,2771
19960608,0000,2716
19960609,0000,2690
19960610,0000,2734
19960611,0000,2774
19960612,0000,2827
19960613,0000,2866
19960614,0000,2740
19960615,0000,2474
19960616,0000,2393
19960617,0000,2517
19960618,0000,2557
19960619,0000,2330
19960620,0000,m
19960621,0000,2375
19960622,0000,2418
19960623,0000,2432
19960624,0000,2468
19960625,0000,2453
19960626,0000,2442
19960627,0000,m
19960628,0000,2299
19960629,0000,2182
19960630,0000,2207
19960701,0000,2272
19960702,0000,2318
19960703,0000,2460
19960704,0000,2519
19960705,0000,2569
19960706,0000,2573
19960707,0000,2560
19960708,0000,2613
19960709,0000,2617
19960710,0000,2566
19960711,0000,2587
19960712,0000,m
19960713,0000,2319
19960714,0000,m
19960715,0000,2407
19960716,0000,2347
19960717,0000,2383
19960718,0000,2418
19960719,0000,2367
19960720,0000,2209
19960721,0000,2190
19960722,0000,2304
19960723,0000,m
19960724,0000,m
19960725,0000,m
19960726,0000,2339
19960727,0000,2165
19960728,0000,2045
19960729,0000,2054
19960730,0000,2052
19960731,0000,2068
19960801,0000,2086
19960802,0000,2021
19960803,0000,1983
19960804,0000,m
19960805,0000,1946
19960806,0000,2094
19960807,0000,2155
19960808,0000,m
19960809,0000,m
19960810,0000,m
19960811,0000,m
19960812,0000,m
19960813,0000,m
19960814,0000,m
19960815,0000,m
19960816,0000,m
19960817,0000,m
19960818,0000,m
19960819,0000,m
19960820,0000,m
19960821,0000,m
19960822,0000,1644
19960823,0000,1542
19960824,0000,1505
19960825,0000,1527
19960826,0000,1532
19960827,0000,1496
19960828,0000,1486
19960829,0000,1465
19960830,0000,1366
19960831,0000,1220
19960901,0000,1098
19960902,0000,1147
19960903,0000,1229
19960904,0000,1272
19960905,0000,1317
19960906,0000,1286
19960907,0000,1189
19960908,0000,1146
19960909,0000,1171
19960910,0000,1157
19960911,0000,1174
19960912,0000,1186
19960913,0000,1117
19960914,0000,1034
19960915,0000,1060
19960916,0000,1142
19960917,0000,1070
19960918,0000,996
19960919,0000,1051
19960920,0000,1053
19960921,0000,965
19960922,0000,927
19960923,0000,981
19960924,0000,1037
19960925,0000,1062
19960926,0000,1024
19960927,0000,961
19960928,0000,925
19960929,0000,899
19960930,0000,861
19961001,0000,791
19961002,0000,775
19961003,0000,762
19961004,0000,732
19961005,0000,663
19961006,0000,685
19961007,0000,763
19961008,0000,865
19961009,0000,940
19961010,0000,m
19961011,0000,1022
19961012,0000,939
19961013,0000,914
19961014,0000,942
19961015,0000,938
19961016,0000,898
19961017,0000,854
19961018,0000,766
19961019,0000,635
19961020,0000,632
19961021,0000,615
19961022,0000,552
19961023,0000,545
19961024,0000,546
19961025,0000,510
19961026,0000,429
19961027,0000,414
19961028,0000,430
19961029,0000,430
19961030,0000,402
19961031,0000,329
19961101,0000,282
19961102,0000,284
19961103,0000,286
19961104,0000,286
19961105,0000,316
19961106,0000,437
19961107,0000,m
19961108,0000,501
19961109,0000,499
19961110,0000,510
19961111,0000,512
19961112,0000,500
19961113,0000,493
19961114,0000,487
19961115,0000,502
19961116,0000,501
19961117,0000,500
19961118,0000,m
19961119,0000,605
19961120,0000,626
19961121,0000,626
19961122,0000,601
19961123,0000,604
19961124,0000,599
19961125,0000,897
19961126,0000,m
19961127,0000,1888
19961128,0000,2053
19961129,0000,2047
19961130,0000,2046
19961201,0000,2048
19961202,0000,1333
19961203,0000,525
19961204,0000,539
19961205,0000,496
19961206,0000,322
19961207,0000,203
19961208,0000,370
19961209,0000,631
19961210,0000,604
19961211,0000,684
19961212,0000,1295
19961213,0000,1824
19961214,0000,1974
19961215,0000,2004
19961216,0000,2035
19961217,0000,2138
19961218,0000,2223
19961219,0000,2255
19961220,0000,2256
19961221,0000,2142
19961222,0000,1499
19961223,0000,877
19961224,0000,922
19961225,0000,927
19961226,0000,928
19961227,0000,948
19961228,0000,978
19961229,0000,977
19961230,0000,1063
19961231,0000,1491
19970101,0000,1819
19970102,0000,1757
19970103,0000,762
19970104,0000,710
19970105,0000,696
19970106,0000,697
19970107,0000,658
19970108,0000,595
19970109,0000,585
19970110,0000,572
19970111,0000,571
19970112,0000,572
19970113,0000,562
19970114,0000,564
19970115,0000,567
19970116,0000,568
19970117,0000,566
19970118,0000,563
19970119,0000,561
19970120,0000,560
19970121,0000,563
19970122,0000,561
19970123,0000,677
19970124,0000,765
19970125,0000,764
19970126,0000,767
19970127,0000,768
19970128,0000,844
19970129,0000,1132
19970130,0000,1639
19970131,0000,1789
19970201,0000,1783
19970202,0000,1784
19970203,0000,1854
19970204,0000,1996
19970205,0000,1998
19970206,0000,1997
19970207,0000,1999
19970208,0000,2001
19970209,0000,2000
19970210,0000,2056
19970211,0000,2278
19970212,0000,2390
19970213,0000,2396
19970214,0000,2381
19970215,0000,2451
19970216,0000,2435
19970217,0000,2447
19970218,0000,2366
19970219,0000,2474
19970220,0000,2665
19970221,0000,2759
19970222,0000,2759
19970223,0000,2791
19970224,0000,2945
19970225,0000,2866
19970226,0000,3041
19970227,0000,3030
19970228,0000,3077
19970301,0000,3074
19970302,0000,3112
19970303,0000,3211
19970304,0000,3274
19970305,0000,3241
19970306,0000,2947
19970307,0000,2876
19970308,0000,2816
19970309,0000,2716
19970310,0000,2688
19970311,0000,2591
19970312,0000,2593
19970313,0000,2516
19970314,0000,2390
19970315,0000,2220
19970316,0000,2224
19970317,0000,2289
19970318,0000,2364
19970319,0000,2386
19970320,0000,2407
19970321,0000,2398
19970322,0000,2302
19970323,0000,2152
19970324,0000,2053
19970325,0000,2060
19970326,0000,2047
19970327,0000,1985
19970328,0000,1921
19970329,0000,1753
19970330,0000,1788
19970331,0000,1949
19970401,0000,1961
19970402,0000,2067
19970403,0000,2031
19970404,0000,1902
19970405,0000,1790
19970406,0000,1661
19970407,0000,1756
19970408,0000,1849
19970409,0000,1877
19970410,0000,1803
19970411,0000,1604
19970412,0000,1349
19970413,0000,1346
19970414,0000,1497
19970415,0000,1558
19970416,0000,1557
19970417,0000,1545
19970418,0000,1494
19970419,0000,1439
19970420,0000,1461
19970421,0000,1489
19970422,0000,1471
19970423,0000,1471
19970424,0000,1489
19970425,0000,1522
19970426,0000,1490
19970427,0000,1393
19970428,0000,1366
19970429,0000,1419
19970430,0000,1432
19970501,0000,1457
19970502,0000,1532
19970503,0000,1648
19970504,0000,1648
19970505,0000,1648
19970506,0000,1528
19970507,0000,1566
19970508,0000,1620
19970509,0000,1666
19970510,0000,1680
19970511,0000,1567
19970512,0000,1666
19970513,0000,1570
19970514,0000,1616
19970515,0000,1677
19970516,0000,1797
19970517,0000,1821
19970518,0000,1764
19970519,0000,1738
19970520,0000,1884
19970521,0000,2152
19970522,0000,2529
19970523,0000,2660
19970524,0000,2529
19970525,0000,2366
19970526,0000,2325
19970527,0000,2375
19970528,0000,2363
19970529,0000,2353
19970530,0000,2290
19970531,0000,2276
19970601,0000,2287
19970602,0000,2164
19970603,0000,2219
19970604,0000,2016
19970605,0000,2051
19970606,0000,2251
19970607,0000,2337
19970608,0000,2456
19970609,0000,2511
19970610,0000,2567
19970611,0000,2273
19970612,0000,2132
19970613,0000,2173
19970614,0000,2193
19970615,0000,1889
19970616,0000,1789
19970617,0000,1872
19970618,0000,2179
19970619,0000,2207
19970620,0000,2207
19970621,0000,2112
19970622,0000,2112
19970623,0000,2232
19970624,0000,2109
19970625,0000,2145
19970626,0000,2202
19970627,0000,2206
19970628,0000,2178
19970629,0000,2124
19970630,0000,2124
19970701,0000,2139
19970702,0000,2140
19970703,0000,2136
19970704,0000,2096
19970705,0000,1971
19970706,0000,1971
19970707,0000,2096
19970708,0000,2186
19970709,0000,2176
19970710,0000,2186
19970711,0000,2385
19970712,0000,2418
19970713,0000,2121
19970714,0000,2279
19970715,0000,2168
19970716,0000,2295
19970717,0000,2387
19970718,0000,2267
19970719,0000,2068
19970720,0000,2050
19970721,0000,2167
19970722,0000,2296
19970723,0000,2333
19970724,0000,2167
19970725,0000,2081
19970726,0000,1992
19970727,0000,2021
19970728,0000,2053
19970729,0000,2028
19970730,0000,2074
19970731,0000,2093
19970801,0000,2120
19970802,0000,2112
19970803,0000,2119
19970804,0000,2187
19970805,0000,2234
19970806,0000,2188
19970807,0000,2165
19970808,0000,2165
19970809,0000,2163
19970810,0000,2098
19970811,0000,2110
19970812,0000,2018
19970813,0000,1909
19970814,0000,1797
19970815,0000,1782
19970816,0000,1661
19970817,0000,1754
19970818,0000,1839
19970819,0000,1819
19970820,0000,1798
19970821,0000,1688
19970822,0000,1658
19970823,0000,1605
19970824,0000,1540
19970825,0000,1494
19970826,0000,1458
19970827,0000,1454
19970828,0000,1363
19970829,0000,1184
19970830,0000,1077
19970831,0000,1073
19970901,0000,1175
19970902,0000,1181
19970903,0000,1169
19970904,0000,1119
19970905,0000,1043
19970906,0000,891
19970907,0000,967
19970908,0000,1067
19970909,0000,1111
19970910,0000,1153
19970911,0000,1156
19970912,0000,1058
19970913,0000,831
19970914,0000,807
19970915,0000,863
19970916,0000,891
19970917,0000,848
19970918,0000,799
19970919,0000,777
19970920,0000,723
19970921,0000,683
19970922,0000,690
19970923,0000,750
19970924,0000,741
19970925,0000,720
19970926,0000,694
19970927,0000,658
19970928,0000,661
19970929,0000,734
19970930,0000,778
19971001,0000,805
19971002,0000,757
19971003,0000,630
19971004,0000,493
19971005,0000,459
19971006,0000,457
19971007,0000,469
19971008,0000,482
19971009,0000,519
19971010,0000,552
19971011,0000,538
19971012,0000,603
19971013,0000,701
19971014,0000,680
19971015,0000,707
19971016,0000,692
19971017,0000,651
19971018,0000,645
19971019,0000,673
19971020,0000,683
19971021,0000,677
19971022,0000,668
19971023,0000,636
19971024,0000,886
19971025,0000,886
19971026,0000,1076
19971027,0000,1028
19971028,0000,964
19971029,0000,1009
19971030,0000,1027
19971031,0000,906
19971101,0000,746
19971102,0000,770
19971103,0000,829
19971104,0000,876
19971105,0000,911
19971106,0000,907
19971107,0000,925
19971108,0000,941
19971109,0000,922
19971110,0000,925
19971111,0000,911
19971112,0000,904
19971113,0000,912
19971114,0000,880
19971115,0000,915
19971116,0000,858
19971117,0000,820
19971118,0000,806
19971119,0000,847
19971120,0000,812
19971121,0000,830
19971122,0000,846
19971123,0000,859
19971124,0000,834
19971125,0000,723
19971126,0000,635
19971127,0000,569
19971128,0000,566
19971129,0000,566
19971130,0000,574
19971201,0000,499
19971202,0000,413
19971203,0000,373
19971204,0000,383
19971205,0000,413
19971206,0000,410
19971207,0000,410
19971208,0000,410
19971209,0000,410
19971210,0000,425
19971211,0000,472
19971212,0000,502
19971213,0000,488
19971214,0000,480
19971215,0000,467
19971216,0000,481
19971217,0000,521
19971218,0000,521
19971219,0000,440
19971220,0000,399
19971221,0000,405
19971222,0000,370
19971223,0000,339
19971224,0000,325
19971225,0000,311
19971226,0000,311
19971227,0000,468
19971228,0000,m
19971229,0000,752
19971230,0000,570
19971231,0000,343
19980101,0000,343
19980102,0000,343
19980103,0000,343
19980104,0000,343
19980105,0000,383
19980106,0000,416
19980107,0000,397
19980108,0000,384
19980109,0000,384
19980110,0000,384
19980111,0000,384
19980112,0000,405
19980113,0000,544
19980114,0000,684
19980115,0000,652
19980116,0000,729
19980117,0000,940
19980118,0000,1156
19980119,0000,1404
19980120,0000,1341
19980121,0000,1094
19980122,0000,844
19980123,0000,721
19980124,0000,696
19980125,0000,664
19980126,0000,639
19980127,0000,713
19980128,0000,778
19980129,0000,743
19980130,0000,722
19980131,0000,693
19980201,0000,676
19980202,0000,772
19980203,0000,1079
19980204,0000,1251
19980205,0000,1302
19980206,0000,1302
19980207,0000,1302
19980208,0000,1302
19980209,0000,1303
19980210,0000,1302
19980211,0000,1302
19980212,0000,1254
19980213,0000,1192
19980214,0000,1193
19980215,0000,994
19980216,0000,1077
19980217,0000,1345
19980218,0000,1502
19980219,0000,1389
19980220,0000,1265
19980221,0000,1080
19980222,0000,674
19980223,0000,504
19980224,0000,501
19980225,0000,501
19980226,0000,666
19980227,0000,789
19980228,0000,953
19980301,0000,1000
19980302,0000,999
19980303,0000,998
19980304,0000,999
19980305,0000,1080
19980306,0000,1150
19980307,0000,1169
19980308,0000,1262
19980309,0000,1390
19980310,0000,1453
19980311,0000,1455
19980312,0000,1450
19980313,0000,1367
19980314,0000,1182
19980315,0000,1297
19980316,0000,1331
19980317,0000,1283
19980318,0000,1166
19980319,0000,1141
19980320,0000,1181
19980321,0000,1178
19980322,0000,1170
19980323,0000,1266
19980324,0000,1327
19980325,0000,1184
19980326,0000,1096
19980327,0000,1082
19980328,0000,1055
19980329,0000,1050
19980330,0000,1043
19980331,0000,1028
19980401,0000,1002
19980402,0000,1020
19980403,0000,1054
19980404,0000,1052
19980405,0000,1054
19980406,0000,1097
19980407,0000,1211
19980408,0000,1318
19980409,0000,1433
19980410,0000,1544
19980411,0000,1576
19980412,0000,1581
19980413,0000,1698
19980414,0000,1801
19980415,0000,1802
19980416,0000,1818
19980417,0000,1856
19980418,0000,1834
19980419,0000,1829
19980420,0000,1921
19980421,0000,2044
19980422,0000,2086
19980423,0000,m
19980424,0000,2321
19980425,0000,2324
19980426,0000,2327
19980427,0000,2365
19980428,0000,2533
19980429,0000,2930
19980430,0000,3094
19980501,0000,3097
19980502,0000,3106
19980503,0000,3103
19980504,0000,3095
19980505,0000,3101
19980506,0000,3103
19980507,0000,3091
19980508,0000,3096
19980509,0000,3097
19980510,0000,3107
19980511,0000,3108
19980512,0000,3106
19980513,0000,3109
19980514,0000,3135
19980515,0000,3356
19980516,0000,3359
19980517,0000,3387
19980518,0000,3604
19980519,0000,3609
19980520,0000,3603
19980521,0000,3599
19980522,0000,3587
19980523,0000,3587
19980524,0000,3592
19980525,0000,3625
19980526,0000,3798
19980527,0000,3805
19980528,0000,3805
19980529,0000,3799
19980530,0000,3806
19980531,0000,3836
19980601,0000,3999
19980602,0000,4029
19980603,0000,4185
19980604,0000,4197
19980605,0000,4191
19980606,0000,4189
19980607,0000,4192
19980608,0000,4201
19980609,0000,4195
19980610,0000,4192
19980611,0000,4208
19980612,0000,4206
19980613,0000,4206
19980614,0000,4219
19980615,0000,4410
19980616,0000,4411
19980617,0000,4402
19980618,0000,4400
19980619,0000,4408
19980620,0000,4410
19980621,0000,4421
19980622,0000,4608
19980623,0000,4590
19980624,0000,4586
19980625,0000,4598
19980626,0000,4597
19980627,0000,4602
19980628,0000,4613
19980629,0000,4612
19980630,0000,4605
19980701,0000,4589
19980702,0000,4603
19980703,0000,4599
19980704,0000,4614
19980705,0000,4609
19980706,0000,4554
19980707,0000,4184
19980708,0000,4105
19980709,0000,4072
19980710,0000,3796
19980711,0000,3742
19980712,0000,3663
19980713,0000,3645
19980714,0000,3334
19980715,0000,3286
19980716,0000,3286
19980717,0000,3328
19980718,0000,3328
19980719,0000,3296
19980720,0000,3268
19980721,0000,3432
19980722,0000,3546
19980723,0000,3408
19980724,0000,3357
19980725,0000,3357
19980726,0000,3283
19980727,0000,3141
19980728,0000,3141
19980729,0000,2890
19980730,0000,2986
19980731,0000,3031
19980801,0000,2992
19980802,0000,2886
19980803,0000,2789
19980804,0000,1963
19980805,0000,2100
19980806,0000,2201
19980807,0000,2519
19980808,0000,3328
19980809,0000,3298
19980810,0000,3328
19980811,0000,m
19980812,0000,3369
19980813,0000,m
19980814,0000,3453
19980815,0000,3479
19980816,0000,3448
19980817,0000,3479
19980818,0000,3475
19980819,0000,3462
19980820,0000,3369
19980821,0000,3242
19980822,0000,m
19980823,0000,m
19980824,0000,2964
19980825,0000,3020
19980826,0000,3050
19980827,0000,3050
19980828,0000,3079
19980829,0000,3002
19980830,0000,2878
19980831,0000,2918
19980901,0000,3025
19980902,0000,2903
19980903,0000,2818
19980904,0000,2676
19980905,0000,2459
19980906,0000,2195
19980907,0000,2099
19980908,0000,2099
19980909,0000,2157
19980910,0000,2133
19980911,0000,1958
19980912,0000,1878
19980913,0000,1832
19980914,0000,1835
19980915,0000,1940
19980916,0000,1948
19980917,0000,m
19980918,0000,1791
19980919,0000,1683
19980920,0000,1531
19980921,0000,1476
19980922,0000,1546
19980923,0000,1561
19980924,0000,1542
19980925,0000,1465
19980926,0000,1401
19980927,0000,1308
19980928,0000,1277
19980929,0000,1341
19980930,0000,m
19981001,0000,1411
19981002,0000,1498
19981003,0000,1473
19981004,0000,1386
19981005,0000,1381
19981006,0000,1472
19981007,0000,1533
19981008,0000,1583
19981009,0000,1629
19981010,0000,1600
19981011,0000,m
19981012,0000,m
19981013,0000,1405
19981014,0000,1396
19981015,0000,1421
19981016,0000,1503
19981017,0000,1550
19981018,0000,1475
19981019,0000,1475
19981020,0000,1600
19981021,0000,1670
19981022,0000,1669
19981023,0000,1654
19981024,0000,1582
19981025,0000,m
19981026,0000,1387
19981027,0000,1403
19981028,0000,1357
19981029,0000,1329
19981030,0000,1287
19981031,0000,1239
19981101,0000,1196
19981102,0000,1187
19981103,0000,1244
19981104,0000,1413
19981105,0000,1540
19981106,0000,1589
19981107,0000,1637
19981108,0000,1637
19981109,0000,1618
19981110,0000,1698
19981111,0000,1721
19981112,0000,1774
19981113,0000,1790
19981114,0000,1763
19981115,0000,1677
19981116,0000,1680
19981117,0000,1682
19981118,0000,1676
19981119,0000,1672
19981120,0000,1672
19981121,0000,m
19981122,0000,1655
19981123,0000,1655
19981124,0000,1796
19981125,0000,1782
19981126,0000,1654
19981127,0000,1438
19981128,0000,1196
19981129,0000,1177
19981130,0000,1142
19981201,0000,1030
19981202,0000,564
19981203,0000,600
19981204,0000,584
19981205,0000,527
19981206,0000,m
19981207,0000,496
19981208,0000,474
19981209,0000,463
19981210,0000,457
19981211,0000,447
19981212,0000,441
19981213,0000,432
19981214,0000,431
19981215,0000,m
19981216,0000,484
19981217,0000,505
19981218,0000,506
19981219,0000,508
19981220,0000,m
19981221,0000,m
19981222,0000,m
19981223,0000,419
19981224,0000,371
19981225,0000,351
19981226,0000,373
19981227,0000,402
19981228,0000,402
19981229,0000,409
19981230,0000,439
19981231,0000,453
19990101,0000,m
19990102,0000,m
19990103,0000,m
19990104,0000,423
19990105,0000,417
19990106,0000,412
19990107,0000,408
19990108,0000,394
19990109,0000,m
19990110,0000,m
19990111,0000,387
19990112,0000,383
19990113,0000,379
19990114,0000,379
19990115,0000,379
19990116,0000,379
19990117,0000,379
19990118,0000,379
19990119,0000,379
19990120,0000,383
19990121,0000,441
19990122,0000,554
19990123,0000,598
19990124,0000,598
19990125,0000,598
19990126,0000,598
19990127,0000,596
19990128,0000,594
19990129,0000,597
19990130,0000,600
19990131,0000,604
19990201,0000,604
19990202,0000,673
19990203,0000,796
19990204,0000,797
19990205,0000,796
19990206,0000,799
19990207,0000,799
19990208,0000,798
19990209,0000,799
19990210,0000,798
19990211,0000,796
19990212,0000,797
19990213,0000,689
19990214,0000,558
19990215,0000,523
19990216,0000,500
19990217,0000,481
19990218,0000,499
19990219,0000,509
19990220,0000,510
19990221,0000,540
19990222,0000,580
19990223,0000,605
19990224,0000,602
19990225,0000,604
19990226,0000,578
19990227,0000,563
19990228,0000,627
19990301,0000,474
19990302,0000,538
19990303,0000,578
19990304,0000,573
19990305,0000,499
19990306,0000,410
19990307,0000,422
19990308,0000,437
19990309,0000,424
19990310,0000,432
19990311,0000,471
19990312,0000,435
19990313,0000,386
19990314,0000,387
19990315,0000,386
19990316,0000,386
19990317,0000,387
19990318,0000,388
19990319,0000,389
19990320,0000,389
19990321,0000,390
19990322,0000,391
19990323,0000,391
19990324,0000,414
19990325,0000,434
19990326,0000,392
19990327,0000,368
19990328,0000,370
19990329,0000,398
19990330,0000,437
19990331,0000,405
19990401,0000,389
19990402,0000,385
19990403,0000,370
19990404,0000,374
19990405,0000,378
19990406,0000,388
19990407,0000,403
19990408,0000,407
19990409,0000,m
19990410,0000,m
19990411,0000,m
19990412,0000,m
19990413,0000,m
19990414,0000,m
19990415,0000,0
19990416,0000,m
19990417,0000,m
19990418,0000,m
19990419,0000,m
19990420,0000,m
19990421,0000,m
19990422,0000,m
19990423,0000,m
19990424,0000,m
19990425,0000,m
19990426,0000,m
19990427,0000,m
19990428,0000,m
19990429,0000,m
19990430,0000,m
19990501,0000,m
19990502,0000,m
19990503,0000,m
19990504,0000,541
19990505,0000,538
19990506,0000,539
19990507,0000,579
19990508,0000,602
19990509,0000,632
19990510,0000,628
19990511,0000,579
19990512,0000,655
19990513,0000,684
19990514,0000,651
19990515,0000,573
19990516,0000,539
19990517,0000,586
19990518,0000,584
19990519,0000,587
19990520,0000,604
19990521,0000,579
19990522,0000,505
19990523,0000,561
19990524,0000,635
19990525,0000,642
19990526,0000,698
19990527,0000,688
19990528,0000,668
19990529,0000,655
19990530,0000,696
19990531,0000,738
19990601,0000,755
19990602,0000,813
19990603,0000,770
19990604,0000,663
19990605,0000,529
19990606,0000,530
19990607,0000,622
19990608,0000,891
19990609,0000,1141
19990610,0000,1229
19990611,0000,1233
19990612,0000,1206
19990613,0000,1241
19990614,0000,1357
19990615,0000,1482
19990616,0000,1439
19990617,0000,1438
19990618,0000,1533
19990619,0000,1123
19990620,0000,907
19990621,0000,933
19990622,0000,1090
19990623,0000,1215
19990624,0000,1234
19990625,0000,1156
19990626,0000,1007
19990627,0000,1032
19990628,0000,1096
19990629,0000,1179
19990630,0000,1269
19990701,0000,1326
19990702,0000,1365
19990703,0000,1377
19990704,0000,1419
19990705,0000,1417
19990706,0000,1298
19990707,0000,1339
19990708,0000,1372
19990709,0000,1423
19990710,0000,1353
19990711,0000,1288
19990712,0000,1325
19990713,0000,1287
19990714,0000,1377
19990715,0000,1475
19990716,0000,1511
19990717,0000,1448
19990718,0000,1288
19990719,0000,1195
19990720,0000,1156
19990721,0000,1181
19990722,0000,1146
19990723,0000,960
19990724,0000,843
19990725,0000,845
19990726,0000,923
19990727,0000,1065
19990728,0000,m
19990729,0000,1397
19990730,0000,1383
19990731,0000,1169
19990801,0000,1184
19990802,0000,1381
19990803,0000,1429
19990804,0000,1445
19990805,0000,1419
19990806,0000,1275
19990807,0000,1085
19990808,0000,m
19990809,0000,1169
19990810,0000,1197
19990811,0000,1150
19990812,0000,1060
19990813,0000,920
19990814,0000,740
19990815,0000,950
19990816,0000,1230
19990817,0000,1153
19990818,0000,976
19990819,0000,833
19990820,0000,740
19990821,0000,683
19990822,0000,714
19990823,0000,828
19990824,0000,875
19990825,0000,884
19990826,0000,801
19990827,0000,684
19990828,0000,755
19990829,0000,946
19990830,0000,1012
19990831,0000,866
19990901,0000,725
19990902,0000,736
19990903,0000,701
19990904,0000,553
19990905,0000,475
19990906,0000,569
19990907,0000,635
19990908,0000,659
19990909,0000,695
19990910,0000,759
19990911,0000,726
19990912,0000,670
19990913,0000,669
19990914,0000,607
19990915,0000,573
19990916,0000,645
19990917,0000,662
19990918,0000,595
19990919,0000,596
19990920,0000,594
19990921,0000,m
19990922,0000,606
19990923,0000,550
19990924,0000,510
19990925,0000,426
19990926,0000,471
19990927,0000,537
19990928,0000,570
19990929,0000,579
19990930,0000,m
19991001,0000,437
19991002,0000,428
19991003,0000,427
19991004,0000,469
19991005,0000,455
19991006,0000,413
19991007,0000,393
19991008,0000,336
19991009,0000,255
19991010,0000,248
19991011,0000,319
19991012,0000,392
19991013,0000,419
19991014,0000,385
19991015,0000,286
19991016,0000,199
19991017,0000,233
19991018,0000,288
19991019,0000,316
19991020,0000,318
19991021,0000,308
19991022,0000,287
19991023,0000,235
19991024,0000,255
19991025,0000,288
19991026,0000,294
19991027,0000,307
19991028,0000,293
19991029,0000,241
19991030,0000,190
19991031,0000,171
19991101,0000,171
19991102,0000,165
19991103,0000,156
19991104,0000,165
19991105,0000,179
19991106,0000,169
19991107,0000,163
19991108,0000,167
19991109,0000,151
19991110,0000,141
19991111,0000,167
19991112,0000,153
19991113,0000,151
19991114,0000,142
19991115,0000,145
19991116,0000,183
19991117,0000,212
19991118,0000,212
19991119,0000,238
19991120,0000,219
19991121,0000,168
19991122,0000,169
19991123,0000,189
19991124,0000,201
19991125,0000,201
19991126,0000,201
19991127,0000,201
19991128,0000,201
19991129,0000,203
19991130,0000,214
19991201,0000,241
19991202,0000,261
19991203,0000,255
19991204,0000,226
19991205,0000,198
19991206,0000,206
19991207,0000,218
19991208,0000,235
19991209,0000,259
19991210,0000,240
19991211,0000,213
19991212,0000,221
19991213,0000,229
19991214,0000,235
19991215,0000,230
19991216,0000,203
19991217,0000,214
19991218,0000,236
19991219,0000,248
19991220,0000,287
19991221,0000,349
19991222,0000,342
19991223,0000,259
19991224,0000,202
19991225,0000,189
19991226,0000,213
19991227,0000,255
19991228,0000,261
19991229,0000,267
19991230,0000,275
19991231,0000,443
20000101,0000,607
20000102,0000,444
20000103,0000,224
20000104,0000,192
20000105,0000,189
20000106,0000,182
20000107,0000,174
20000108,0000,171
20000109,0000,167
20000110,0000,168
20000111,0000,165
20000112,0000,162
20000113,0000,160
20000114,0000,185
20000115,0000,205
20000116,0000,242
20000117,0000,263
20000118,0000,320
20000119,0000,388
20000120,0000,414
20000121,0000,452
20000122,0000,446
20000123,0000,428
20000124,0000,401
20000125,0000,397
20000126,0000,415
20000127,0000,409
20000128,0000,387
20000129,0000,369
20000130,0000,319
20000131,0000,263
20000201,0000,289
20000202,0000,316
20000203,0000,314
20000204,0000,315
20000205,0000,315
20000206,0000,315
20000207,0000,302
20000208,0000,303
20000209,0000,311
20000210,0000,300
20000211,0000,327
20000212,0000,365
20000213,0000,386
20000214,0000,402
20000215,0000,390
20000216,0000,376
20000217,0000,376
20000218,0000,377
20000219,0000,378
20000220,0000,376
20000221,0000,375
20000222,0000,376
20000223,0000,377
20000224,0000,375
20000225,0000,374
20000226,0000,374
20000227,0000,374
20000228,0000,376
20000229,0000,377
20000301,0000,376
20000302,0000,376
20000303,0000,376
20000304,0000,375
20000305,0000,376
20000306,0000,377
20000307,0000,378
20000308,0000,376
20000309,0000,376
20000310,0000,376
20000311,0000,377
20000312,0000,378
20000313,0000,370
20000314,0000,365
20000315,0000,371
20000316,0000,370
20000317,0000,368
20000318,0000,418
20000319,0000,500
20000320,0000,576
20000321,0000,664
20000322,0000,684
20000323,0000,661
20000324,0000,622
20000325,0000,626
20000326,0000,680
20000327,0000,698
20000328,0000,707
20000329,0000,722
20000330,0000,691
20000331,0000,645
20000401,0000,689
20000402,0000,795
20000403,0000,863
20000404,0000,936
20000405,0000,994
20000406,0000,949
20000407,0000,876
20000408,0000,798
20000409,0000,792
20000410,0000,826
20000411,0000,886
20000412,0000,962
20000413,0000,1012
20000414,0000,958
20000415,0000,850
20000416,0000,829
20000417,0000,861
20000418,0000,781
20000419,0000,688
20000420,0000,558
20000421,0000,472
20000422,0000,504
20000423,0000,608
20000424,0000,708
20000425,0000,760
20000426,0000,797
20000427,0000,774
20000428,0000,656
20000429,0000,576
20000430,0000,595
20000501,0000,645
20000502,0000,731
20000503,0000,774
20000504,0000,775
20000505,0000,718
20000506,0000,690
20000507,0000,724
20000508,0000,807
20000509,0000,852
20000510,0000,811
20000511,0000,773
20000512,0000,748
20000513,0000,656
20000514,0000,655
20000515,0000,699
20000516,0000,739
20000517,0000,722
20000518,0000,m
20000519,0000,715
20000520,0000,703
20000521,0000,737
20000522,0000,833
20000523,0000,921
20000524,0000,1010
20000525,0000,m
20000526,0000,985
20000527,0000,853
20000528,0000,946
20000529,0000,1041
20000530,0000,1085
20000531,0000,m
20000601,0000,1256
20000602,0000,1281
20000603,0000,1259
20000604,0000,1264
20000605,0000,1334
20000606,0000,1367
20000607,0000,1413
20000608,0000,1460
20000609,0000,1468
20000610,0000,m
20000611,0000,m
20000612,0000,1447
20000613,0000,m
20000614,0000,1536
20000615,0000,1509
20000616,0000,1562
20000617,0000,m
20000618,0000,m
20000619,0000,1345
20000620,0000,1278
20000621,0000,1259
20000622,0000,1257
20000623,0000,1256
20000624,0000,1236
20000625,0000,1254
20000626,0000,1338
20000627,0000,1460
20000628,0000,1591
20000629,0000,1650
20000630,0000,1682
20000701,0000,1668
20000702,0000,m
20000703,0000,1655
20000704,0000,1582
20000705,0000,1574
20000706,0000,1618
20000707,0000,1541
20000708,0000,m
20000709,0000,m
20000710,0000,m
20000711,0000,1292
20000712,0000,m
20000713,0000,1352
20000714,0000,1368
20000715,0000,1199
20000716,0000,1439
20000717,0000,m
20000718,0000,m
20000719,0000,m
20000720,0000,1307
20000721,0000,m
20000722,0000,1173
20000723,0000,m
20000724,0000,1175
20000725,0000,1253
20000726,0000,1328
20000727,0000,m
20000728,0000,1301
20000729,0000,1213
20000730,0000,1188
20000731,0000,1220
20000801,0000,1178
20000802,0000,m
20000803,0000,1147
20000804,0000,m
20000805,0000,m
20000806,0000,1164
20000807,0000,1213
20000808,0000,1146
20000809,0000,m
20000810,0000,1112
20000811,0000,m
20000812,0000,m
20000813,0000,m
20000814,0000,m
20000815,0000,m
20000816,0000,1072
20000817,0000,1100
20000818,0000,1112
20000819,0000,1105
20000820,0000,m
20000821,0000,1011
20000822,0000,m
20000823,0000,773
20000824,0000,679
20000825,0000,532
20000826,0000,452
20000827,0000,m
20000828,0000,m
20000829,0000,594
20000830,0000,566
20000831,0000,527
20000901,0000,511
20000902,0000,500
20000903,0000,512
20000904,0000,475
20000905,0000,460
20000906,0000,429
20000907,0000,369
20000908,0000,350
20000909,0000,m
20000910,0000,m
20000911,0000,m
20000912,0000,m
20000913,0000,541
20000914,0000,539
20000915,0000,507
20000916,0000,451
20000917,0000,435
20000918,0000,456
20000919,0000,m
20000920,0000,m
20000921,0000,m
20000922,0000,m
20000923,0000,412
20000924,0000,m
20000925,0000,454
20000926,0000,m
20000927,0000,m
20000928,0000,450
20000929,0000,469
20000930,0000,371
20001001,0000,331
20001002,0000,m
20001003,0000,370
20001004,0000,430
20001005,0000,467
20001006,0000,432
20001007,0000,m
20001008,0000,429
20001009,0000,392
20001010,0000,m
20001011,0000,416
20001012,0000,m
20001013,0000,341
20001014,0000,264
20001015,0000,262
20001016,0000,293
20001017,0000,292
20001018,0000,315
20001019,0000,347
20001020,0000,290
20001021,0000,222
20001022,0000,246
20001023,0000,286
20001024,0000,325
20001025,0000,344
20001026,0000,290
20001027,0000,221
20001028,0000,206
20001029,0000,208
20001030,0000,208
20001031,0000,207
20001101,0000,m
20001102,0000,207
20001103,0000,207
20001104,0000,207
20001105,0000,207
20001106,0000,193
20001107,0000,184
20001108,0000,184
20001109,0000,191
20001110,0000,194
20001111,0000,195
20001112,0000,195
20001113,0000,160
20001114,0000,178
20001115,0000,210
20001116,0000,224
20001117,0000,214
20001118,0000,226
20001119,0000,213
20001120,0000,231
20001121,0000,230
20001122,0000,202
20001123,0000,172
20001124,0000,173
20001125,0000,172
20001126,0000,173
20001127,0000,173
20001128,0000,173
20001129,0000,173
20001130,0000,172
20001201,0000,186
20001202,0000,200
20001203,0000,250
20001204,0000,310
20001205,0000,314
20001206,0000,331
20001207,0000,341
20001208,0000,332
20001209,0000,333
20001210,0000,351
20001211,0000,377
20001212,0000,383
20001213,0000,364
20001214,0000,343
20001215,0000,314
20001216,0000,278
20001217,0000,260
20001218,0000,246
20001219,0000,239
20001220,0000,227
20001221,0000,191
20001222,0000,170
20001223,0000,171
20001224,0000,171
20001225,0000,172
20001226,0000,172
20001227,0000,171
20001228,0000,173
20001229,0000,162
20001230,0000,155
20001231,0000,155
20010101,0000,155
20010102,0000,155
20010103,0000,156
20010104,0000,156
20010105,0000,156
20010106,0000,156
20010107,0000,165
20010108,0000,185
20010109,0000,186
20010110,0000,185
20010111,0000,210
20010112,0000,224
20010113,0000,224
20010114,0000,224
20010115,0000,223
20010116,0000,223
20010117,0000,208
20010118,0000,192
20010119,0000,188
20010120,0000,212
20010121,0000,242
20010122,0000,246
20010123,0000,238
20010124,0000,237
20010125,0000,237
20010126,0000,249
20010127,0000,277
20010128,0000,261
20010129,0000,240
20010130,0000,235
20010131,0000,226
20010201,0000,227
20010202,0000,225
20010203,0000,240
20010204,0000,266
20010205,0000,294
20010206,0000,332
20010207,0000,352
20010208,0000,292
20010209,0000,253
20010210,0000,246
20010211,0000,247
20010212,0000,297
20010213,0000,327
20010214,0000,295
20010215,0000,274
20010216,0000,274
20010217,0000,292
20010218,0000,315
20010219,0000,308
20010220,0000,299
20010221,0000,299
20010222,0000,298
20010223,0000,298
20010224,0000,299
20010225,0000,322
20010226,0000,334
20010227,0000,350
20010228,0000,353
20010301,0000,316
20010302,0000,299
20010303,0000,299
20010304,0000,320
20010305,0000,m
20010306,0000,385
20010307,0000,384
20010308,0000,390
20010309,0000,400
20010310,0000,400
20010311,0000,393
20010312,0000,387
20010313,0000,377
20010314,0000,384
20010315,0000,404
20010316,0000,413
20010317,0000,413
20010318,0000,413
20010319,0000,434
20010320,0000,524
20010321,0000,555
20010322,0000,506
20010323,0000,432
20010324,0000,412
20010325,0000,414
20010326,0000,415
20010327,0000,415
20010328,0000,414
20010329,0000,460
20010330,0000,496
20010331,0000,538
20010401,0000,604
20010402,0000,636
20010403,0000,608
20010404,0000,549
20010405,0000,560
20010406,0000,542
20010407,0000,483
20010408,0000,423
20010409,0000,418
20010410,0000,m
20010411,0000,414
20010412,0000,415
20010413,0000,415
20010414,0000,414
20010415,0000,414
20010416,0000,412
20010417,0000,413
20010418,0000,410
20010419,0000,412
20010420,0000,415
20010421,0000,417
20010422,0000,415
20010423,0000,458
20010424,0000,m
20010425,0000,481
20010426,0000,544
20010427,0000,572
20010428,0000,570
20010429,0000,571
20010430,0000,585
20010501,0000,606
20010502,0000,604
20010503,0000,607
20010504,0000,605
20010505,0000,m
20010506,0000,605
20010507,0000,605
20010508,0000,638
20010509,0000,624
20010510,0000,616
20010511,0000,603
20010512,0000,604
20010513,0000,665
20010514,0000,685
20010515,0000,656
20010516,0000,614
20010517,0000,623
20010518,0000,648
20010519,0000,622
20010520,0000,612
20010521,0000,672
20010522,0000,778
20010523,0000,834
20010524,0000,837
20010525,0000,800
20010526,0000,m
20010527,0000,803
20010528,0000,817
20010529,0000,845
20010530,0000,906
20010531,0000,916
20010601,0000,926
20010602,0000,1003
20010603,0000,1092
20010604,0000,1166
20010605,0000,1163
20010606,0000,m
20010607,0000,1111
20010608,0000,1157
20010609,0000,1170
20010610,0000,1177
20010611,0000,1228
20010612,0000,1298
20010613,0000,1302
20010614,0000,1317
20010615,0000,1331
20010616,0000,1310
20010617,0000,1357
20010618,0000,1432
20010619,0000,1463
20010620,0000,1451
20010621,0000,1385
20010622,0000,1321
20010623,0000,1194
20010624,0000,1019
20010625,0000,974
20010626,0000,1013
20010627,0000,975
20010628,0000,1134
20010629,0000,1456
20010630,0000,m
20010701,0000,m
20010702,0000,1312
20010703,0000,1371
20010704,0000,1326
20010705,0000,m
20010706,0000,1431
20010707,0000,m
20010708,0000,1221
20010709,0000,1109
20010710,0000,1012
20010711,0000,957
20010712,0000,947
20010713,0000,933
20010714,0000,850
20010715,0000,817
20010716,0000,840
20010717,0000,m
20010718,0000,891
20010719,0000,832
20010720,0000,m
20010721,0000,755
20010722,0000,755
20010723,0000,803
20010724,0000,775
20010725,0000,830
20010726,0000,883
20010727,0000,877
20010728,0000,847
20010729,0000,882
20010730,0000,941
20010731,0000,942
20010801,0000,928
20010802,0000,897
20010803,0000,837
20010804,0000,700
20010805,0000,667
20010806,0000,m
20010807,0000,680
20010808,0000,795
20010809,0000,846
20010810,0000,721
20010811,0000,754
20010812,0000,770
20010813,0000,764
20010814,0000,797
20010815,0000,m
20010816,0000,m
20010817,0000,695
20010818,0000,645
20010819,0000,591
20010820,0000,636
20010821,0000,m
20010822,0000,879
20010823,0000,731
20010824,0000,587
20010825,0000,m
20010826,0000,m
20010827,0000,m
20010828,0000,500
20010829,0000,437
20010830,0000,448
20010831,0000,459
20010901,0000,451
20010902,0000,430
20010903,0000,m
20010904,0000,422
20010905,0000,420
20010906,0000,415
20010907,0000,387
20010908,0000,328
20010909,0000,344
20010910,0000,412
20010911,0000,391
20010912,0000,353
20010913,0000,349
20010914,0000,351
20010915,0000,336
20010916,0000,362
20010917,0000,432
20010918,0000,465
20010919,0000,399
20010920,0000,305
20010921,0000,290
20010922,0000,336
20010923,0000,347
20010924,0000,355
20010925,0000,383
20010926,0000,375
20010927,0000,361
20010928,0000,335
20010929,0000,m
20010930,0000,307
20011001,0000,357
20011002,0000,339
20011003,0000,324
20011004,0000,m
20011005,0000,360
20011006,0000,335
20011007,0000,301
20011008,0000,271
20011009,0000,244
20011010,0000,264
20011011,0000,266
20011012,0000,252
20011013,0000,222
20011014,0000,294
20011015,0000,367
20011016,0000,m
20011017,0000,399
20011018,0000,401
20011019,0000,343
20011020,0000,248
20011021,0000,197
20011022,0000,186
20011023,0000,182
20011024,0000,194
20011025,0000,176
20011026,0000,164
20011027,0000,155
20011028,0000,156
20011029,0000,156
20011030,0000,159
20011031,0000,184
20011101,0000,m
20011102,0000,225
20011103,0000,205
20011104,0000,195
20011105,0000,191
20011106,0000,184
20011107,0000,183
20011108,0000,190
20011109,0000,190
20011110,0000,191
20011111,0000,191
20011112,0000,192
20011113,0000,187
20011114,0000,185
20011115,0000,203
20011116,0000,211
20011117,0000,210
20011118,0000,210
20011119,0000,193
20011120,0000,182
20011121,0000,191
20011122,0000,198
20011123,0000,197
20011124,0000,231
20011125,0000,328
20011126,0000,371
20011127,0000,299
20011128,0000,262
20011129,0000,252
20011130,0000,255
20011201,0000,m
20011202,0000,272
20011203,0000,313
20011204,0000,340
20011205,0000,336
20011206,0000,m
20011207,0000,308
20011208,0000,288
20011209,0000,288
20011210,0000,284
20011211,0000,m
20011212,0000,238
20011213,0000,229
20011214,0000,229
20011215,0000,241
20011216,0000,256
20011217,0000,256
20011218,0000,m
20011219,0000,271
20011220,0000,271
20011221,0000,272
20011222,0000,271
20011223,0000,270
20011224,0000,273
20011225,0000,272
20011226,0000,271
20011227,0000,271
20011228,0000,282
20011229,0000,336
20011230,0000,417
20011231,0000,415
20020101,0000,419
20020102,0000,457
20020103,0000,505
20020104,0000,m
20020105,0000,455
20020106,0000,m
20020107,0000,412
20020108,0000,412
20020109,0000,412
20020110,0000,412
20020111,0000,412
20020112,0000,402
20020113,0000,389
20020114,0000,m
20020115,0000,390
20020116,0000,385
20020117,0000,361
20020118,0000,337
20020119,0000,326
20020120,0000,328
20020121,0000,327
20020122,0000,m
20020123,0000,328
20020124,0000,327
20020125,0000,326
20020126,0000,325
20020127,0000,325
20020128,0000,326
20020129,0000,319
20020130,0000,m
20020131,0000,281
20020201,0000,289
20020202,0000,301
20020203,0000,277
20020204,0000,m
20020205,0000,281
20020206,0000,276
20020207,0000,269
20020208,0000,272
20020209,0000,m
20020210,0000,324
20020211,0000,324
20020212,0000,325
20020213,0000,331
20020214,0000,340
20020215,0000,351
20020216,0000,360
20020217,0000,m
20020218,0000,358
20020219,0000,358
20020220,0000,357
20020221,0000,379
20020222,0000,392
20020223,0000,392
20020224,0000,402
20020225,0000,410
20020226,0000,410
20020227,0000,394
20020228,0000,386
20020301,0000,410
20020302,0000,413
20020303,0000,413
20020304,0000,412
20020305,0000,410
20020306,0000,409
20020307,0000,412
20020308,0000,410
20020309,0000,412
20020310,0000,412
20020311,0000,413
20020312,0000,413
20020313,0000,413
20020314,0000,413
20020315,0000,412
20020316,0000,412
20020317,0000,413
20020318,0000,413
20020319,0000,412
20020320,0000,412
20020321,0000,413
20020322,0000,413
20020323,0000,413
20020324,0000,413
20020325,0000,413
20020326,0000,411
20020327,0000,413
20020328,0000,413
20020329,0000,413
20020330,0000,412
20020331,0000,412
20020401,0000,413
20020402,0000,415
20020403,0000,411
20020404,0000,m
20020405,0000,466
20020406,0000,m
20020407,0000,411
20020408,0000,412
20020409,0000,497
20020410,0000,540
20020411,0000,516
20020412,0000,480
20020413,0000,460
20020414,0000,505
20020415,0000,533
20020416,0000,503
20020417,0000,487
20020418,0000,519
20020419,0000,538
20020420,0000,491
20020421,0000,452
20020422,0000,448
20020423,0000,m
20020424,0000,m
20020425,0000,543
20020426,0000,501
20020427,0000,439
20020428,0000,413
20020429,0000,m
20020430,0000,435
20020501,0000,m
20020502,0000,409
20020503,0000,412
20020504,0000,414
20020505,0000,430
20020506,0000,450
20020507,0000,487
20020508,0000,552
20020509,0000,586
20020510,0000,595
20020511,0000,572
20020512,0000,581
20020513,0000,599
20020514,0000,580
20020515,0000,m
20020516,0000,m
20020517,0000,600
20020518,0000,m
20020519,0000,m
20020520,0000,668
20020521,0000,630
20020522,0000,593
20020523,0000,690
20020524,0000,m
20020525,0000,684
20020526,0000,659
20020527,0000,671
20020528,0000,674
20020529,0000,686
20020530,0000,679
20020531,0000,712
20020601,0000,713
20020602,0000,776
20020603,0000,m
20020604,0000,835
20020605,0000,m
20020606,0000,801
20020607,0000,775
20020608,0000,739
20020609,0000,834
20020610,0000,880
20020611,0000,868
20020612,0000,829
20020613,0000,819
20020614,0000,778
20020615,0000,754
20020616,0000,912
20020617,0000,1014
20020618,0000,946
20020619,0000,848
20020620,0000,787
20020621,0000,m
20020622,0000,974
20020623,0000,1056
20020624,0000,1231
20020625,0000,1184
20020626,0000,1111
20020627,0000,1105
20020628,0000,m
20020629,0000,m
20020630,0000,1199
20020701,0000,1111
20020702,0000,m
20020703,0000,m
20020704,0000,m
20020705,0000,1063
20020706,0000,969
20020707,0000,975
20020708,0000,1022
20020709,0000,m
20020710,0000,1034
20020711,0000,990
20020712,0000,m
20020713,0000,m
20020714,0000,m
20020715,0000,1284
20020716,0000,1192
20020717,0000,1000
20020718,0000,926
20020719,0000,958
20020720,0000,890
20020721,0000,954
20020722,0000,971
20020723,0000,894
20020724,0000,830
20020725,0000,752
20020726,0000,750
20020727,0000,629
20020728,0000,632
20020729,0000,653
20020730,0000,697
20020731,0000,798
20020801,0000,837
20020802,0000,m
20020803,0000,724
20020804,0000,732
20020805,0000,697
20020806,0000,m
20020807,0000,737
20020808,0000,609
20020809,0000,483
20020810,0000,m
20020811,0000,m
20020812,0000,516
20020813,0000,538
20020814,0000,m
20020815,0000,688
20020816,0000,661
20020817,0000,563
20020818,0000,577
20020819,0000,626
20020820,0000,m
20020821,0000,691
20020822,0000,732
20020823,0000,666
20020824,0000,540
20020825,0000,568
20020826,0000,576
20020827,0000,488
20020828,0000,410
20020829,0000,346
20020830,0000,m
20020831,0000,290
20020901,0000,269
20020902,0000,284
20020903,0000,m
20020904,0000,m
20020905,0000,281
20020906,0000,m
20020907,0000,240
20020908,0000,m
20020909,0000,209
20020910,0000,217
20020911,0000,242
20020912,0000,257
20020913,0000,236
20020914,0000,221
20020915,0000,291
20020916,0000,m
20020917,0000,369
20020918,0000,354
20020919,0000,380
20020920,0000,382
20020921,0000,364
20020922,0000,333
20020923,0000,289
20020924,0000,276
20020925,0000,260
20020926,0000,m
20020927,0000,275
20020928,0000,251
20020929,0000,m
20020930,0000,m
20021001,0000,228
20021002,0000,231
20021003,0000,217
20021004,0000,194
20021005,0000,176
20021006,0000,m
20021007,0000,m
20021008,0000,m
20021009,0000,281
20021010,0000,280
20021011,0000,260
20021012,0000,231
20021013,0000,247
20021014,0000,266
20021015,0000,262
20021016,0000,m
20021017,0000,216
20021018,0000,m
20021019,0000,m
20021020,0000,m
20021021,0000,221
20021022,0000,m
20021023,0000,226
20021024,0000,226
20021025,0000,211
20021026,0000,187
20021027,0000,189
20021028,0000,201
20021029,0000,187
20021030,0000,162
20021031,0000,150
20021101,0000,m
20021102,0000,150
20021103,0000,150
20021104,0000,155
20021105,0000,162
20021106,0000,163
20021107,0000,162
20021108,0000,169
20021109,0000,167
20021110,0000,252
20021111,0000,350
20021112,0000,475
20021113,0000,504
20021114,0000,357
20021115,0000,361
20021116,0000,361
20021117,0000,363
20021118,0000,365
20021119,0000,363
20021120,0000,364
20021121,0000,364
20021122,0000,367
20021123,0000,367
20021124,0000,365
20021125,0000,366
20021126,0000,365
20021127,0000,364
20021128,0000,366
20021129,0000,349
20021130,0000,325
20021201,0000,326
20021202,0000,327
20021203,0000,m
20021204,0000,m
20021205,0000,313
20021206,0000,302
20021207,0000,289
20021208,0000,289
20021209,0000,m
20021210,0000,274
20021211,0000,300
20021212,0000,334
20021213,0000,327
20021214,0000,301
20021215,0000,317
20021216,0000,379
20021217,0000,435
20021218,0000,443
20021219,0000,425
20021220,0000,443
20021221,0000,466
20021222,0000,438
20021223,0000,400
20021224,0000,380
20021225,0000,367
20021226,0000,m
20021227,0000,364
20021228,0000,m
20021229,0000,366
20021230,0000,366
20021231,0000,381
20030101,0000,402
20030102,0000,388
20030103,0000,366
20030104,0000,399
20030105,0000,450
20030106,0000,461
20030107,0000,466
20030108,0000,467
20030109,0000,468
20030110,0000,466
20030111,0000,466
20030112,0000,466
20030113,0000,455
20030114,0000,433
20030115,0000,413
20030116,0000,392
20030117,0000,380
20030118,0000,381
20030119,0000,397
20030120,0000,410
20030121,0000,418
20030122,0000,435
20030123,0000,m
20030124,0000,399
20030125,0000,399
20030126,0000,400
20030127,0000,420
20030128,0000,445
20030129,0000,443
20030130,0000,422
20030131,0000,413
20030201,0000,424
20030202,0000,440
20030203,0000,456
20030204,0000,464
20030205,0000,487
20030206,0000,489
20030207,0000,471
20030208,0000,424
20030209,0000,395
20030210,0000,385
20030211,0000,362
20030212,0000,376
20030213,0000,499
20030214,0000,410
20030215,0000,199
20030216,0000,202
20030217,0000,213
20030218,0000,271
20030219,0000,303
20030220,0000,280
20030221,0000,249
20030222,0000,250
20030223,0000,251
20030224,0000,222
20030225,0000,187
20030226,0000,266
20030227,0000,310
20030228,0000,347
20030301,0000,370
20030302,0000,362
20030303,0000,349
20030304,0000,350
20030305,0000,350
20030306,0000,359
20030307,0000,384
20030308,0000,401
20030309,0000,401
20030310,0000,390
20030311,0000,379
20030312,0000,389
20030313,0000,389
20030314,0000,407
20030315,0000,419
20030316,0000,392
20030317,0000,380
20030318,0000,382
20030319,0000,382
20030320,0000,379
20030321,0000,360
20030322,0000,341
20030323,0000,344
20030324,0000,363
20030325,0000,390
20030326,0000,410
20030327,0000,413
20030328,0000,385
20030329,0000,361
20030330,0000,360
20030331,0000,403
20030401,0000,470
20030402,0000,462
20030403,0000,450
20030404,0000,450
20030405,0000,445
20030406,0000,440
20030407,0000,441
20030408,0000,443
20030409,0000,451
20030410,0000,439
20030411,0000,401
20030412,0000,373
20030413,0000,367
20030414,0000,377
20030415,0000,378
20030416,0000,378
20030417,0000,379
20030418,0000,378
20030419,0000,378
20030420,0000,378
20030421,0000,378
20030422,0000,379
20030423,0000,378
20030424,0000,377
20030425,0000,377
20030426,0000,377
20030427,0000,376
20030428,0000,376
20030429,0000,452
20030430,0000,490
20030501,0000,448
20030502,0000,416
20030503,0000,367
20030504,0000,369
20030505,0000,403
20030506,0000,439
20030507,0000,407
20030508,0000,392
20030509,0000,366
20030510,0000,369
20030511,0000,368
20030512,0000,395
20030513,0000,457
20030514,0000,561
20030515,0000,644
20030516,0000,655
20030517,0000,635
20030518,0000,712
20030519,0000,802
20030520,0000,826
20030521,0000,861
20030522,0000,895
20030523,0000,936
20030524,0000,913
20030525,0000,915
20030526,0000,954
20030527,0000,1015
20030528,0000,1075
20030529,0000,1160
20030530,0000,1186
20030531,0000,1081
20030601,0000,1118
20030602,0000,1176
20030603,0000,1224
20030604,0000,1266
20030605,0000,1284
20030606,0000,1317
20030607,0000,1162
20030608,0000,1254
20030609,0000,1456
20030610,0000,1444
20030611,0000,1416
20030612,0000,1371
20030613,0000,1231
20030614,0000,1099
20030615,0000,1203
20030616,0000,1314
20030617,0000,1332
20030618,0000,1385
20030619,0000,1453
20030620,0000,1425
20030621,0000,1353
20030622,0000,1403
20030623,0000,1450
20030624,0000,1396
20030625,0000,1331
20030626,0000,1269
20030627,0000,1256
20030628,0000,1256
20030629,0000,1283
20030630,0000,1331
20030701,0000,1373
20030702,0000,1440
20030703,0000,1453
20030704,0000,1395
20030705,0000,1228
20030706,0000,1214
20030707,0000,1365
20030708,0000,1393
20030709,0000,1346
20030710,0000,1304
20030711,0000,1276
20030712,0000,1189
20030713,0000,1203
20030714,0000,1299
20030715,0000,1318
20030716,0000,1307
20030717,0000,1358
20030718,0000,1352
20030719,0000,1249
20030720,0000,1300
20030721,0000,1410
20030722,0000,1435
20030723,0000,1460
20030724,0000,1446
20030725,0000,1379
20030726,0000,1267
20030727,0000,1314
20030728,0000,1388
20030729,0000,1375
20030730,0000,1364
20030731,0000,m
20030801,0000,1181
20030802,0000,1083
20030803,0000,1043
20030804,0000,1067
20030805,0000,1041
20030806,0000,1008
20030807,0000,979
20030808,0000,938
20030809,0000,845
20030810,0000,915
20030811,0000,1106
20030812,0000,1260
20030813,0000,1286
20030814,0000,1329
20030815,0000,1325
20030816,0000,1165
20030817,0000,1242
20030818,0000,1338
20030819,0000,m
20030820,0000,1352
20030821,0000,1442
20030822,0000,1308
20030823,0000,1086
20030824,0000,1071
20030825,0000,1059
20030826,0000,1019
20030827,0000,987
20030828,0000,916
20030829,0000,811
20030830,0000,739
20030831,0000,710
20030901,0000,746
20030902,0000,754
20030903,0000,781
20030904,0000,m
20030905,0000,785
20030906,0000,697
20030907,0000,699
20030908,0000,699
20030909,0000,666
20030910,0000,673
20030911,0000,651
20030912,0000,610
20030913,0000,555
20030914,0000,553
20030915,0000,597
20030916,0000,620
20030917,0000,613
20030918,0000,588
20030919,0000,572
20030920,0000,536
20030921,0000,553
20030922,0000,609
20030923,0000,628
20030924,0000,633
20030925,0000,613
20030926,0000,582
20030927,0000,538
20030928,0000,514
20030929,0000,511
20030930,0000,503
20031001,0000,503
20031002,0000,484
20031003,0000,435
20031004,0000,403
20031005,0000,423
20031006,0000,449
20031007,0000,447
20031008,0000,524
20031009,0000,656
20031010,0000,669
20031011,0000,563
20031012,0000,428
20031013,0000,453
20031014,0000,472
20031015,0000,449
20031016,0000,429
20031017,0000,413
20031018,0000,380
20031019,0000,377
20031020,0000,412
20031021,0000,460
20031022,0000,484
20031023,0000,489
20031024,0000,468
20031025,0000,471
20031026,0000,480
20031027,0000,484
20031028,0000,509
20031029,0000,501
20031030,0000,452
20031031,0000,372
20031101,0000,244
20031102,0000,203
20031103,0000,202
20031104,0000,195
20031105,0000,185
20031106,0000,192
20031107,0000,194
20031108,0000,194
20031109,0000,194
20031110,0000,223
20031111,0000,240
20031112,0000,240
20031113,0000,240
20031114,0000,240
20031115,0000,240
20031116,0000,214
20031117,0000,199
20031118,0000,199
20031119,0000,198
20031120,0000,202
20031121,0000,202
20031122,0000,201
20031123,0000,201
20031124,0000,195
20031125,0000,186
20031126,0000,185
20031127,0000,185
20031128,0000,185
20031129,0000,185
20031130,0000,185
20031201,0000,239
20031202,0000,305
20031203,0000,289
20031204,0000,279
20031205,0000,261
20031206,0000,255
20031207,0000,273
20031208,0000,307
20031209,0000,327
20031210,0000,306
20031211,0000,247
20031212,0000,226
20031213,0000,243
20031214,0000,266
20031215,0000,253
20031216,0000,235
20031217,0000,235
20031218,0000,235
20031219,0000,235
20031220,0000,235
20031221,0000,m
20031222,0000,235
20031223,0000,235
20031224,0000,246
20031225,0000,m
20031226,0000,262
20031227,0000,m
20031228,0000,m
20031229,0000,349
20031230,0000,350
20031231,0000,m
20040101,0000,352
20040102,0000,352
20040103,0000,351
20040104,0000,352
20040105,0000,352
20040106,0000,352
20040107,0000,351
20040108,0000,352
20040109,0000,352
20040110,0000,352
20040111,0000,284
20040112,0000,m
20040113,0000,253
20040114,0000,252
20040115,0000,251
20040116,0000,251
20040117,0000,252
20040118,0000,289
20040119,0000,307
20040120,0000,m
20040121,0000,301
20040122,0000,310
20040123,0000,309
20040124,0000,310
20040125,0000,289
20040126,0000,267
20040127,0000,261
20040128,0000,283
20040129,0000,297
20040130,0000,268
20040131,0000,268
20040201,0000,268
20040202,0000,267
20040203,0000,267
20040204,0000,268
20040205,0000,260
20040206,0000,250
20040207,0000,251
20040208,0000,251
20040209,0000,251
20040210,0000,251
20040211,0000,263
20040212,0000,270
20040213,0000,270
20040214,0000,270
20040215,0000,271
20040216,0000,270
20040217,0000,288
20040218,0000,311
20040219,0000,346
20040220,0000,374
20040221,0000,363
20040222,0000,350
20040223,0000,349
20040224,0000,349
20040225,0000,350
20040226,0000,292
20040227,0000,250
20040228,0000,251
20040229,0000,251
20040301,0000,252
20040302,0000,259
20040303,0000,279
20040304,0000,302
20040305,0000,304
20040306,0000,309
20040307,0000,365
20040308,0000,448
20040309,0000,475
20040310,0000,460
20040311,0000,432
20040312,0000,435
20040313,0000,430
20040314,0000,486
20040315,0000,551
20040316,0000,591
20040317,0000,590
20040318,0000,583
20040319,0000,580
20040320,0000,592
20040321,0000,674
20040322,0000,726
20040323,0000,717
20040324,0000,692
20040325,0000,682
20040326,0000,648
20040327,0000,618
20040328,0000,684
20040329,0000,766
20040330,0000,811
20040331,0000,803
20040401,0000,779
20040402,0000,754
20040403,0000,757
20040404,0000,829
20040405,0000,897
20040406,0000,882
20040407,0000,847
20040408,0000,790
20040409,0000,691
20040410,0000,620
20040411,0000,789
20040412,0000,982
20040413,0000,1077
20040414,0000,1118
20040415,0000,1086
20040416,0000,936
20040417,0000,744
20040418,0000,768
20040419,0000,792
20040420,0000,756
20040421,0000,742
20040422,0000,771
20040423,0000,757
20040424,0000,656
20040425,0000,637
20040426,0000,751
20040427,0000,881
20040428,0000,960
20040429,0000,971
20040430,0000,917
20040501,0000,m
20040502,0000,739
20040503,0000,840
20040504,0000,824
20040505,0000,768
20040506,0000,742
20040507,0000,m
20040508,0000,693
20040509,0000,741
20040510,0000,797
20040511,0000,754
20040512,0000,710
20040513,0000,722
20040514,0000,715
20040515,0000,552
20040516,0000,624
20040517,0000,726
20040518,0000,744
20040519,0000,825
20040520,0000,913
20040521,0000,936
20040522,0000,913
20040523,0000,875
20040524,0000,919
20040525,0000,906
20040526,0000,887
20040527,0000,937
20040528,0000,958
20040529,0000,988
20040530,0000,1075
20040531,0000,1181
20040601,0000,1266
20040602,0000,1297
20040603,0000,1238
20040604,0000,1362
20040605,0000,1568
20040606,0000,1604
20040607,0000,1653
20040608,0000,1549
20040609,0000,1404
20040610,0000,1222
20040611,0000,1049
20040612,0000,906
20040613,0000,1016
20040614,0000,1138
20040615,0000,1126
20040616,0000,m
20040617,0000,1104
20040618,0000,1038
20040619,0000,940
20040620,0000,999
20040621,0000,1161
20040622,0000,1189
20040623,0000,1196
20040624,0000,1178
20040625,0000,1102
20040626,0000,1003
20040627,0000,1046
20040628,0000,1130
20040629,0000,1172
20040630,0000,1133
20040701,0000,1059
20040702,0000,1000
20040703,0000,836
20040704,0000,842
20040705,0000,1057
20040706,0000,1152
20040707,0000,1198
20040708,0000,1263
20040709,0000,1276
20040710,0000,972
20040711,0000,962
20040712,0000,1080
20040713,0000,1102
20040714,0000,1110
20040715,0000,1080
20040716,0000,979
20040717,0000,801
20040718,0000,840
20040719,0000,926
20040720,0000,950
20040721,0000,975
20040722,0000,969
20040723,0000,990
20040724,0000,867
20040725,0000,829
20040726,0000,881
20040727,0000,981
20040728,0000,1080
20040729,0000,1016
20040730,0000,995
20040731,0000,988
20040801,0000,941
20040802,0000,928
20040803,0000,901
20040804,0000,870
20040805,0000,877
20040806,0000,923
20040807,0000,903
20040808,0000,927
20040809,0000,1027
20040810,0000,1150
20040811,0000,1234
20040812,0000,1134
20040813,0000,906
20040814,0000,771
20040815,0000,753
20040816,0000,793
20040817,0000,749
20040818,0000,812
20040819,0000,764
20040820,0000,679
20040821,0000,565
20040822,0000,599
20040823,0000,688
20040824,0000,709
20040825,0000,727
20040826,0000,677
20040827,0000,600
20040828,0000,485
20040829,0000,479
20040830,0000,555
20040831,0000,584
20040901,0000,582
20040902,0000,638
20040903,0000,714
20040904,0000,711
20040905,0000,696
20040906,0000,676
20040907,0000,565
20040908,0000,531
20040909,0000,466
20040910,0000,418
20040911,0000,371
20040912,0000,393
20040913,0000,461
20040914,0000,517
20040915,0000,484
20040916,0000,454
20040917,0000,436
20040918,0000,401
20040919,0000,382
20040920,0000,372
20040921,0000,355
20040922,0000,351
20040923,0000,359
20040924,0000,344
20040925,0000,291
20040926,0000,313
20040927,0000,338
20040928,0000,345
20040929,0000,357
20040930,0000,342
20041001,0000,302
20041002,0000,260
20041003,0000,277
20041004,0000,310
20041005,0000,286
20041006,0000,266
20041007,0000,257
20041008,0000,230
20041009,0000,196
20041010,0000,174
20041011,0000,162
20041012,0000,158
20041013,0000,175
20041014,0000,181
20041015,0000,159
20041016,0000,158
20041017,0000,160
20041018,0000,169
20041019,0000,193
20041020,0000,217
20041021,0000,266
20041022,0000,299
20041023,0000,299
20041024,0000,301
20041025,0000,299
20041026,0000,303
20041027,0000,305
20041028,0000,286
20041029,0000,262
20041030,0000,250
20041031,0000,250
20041101,0000,245
20041102,0000,232
20041103,0000,230
20041104,0000,230
20041105,0000,230
20041106,0000,227
20041107,0000,232
20041108,0000,234
20041109,0000,237
20041110,0000,239
20041111,0000,236
20041112,0000,245
20041113,0000,253
20041114,0000,257
20041115,0000,256
20041116,0000,259
20041117,0000,259
20041118,0000,258
20041119,0000,257
20041120,0000,258
20041121,0000,247
20041122,0000,220
20041123,0000,207
20041124,0000,207
20041125,0000,205
20041126,0000,205
20041127,0000,211
20041128,0000,212
20041129,0000,218
20041130,0000,225
20041201,0000,224
20041202,0000,225
20041203,0000,223
20041204,0000,229
20041205,0000,245
20041206,0000,251
20041207,0000,269
20041208,0000,263
20041209,0000,285
20041210,0000,279
20041211,0000,277
20041212,0000,288
20041213,0000,306
20041214,0000,303
20041215,0000,301
20041216,0000,288
20041217,0000,261
20041218,0000,249
20041219,0000,248
20041220,0000,243
20041221,0000,242
20041222,0000,242
20041223,0000,240
20041224,0000,233
20041225,0000,227
20041226,0000,227
20041227,0000,231
20041228,0000,235
20041229,0000,236
20041230,0000,275
20041231,0000,305
20050101,0000,304
20050102,0000,305
20050103,0000,333
20050104,0000,370
20050105,0000,370
20050106,0000,369
20050107,0000,370
20050108,0000,369
20050109,0000,376
20050110,0000,398
20050111,0000,512
20050112,0000,565
20050113,0000,563
20050114,0000,562
20050115,0000,565
20050116,0000,582
20050117,0000,592
20050118,0000,585
20050119,0000,576
20050120,0000,597
20050121,0000,605
20050122,0000,606
20050123,0000,606
20050124,0000,607
20050125,0000,607
20050126,0000,607
20050127,0000,606
20050128,0000,604
20050129,0000,605
20050130,0000,606
20050131,0000,652
20050201,0000,669
20050202,0000,587
20050203,0000,538
20050204,0000,523
20050205,0000,525
20050206,0000,524
20050207,0000,524
20050208,0000,516
20050209,0000,502
20050210,0000,527
20050211,0000,570
20050212,0000,559
20050213,0000,561
20050214,0000,560
20050215,0000,567
20050216,0000,575
20050217,0000,592
20050218,0000,607
20050219,0000,607
20050220,0000,605
20050221,0000,602
20050222,0000,601
20050223,0000,610
20050224,0000,606
20050225,0000,604
20050226,0000,604
20050227,0000,605
20050228,0000,606
20050301,0000,545
20050302,0000,548
20050303,0000,545
20050304,0000,545
20050305,0000,546
20050306,0000,545
20050307,0000,545
20050308,0000,543
20050309,0000,542
20050310,0000,543
20050311,0000,542
20050312,0000,545
20050313,0000,545
20050314,0000,546
20050315,0000,546
20050316,0000,567
20050317,0000,565
20050318,0000,542
20050319,0000,545
20050320,0000,546
20050321,0000,545
20050322,0000,546
20050323,0000,545
20050324,0000,544
20050325,0000,545
20050326,0000,543
20050327,0000,545
20050328,0000,544
20050329,0000,541
20050330,0000,541
20050331,0000,543
20050401,0000,532
20050402,0000,521
20050403,0000,541
20050404,0000,565
20050405,0000,575
20050406,0000,618
20050407,0000,654
20050408,0000,652
20050409,0000,577
20050410,0000,561
20050411,0000,546
20050412,0000,598
20050413,0000,634
20050414,0000,606
20050415,0000,552
20050416,0000,509
20050417,0000,555
20050418,0000,624
20050419,0000,599
20050420,0000,620
20050421,0000,684
20050422,0000,645
20050423,0000,604
20050424,0000,569
20050425,0000,611
20050426,0000,709
20050427,0000,803
20050428,0000,745
20050429,0000,606
20050430,0000,770
20050501,0000,895
20050502,0000,989
20050503,0000,1090
20050504,0000,1129
20050505,0000,1101
20050506,0000,952
20050507,0000,763
20050508,0000,733
20050509,0000,763
20050510,0000,769
20050511,0000,858
20050512,0000,930
20050513,0000,969
20050514,0000,955
20050515,0000,996
20050516,0000,1100
20050517,0000,1126
20050518,0000,1166
20050519,0000,1242
20050520,0000,1302
20050521,0000,1302
20050522,0000,1455
20050523,0000,1881
20050524,0000,1996
20050525,0000,1994
20050526,0000,1994
20050527,0000,1970
20050528,0000,1823
20050529,0000,2030
20050530,0000,2103
20050531,0000,2193
20050601,0000,2526
20050602,0000,2672
20050603,0000,2743
20050604,0000,2775
20050605,0000,2804
20050606,0000,2886
20050607,0000,2986
20050608,0000,3062
20050609,0000,3114
20050610,0000,3097
20050611,0000,3027
20050612,0000,3062
20050613,0000,3172
20050614,0000,3172
20050615,0000,3194
20050616,0000,3254
20050617,0000,3261
20050618,0000,3314
20050619,0000,3514
20050620,0000,3565
20050621,0000,3369
20050622,0000,3356
20050623,0000,3306
20050624,0000,3198
20050625,0000,3098
20050626,0000,3034
20050627,0000,3009
20050628,0000,3025
20050629,0000,3010
20050630,0000,3015
20050701,0000,3064
20050702,0000,3021
20050703,0000,2998
20050704,0000,3129
20050705,0000,3240
20050706,0000,3315
20050707,0000,3293
20050708,0000,3182
20050709,0000,3126
20050710,0000,3039
20050711,0000,3267
20050712,0000,3390
20050713,0000,3278
20050714,0000,3249
20050715,0000,3064
20050716,0000,2860
20050717,0000,2874
20050718,0000,2966
20050719,0000,2967
20050720,0000,2975
20050721,0000,2977
20050722,0000,2912
20050723,0000,2830
20050724,0000,2789
20050725,0000,2793
20050726,0000,2711
20050727,0000,2629
20050728,0000,2665
20050729,0000,2612
20050730,0000,2601
20050731,0000,2600
20050801,0000,2563
20050802,0000,2636
20050803,0000,2873
20050804,0000,2849
20050805,0000,2778
20050806,0000,2676
20050807,0000,2654
20050808,0000,2649
20050809,0000,2562
20050810,0000,2469
20050811,0000,2414
20050812,0000,2394
20050813,0000,m
20050814,0000,2274
20050815,0000,2272
20050816,0000,2203
20050817,0000,2015
20050818,0000,1779
20050819,0000,1809
20050820,0000,1813
20050821,0000,1853
20050822,0000,1956
20050823,0000,1996
20050824,0000,1936
20050825,0000,1832
20050826,0000,1780
20050827,0000,1648
20050828,0000,1664
20050829,0000,1723
20050830,0000,1662
20050831,0000,1673
20050901,0000,1574
20050902,0000,1507
20050903,0000,1345
20050904,0000,1408
20050905,0000,1464
20050906,0000,1442
20050907,0000,1436
20050908,0000,1423
20050909,0000,m
20050910,0000,1363
20050911,0000,1312
20050912,0000,1298
20050913,0000,1272
20050914,0000,1294
20050915,0000,1346
20050916,0000,1277
20050917,0000,1154
20050918,0000,1168
20050919,0000,1265
20050920,0000,1353
20050921,0000,1406
20050922,0000,1376
20050923,0000,1327
20050924,0000,1251
20050925,0000,1269
20050926,0000,1298
20050927,0000,1282
20050928,0000,1229
20050929,0000,1221
20050930,0000,1225
20051001,0000,1154
20051002,0000,1113
20051003,0000,1143
20051004,0000,1118
20051005,0000,1086
20051006,0000,1064
20051007,0000,1043
20051008,0000,1054
20051009,0000,1022
20051010,0000,982
20051011,0000,1020
20051012,0000,1083
20051013,0000,1118
20051014,0000,1090
20051015,0000,946
20051016,0000,883
20051017,0000,871
20051018,0000,885
20051019,0000,937
20051020,0000,1001
20051021,0000,956
20051022,0000,851
20051023,0000,823
20051024,0000,835
20051025,0000,842
20051026,0000,830
20051027,0000,850
20051028,0000,804
20051029,0000,741
20051030,0000,738
20051031,0000,787
20051101,0000,902
20051102,0000,928
20051103,0000,951
20051104,0000,921
20051105,0000,839
20051106,0000,849
20051107,0000,875
20051108,0000,880
20051109,0000,828
20051110,0000,756
20051111,0000,747
20051112,0000,725
20051113,0000,716
20051114,0000,617
20051115,0000,457
20051116,0000,441
20051117,0000,393
20051118,0000,389
20051119,0000,364
20051120,0000,302
20051121,0000,301
20051122,0000,300
20051123,0000,305
20051124,0000,305
20051125,0000,301
20051126,0000,328
20051127,0000,304
20051128,0000,287
20051129,0000,287
20051130,0000,287
20051201,0000,287
20051202,0000,314
20051203,0000,356
20051204,0000,357
20051205,0000,355
20051206,0000,354
20051207,0000,353
20051208,0000,354
20051209,0000,265
20051210,0000,99
20051211,0000,178
20051212,0000,498
20051213,0000,575
20051214,0000,569
20051215,0000,571
20051216,0000,628
20051217,0000,672
20051218,0000,671
20051219,0000,649
20051220,0000,612
20051221,0000,594
20051222,0000,484
20051223,0000,417
20051224,0000,423
20051225,0000,425
20051226,0000,426
20051227,0000,406
20051228,0000,556
20051229,0000,552
20051230,0000,550
20051231,0000,553
20060101,0000,516
20060102,0000,418
20060103,0000,521
20060104,0000,819
20060105,0000,932
20060106,0000,999
20060107,0000,919
20060108,0000,788
20060109,0000,792
20060110,0000,840
20060111,0000,1011
20060112,0000,1309
20060113,0000,1241
20060114,0000,1165
20060115,0000,1243
20060116,0000,1273
20060117,0000,1267
20060118,0000,1270
20060119,0000,1271
20060120,0000,1256
20060121,0000,1063
20060122,0000,m
20060123,0000,560
20060124,0000,570
20060125,0000,550
20060126,0000,541
20060127,0000,515
20060128,0000,499
20060129,0000,485
20060130,0000,464
20060131,0000,1061
20060201,0000,466
20060202,0000,465
20060203,0000,466
20060204,0000,522
20060205,0000,551
20060206,0000,560
20060207,0000,580
20060208,0000,568
20060209,0000,548
20060210,0000,547
20060211,0000,546
20060212,0000,560
20060213,0000,597
20060214,0000,635
20060215,0000,668
20060216,0000,681
20060217,0000,640
20060218,0000,583
20060219,0000,528
20060220,0000,498
20060221,0000,510
20060222,0000,553
20060223,0000,582
20060224,0000,579
20060225,0000,557
20060226,0000,542
20060227,0000,1672
20060228,0000,521
20060301,0000,302
20060302,0000,323
20060303,0000,338
20060304,0000,302
20060305,0000,309
20060306,0000,311
20060307,0000,300
20060308,0000,316
20060309,0000,330
20060310,0000,261
20060311,0000,250
20060312,0000,251
20060313,0000,252
20060314,0000,322
20060315,0000,371
20060316,0000,314
20060317,0000,300
20060318,0000,282
20060319,0000,334
20060320,0000,439
20060321,0000,385
20060322,0000,389
20060323,0000,431
20060324,0000,429
20060325,0000,417
20060326,0000,399
20060327,0000,397
20060328,0000,400
20060329,0000,382
20060330,0000,379
20060331,0000,420
20060401,0000,409
20060402,0000,390
20060403,0000,376
20060404,0000,337
20060405,0000,299
20060406,0000,293
20060407,0000,300
20060408,0000,270
20060409,0000,262
20060410,0000,293
20060411,0000,325
20060412,0000,336
20060413,0000,368
20060414,0000,502
20060415,0000,584
20060416,0000,580
20060417,0000,516
20060418,0000,586
20060419,0000,689
20060420,0000,820
20060421,0000,1000
20060422,0000,1276
20060423,0000,9478
20060424,0000,1353
20060425,0000,1417
20060426,0000,1524
20060427,0000,1526
20060428,0000,1538
20060429,0000,1671
20060430,0000,2391
20060501,0000,37397
20060502,0000,36760
20060503,0000,3080
20060504,0000,3611
20060505,0000,3993
20060506,0000,3994
20060507,0000,3997
20060508,0000,4102
20060509,0000,4504
20060510,0000,4482
20060511,0000,4490
20060512,0000,4505
20060513,0000,4513
20060514,0000,4520
20060515,0000,4511
20060516,0000,4517
20060517,0000,4238
20060518,0000,4498
20060519,0000,4507
20060520,0000,4508
20060521,0000,4496
20060522,0000,4499
20060523,0000,4509
20060524,0000,4500
20060525,0000,4492
20060526,0000,4490
20060527,0000,4475
20060528,0000,4502
20060529,0000,4508
20060530,0000,4515
20060531,0000,4499
20060601,0000,4500
20060602,0000,4503
20060603,0000,4509
20060604,0000,4503
20060605,0000,4501
20060606,0000,4496
20060607,0000,4509
20060608,0000,4506
20060609,0000,4501
20060610,0000,4504
20060611,0000,4500
20060612,0000,4496
20060613,0000,4484
20060614,0000,4479
20060615,0000,4485
20060616,0000,4488
20060617,0000,4488
20060618,0000,4493
20060619,0000,4392
20060620,0000,4133
20060621,0000,4136
20060622,0000,4139
20060623,0000,4133
20060624,0000,4138
20060625,0000,3929
20060626,0000,3203
20060627,0000,3165
20060628,0000,2903
20060629,0000,2908
20060630,0000,3041
20060701,0000,3271
20060702,0000,3309
20060703,0000,3410
20060704,0000,3412
20060705,0000,3416
20060706,0000,3355
20060707,0000,2999
20060708,0000,2905
20060709,0000,2816
20060710,0000,2353
20060711,0000,2355
20060712,0000,2279
20060713,0000,2243
20060714,0000,2202
20060715,0000,2177
20060716,0000,2187
20060717,0000,2191
20060718,0000,2205
20060719,0000,2225
20060720,0000,2177
20060721,0000,1988
20060722,0000,1995
20060723,0000,2000
20060724,0000,2132
20060725,0000,2192
20060726,0000,2268
20060727,0000,2238
20060728,0000,2108
20060729,0000,1916
20060730,0000,1957
20060731,0000,1955
20060801,0000,1774
20060802,0000,1756
20060803,0000,1717
20060804,0000,1682
20060805,0000,1564
20060806,0000,1551
20060807,0000,1648
20060808,0000,1632
20060809,0000,1560
20060810,0000,1433
20060811,0000,1315
20060812,0000,1286
20060813,0000,1380
20060814,0000,1490
20060815,0000,1477
20060816,0000,1443
20060817,0000,1400
20060818,0000,1302
20060819,0000,1211
20060820,0000,1234
20060821,0000,1356
20060822,0000,1342
20060823,0000,1251
20060824,0000,1274
20060825,0000,1328
20060826,0000,1194
20060827,0000,1071
20060828,0000,13187
20060829,0000,1034
20060830,0000,1140
20060831,0000,1027
20060901,0000,783
20060902,0000,693
20060903,0000,733
20060904,0000,739
20060905,0000,866
20060906,0000,969
20060907,0000,993
20060908,0000,950
20060909,0000,852
20060910,0000,869
20060911,0000,999
20060912,0000,1035
20060913,0000,1034
20060914,0000,1031
20060915,0000,941
20060916,0000,820
20060917,0000,829
20060918,0000,878
20060919,0000,795
20060920,0000,712
20060921,0000,717
20060922,0000,691
20060923,0000,612
20060924,0000,559
20060925,0000,508
20060926,0000,521
20060927,0000,2904
20060928,0000,520
20060929,0000,477
20060930,0000,400
20061001,0000,454
20061002,0000,506
20061003,0000,1581
20061004,0000,325
20061005,0000,337
20061006,0000,321
20061007,0000,308
20061008,0000,310
20061009,0000,309
20061010,0000,309
20061011,0000,301
20061012,0000,301
20061013,0000,300
20061014,0000,300
20061015,0000,300
20061016,0000,311
20061017,0000,329
20061018,0000,329
20061019,0000,318
20061020,0000,302
20061021,0000,301
20061022,0000,300
20061023,0000,318
20061024,0000,354
20061025,0000,355
20061026,0000,364
20061027,0000,371
20061028,0000,371
20061029,0000,374
20061030,0000,374
20061031,0000,374
20061101,0000,359
20061102,0000,335
20061103,0000,334
20061104,0000,334
20061105,0000,332
20061106,0000,331
20061107,0000,333
20061108,0000,334
20061109,0000,336
20061110,0000,334
20061111,0000,333
20061112,0000,334
20061113,0000,333
20061114,0000,333
20061115,0000,337
20061116,0000,339
20061117,0000,339
20061118,0000,340
20061119,0000,341
20061120,0000,339
20061121,0000,340
20061122,0000,338
20061123,0000,354
20061124,0000,361
20061125,0000,361
20061126,0000,360
20061127,0000,359
20061128,0000,359
20061129,0000,367
20061130,0000,330
20061201,0000,254
20061202,0000,254
20061203,0000,263
20061204,0000,276
20061205,0000,282
20061206,0000,274
20061207,0000,279
20061208,0000,278
20061209,0000,277
20061210,0000,289
20061211,0000,306
20061212,0000,304
20061213,0000,304
20061214,0000,317
20061215,0000,325
20061216,0000,325
20061217,0000,325
20061218,0000,325
20061219,0000,301
20061220,0000,277
20061221,0000,265
20061222,0000,266
20061223,0000,266
20061224,0000,267
20061225,0000,266
20061226,0000,297
20061227,0000,318
20061228,0000,340
20061229,0000,375
20061230,0000,375
20061231,0000,326
20070101,0000,257
20070102,0000,268
20070103,0000,286
20070104,0000,293
20070105,0000,302
20070106,0000,301
20070107,0000,313
20070108,0000,325
20070109,0000,306
20070110,0000,277
20070111,0000,m

