Date,PST,Inflow
19900101,0000,4
19900102,0000,1071
19900103,0000,5
19900104,0000,-2
19900105,0000,23
19900106,0000,-12
19900107,0000,-0
19900108,0000,418
19900109,0000,-7
19900110,0000,312
19900111,0000,47
19900112,0000,38
19900113,0000,27
19900114,0000,584
19900115,0000,796
19900116,0000,804
19900117,0000,8
19900118,0000,-9
19900119,0000,-4
19900120,0000,-11
19900121,0000,-16
19900122,0000,900
19900123,0000,125
19900124,0000,16
19900125,0000,421
19900126,0000,287
19900127,0000,16
19900128,0000,-33
19900129,0000,-6
19900130,0000,35
19900131,0000,503
19900201,0000,38
19900202,0000,14
19900203,0000,30
19900204,0000,86
19900205,0000,22
19900206,0000,618
19900207,0000,-4
19900208,0000,0
19900209,0000,419
19900210,0000,-7
19900211,0000,1
19900212,0000,22
19900213,0000,475
19900214,0000,127
19900215,0000,-30
19900216,0000,154
19900217,0000,685
19900218,0000,59
19900219,0000,22
19900220,0000,165
19900221,0000,16
19900222,0000,33
19900223,0000,-3
19900224,0000,-9
19900225,0000,-3
19900226,0000,557
19900227,0000,-2
19900228,0000,33
19900301,0000,814
19900302,0000,1199
19900303,0000,767
19900304,0000,55
19900305,0000,627
19900306,0000,1380
19900307,0000,713
19900308,0000,724
19900309,0000,1340
19900310,0000,603
19900311,0000,380
19900312,0000,897
19900313,0000,1022
19900314,0000,1278
19900315,0000,1081
19900316,0000,960
19900317,0000,960
19900318,0000,793
19900319,0000,1159
19900320,0000,2391
19900321,0000,1761
19900322,0000,1855
19900323,0000,1671
19900324,0000,2144
19900325,0000,2029
19900326,0000,2622
19900327,0000,2495
19900328,0000,2491
19900329,0000,2312
19900330,0000,2281
19900331,0000,2269
19900401,0000,2095
19900402,0000,2257
19900403,0000,1974
19900404,0000,1865
19900405,0000,1075
19900406,0000,1693
19900407,0000,2018
19900408,0000,1745
19900409,0000,1944
19900410,0000,2276
19900411,0000,1940
19900412,0000,1344
19900413,0000,1705
19900414,0000,1657
19900415,0000,1707
19900416,0000,1606
19900417,0000,1558
19900418,0000,1691
19900419,0000,2031
19900420,0000,2497
19900421,0000,1848
19900422,0000,1961
19900423,0000,1738
19900424,0000,1162
19900425,0000,1069
19900426,0000,995
19900427,0000,928
19900428,0000,1197
19900429,0000,1714
19900430,0000,1780
19900501,0000,1834
19900502,0000,1542
19900503,0000,1623
19900504,0000,2108
19900505,0000,981
19900506,0000,1827
19900507,0000,1756
19900508,0000,1801
19900509,0000,1737
19900510,0000,1888
19900511,0000,2070
19900512,0000,2621
19900513,0000,2191
19900514,0000,2085
19900515,0000,2039
19900516,0000,1750
19900517,0000,2039
19900518,0000,1976
19900519,0000,2206
19900520,0000,2096
19900521,0000,1937
19900522,0000,1639
19900523,0000,1732
19900524,0000,1194
19900525,0000,1206
19900526,0000,1405
19900527,0000,1430
19900528,0000,751
19900529,0000,686
19900530,0000,655
19900531,0000,701
19900601,0000,1087
19900602,0000,1106
19900603,0000,790
19900604,0000,834
19900605,0000,2438
19900606,0000,1509
19900607,0000,1556
19900608,0000,1561
19900609,0000,1875
19900610,0000,748
19900611,0000,1042
19900929,0000,-60
19900930,0000,-51
19940101,0000,-4
19940102,0000,15
19940103,0000,960
19940104,0000,17
19940105,0000,19
19940106,0000,18
19940107,0000,929
19940108,0000,26
19940109,0000,16
19940110,0000,1027
19940111,0000,23
19940112,0000,-6
19940113,0000,1332
19940114,0000,-0
19940115,0000,-3
19940116,0000,22
19940117,0000,-2
19940118,0000,1441
19940119,0000,1
19940120,0000,31
19940121,0000,55
19940122,0000,1016
19940123,0000,106
19940124,0000,129
19940125,0000,33
19940126,0000,51
19940127,0000,1137
19940128,0000,46
19940129,0000,852
19940130,0000,42
19940131,0000,1042
19941101,0000,5
19941102,0000,5
19941103,0000,-7
19941104,0000,-6
19941105,0000,234
19941106,0000,-7
19941107,0000,-24
19941108,0000,847
19941109,0000,-13
19941110,0000,19
19941111,0000,757
19941112,0000,1
19941113,0000,361
19941114,0000,361
19941115,0000,398
19941116,0000,384
19941117,0000,-4
19941118,0000,750
19941119,0000,750
19941120,0000,-6
19941121,0000,405
19941122,0000,740
19941123,0000,167
19941124,0000,-12
19941125,0000,22
19941126,0000,1012
19941127,0000,-250
19941128,0000,-5
19941129,0000,5
19941130,0000,991
19941201,0000,132
19941202,0000,-5
19941203,0000,728
19941204,0000,32
19941205,0000,-4
19941206,0000,49
19941207,0000,853
19941208,0000,7
19941209,0000,0
19941210,0000,1086
19941211,0000,-20
19941212,0000,-20
19941213,0000,1095
19941214,0000,1095
19941215,0000,83
19941216,0000,22
19941217,0000,855
19941218,0000,-3
19941219,0000,-5
19941220,0000,1059
19941221,0000,-3
19941222,0000,-13
19941223,0000,852
19941224,0000,852
19941225,0000,74
19941226,0000,20
19941227,0000,4
19941228,0000,1020
19941229,0000,11
19941230,0000,-13
19941231,0000,-5
19950101,0000,m
19950102,0000,-4
19950103,0000,-11
19950104,0000,m
19950105,0000,265
19950106,0000,720
19950107,0000,200
19950108,0000,120
19950109,0000,248
19950110,0000,667
19950111,0000,1552
19950112,0000,348
19950113,0000,381
19950114,0000,m
19950115,0000,629
19950116,0000,741
19950117,0000,357
19950118,0000,197
19950119,0000,123
19950120,0000,83
19950121,0000,79
19950122,0000,76
19950123,0000,98
19950124,0000,149
19950125,0000,1160
19950126,0000,1395
19950127,0000,m
19950128,0000,m
19950129,0000,2708
19950130,0000,-1143
19950131,0000,207
19950201,0000,320
19950202,0000,112
19950203,0000,118
19950204,0000,m
19950205,0000,m
19950206,0000,134
19950207,0000,64
19950208,0000,42
19950209,0000,103
19950210,0000,m
19950211,0000,105
19950212,0000,944
19950213,0000,39
19950214,0000,71
19950215,0000,m
19950216,0000,1033
19950217,0000,424
19950218,0000,30
19950219,0000,30
19950220,0000,40
19950221,0000,32
19950222,0000,m
19950223,0000,10
19950224,0000,28
19950225,0000,859
19950226,0000,m
19950227,0000,17
19950228,0000,1018
19950301,0000,m
19950302,0000,13
19950303,0000,23
19950304,0000,181
19950305,0000,833
19950306,0000,58
19950307,0000,38
19950308,0000,42
19950309,0000,55
19950310,0000,1007
19950311,0000,3399
19950312,0000,2160
19950313,0000,966
19950314,0000,429
19950315,0000,284
19950316,0000,243
19950317,0000,146
19950318,0000,294
19950319,0000,465
19950320,0000,439
19950321,0000,867
19950322,0000,972
19950323,0000,1463
19950324,0000,1440
19950325,0000,534
19950326,0000,311
19950327,0000,224
19950328,0000,177
19950329,0000,243
19950330,0000,165
19950331,0000,129
19950401,0000,78
19950402,0000,81
19950403,0000,215
19950404,0000,142
19950405,0000,462
19950406,0000,553
19950407,0000,87
19950408,0000,62
19950409,0000,712
19950410,0000,1381
19950411,0000,782
19950412,0000,53
19950413,0000,884
19950414,0000,972
19950415,0000,1411
19950416,0000,1486
19950417,0000,1463
19950418,0000,1486
19950419,0000,1287
19950420,0000,1263
19950421,0000,1282
19950422,0000,1503
19950423,0000,2088
19950424,0000,1525
19950425,0000,1466
19950426,0000,2023
19950427,0000,1582
19950428,0000,1790
19950429,0000,1593
19950430,0000,2723
19950501,0000,2527
19950502,0000,2746
19950503,0000,2927
19950504,0000,3190
19950505,0000,2915
19950506,0000,2851
19950507,0000,2254
19950508,0000,2806
19950509,0000,2479
19950510,0000,3331
19950511,0000,3043
19950512,0000,m
19950513,0000,3293
19950514,0000,2962
19950515,0000,m
19950516,0000,3132
19950517,0000,2890
19950518,0000,2632
19950519,0000,3016
19950520,0000,2998
19950521,0000,3209
19950522,0000,3135
19950523,0000,3288
19950524,0000,3217
19950525,0000,3071
19950526,0000,3433
19950527,0000,3471
19950528,0000,3407
19950529,0000,m
19950530,0000,3127
19950531,0000,2524
19950601,0000,3138
19950602,0000,2677
19950603,0000,2489
19950604,0000,2557
19950605,0000,2518
19950606,0000,2615
19950607,0000,2624
19950608,0000,2384
19950609,0000,2293
19950610,0000,2717
19950611,0000,1860
19950612,0000,2792
19950613,0000,2128
19950614,0000,1867
19950615,0000,1889
19950616,0000,1092
19950617,0000,1681
19950618,0000,1489
19950619,0000,1492
19950620,0000,m
19950621,0000,1875
19950622,0000,1586
19950623,0000,1556
19950624,0000,1509
19950625,0000,1639
19950626,0000,1743
19950627,0000,1392
19950628,0000,1412
19950629,0000,1691
19950630,0000,1555
19950701,0000,2022
19950702,0000,1919
19950703,0000,1695
19950704,0000,1724
19950705,0000,1881
19950706,0000,1942
19950707,0000,2187
19950708,0000,2096
19950709,0000,1695
19950710,0000,m
19950711,0000,1380
19950712,0000,776
19950713,0000,1550
19950714,0000,1622
19950715,0000,1115
19950716,0000,2162
19950717,0000,1979
19950718,0000,1877
19950719,0000,1571
19950720,0000,1442
19950721,0000,1558
19950722,0000,1587
19950723,0000,1987
19950724,0000,m
19950725,0000,2022
19950726,0000,1396
19950727,0000,1960
19950728,0000,m
19950729,0000,1923
19950730,0000,m
19950731,0000,m
19950801,0000,2285
19950802,0000,2258
19950803,0000,1799
19950804,0000,1665
19950805,0000,1912
19950806,0000,1722
19950807,0000,1664
19950808,0000,m
19950809,0000,1944
19950810,0000,m
19950811,0000,m
19950812,0000,m
19950813,0000,1869
19950814,0000,2148
19950815,0000,m
19950816,0000,m
19950817,0000,1852
19950818,0000,2365
19950819,0000,1834
19950820,0000,1943
19950821,0000,2144
19950822,0000,1786
19950823,0000,1751
19950824,0000,1715
19950825,0000,1878
19950826,0000,m
19950827,0000,1757
19950828,0000,1820
19950829,0000,1770
19950830,0000,1972
19950831,0000,1752
19950901,0000,m
19950902,0000,m
19950903,0000,m
19950904,0000,1792
19950905,0000,2047
19950906,0000,1712
19950907,0000,m
19950908,0000,1765
19950909,0000,1562
19950910,0000,1764
19950911,0000,1801
19950912,0000,2988
19950913,0000,518
19950914,0000,1579
19950915,0000,1845
19950916,0000,1382
19950917,0000,1231
19950918,0000,1177
19950919,0000,1876
19950920,0000,1630
19950921,0000,1052
19950922,0000,1130
19950923,0000,849
19950924,0000,621
19950925,0000,1255
19950926,0000,m
19950927,0000,1273
19950928,0000,938
19950929,0000,1059
19950930,0000,776
19951001,0000,m
19951002,0000,545
19951003,0000,789
19951004,0000,447
19951005,0000,518
19951006,0000,m
19951007,0000,722
19951008,0000,726
19951009,0000,543
19951010,0000,830
19951011,0000,957
19951012,0000,1130
19951013,0000,2441
19951014,0000,2286
19951015,0000,1995
19951016,0000,1953
19951017,0000,m
19951018,0000,1288
19951019,0000,1111
19951020,0000,995
19951021,0000,1198
19951022,0000,1105
19951023,0000,1240
19951024,0000,1106
19951025,0000,978
19951026,0000,1025
19951027,0000,-13
19951028,0000,-15
19951029,0000,108
19951030,0000,-17
19951031,0000,-18
19951101,0000,902
19951102,0000,-7
19951103,0000,1
19951104,0000,1461
19951105,0000,23
19951106,0000,-19
19951107,0000,-15
19951108,0000,1055
19951109,0000,m
19951110,0000,-18
19951111,0000,-13
19951112,0000,48
19951113,0000,1590
19951114,0000,-8
19951115,0000,660
19951116,0000,84
19951117,0000,336
19951118,0000,321
19951119,0000,310
19951120,0000,-7
19951121,0000,-72
19951122,0000,33
19951123,0000,172
19951124,0000,1628
19951125,0000,10
19951126,0000,1
19951127,0000,-2
19951128,0000,3
19951129,0000,1252
19951130,0000,-2
19951201,0000,-24
19951202,0000,1030
19951203,0000,-5
19951204,0000,-16
19951205,0000,-16
19951206,0000,-10
19951207,0000,1046
19951208,0000,10
19951209,0000,6
19951210,0000,3
19951211,0000,574
19951212,0000,111
19951213,0000,596
19951214,0000,855
19951215,0000,40
19951216,0000,7
19951217,0000,6
19951218,0000,926
19951219,0000,2
19951220,0000,-2
19951221,0000,1046
19951222,0000,892
19951223,0000,12
19951224,0000,-10
19951225,0000,-9
19951226,0000,m
19951227,0000,-13
19951228,0000,-16
19951229,0000,719
19951230,0000,737
19951231,0000,24
19960101,0000,-2
19960102,0000,9
19960103,0000,-2
19960104,0000,1052
19960105,0000,39
19960106,0000,275
19960107,0000,16
19960108,0000,13
19960109,0000,1187
19960110,0000,487
19960111,0000,53
19960112,0000,857
19960113,0000,24
19960114,0000,17
19960115,0000,29
19960116,0000,566
19960117,0000,475
19960118,0000,318
19960119,0000,253
19960120,0000,93
19960121,0000,531
19960122,0000,100
19960123,0000,85
19960124,0000,382
19960125,0000,1155
19960126,0000,185
19960127,0000,610
19960128,0000,m
19960129,0000,250
19960130,0000,116
19960131,0000,300
19960201,0000,235
19960202,0000,123
19960203,0000,108
19960204,0000,1181
19960205,0000,688
19960206,0000,281
19960207,0000,236
19960208,0000,157
19960209,0000,142
19960210,0000,640
19960211,0000,591
19960212,0000,1029
19960213,0000,352
19960214,0000,1294
19960215,0000,1607
19960216,0000,1697
19960217,0000,1766
19960218,0000,1276
19960219,0000,2212
19960220,0000,3109
19960221,0000,2334
19960223,0000,3562
19960224,0000,3549
19960225,0000,3264
19960226,0000,3256
19960227,0000,3265
19960228,0000,3168
19960229,0000,4039
19960301,0000,4558
19960302,0000,4268
19960303,0000,4249
19960304,0000,3508
19960305,0000,4135
19960306,0000,3701
19960307,0000,4185
19960308,0000,4262
19960309,0000,3397
19960310,0000,3596
19960311,0000,4223
19960312,0000,3859
19960313,0000,3556
19960314,0000,3837
19960315,0000,3808
19960317,0000,3763
19960318,0000,3978
19960319,0000,3867
19960320,0000,3955
19960322,0000,3988
19960323,0000,3879
19960324,0000,3540
19960325,0000,2730
19960326,0000,2723
19960327,0000,2417
19960328,0000,2665
19960329,0000,2527
19960330,0000,2542
19960331,0000,2440
19960401,0000,3142
19960402,0000,3200
19960403,0000,3112
19960404,0000,2987
19960405,0000,2974
19960406,0000,3035
19960407,0000,3011
19960408,0000,3276
19960409,0000,3033
19960410,0000,3385
19960411,0000,3335
19960412,0000,3189
19960413,0000,2842
19960414,0000,2959
19960415,0000,2869
19960416,0000,3061
19960417,0000,2465
19960418,0000,2865
19960419,0000,2930
19960420,0000,2801
19960421,0000,3321
19960422,0000,2986
19960423,0000,2735
19960424,0000,3042
19960425,0000,2833
19960426,0000,2861
19960427,0000,2873
19960428,0000,2859
19960429,0000,2818
19960430,0000,2839
19960501,0000,2573
19960502,0000,2682
19960503,0000,3294
19960504,0000,2833
19960505,0000,2884
19960506,0000,2850
19960507,0000,2909
19960508,0000,3245
19960509,0000,3375
19960510,0000,3005
19960511,0000,2988
19960512,0000,3257
19960513,0000,3552
19960514,0000,3165
19960515,0000,3020
19960516,0000,2501
19960517,0000,2087
19960518,0000,2425
19960519,0000,1613
19960520,0000,1817
19960521,0000,2439
19960522,0000,2368
19960523,0000,2147
19960524,0000,1869
19960525,0000,213
19960526,0000,2463
19960527,0000,2265
19960528,0000,2112
19960529,0000,2197
19960530,0000,2307
19960531,0000,m
19960601,0000,2215
19960602,0000,2115
19960603,0000,2266
19960604,0000,2278
19960605,0000,2547
19960606,0000,2613
19960607,0000,2148
19960608,0000,2367
19960609,0000,2564
19960610,0000,3069
19960611,0000,2655
19960612,0000,2837
19960613,0000,2806
19960614,0000,2866
19960615,0000,2841
19960616,0000,2298
19960617,0000,2167
19960618,0000,2515
19960619,0000,2732
19960620,0000,2800
19960621,0000,2265
19960622,0000,2103
19960623,0000,2553
19960624,0000,2560
19960625,0000,2442
19960626,0000,2402
19960627,0000,2577
19960628,0000,2412
19960629,0000,2353
19960630,0000,2098
19960701,0000,2278
19960702,0000,2270
19960703,0000,2695
19960704,0000,1737
19960705,0000,2032
19960706,0000,2086
19960707,0000,1823
19960708,0000,1988
19960709,0000,2042
19960710,0000,2213
19960711,0000,1975
19960712,0000,2105
19960713,0000,2243
19960714,0000,2290
19960715,0000,2399
19960716,0000,2494
19960717,0000,2410
19960718,0000,1963
19960719,0000,2745
19960720,0000,2674
19960721,0000,2447
19960722,0000,2017
19960723,0000,2255
19960724,0000,1988
19960725,0000,2497
19960726,0000,2452
19960727,0000,2473
19960728,0000,2275
19960729,0000,2414
19960730,0000,2830
19960731,0000,1974
19960801,0000,2685
19960802,0000,1975
19960803,0000,2629
19960804,0000,m
19960805,0000,2632
19960806,0000,1882
19960807,0000,2383
19960808,0000,2193
19960809,0000,1883
19960810,0000,2486
19960811,0000,1673
19960812,0000,2197
19960813,0000,1578
19960814,0000,2488
19960815,0000,2038
19960816,0000,1948
19960817,0000,1700
19960818,0000,2047
19960819,0000,2235
19960820,0000,2178
19960821,0000,2439
19960822,0000,1545
19960823,0000,1525
19960824,0000,1745
19960825,0000,1778
19960826,0000,1763
19960827,0000,1948
19960828,0000,1712
19960829,0000,1883
19960830,0000,1786
19960831,0000,1611
19960901,0000,1492
19960902,0000,1799
19960903,0000,1795
19960904,0000,1659
19960905,0000,1573
19960906,0000,1771
19960907,0000,1703
19960908,0000,1801
19960909,0000,1728
19960910,0000,1709
19960911,0000,1833
19960912,0000,1778
19960913,0000,1563
19960914,0000,1647
19960915,0000,1481
19960916,0000,1537
19960917,0000,1466
19960918,0000,1096
19960919,0000,1196
19960920,0000,1199
19960921,0000,1277
19960922,0000,1278
19960923,0000,1385
19960924,0000,1395
19960925,0000,1871
19960926,0000,689
19960927,0000,700
19960928,0000,768
19960929,0000,1062
19960930,0000,1080
19961001,0000,1044
19961002,0000,938
19961003,0000,928
19961004,0000,953
19961005,0000,954
19961006,0000,626
19961007,0000,978
19961008,0000,1254
19961009,0000,1234
19961010,0000,508
19961011,0000,1337
19961012,0000,2081
19961013,0000,2153
19961014,0000,2533
19961015,0000,1902
19961016,0000,1484
19961017,0000,1376
19961018,0000,982
19961019,0000,829
19961020,0000,504
19961021,0000,813
19961022,0000,842
19961023,0000,409
19961024,0000,303
19961025,0000,m
19961026,0000,898
19961027,0000,-31
19961028,0000,396
19961029,0000,433
19961030,0000,448
19961031,0000,415
19961101,0000,559
19961102,0000,162
19961103,0000,-21
19961104,0000,946
19961105,0000,-31
19961106,0000,3
19961107,0000,1159
19961108,0000,m
19961109,0000,31
19961110,0000,128
19961111,0000,568
19961112,0000,773
19961113,0000,764
19961114,0000,826
19961115,0000,1169
19961116,0000,1329
19961117,0000,764
19961118,0000,1471
19961119,0000,1059
19961120,0000,1052
19961121,0000,1157
19961122,0000,1546
19961123,0000,1639
19961124,0000,1480
19961125,0000,1487
19961126,0000,m
19961127,0000,1284
19961128,0000,1068
19961129,0000,1309
19961130,0000,1408
19961201,0000,1354
19961202,0000,1288
19961203,0000,1305
19961204,0000,1920
19961205,0000,2938
19961206,0000,4091
19961207,0000,3923
19961208,0000,3518
19961209,0000,3991
19961210,0000,5114
19961211,0000,3710
19961212,0000,3473
19961213,0000,2998
19961214,0000,2804
19961215,0000,3179
19961216,0000,3410
19961217,0000,3944
19961218,0000,3677
19961219,0000,3832
19961220,0000,3574
19961221,0000,4850
19961222,0000,3000
19961223,0000,3566
19961224,0000,3425
19961225,0000,3535
19961226,0000,3599
19961227,0000,3545
19961228,0000,4880
19961229,0000,5054
19961230,0000,5736
19961231,0000,-9999
19970101,0000,4595
19970102,0000,4217
19970103,0000,4838
19970104,0000,6191
19970105,0000,4604
19970106,0000,4753
19970107,0000,5712
19970108,0000,6569
19970109,0000,6867
19970110,0000,7175
19970111,0000,7191
19970112,0000,6455
19970113,0000,6373
19970114,0000,6774
19970115,0000,6883
19970116,0000,7057
19970117,0000,6907
19970118,0000,7183
19970119,0000,-9999
19970120,0000,-9999
19970121,0000,6052
19970122,0000,6015
19970123,0000,6306
19970124,0000,6176
19970125,0000,7541
19970126,0000,5667
19970127,0000,5770
19970128,0000,7933
19970129,0000,7554
19970130,0000,7172
19970131,0000,7294
19970201,0000,7403
19970202,0000,7523
19970203,0000,7399
19970204,0000,7401
19970205,0000,7459
19970206,0000,7596
19970207,0000,7481
19970208,0000,7498
19970209,0000,7467
19970210,0000,7318
19970211,0000,3582
19970212,0000,5024
19970213,0000,3725
19970214,0000,4114
19970215,0000,4423
19970216,0000,5868
19970217,0000,5851
19970218,0000,6925
19970219,0000,6648
19970220,0000,7212
19970221,0000,7146
19970222,0000,7146
19970223,0000,7168
19970224,0000,7223
19970225,0000,7333
19970226,0000,7333
19970227,0000,7402
19970228,0000,6254
19970301,0000,6620
19970302,0000,6536
19970303,0000,6182
19970304,0000,5686
19970305,0000,4913
19970306,0000,4835
19970307,0000,3410
19970308,0000,2700
19970309,0000,2766
19970310,0000,2146
19970311,0000,1581
19970312,0000,2023
19970313,0000,1636
19970314,0000,1816
19970315,0000,1789
19970316,0000,1906
19970317,0000,2753
19970318,0000,2580
19970319,0000,2509
19970320,0000,2979
19970321,0000,2982
19970322,0000,2899
19970323,0000,2871
19970324,0000,2414
19970325,0000,1936
19970326,0000,1724
19970327,0000,1822
19970328,0000,2443
19970329,0000,2026
19970330,0000,1856
19970331,0000,1966
19970401,0000,1862
19970402,0000,2666
19970403,0000,1953
19970404,0000,1965
19970405,0000,2062
19970406,0000,1891
19970407,0000,1704
19970408,0000,1611
19970409,0000,1749
19970410,0000,1594
19970411,0000,2279
19970412,0000,2213
19970413,0000,2638
19970414,0000,3161
19970415,0000,2691
19970416,0000,2954
19970417,0000,2776
19970418,0000,2945
19970419,0000,2815
19970420,0000,3082
19970421,0000,3080
19970422,0000,3042
19970423,0000,3013
19970424,0000,3065
19970425,0000,2672
19970426,0000,2348
19970427,0000,2712
19970428,0000,2754
19970429,0000,2996
19970430,0000,3000
19970501,0000,3016
19970502,0000,2710
19970503,0000,2721
19970504,0000,2815
19970505,0000,2866
19970506,0000,2598
19970507,0000,2691
19970508,0000,2856
19970509,0000,2965
19970510,0000,2967
19970511,0000,2937
19970512,0000,3066
19970513,0000,2836
19970514,0000,3049
19970515,0000,2860
19970516,0000,2804
19970517,0000,2961
19970518,0000,2952
19970519,0000,2949
19970520,0000,2978
19970521,0000,2940
19970522,0000,3018
19970523,0000,3354
19970524,0000,2866
19970525,0000,2603
19970526,0000,2825
19970527,0000,2744
19970528,0000,2806
19970529,0000,3359
19970530,0000,3000
19970531,0000,3088
19970601,0000,2508
19970602,0000,3073
19970603,0000,2830
19970604,0000,3212
19970605,0000,3035
19970606,0000,2802
19970607,0000,2290
19970608,0000,2165
19970609,0000,2650
19970610,0000,2206
19970611,0000,2390
19970612,0000,2343
19970613,0000,2137
19970614,0000,2128
19970615,0000,2238
19970616,0000,2306
19970617,0000,2162
19970618,0000,2134
19970619,0000,2249
19970620,0000,2422
19970621,0000,2065
19970622,0000,2098
19970623,0000,2213
19970624,0000,2245
19970625,0000,2319
19970626,0000,2469
19970627,0000,2343
19970628,0000,2636
19970629,0000,2230
19970630,0000,2047
19970701,0000,1929
19970702,0000,1799
19970703,0000,1597
19970704,0000,1967
19970705,0000,1878
19970706,0000,2040
19970707,0000,1735
19970708,0000,2200
19970709,0000,1939
19970710,0000,1951
19970711,0000,2088
19970712,0000,1533
19970713,0000,2159
19970714,0000,1910
19970715,0000,2044
19970716,0000,2104
19970717,0000,1760
19970718,0000,1938
19970719,0000,1950
19970720,0000,1963
19970721,0000,2032
19970722,0000,1909
19970723,0000,2091
19970724,0000,1926
19970725,0000,2302
19970726,0000,1940
19970727,0000,1857
19970728,0000,1912
19970729,0000,1807
19970730,0000,1939
19970731,0000,1974
19970801,0000,526
19970802,0000,2032
19970803,0000,1858
19970804,0000,2252
19970805,0000,1877
19970806,0000,1891
19970807,0000,2071
19970808,0000,2184
19970809,0000,1870
19970810,0000,1826
19970811,0000,1866
19970812,0000,2126
19970813,0000,1925
19970814,0000,1947
19970815,0000,2141
19970816,0000,2045
19970817,0000,1962
19970818,0000,1987
19970819,0000,1993
19970820,0000,2237
19970821,0000,1973
19970822,0000,1945
19970823,0000,1946
19970824,0000,1981
19970825,0000,1444
19970826,0000,1226
19970827,0000,1423
19970828,0000,1640
19970829,0000,1571
19970830,0000,1600
19970831,0000,1333
19970901,0000,1056
19970902,0000,1305
19970903,0000,1138
19970904,0000,1135
19970905,0000,997
19970906,0000,1016
19970907,0000,984
19970908,0000,1107
19970909,0000,1089
19970910,0000,1143
19970911,0000,1186
19970912,0000,997
19970913,0000,995
19970914,0000,999
19970915,0000,1014
19970916,0000,985
19970917,0000,1087
19970918,0000,1107
19970919,0000,863
19970920,0000,892
19970921,0000,1173
19970922,0000,1212
19970923,0000,1238
19970924,0000,1770
19970925,0000,695
19970926,0000,861
19970927,0000,1059
19970928,0000,947
19970929,0000,906
19970930,0000,965
19971001,0000,971
19971002,0000,1051
19971003,0000,872
19971004,0000,858
19971005,0000,159
19971006,0000,417
19971007,0000,833
19971008,0000,839
19971009,0000,1326
19971010,0000,1601
19971011,0000,1394
19971012,0000,1369
19971013,0000,1373
19971014,0000,1287
19971015,0000,1216
19971016,0000,1219
19971017,0000,1222
19971018,0000,1217
19971019,0000,1211
19971020,0000,1025
19971021,0000,722
19971022,0000,605
19971023,0000,285
19971024,0000,526
19971025,0000,518
19971026,0000,523
19971027,0000,310
19971028,0000,-6
19971029,0000,-30
19971030,0000,527
19971031,0000,916
19971101,0000,831
19971102,0000,839
19971103,0000,821
19971104,0000,894
19971105,0000,792
19971106,0000,573
19971107,0000,554
19971108,0000,541
19971109,0000,549
19971110,0000,315
19971111,0000,16
19971112,0000,5
19971113,0000,402
19971114,0000,646
19971115,0000,746
19971116,0000,697
19971117,0000,587
19971118,0000,525
19971119,0000,378
19971120,0000,126
19971121,0000,509
19971122,0000,489
19971123,0000,505
19971124,0000,500
19971125,0000,183
19971126,0000,358
19971127,0000,m
19971128,0000,1
19971129,0000,0
19971130,0000,3
19971201,0000,517
19971202,0000,476
19971203,0000,479
19971204,0000,660
19971205,0000,642
19971206,0000,7
19971207,0000,222
19971208,0000,110
19971209,0000,375
19971210,0000,525
19971211,0000,813
19971212,0000,12
19971213,0000,-2
19971214,0000,3
19971215,0000,317
19971216,0000,473
19971217,0000,469
19971218,0000,476
19971219,0000,m
19971220,0000,469
19971221,0000,464
19971222,0000,217
19971223,0000,134
19971224,0000,446
19971225,0000,446
19971226,0000,436
19971227,0000,441
19971228,0000,447
19971229,0000,140
19971230,0000,-6
19971231,0000,189
19980101,0000,456
19980102,0000,m
19980103,0000,m
19980104,0000,823
19980105,0000,235
19980106,0000,35
19980107,0000,30
19980108,0000,2
19980109,0000,325
19980110,0000,808
19980111,0000,1019
19980112,0000,2439
19980113,0000,444
19980114,0000,1233
19980115,0000,4048
19980116,0000,770
19980117,0000,308
19980118,0000,2084
19980119,0000,2076
19980120,0000,1792
19980121,0000,1589
19980122,0000,991
19980123,0000,908
19980124,0000,1429
19980125,0000,1403
19980126,0000,1593
19980127,0000,1706
19980128,0000,2468
19980129,0000,1962
19980130,0000,2704
19980131,0000,2516
19980201,0000,2201
19980202,0000,1307
19980203,0000,3990
19980204,0000,2032
19980205,0000,4319
19980206,0000,5683
19980207,0000,2425
19980208,0000,3086
19980209,0000,5377
19980210,0000,4823
19980211,0000,4694
19980212,0000,4564
19980213,0000,4203
19980214,0000,3922
19980215,0000,3831
19980216,0000,4056
19980217,0000,4052
19980218,0000,4600
19980219,0000,4269
19980220,0000,4014
19980221,0000,4570
19980222,0000,3742
19980223,0000,3949
19980224,0000,3886
19980225,0000,3964
19980226,0000,3848
19980227,0000,3981
19980228,0000,3686
19980301,0000,3982
19980302,0000,3716
19980303,0000,2650
19980304,0000,2756
19980305,0000,2085
19980306,0000,1957
19980307,0000,1757
19980308,0000,2012
19980309,0000,2166
19980310,0000,2161
19980311,0000,2062
19980312,0000,2041
19980313,0000,1728
19980314,0000,1575
19980315,0000,1420
19980316,0000,1611
19980317,0000,1583
19980318,0000,1892
19980319,0000,2588
19980320,0000,4301
19980321,0000,3579
19980322,0000,3387
19980323,0000,2105
19980324,0000,1746
19980325,0000,3354
19980326,0000,2469
19980327,0000,2099
19980328,0000,1691
19980329,0000,1163
19980330,0000,1737
19980331,0000,1853
19980401,0000,1303
19980402,0000,1615
19980403,0000,1684
19980404,0000,1644
19980405,0000,m
19980406,0000,1588
19980407,0000,2252
19980408,0000,2560
19980409,0000,2090
19980410,0000,2647
19980411,0000,2528
19980412,0000,2390
19980413,0000,2466
19980414,0000,1712
19980415,0000,1940
19980416,0000,2461
19980417,0000,2455
19980418,0000,2618
19980419,0000,2554
19980420,0000,2282
19980421,0000,2074
19980422,0000,2455
19980423,0000,2955
19980424,0000,1077
19980425,0000,2877
19980426,0000,2303
19980427,0000,2454
19980428,0000,2267
19980429,0000,2628
19980430,0000,2588
19980501,0000,2717
19980502,0000,2868
19980503,0000,3077
19980504,0000,3780
19980505,0000,3071
19980506,0000,2871
19980507,0000,2805
19980508,0000,3103
19980509,0000,2244
19980510,0000,2118
19980511,0000,2852
19980512,0000,3301
19980513,0000,2101
19980514,0000,2337
19980515,0000,2536
19980516,0000,2818
19980517,0000,2539
19980518,0000,2269
19980519,0000,2407
19980520,0000,2617
19980521,0000,2616
19980522,0000,2483
19980523,0000,2917
19980524,0000,2838
19980525,0000,3385
19980526,0000,3283
19980527,0000,3236
19980528,0000,2584
19980529,0000,2637
19980530,0000,3184
19980531,0000,4310
19980601,0000,2196
19980602,0000,2631
19980603,0000,2749
19980604,0000,2167
19980605,0000,2421
19980606,0000,2710
19980607,0000,2688
19980608,0000,2880
19980609,0000,2773
19980610,0000,2947
19980611,0000,3249
19980612,0000,3064
19980613,0000,3105
19980614,0000,2841
19980615,0000,2629
19980616,0000,2721
19980617,0000,2611
19980618,0000,3411
19980619,0000,3573
19980620,0000,4204
19980621,0000,3881
19980622,0000,3798
19980623,0000,3828
19980624,0000,3926
19980625,0000,3266
19980626,0000,3587
19980627,0000,4082
19980628,0000,32771
19980629,0000,3688
19980630,0000,3760
19980701,0000,3695
19980702,0000,3899
19980703,0000,4073
19980704,0000,4265
19980705,0000,3735
19980706,0000,3600
19980707,0000,3742
19980708,0000,3846
19980709,0000,3808
19980710,0000,3633
19980711,0000,4007
19980712,0000,3408
19980713,0000,3481
19980714,0000,3501
19980715,0000,3468
19980716,0000,3296
19980717,0000,3102
19980718,0000,3683
19980719,0000,3535
19980720,0000,3211
19980721,0000,3862
19980722,0000,3320
19980723,0000,3689
19980724,0000,3518
19980725,0000,m
19980726,0000,3502
19980727,0000,3831
19980728,0000,3019
19980729,0000,3387
19980730,0000,3409
19980731,0000,3517
19980801,0000,3535
19980802,0000,3567
19980803,0000,3379
19980804,0000,3557
19980805,0000,3448
19980806,0000,3322
19980807,0000,3396
19980808,0000,3588
19980809,0000,3574
19980810,0000,3724
19980811,0000,3594
19980812,0000,3524
19980813,0000,3572
19980814,0000,3326
19980815,0000,3618
19980816,0000,3731
19980817,0000,3771
19980818,0000,3456
19980819,0000,3426
19980820,0000,3857
19980821,0000,3279
19980822,0000,3657
19980823,0000,3640
19980824,0000,3487
19980825,0000,3407
19980826,0000,3524
19980827,0000,3672
19980828,0000,2248
19980829,0000,3496
19980830,0000,3219
19980831,0000,4111
19980901,0000,2920
19980902,0000,3590
19980903,0000,3705
19980904,0000,3265
19980905,0000,3381
19980906,0000,3559
19980907,0000,3581
19980908,0000,2720
19980909,0000,2385
19980910,0000,1809
19980911,0000,2094
19980912,0000,2182
19980913,0000,3041
19980914,0000,3460
19980915,0000,2795
19980916,0000,2671
19980917,0000,2872
19980918,0000,2944
19980919,0000,2823
19980920,0000,2929
19980921,0000,3217
19980922,0000,2192
19980923,0000,2712
19980924,0000,2967
19980925,0000,2490
19980926,0000,2750
19980927,0000,2332
19980928,0000,2545
19980929,0000,2470
19980930,0000,2536
19981001,0000,2724
19981002,0000,3108
19981003,0000,2939
19981004,0000,2385
19981005,0000,2418
19981006,0000,2587
19981007,0000,3059
19981008,0000,3386
19981009,0000,2883
19981010,0000,1914
19981011,0000,2169
19981012,0000,2409
19981013,0000,2766
19981014,0000,2880
19981015,0000,2808
19981016,0000,2702
19981017,0000,2712
19981018,0000,2692
19981019,0000,2577
19981020,0000,2702
19981021,0000,2642
19981022,0000,2603
19981023,0000,2934
19981024,0000,2728
19981025,0000,2682
19981026,0000,2770
19981027,0000,2261
19981028,0000,2336
19981029,0000,1903
19981030,0000,1291
19981031,0000,940
19981101,0000,1022
19981102,0000,1018
19981103,0000,981
19981104,0000,928
19981105,0000,806
19981106,0000,679
19981107,0000,932
19981108,0000,997
19981109,0000,930
19981110,0000,977
19981111,0000,910
19981112,0000,886
19981113,0000,835
19981114,0000,1036
19981115,0000,893
19981116,0000,977
19981117,0000,m
19981118,0000,888
19981119,0000,999
19981120,0000,546
19981121,0000,1357
19981122,0000,1127
19981123,0000,538
19981124,0000,-17
19981125,0000,927
19981126,0000,1016
19981127,0000,1134
19981128,0000,1116
19981129,0000,854
19981130,0000,1248
19981201,0000,1357
19981202,0000,1000
19981203,0000,956
19981204,0000,1855
19981205,0000,991
19981206,0000,1201
19981207,0000,1372
19981208,0000,1742
19981209,0000,960
19981210,0000,1166
19981211,0000,1210
19981212,0000,1181
19981213,0000,1151
19981214,0000,1397
19981215,0000,1098
19981216,0000,783
19981217,0000,1548
19981218,0000,1284
19981219,0000,1159
19981220,0000,1229
19981221,0000,1127
19981222,0000,1173
19981223,0000,736
19981224,0000,1761
19981225,0000,1410
19981226,0000,1330
19981227,0000,1224
19981228,0000,1391
19981229,0000,1595
19981230,0000,1681
19981231,0000,1563
19990101,0000,1365
19990102,0000,1162
19990103,0000,1167
19990104,0000,1419
19990105,0000,1692
19990106,0000,1325
19990107,0000,1251
19990108,0000,437
19990109,0000,742
19990110,0000,393
19990111,0000,27
19990112,0000,31
19990113,0000,204
19990114,0000,702
19990115,0000,875
19990116,0000,1409
19990117,0000,1168
19990118,0000,1800
19990119,0000,1880
19990120,0000,1021
19990121,0000,2542
19990122,0000,3427
19990123,0000,3222
19990124,0000,2268
19990125,0000,2630
19990126,0000,4171
19990127,0000,2993
19990128,0000,3886
19990129,0000,m
19990130,0000,m
19990131,0000,2273
19990201,0000,1425
19990202,0000,1437
19990203,0000,2464
19990204,0000,2622
19990205,0000,2734
19990206,0000,2758
19990207,0000,3611
19990208,0000,3402
19990209,0000,1566
19990210,0000,2542
19990211,0000,4210
19990212,0000,4257
19990213,0000,4269
19990214,0000,4163
19990215,0000,4450
19990216,0000,3334
19990217,0000,4147
19990218,0000,4004
19990219,0000,1364
19990220,0000,4716
19990221,0000,4213
19990222,0000,3701
19990223,0000,4058
19990224,0000,3724
19990225,0000,4130
19990226,0000,4134
19990227,0000,4383
19990228,0000,3768
19990301,0000,3730
19990302,0000,2419
19990303,0000,2674
19990304,0000,2768
19990305,0000,2819
19990306,0000,1928
19990307,0000,1129
19990308,0000,1667
19990309,0000,1784
19990310,0000,1673
19990311,0000,1747
19990312,0000,1681
19990313,0000,1623
19990314,0000,1745
19990315,0000,2845
19990316,0000,2370
19990317,0000,2109
19990318,0000,1578
19990319,0000,2108
19990320,0000,2242
19990321,0000,1362
19990322,0000,1398
19990323,0000,1765
19990324,0000,1918
19990325,0000,1919
19990326,0000,1846
19990327,0000,2125
19990328,0000,1792
19990329,0000,m
19990330,0000,1536
19990331,0000,1663
19990401,0000,2219
19990402,0000,3173
19990403,0000,2276
19990404,0000,2231
19990405,0000,2607
19990406,0000,2591
19990407,0000,1943
19990408,0000,2021
19990409,0000,1836
19990410,0000,1546
19990411,0000,1645
19990412,0000,1912
19990413,0000,1892
19990414,0000,2010
19990415,0000,2330
19990416,0000,2741
19990417,0000,2250
19990418,0000,2475
19990419,0000,2357
19990420,0000,2707
19990421,0000,2772
19990422,0000,2790
19990423,0000,2950
19990424,0000,3173
19990425,0000,2633
19990426,0000,1059
19990427,0000,1709
19990428,0000,4223
19990429,0000,2844
19990430,0000,2845
19990501,0000,2738
19990502,0000,3111
19990503,0000,2977
19990504,0000,3301
19990505,0000,2743
19990506,0000,2772
19990507,0000,3056
19990508,0000,3191
19990509,0000,3121
19990510,0000,3029
19990511,0000,2912
19990512,0000,2721
19990513,0000,2920
19990514,0000,2810
19990515,0000,2850
19990516,0000,3265
19990517,0000,2646
19990518,0000,2458
19990519,0000,2831
19990520,0000,3721
19990521,0000,3000
19990522,0000,2929
19990523,0000,2951
19990524,0000,2969
19990525,0000,2907
19990526,0000,2733
19990527,0000,3052
19990528,0000,2963
19990529,0000,2617
19990530,0000,2903
19990531,0000,2647
19990601,0000,2933
19990602,0000,2849
19990603,0000,2822
19990604,0000,2829
19990605,0000,2783
19990606,0000,2754
19990607,0000,2795
19990608,0000,2754
19990609,0000,2886
19990610,0000,2905
19990611,0000,2833
19990612,0000,2811
19990613,0000,3163
19990614,0000,2830
19990615,0000,3144
19990616,0000,2878
19990617,0000,2459
19990618,0000,2507
19990619,0000,3151
19990620,0000,3205
19990621,0000,2654
19990622,0000,2966
19990623,0000,2812
19990624,0000,2689
19990625,0000,2357
19990626,0000,2434
19990627,0000,2422
19990628,0000,2478
19990629,0000,2488
19990630,0000,2679
19990701,0000,2782
19990702,0000,2507
19990703,0000,2034
19990704,0000,2302
19990705,0000,2615
19990706,0000,2457
19990707,0000,1977
19990708,0000,1847
19990709,0000,m
19990710,0000,2463
19990711,0000,2210
19990712,0000,2519
19990713,0000,2307
19990714,0000,2078
19990715,0000,2037
19990716,0000,1898
19990717,0000,2198
19990718,0000,2172
19990719,0000,2473
19990720,0000,2082
19990721,0000,2496
19990722,0000,2290
19990723,0000,2339
19990724,0000,2036
19990725,0000,1944
19990726,0000,2001
19990727,0000,2438
19990728,0000,2239
19990729,0000,2661
19990730,0000,2042
19990731,0000,2075
19990801,0000,2283
19990802,0000,2632
19990803,0000,2173
19990804,0000,1569
19990805,0000,2106
19990806,0000,m
19990807,0000,1596
19990808,0000,1820
19990809,0000,2544
19990810,0000,2217
19990811,0000,2024
19990812,0000,2129
19990813,0000,1894
19990814,0000,2298
19990815,0000,1866
19990816,0000,2078
19990817,0000,1950
19990818,0000,1857
19990819,0000,1916
19990820,0000,2019
19990821,0000,2119
19990822,0000,2391
19990823,0000,2288
19990824,0000,2006
19990825,0000,1678
19990826,0000,1811
19990827,0000,m
19990828,0000,1974
19990829,0000,2166
19990830,0000,2145
19990831,0000,2176
19990901,0000,2109
19990902,0000,2036
19990903,0000,1718
19990904,0000,1457
19990905,0000,1411
19990906,0000,1667
19990907,0000,1714
19990908,0000,1903
19990909,0000,1647
19990910,0000,1520
19990911,0000,1577
19990912,0000,1364
19990913,0000,1533
19990914,0000,1680
19990915,0000,1396
19990916,0000,1282
19990917,0000,1276
19990918,0000,1585
19990919,0000,1598
19990920,0000,2064
19990921,0000,1691
19990922,0000,716
19990923,0000,2352
19990924,0000,1372
19990925,0000,1496
19990926,0000,1755
19990927,0000,2155
19990928,0000,852
19990929,0000,2171
19990930,0000,649
19991001,0000,492
19991002,0000,935
19991003,0000,935
19991004,0000,938
19991005,0000,929
19991006,0000,956
19991007,0000,948
19991008,0000,939
19991009,0000,943
19991010,0000,946
19991011,0000,944
19991012,0000,939
19991013,0000,705
19991014,0000,582
19991015,0000,365
19991016,0000,-12
19991017,0000,-15
19991018,0000,86
19991019,0000,233
19991020,0000,225
19991021,0000,205
19991022,0000,227
19991023,0000,221
19991024,0000,212
19991025,0000,247
19991026,0000,228
19991027,0000,337
19991028,0000,456
19991029,0000,440
19991030,0000,417
19991031,0000,224
19991101,0000,390
19991102,0000,386
19991103,0000,409
19991104,0000,522
19991105,0000,761
19991106,0000,555
19991107,0000,55
19991108,0000,230
19991109,0000,967
19991110,0000,621
19991111,0000,21
19991112,0000,838
19991113,0000,38
19991114,0000,27
19991115,0000,946
19991116,0000,742
19991117,0000,10
19991118,0000,39
19991119,0000,723
19991120,0000,794
19991121,0000,90
19991122,0000,419
19991123,0000,417
19991124,0000,735
19991125,0000,35
19991126,0000,473
19991127,0000,657
19991128,0000,2
19991129,0000,420
19991130,0000,16
19991201,0000,1032
19991202,0000,482
19991203,0000,214
19991204,0000,711
19991205,0000,23
19991206,0000,168
19991207,0000,-1
19991208,0000,1389
19991209,0000,158
19991210,0000,507
19991211,0000,79
19991212,0000,0
19991213,0000,1289
19991214,0000,409
19991215,0000,96
19991216,0000,102
19991217,0000,812
19991218,0000,47
19991219,0000,44
19991220,0000,151
19991221,0000,986
19991222,0000,64
19991223,0000,730
19991224,0000,671
19991225,0000,19
19991226,0000,49
19991227,0000,724
19991228,0000,533
19991229,0000,70
19991230,0000,476
19991231,0000,300
20000101,0000,46
20000102,0000,212
20000103,0000,1177
20000104,0000,25
20000105,0000,69
20000106,0000,1039
20000107,0000,55
20000108,0000,815
20000109,0000,34
20000110,0000,896
20000111,0000,1446
20000112,0000,238
20000113,0000,47
20000114,0000,889
20000115,0000,1044
20000116,0000,746
20000117,0000,874
20000118,0000,1833
20000119,0000,56
20000120,0000,1582
20000121,0000,427
20000122,0000,56
20000123,0000,165
20000124,0000,751
20000125,0000,1751
20000126,0000,210
20000127,0000,-135
20000128,0000,116
20000129,0000,66
20000130,0000,966
20000131,0000,163
20000201,0000,194
20000202,0000,206
20000203,0000,101
20000204,0000,118
20000205,0000,83
20000206,0000,79
20000207,0000,82
20000208,0000,386
20000209,0000,1125
20000210,0000,497
20000211,0000,249
20000212,0000,1339
20000213,0000,2066
20000214,0000,1371
20000215,0000,371
20000216,0000,544
20000217,0000,1358
20000218,0000,722
20000219,0000,3261
20000220,0000,3323
20000221,0000,2722
20000222,0000,2364
20000223,0000,3042
20000224,0000,2573
20000225,0000,2507
20000226,0000,2288
20000227,0000,2294
20000228,0000,3618
20000229,0000,2921
20000301,0000,3380
20000302,0000,3571
20000303,0000,3070
20000304,0000,3766
20000305,0000,3848
20000306,0000,2797
20000307,0000,3318
20000308,0000,3505
20000309,0000,2775
20000310,0000,3261
20000311,0000,2933
20000312,0000,3034
20000313,0000,2361
20000314,0000,1508
20000315,0000,1487
20000316,0000,1546
20000317,0000,1508
20000318,0000,1415
20000319,0000,1470
20000320,0000,1012
20000321,0000,1063
20000322,0000,55
20000323,0000,1027
20000324,0000,681
20000325,0000,976
20000326,0000,1099
20000327,0000,1249
20000328,0000,1676
20000329,0000,1865
20000330,0000,2103
20000331,0000,2284
20000401,0000,2137
20000402,0000,1832
20000403,0000,1881
20000404,0000,2417
20000405,0000,1995
20000406,0000,2133
20000407,0000,2724
20000408,0000,2162
20000409,0000,2136
20000410,0000,2419
20000411,0000,2245
20000412,0000,2609
20000413,0000,3062
20000414,0000,2457
20000415,0000,4306
20000416,0000,1614
20000417,0000,2862
20000418,0000,2192
20000419,0000,847
20000420,0000,1028
20000421,0000,2559
20000422,0000,2140
20000423,0000,2190
20000424,0000,2105
20000425,0000,2720
20000426,0000,2658
20000427,0000,2646
20000428,0000,3013
20000429,0000,2885
20000430,0000,2689
20000501,0000,2665
20000502,0000,3020
20000503,0000,3064
20000504,0000,2538
20000505,0000,2795
20000506,0000,2898
20000507,0000,3987
20000508,0000,2921
20000509,0000,2793
20000510,0000,3360
20000511,0000,2989
20000512,0000,3377
20000513,0000,3006
20000514,0000,2445
20000515,0000,2459
20000516,0000,2916
20000517,0000,2276
20000518,0000,3057
20000519,0000,2644
20000520,0000,2294
20000521,0000,2740
20000522,0000,2765
20000523,0000,2915
20000524,0000,2997
20000525,0000,3007
20000526,0000,2993
20000527,0000,2888
20000528,0000,3109
20000529,0000,3097
20000530,0000,2950
20000531,0000,3306
20000601,0000,3195
20000602,0000,3049
20000603,0000,2831
20000604,0000,2846
20000605,0000,3123
20000606,0000,3090
20000607,0000,3164
20000608,0000,3167
20000609,0000,3217
20000610,0000,3022
20000611,0000,2808
20000612,0000,2981
20000613,0000,2887
20000614,0000,2814
20000615,0000,2317
20000616,0000,m
20000617,0000,2387
20000618,0000,2330
20000619,0000,1694
20000620,0000,1776
20000621,0000,2011
20000622,0000,1923
20000623,0000,2054
20000624,0000,2080
20000625,0000,2024
20000626,0000,2135
20000627,0000,2131
20000628,0000,1651
20000629,0000,2112
20000630,0000,2265
20000701,0000,1715
20000702,0000,1988
20000703,0000,2184
20000704,0000,2140
20000705,0000,2212
20000706,0000,2496
20000707,0000,1488
20000708,0000,2477
20000709,0000,1960
20000710,0000,2158
20000711,0000,1943
20000712,0000,2097
20000713,0000,1655
20000714,0000,1999
20000715,0000,2036
20000716,0000,2032
20000717,0000,2323
20000718,0000,1837
20000719,0000,2020
20000720,0000,1859
20000721,0000,1828
20000722,0000,1816
20000723,0000,2056
20000724,0000,2495
20000725,0000,2092
20000726,0000,1973
20000727,0000,2350
20000728,0000,2470
20000729,0000,1742
20000730,0000,1103
20000731,0000,2743
20000801,0000,2612
20000802,0000,1883
20000803,0000,2094
20000804,0000,1868
20000805,0000,2428
20000806,0000,2030
20000807,0000,2040
20000808,0000,2032
20000809,0000,2204
20000810,0000,2076
20000811,0000,2400
20000812,0000,2055
20000813,0000,1804
20000814,0000,2743
20000815,0000,2097
20000816,0000,2030
20000817,0000,2078
20000818,0000,1985
20000819,0000,2126
20000820,0000,1965
20000821,0000,2093
20000822,0000,2074
20000823,0000,1337
20000824,0000,1558
20000825,0000,2052
20000826,0000,1729
20000827,0000,1240
20000828,0000,1693
20000829,0000,1918
20000830,0000,1617
20000831,0000,1889
20000901,0000,1656
20000902,0000,1448
20000903,0000,1220
20000904,0000,1722
20000905,0000,1546
20000906,0000,1957
20000907,0000,1369
20000908,0000,1675
20000909,0000,1761
20000910,0000,1665
20000911,0000,1594
20000912,0000,990
20000913,0000,1700
20000914,0000,2249
20000915,0000,1434
20000916,0000,935
20000917,0000,710
20000918,0000,2346
20000919,0000,1432
20000920,0000,1541
20000921,0000,893
20000922,0000,811
20000923,0000,963
20000924,0000,1164
20000925,0000,1139
20000926,0000,1420
20000927,0000,1603
20000928,0000,1350
20000929,0000,1293
20000930,0000,1171
20001001,0000,741
20001002,0000,635
20001003,0000,477
20001004,0000,656
20001005,0000,653
20001006,0000,756
20001007,0000,911
20001008,0000,1350
20001009,0000,935
20001010,0000,1000
20001011,0000,517
20001012,0000,977
20001013,0000,52
20001014,0000,151
20001015,0000,29
20001016,0000,63
20001017,0000,369
20001018,0000,780
20001019,0000,1248
20001020,0000,1225
20001021,0000,2011
20001022,0000,36
20001023,0000,78
20001024,0000,28
20001025,0000,402
20001026,0000,403
20001027,0000,351
20001028,0000,307
20001029,0000,218
20001030,0000,48
20001031,0000,24
20001101,0000,20
20001102,0000,45
20001103,0000,20
20001104,0000,31
20001105,0000,35
20001106,0000,42
20001107,0000,0
20001108,0000,-3
20001109,0000,-13
20001110,0000,-30
20001111,0000,-18
20001112,0000,-4
20001113,0000,141
20001114,0000,714
20001115,0000,705
20001116,0000,386
20001117,0000,645
20001118,0000,-2
20001119,0000,7
20001120,0000,630
20001121,0000,809
20001122,0000,255
20001123,0000,538
20001124,0000,527
20001125,0000,536
20001126,0000,536
20001127,0000,167
20001128,0000,-6
20001129,0000,588
20001130,0000,730
20001201,0000,407
20001202,0000,9
20001203,0000,m
20001204,0000,772
20001205,0000,760
20001206,0000,663
20001207,0000,151
20001208,0000,488
20001209,0000,572
20001210,0000,546
20001211,0000,160
20001212,0000,-10
20001213,0000,174
20001214,0000,539
20001215,0000,540
20001216,0000,541
20001217,0000,531
20001218,0000,524
20001219,0000,533
20001220,0000,173
20001221,0000,-13
20001222,0000,177
20001223,0000,559
20001224,0000,543
20001225,0000,554
20001226,0000,539
20001227,0000,179
20001228,0000,-1
20001229,0000,276
20001230,0000,480
20001231,0000,526
20010101,0000,535
20010102,0000,536
20010103,0000,526
20010104,0000,366
20010105,0000,-7
20010106,0000,161
20010107,0000,528
20010108,0000,428
20010109,0000,22
20010110,0000,168
20010111,0000,445
20010112,0000,560
20010113,0000,186
20010114,0000,11
20010115,0000,710
20010116,0000,518
20010117,0000,16
20010118,0000,-9
20010119,0000,958
20010120,0000,971
20010121,0000,1570
20010122,0000,970
20010123,0000,902
20010124,0000,1139
20010125,0000,1818
20010126,0000,-837
20010127,0000,597
20010128,0000,444
20010129,0000,736
20010130,0000,1138
20010131,0000,-8
20010201,0000,41
20010202,0000,338
20010203,0000,477
20010204,0000,41
20010205,0000,40
20010206,0000,931
20010207,0000,41
20010208,0000,1038
20010209,0000,222
20010210,0000,113
20010211,0000,360
20010212,0000,758
20010213,0000,276
20010214,0000,335
20010215,0000,332
20010216,0000,70
20010217,0000,55
20010218,0000,45
20010219,0000,128
20010220,0000,879
20010221,0000,613
20010222,0000,129
20010223,0000,140
20010224,0000,402
20010225,0000,221
20010226,0000,137
20010227,0000,96
20010228,0000,553
20010301,0000,519
20010302,0000,109
20010303,0000,96
20010304,0000,355
20010305,0000,701
20010306,0000,280
20010307,0000,162
20010308,0000,131
20010309,0000,110
20010310,0000,105
20010311,0000,73
20010312,0000,600
20010313,0000,263
20010314,0000,64
20010315,0000,551
20010316,0000,73
20010317,0000,63
20010318,0000,52
20010319,0000,1055
20010320,0000,1026
20010321,0000,41
20010322,0000,599
20010323,0000,1932
20010324,0000,1182
20010325,0000,59
20010326,0000,236
20010327,0000,1155
20010328,0000,1821
20010329,0000,1887
20010330,0000,1273
20010331,0000,2193
20010401,0000,1488
20010402,0000,2733
20010403,0000,2096
20010404,0000,185
20010405,0000,1804
20010406,0000,1838
20010407,0000,1805
20010408,0000,1710
20010409,0000,1605
20010410,0000,1549
20010411,0000,1571
20010412,0000,1089
20010413,0000,2303
20010414,0000,2037
20010415,0000,1494
20010416,0000,2279
20010417,0000,2400
20010418,0000,1953
20010419,0000,2642
20010420,0000,2698
20010421,0000,2682
20010422,0000,1892
20010423,0000,2209
20010424,0000,1907
20010425,0000,2061
20010426,0000,2656
20010427,0000,1390
20010428,0000,2782
20010429,0000,2210
20010430,0000,2748
20010501,0000,2929
20010502,0000,2976
20010503,0000,2898
20010504,0000,2714
20010505,0000,2818
20010506,0000,2692
20010507,0000,2975
20010508,0000,3054
20010509,0000,3048
20010510,0000,3015
20010511,0000,3126
20010512,0000,3190
20010513,0000,3104
20010514,0000,3083
20010515,0000,3464
20010516,0000,3469
20010517,0000,1991
20010518,0000,3366
20010519,0000,2710
20010520,0000,2487
20010521,0000,2235
20010522,0000,2083
20010523,0000,2252
20010524,0000,2440
20010525,0000,2072
20010526,0000,1721
20010527,0000,2139
20010528,0000,2430
20010529,0000,2649
20010530,0000,1659
20010531,0000,2579
20010601,0000,1442
20010602,0000,1974
20010603,0000,2925
20010604,0000,2035
20010605,0000,2011
20010606,0000,1859
20010607,0000,2338
20010608,0000,2252
20010609,0000,2111
20010610,0000,2183
20010611,0000,1676
20010612,0000,2218
20010613,0000,2373
20010614,0000,2246
20010615,0000,2035
20010616,0000,2561
20010617,0000,2511
20010618,0000,2178
20010619,0000,2508
20010620,0000,1921
20010621,0000,2424
20010622,0000,3006
20010623,0000,2359
20010624,0000,2150
20010625,0000,2211
20010626,0000,2456
20010627,0000,1942
20010628,0000,2770
20010629,0000,1905
20010630,0000,1863
20010701,0000,2238
20010702,0000,2512
20010703,0000,2106
20010704,0000,1765
20010705,0000,2218
20010706,0000,2236
20010707,0000,2200
20010708,0000,1748
20010709,0000,2395
20010710,0000,2264
20010711,0000,2349
20010712,0000,2348
20010713,0000,2312
20010714,0000,1424
20010715,0000,2289
20010716,0000,2022
20010717,0000,2722
20010718,0000,2298
20010719,0000,1930
20010720,0000,1771
20010721,0000,2022
20010722,0000,1841
20010723,0000,2010
20010724,0000,2397
20010725,0000,2048
20010726,0000,2000
20010727,0000,1976
20010728,0000,2175
20010729,0000,2180
20010730,0000,1732
20010731,0000,2182
20010801,0000,1679
20010802,0000,2011
20010803,0000,1707
20010804,0000,2068
20010805,0000,2048
20010806,0000,2028
20010807,0000,2046
20010808,0000,2153
20010809,0000,1673
20010810,0000,2231
20010811,0000,1942
20010812,0000,1824
20010813,0000,1433
20010814,0000,1728
20010815,0000,1804
20010816,0000,1931
20010817,0000,1767
20010818,0000,1871
20010819,0000,1818
20010820,0000,1740
20010821,0000,1509
20010822,0000,1967
20010823,0000,2374
20010824,0000,2017
20010825,0000,1719
20010826,0000,1764
20010827,0000,2110
20010828,0000,1799
20010829,0000,2190
20010830,0000,1954
20010831,0000,1631
20010901,0000,1443
20010902,0000,2338
20010903,0000,1578
20010904,0000,1454
20010905,0000,1752
20010906,0000,1950
20010907,0000,1435
20010908,0000,1583
20010909,0000,1453
20010910,0000,1568
20010911,0000,1461
20010912,0000,1444
20010913,0000,1622
20010914,0000,1425
20010915,0000,1349
20010916,0000,1426
20010917,0000,1964
20010918,0000,1107
20010919,0000,1268
20010920,0000,1217
20010921,0000,875
20010922,0000,1303
20010923,0000,1163
20010924,0000,1029
20010925,0000,1025
20010926,0000,1027
20010927,0000,1450
20010928,0000,768
20010929,0000,716
20010930,0000,1145
20011001,0000,874
20011002,0000,794
20011003,0000,796
20011004,0000,730
20011005,0000,596
20011006,0000,599
20011007,0000,593
20011008,0000,624
20011009,0000,874
20011010,0000,542
20011011,0000,612
20011012,0000,750
20011013,0000,777
20011014,0000,38
20011015,0000,29
20011016,0000,42
20011017,0000,26
20011018,0000,43
20011019,0000,27
20011020,0000,1262
20011021,0000,939
20011022,0000,906
20011023,0000,915
20011024,0000,1035
20011025,0000,1008
20011026,0000,1063
20011027,0000,904
20011028,0000,951
20011029,0000,16
20011030,0000,107
20011031,0000,421
20011101,0000,-549
20011102,0000,500
20011103,0000,592
20011104,0000,568
20011105,0000,1188
20011106,0000,579
20011107,0000,576
20011108,0000,465
20011109,0000,379
20011110,0000,388
20011111,0000,382
20011112,0000,395
20011113,0000,369
20011114,0000,-76
20011115,0000,655
20011116,0000,29
20011117,0000,20
20011118,0000,m
20011119,0000,883
20011120,0000,884
20011121,0000,35
20011122,0000,354
20011123,0000,960
20011124,0000,677
20011125,0000,33
20011126,0000,28
20011127,0000,30
20011128,0000,36
20011129,0000,62
20011130,0000,625
20011201,0000,1504
20011202,0000,509
20011203,0000,74
20011204,0000,61
20011205,0000,90
20011206,0000,27
20011207,0000,625
20011208,0000,227
20011209,0000,80
20011210,0000,47
20011211,0000,451
20011212,0000,1400
20011213,0000,43
20011214,0000,213
20011215,0000,90
20011216,0000,81
20011217,0000,1053
20011218,0000,54
20011219,0000,55
20011220,0000,866
20011221,0000,218
20011222,0000,1231
20011223,0000,85
20011224,0000,93
20011225,0000,72
20011226,0000,43
20011227,0000,48
20011228,0000,150
20011229,0000,980
20011230,0000,362
20011231,0000,486
20020101,0000,181
20020102,0000,766
20020103,0000,676
20020104,0000,212
20020105,0000,159
20020106,0000,121
20020107,0000,101
20020108,0000,89
20020109,0000,75
20020110,0000,74
20020111,0000,71
20020112,0000,64
20020113,0000,68
20020114,0000,1269
20020115,0000,57
20020116,0000,56
20020117,0000,1247
20020118,0000,75
20020119,0000,58
20020120,0000,45
20020121,0000,62
20020122,0000,51
20020123,0000,1398
20020124,0000,503
20020125,0000,44
20020126,0000,133
20020127,0000,154
20020128,0000,197
20020129,0000,1192
20020130,0000,405
20020131,0000,58
20020201,0000,54
20020202,0000,889
20020203,0000,62
20020204,0000,56
20020205,0000,233
20020206,0000,1091
20020207,0000,973
20020208,0000,488
20020209,0000,56
20020210,0000,47
20020211,0000,1088
20020212,0000,36
20020213,0000,1257
20020214,0000,68
20020215,0000,1137
20020216,0000,80
20020217,0000,185
20020218,0000,667
20020219,0000,989
20020220,0000,865
20020221,0000,118
20020222,0000,84
20020223,0000,1251
20020224,0000,81
20020225,0000,76
20020226,0000,1130
20020227,0000,58
20020228,0000,1089
20020301,0000,477
20020302,0000,487
20020303,0000,229
20020304,0000,47
20020305,0000,1398
20020306,0000,38
20020307,0000,661
20020308,0000,720
20020309,0000,101
20020310,0000,102
20020311,0000,1117
20020312,0000,483
20020313,0000,516
20020314,0000,701
20020315,0000,1248
20020316,0000,1394
20020317,0000,1361
20020318,0000,1078
20020319,0000,1267
20020320,0000,1906
20020321,0000,-20
20020322,0000,2023
20020323,0000,1664
20020324,0000,93
20020325,0000,2259
20020326,0000,75
20020327,0000,2449
20020328,0000,35
20020329,0000,2586
20020330,0000,937
20020331,0000,717
20020401,0000,1372
20020402,0000,1850
20020403,0000,1601
20020404,0000,2111
20020405,0000,1925
20020406,0000,2035
20020407,0000,1654
20020408,0000,2024
20020409,0000,1872
20020410,0000,1808
20020411,0000,1978
20020412,0000,2124
20020413,0000,3060
20020414,0000,2821
20020415,0000,2595
20020416,0000,2497
20020417,0000,2615
20020418,0000,2786
20020419,0000,2792
20020420,0000,2881
20020421,0000,2878
20020422,0000,2792
20020423,0000,3167
20020424,0000,2364
20020425,0000,2282
20020426,0000,2635
20020427,0000,2062
20020428,0000,2063
20020429,0000,1974
20020430,0000,1990
20020501,0000,1863
20020502,0000,1090
20020503,0000,2278
20020504,0000,2183
20020505,0000,1587
20020506,0000,2137
20020507,0000,1908
20020508,0000,2106
20020509,0000,2450
20020510,0000,2684
20020511,0000,2394
20020512,0000,2718
20020513,0000,2647
20020514,0000,2432
20020515,0000,2812
20020516,0000,2709
20020517,0000,2475
20020518,0000,2645
20020519,0000,2723
20020520,0000,2715
20020521,0000,2665
20020522,0000,962
20020523,0000,3534
20020524,0000,2194
20020525,0000,2536
20020526,0000,2524
20020527,0000,1979
20020528,0000,2083
20020529,0000,2418
20020530,0000,2088
20020531,0000,2152
20020601,0000,1290
20020602,0000,2549
20020603,0000,1900
20020604,0000,1928
20020605,0000,1854
20020606,0000,2337
20020607,0000,1915
20020608,0000,1988
20020609,0000,1773
20020610,0000,2033
20020611,0000,2158
20020612,0000,1994
20020613,0000,2052
20020614,0000,2099
20020615,0000,2009
20020616,0000,2058
20020617,0000,2068
20020618,0000,1929
20020619,0000,1927
20020620,0000,2068
20020621,0000,1920
20020622,0000,1966
20020623,0000,1755
20020624,0000,2218
20020625,0000,1878
20020626,0000,1625
20020627,0000,2279
20020628,0000,1750
20020629,0000,2098
20020630,0000,2115
20020701,0000,1973
20020702,0000,2001
20020703,0000,1974
20020704,0000,2201
20020705,0000,1640
20020706,0000,2023
20020707,0000,1939
20020708,0000,2005
20020709,0000,2105
20020710,0000,2175
20020711,0000,2363
20020712,0000,2692
20020713,0000,1871
20020714,0000,2276
20020715,0000,2287
20020716,0000,2435
20020717,0000,2153
20020718,0000,1993
20020719,0000,2109
20020720,0000,2006
20020721,0000,2066
20020722,0000,2167
20020723,0000,2064
20020724,0000,1932
20020725,0000,2456
20020726,0000,1916
20020727,0000,1986
20020728,0000,1768
20020729,0000,2019
20020730,0000,2100
20020731,0000,1960
20020801,0000,2135
20020802,0000,1927
20020803,0000,1920
20020804,0000,1638
20020805,0000,2084
20020806,0000,2069
20020807,0000,1915
20020808,0000,1869
20020809,0000,1855
20020810,0000,1891
20020811,0000,1953
20020812,0000,2042
20020813,0000,2006
20020814,0000,1846
20020815,0000,1776
20020816,0000,1207
20020817,0000,1960
20020818,0000,1768
20020819,0000,1597
20020820,0000,1694
20020821,0000,1795
20020822,0000,1846
20020823,0000,1831
20020824,0000,1571
20020825,0000,1455
20020826,0000,1715
20020827,0000,1887
20020828,0000,1699
20020829,0000,1889
20020830,0000,1414
20020831,0000,1910
20020901,0000,1212
20020902,0000,1616
20020903,0000,2184
20020904,0000,1487
20020905,0000,1309
20020906,0000,1600
20020907,0000,2025
20020908,0000,1343
20020909,0000,1152
20020910,0000,1582
20020911,0000,1667
20020912,0000,1197
20020913,0000,1277
20020914,0000,1252
20020915,0000,1094
20020916,0000,1122
20020917,0000,1408
20020918,0000,1439
20020919,0000,1404
20020920,0000,1474
20020921,0000,1505
20020922,0000,882
20020923,0000,1195
20020924,0000,1344
20020925,0000,1125
20020926,0000,1410
20020927,0000,1415
20020928,0000,835
20020929,0000,1198
20020930,0000,1311
20021001,0000,876
20021002,0000,873
20021003,0000,695
20021004,0000,630
20021005,0000,694
20021006,0000,498
20021007,0000,523
20021008,0000,1037
20021009,0000,880
20021010,0000,934
20021011,0000,849
20021012,0000,822
20021013,0000,881
20021014,0000,673
20021015,0000,173
20021016,0000,158
20021017,0000,180
20021018,0000,184
20021019,0000,190
20021020,0000,663
20021021,0000,44
20021022,0000,32
20021023,0000,484
20021024,0000,31
20021025,0000,1122
20021026,0000,1289
20021027,0000,563
20021028,0000,198
20021029,0000,-11
20021030,0000,-7
20021031,0000,-7
20021101,0000,197
20021102,0000,-8
20021103,0000,2
20021104,0000,740
20021105,0000,909
20021106,0000,-19
20021107,0000,68
20021108,0000,614
20021109,0000,54
20021110,0000,12
20021111,0000,1
20021112,0000,880
20021113,0000,439
20021114,0000,217
20021115,0000,485
20021116,0000,-2
20021117,0000,-2
20021118,0000,789
20021119,0000,246
20021120,0000,-7
20021121,0000,1126
20021122,0000,650
20021123,0000,418
20021124,0000,36
20021125,0000,20
20021126,0000,26
20021127,0000,1120
20021128,0000,35
20021129,0000,20
20021130,0000,42
20021201,0000,29
20021202,0000,1113
20021203,0000,24
20021204,0000,41
20021205,0000,33
20021206,0000,1019
20021207,0000,20
20021208,0000,40
20021209,0000,79
20021210,0000,1042
20021211,0000,33
20021212,0000,950
20021213,0000,68
20021214,0000,96
20021215,0000,74
20021216,0000,655
20021217,0000,381
20021218,0000,116
20021219,0000,144
20021220,0000,653
20021221,0000,136
20021222,0000,82
20021223,0000,63
20021224,0000,87
20021225,0000,58
20021226,0000,54
20021227,0000,971
20021228,0000,91
20021229,0000,229
20021230,0000,-81
20021231,0000,182
20030101,0000,131
20030102,0000,1266
20030103,0000,74
20030104,0000,68
20030105,0000,56
20030106,0000,70
20030107,0000,354
20030108,0000,132
20030109,0000,67
20030110,0000,953
20030111,0000,108
20030112,0000,75
20030113,0000,307
20030114,0000,68
20030115,0000,61
20030116,0000,57
20030117,0000,1019
20030118,0000,57
20030119,0000,96
20030120,0000,97
20030121,0000,806
20030122,0000,85
20030123,0000,162
20030124,0000,55
20030125,0000,632
20030126,0000,39
20030127,0000,963
20030128,0000,1180
20030129,0000,113
20030130,0000,193
20030131,0000,737
20030201,0000,850
20030202,0000,353
20030203,0000,324
20030204,0000,46
20030205,0000,1232
20030206,0000,349
20030207,0000,38
20030208,0000,1129
20030209,0000,23
20030210,0000,1047
20030211,0000,1079
20030212,0000,328
20030213,0000,62
20030214,0000,880
20030215,0000,843
20030216,0000,94
20030217,0000,73
20030218,0000,1408
20030219,0000,30
20030220,0000,880
20030221,0000,136
20030222,0000,1227
20030223,0000,556
20030224,0000,584
20030225,0000,16
20030226,0000,19
20030227,0000,1306
20030228,0000,494
20030301,0000,m
20030302,0000,10
20030303,0000,1473
20030304,0000,891
20030305,0000,867
20030306,0000,852
20030307,0000,984
20030308,0000,1304
20030309,0000,-27
20030310,0000,1625
20030311,0000,1001
20030312,0000,977
20030313,0000,1018
20030314,0000,875
20030315,0000,1708
20030316,0000,765
20030317,0000,1163
20030318,0000,1173
20030319,0000,1749
20030320,0000,888
20030321,0000,1196
20030322,0000,1407
20030323,0000,1374
20030324,0000,1707
20030325,0000,1205
20030326,0000,1879
20030327,0000,151
20030328,0000,1411
20030329,0000,2839
20030330,0000,1208
20030331,0000,1693
20030401,0000,1355
20030402,0000,2366
20030403,0000,1354
20030404,0000,1281
20030405,0000,1234
20030406,0000,948
20030407,0000,1710
20030408,0000,1553
20030409,0000,1702
20030410,0000,1721
20030411,0000,1633
20030412,0000,1739
20030413,0000,1803
20030414,0000,1188
20030415,0000,979
20030416,0000,2290
20030417,0000,1503
20030418,0000,1626
20030419,0000,1530
20030420,0000,1528
20030421,0000,1592
20030422,0000,1593
20030423,0000,1792
20030424,0000,2361
20030425,0000,2303
20030426,0000,2299
20030427,0000,1861
20030428,0000,2440
20030429,0000,3606
20030430,0000,2018
20030501,0000,2049
20030502,0000,2318
20030503,0000,1735
20030504,0000,1502
20030505,0000,1067
20030506,0000,1382
20030507,0000,1438
20030508,0000,1499
20030509,0000,1550
20030510,0000,1578
20030511,0000,1473
20030512,0000,1279
20030513,0000,1925
20030514,0000,2208
20030515,0000,2271
20030516,0000,2299
20030517,0000,3029
20030518,0000,3085
20030519,0000,535
20030520,0000,1722
20030521,0000,4353
20030522,0000,1893
20030523,0000,2077
20030524,0000,2197
20030525,0000,1885
20030526,0000,2046
20030527,0000,2756
20030528,0000,2491
20030529,0000,2107
20030530,0000,2513
20030531,0000,2320
20030601,0000,2223
20030602,0000,2872
20030603,0000,2176
20030604,0000,2401
20030605,0000,2400
20030606,0000,2328
20030607,0000,2695
20030608,0000,2365
20030609,0000,2443
20030610,0000,2729
20030611,0000,2585
20030612,0000,2622
20030613,0000,2595
20030614,0000,2498
20030615,0000,2682
20030616,0000,3001
20030617,0000,2690
20030618,0000,2803
20030619,0000,3067
20030620,0000,2683
20030621,0000,2760
20030622,0000,1645
20030623,0000,2989
20030624,0000,2988
20030625,0000,2508
20030626,0000,2418
20030627,0000,2539
20030628,0000,2838
20030629,0000,3050
20030630,0000,2910
20030701,0000,2652
20030702,0000,1819
20030703,0000,2459
20030704,0000,2232
20030705,0000,2018
20030706,0000,2020
20030707,0000,2309
20030708,0000,2187
20030709,0000,2190
20030710,0000,2409
20030711,0000,1958
20030712,0000,1679
20030713,0000,2084
20030714,0000,2119
20030715,0000,1874
20030716,0000,1731
20030717,0000,2312
20030718,0000,2086
20030719,0000,m
20030720,0000,3724
20030721,0000,1991
20030722,0000,1921
20030723,0000,1987
20030724,0000,2091
20030725,0000,1949
20030726,0000,2306
20030727,0000,2114
20030728,0000,2705
20030729,0000,1716
20030730,0000,2579
20030731,0000,2219
20030801,0000,2194
20030802,0000,2229
20030803,0000,1817
20030804,0000,2026
20030805,0000,1844
20030806,0000,2209
20030807,0000,1939
20030808,0000,1591
20030809,0000,2011
20030810,0000,1902
20030811,0000,1794
20030812,0000,1637
20030813,0000,1851
20030814,0000,1921
20030815,0000,1383
20030816,0000,1740
20030817,0000,1003
20030818,0000,1687
20030819,0000,1669
20030820,0000,1678
20030821,0000,1918
20030822,0000,1877
20030823,0000,1708
20030824,0000,1708
20030825,0000,1461
20030826,0000,1698
20030827,0000,2035
20030828,0000,1867
20030829,0000,1983
20030830,0000,1526
20030831,0000,1631
20030901,0000,1245
20030902,0000,1607
20030903,0000,1134
20030904,0000,995
20030905,0000,1179
20030906,0000,1193
20030907,0000,1291
20030908,0000,1149
20030909,0000,1238
20030910,0000,867
20030911,0000,1182
20030912,0000,1261
20030913,0000,1551
20030914,0000,1357
20030915,0000,1461
20030916,0000,2312
20030917,0000,856
20030918,0000,1426
20030919,0000,1398
20030920,0000,1485
20030921,0000,783
20030922,0000,1214
20030923,0000,807
20030924,0000,679
20030925,0000,809
20030926,0000,624
20030927,0000,531
20030928,0000,31
20030929,0000,1805
20030930,0000,663
20031001,0000,642
20031002,0000,601
20031003,0000,784
20031004,0000,1095
20031005,0000,31
20031006,0000,922
20031007,0000,-39
20031008,0000,1166
20031009,0000,823
20031010,0000,29
20031011,0000,1250
20031012,0000,24
20031013,0000,1916
20031014,0000,33
20031015,0000,1285
20031016,0000,48
20031017,0000,49
20031018,0000,35
20031019,0000,146
20031020,0000,27
20031021,0000,1431
20031022,0000,977
20031023,0000,58
20031024,0000,1055
20031025,0000,1110
20031026,0000,992
20031027,0000,28
20031028,0000,583
20031029,0000,856
20031030,0000,880
20031031,0000,596
20031101,0000,366
20031102,0000,-405
20031103,0000,0
20031104,0000,250
20031105,0000,881
20031106,0000,890
20031107,0000,498
20031108,0000,-16
20031109,0000,5
20031110,0000,247
20031111,0000,-19
20031112,0000,294
20031113,0000,-3
20031114,0000,786
20031115,0000,1023
20031116,0000,26
20031117,0000,34
20031118,0000,25
20031119,0000,1024
20031120,0000,549
20031121,0000,38
20031122,0000,364
20031123,0000,33
20031124,0000,397
20031125,0000,38
20031126,0000,24
20031127,0000,45
20031128,0000,1066
20031129,0000,46
20031130,0000,23
20031201,0000,189
20031202,0000,541
20031203,0000,30
20031204,0000,800
20031205,0000,55
20031206,0000,1286
20031207,0000,63
20031208,0000,44
20031209,0000,33
20031210,0000,74
20031211,0000,73
20031212,0000,49
20031213,0000,69
20031214,0000,148
20031215,0000,891
20031216,0000,46
20031217,0000,38
20031218,0000,346
20031219,0000,362
20031220,0000,50
20031221,0000,48
20031222,0000,1014
20031223,0000,44
20031224,0000,140
20031225,0000,185
20031226,0000,279
20031227,0000,74
20031228,0000,48
20031229,0000,-36
20031230,0000,707
20031231,0000,684
20040101,0000,1177
20040102,0000,251
20040103,0000,207
20040104,0000,21
20040105,0000,83
20040106,0000,78
20040107,0000,61
20040108,0000,67
20040109,0000,61
20040110,0000,789
20040111,0000,59
20040112,0000,28
20040113,0000,7
20040114,0000,-3
20040115,0000,28
20040116,0000,911
20040117,0000,39
20040118,0000,13
20040119,0000,29
20040120,0000,26
20040121,0000,1306
20040122,0000,7
20040123,0000,731
20040124,0000,42
20040125,0000,17
20040126,0000,18
20040127,0000,36
20040128,0000,22
20040129,0000,28
20040130,0000,1223
20040131,0000,14
20040201,0000,22
20040202,0000,100
20040203,0000,202
20040204,0000,182
20040205,0000,405
20040206,0000,66
20040207,0000,70
20040208,0000,550
20040209,0000,1011
20040210,0000,52
20040211,0000,59
20040212,0000,694
20040213,0000,578
20040214,0000,736
20040215,0000,48
20040216,0000,60
20040217,0000,1392
20040218,0000,394
20040219,0000,144
20040220,0000,107
20040221,0000,75
20040222,0000,90
20040223,0000,1382
20040224,0000,194
20040225,0000,376
20040226,0000,759
20040227,0000,340
20040228,0000,421
20040229,0000,127
20040301,0000,154
20040302,0000,132
20040303,0000,112
20040304,0000,99
20040305,0000,86
20040306,0000,83
20040307,0000,75
20040308,0000,63
20040309,0000,1075
20040310,0000,70
20040311,0000,887
20040312,0000,397
20040313,0000,723
20040314,0000,44
20040315,0000,69
20040316,0000,1478
20040317,0000,806
20040318,0000,1856
20040319,0000,1087
20040320,0000,1146
20040321,0000,643
20040322,0000,2187
20040323,0000,1525
20040324,0000,1344
20040325,0000,1431
20040326,0000,1432
20040327,0000,1538
20040328,0000,1185
20040329,0000,1562
20040330,0000,1558
20040331,0000,1323
20040401,0000,1285
20040402,0000,1353
20040403,0000,1557
20040404,0000,1135
20040405,0000,1466
20040406,0000,1474
20040407,0000,1455
20040408,0000,1456
20040409,0000,2057
20040410,0000,1471
20040411,0000,1637
20040412,0000,1847
20040413,0000,1348
20040414,0000,1844
20040415,0000,1992
20040416,0000,2036
20040417,0000,1784
20040418,0000,1780
20040419,0000,1967
20040420,0000,1626
20040421,0000,1407
20040422,0000,1490
20040423,0000,2572
20040424,0000,3080
20040425,0000,2586
20040426,0000,2705
20040427,0000,2958
20040428,0000,1410
20040429,0000,2850
20040430,0000,3471
20040501,0000,3069
20040502,0000,2444
20040503,0000,2379
20040504,0000,2604
20040505,0000,m
20040506,0000,2450
20040507,0000,m
20040508,0000,m
20040509,0000,2272
20040510,0000,2262
20040511,0000,2177
20040512,0000,2206
20040513,0000,2454
20040514,0000,2401
20040515,0000,3072
20040516,0000,3201
20040517,0000,3309
20040518,0000,3402
20040519,0000,2694
20040520,0000,2558
20040521,0000,2367
20040522,0000,2331
20040523,0000,2207
20040524,0000,1703
20040525,0000,1840
20040526,0000,1804
20040527,0000,1927
20040528,0000,1874
20040529,0000,2163
20040530,0000,2082
20040531,0000,1741
20040601,0000,2112
20040602,0000,1888
20040603,0000,2013
20040604,0000,2048
20040605,0000,2237
20040606,0000,1931
20040607,0000,1776
20040608,0000,1474
20040609,0000,1782
20040610,0000,1898
20040611,0000,1886
20040612,0000,1954
20040613,0000,1935
20040614,0000,2198
20040615,0000,2077
20040616,0000,2084
20040617,0000,2088
20040618,0000,2631
20040619,0000,2664
20040620,0000,2857
20040621,0000,2608
20040622,0000,2476
20040623,0000,2456
20040624,0000,2387
20040625,0000,2508
20040626,0000,2495
20040627,0000,2518
20040628,0000,2275
20040629,0000,2370
20040630,0000,2297
20040701,0000,91
20040702,0000,2389
20040703,0000,2366
20040704,0000,2239
20040705,0000,2098
20040706,0000,2268
20040707,0000,2230
20040708,0000,2081
20040709,0000,1860
20040710,0000,2128
20040711,0000,2400
20040712,0000,1975
20040713,0000,1763
20040714,0000,2067
20040715,0000,1898
20040716,0000,2424
20040717,0000,1537
20040718,0000,2371
20040719,0000,2774
20040720,0000,2477
20040721,0000,1862
20040722,0000,1940
20040723,0000,2414
20040724,0000,2288
20040725,0000,1679
20040726,0000,2399
20040727,0000,2025
20040728,0000,2503
20040729,0000,2072
20040730,0000,1783
20040731,0000,2165
20040801,0000,1811
20040802,0000,1730
20040803,0000,1973
20040804,0000,1597
20040805,0000,1893
20040806,0000,2141
20040807,0000,2012
20040808,0000,2159
20040809,0000,2075
20040810,0000,1617
20040811,0000,1801
20040812,0000,1737
20040813,0000,2004
20040814,0000,2136
20040815,0000,1958
20040816,0000,2017
20040817,0000,1700
20040818,0000,2066
20040819,0000,1104
20040820,0000,1555
20040821,0000,1521
20040822,0000,1615
20040823,0000,1481
20040824,0000,1567
20040825,0000,697
20040826,0000,1410
20040827,0000,1461
20040828,0000,1466
20040829,0000,1758
20040830,0000,1774
20040831,0000,1401
20040901,0000,1453
20040902,0000,1430
20040903,0000,1459
20040904,0000,1366
20040905,0000,1672
20040906,0000,1428
20040907,0000,1910
20040908,0000,1554
20040909,0000,1069
20040910,0000,1959
20040911,0000,1494
20040912,0000,1399
20040913,0000,1176
20040914,0000,1066
20040915,0000,939
20040916,0000,518
20040917,0000,785
20040918,0000,662
20040919,0000,61
20040920,0000,979
20040921,0000,1214
20040922,0000,919
20040923,0000,27
20040924,0000,990
20040925,0000,1346
20040926,0000,516
20040927,0000,1170
20040928,0000,1200
20040929,0000,638
20040930,0000,801
20041001,0000,542
20041002,0000,691
20041003,0000,21
20041004,0000,-12
20041005,0000,785
20041006,0000,1310
20041007,0000,5
20041008,0000,2023
20041009,0000,54
20041010,0000,6
20041011,0000,0
20041012,0000,1970
20041013,0000,14
20041014,0000,104
20041015,0000,169
20041016,0000,21
20041017,0000,26
20041018,0000,11
20041019,0000,1058
20041020,0000,61
20041021,0000,3
20041022,0000,18
20041023,0000,394
20041024,0000,14
20041025,0000,-1
20041026,0000,707
20041027,0000,506
20041028,0000,525
20041029,0000,931
20041030,0000,-3
20041031,0000,10
20041101,0000,7
20041102,0000,15
20041103,0000,53
20041104,0000,29
20041105,0000,21
20041106,0000,9
20041107,0000,12
20041108,0000,16
20041109,0000,7
20041110,0000,1010
20041111,0000,178
20041112,0000,15
20041113,0000,10
20041114,0000,18
20041115,0000,6
20041116,0000,25
20041117,0000,17
20041118,0000,16
20041119,0000,770
20041120,0000,13
20041121,0000,20
20041122,0000,23
20041123,0000,7
20041124,0000,894
20041125,0000,70
20041126,0000,17
20041127,0000,40
20041128,0000,31
20041129,0000,13
20041130,0000,13
20041201,0000,11
20041202,0000,677
20041203,0000,15
20041204,0000,12
20041205,0000,19
20041206,0000,6
20041207,0000,527
20041208,0000,903
20041209,0000,65
20041210,0000,32
20041211,0000,34
20041212,0000,17
20041213,0000,19
20041214,0000,13
20041215,0000,18
20041216,0000,15
20041217,0000,16
20041218,0000,17
20041219,0000,15
20041220,0000,14
20041221,0000,344
20041222,0000,961
20041223,0000,17
20041224,0000,594
20041225,0000,492
20041226,0000,113
20041227,0000,420
20041228,0000,574
20041229,0000,599
20041230,0000,487
20041231,0000,1313
20050101,0000,405
20050102,0000,m
20050103,0000,807
20050104,0000,316
20050105,0000,179
20050106,0000,122
20050107,0000,317
20050108,0000,1254
20050109,0000,1437
20050110,0000,1034
20050111,0000,1369
20050112,0000,1075
20050113,0000,275
20050114,0000,211
20050115,0000,175
20050116,0000,150
20050117,0000,128
20050118,0000,117
20050119,0000,113
20050120,0000,108
20050121,0000,84
20050122,0000,91
20050123,0000,104
20050124,0000,84
20050125,0000,77
20050126,0000,349
20050127,0000,299
20050128,0000,952
20050129,0000,393
20050130,0000,241
20050131,0000,190
20050201,0000,156
20050202,0000,142
20050203,0000,116
20050204,0000,109
20050205,0000,117
20050206,0000,109
20050207,0000,99
20050208,0000,100
20050209,0000,87
20050210,0000,88
20050211,0000,94
20050212,0000,84
20050213,0000,99
20050214,0000,95
20050215,0000,188
20050216,0000,475
20050217,0000,271
20050218,0000,297
20050219,0000,345
20050220,0000,679
20050221,0000,333
20050222,0000,218
20050223,0000,155
20050224,0000,127
20050225,0000,126
20050226,0000,130
20050227,0000,142
20050228,0000,449
20050301,0000,179
20050302,0000,250
20050303,0000,177
20050304,0000,214
20050305,0000,184
20050306,0000,155
20050307,0000,130
20050308,0000,120
20050309,0000,111
20050310,0000,582
20050311,0000,918
20050312,0000,103
20050313,0000,564
20050314,0000,527
20050315,0000,97
20050316,0000,1382
20050317,0000,m
20050318,0000,652
20050319,0000,960
20050320,0000,117
20050321,0000,136
20050322,0000,2047
20050323,0000,1140
20050324,0000,1089
20050325,0000,311
20050326,0000,248
20050327,0000,227
20050328,0000,604
20050329,0000,302
20050330,0000,237
20050331,0000,181
20050401,0000,152
20050402,0000,138
20050403,0000,137
20050404,0000,179
20050405,0000,169
20050406,0000,836
20050407,0000,2047
20050408,0000,1656
20050409,0000,1557
20050410,0000,800
20050411,0000,1100
20050412,0000,998
20050413,0000,120
20050414,0000,1183
20050415,0000,910
20050416,0000,902
20050417,0000,107
20050418,0000,1348
20050419,0000,2007
20050420,0000,1176
20050421,0000,1434
20050422,0000,1786
20050423,0000,1218
20050424,0000,1113
20050425,0000,1327
20050426,0000,1565
20050427,0000,1530
20050428,0000,1451
20050429,0000,2571
20050430,0000,2640
20050501,0000,2696
20050502,0000,3384
20050503,0000,2047
20050504,0000,3027
20050505,0000,3864
20050506,0000,2269
20050507,0000,2540
20050508,0000,1828
20050509,0000,1711
20050510,0000,1784
20050511,0000,1872
20050512,0000,2012
20050513,0000,2005
20050514,0000,2126
20050515,0000,2181
20050516,0000,2199
20050517,0000,1958
20050518,0000,3382
20050519,0000,2882
20050520,0000,3187
20050521,0000,2731
20050522,0000,2750
20050523,0000,2947
20050524,0000,2420
20050525,0000,1703
20050526,0000,2625
20050527,0000,3070
20050528,0000,3138
20050529,0000,2950
20050530,0000,3153
20050531,0000,2353
20050601,0000,2361
20050602,0000,2647
20050603,0000,2354
20050604,0000,3372
20050605,0000,1801
20050606,0000,2352
20050607,0000,2220
20050608,0000,2010
20050609,0000,1300
20050610,0000,1649
20050611,0000,1582
20050612,0000,1498
20050613,0000,1735
20050614,0000,1701
20050615,0000,1417
20050616,0000,1808
20050617,0000,1397
20050618,0000,1387
20050619,0000,1628
20050620,0000,1666
20050621,0000,1276
20050622,0000,1703
20050623,0000,1679
20050624,0000,1667
20050625,0000,1437
20050626,0000,1383
20050627,0000,1258
20050628,0000,1601
20050629,0000,2122
20050630,0000,1479
20050701,0000,1687
20050702,0000,1629
20050703,0000,2109
20050704,0000,1508
20050705,0000,1663
20050706,0000,1857
20050707,0000,1655
20050708,0000,1653
20050709,0000,1799
20050710,0000,1804
20050711,0000,1729
20050712,0000,1788
20050713,0000,1212
20050714,0000,2513
20050715,0000,1500
20050716,0000,1998
20050717,0000,1859
20050718,0000,1917
20050719,0000,1843
20050720,0000,2157
20050721,0000,1833
20050722,0000,1906
20050723,0000,2065
20050724,0000,1569
20050725,0000,1675
20050726,0000,2259
20050727,0000,2097
20050728,0000,1838
20050729,0000,1707
20050730,0000,1725
20050731,0000,2052
20050801,0000,1894
20050802,0000,2086
20050803,0000,2042
20050804,0000,1865
20050805,0000,443
20050806,0000,1850
20050807,0000,1882
20050808,0000,1861
20050809,0000,3065
20050810,0000,752
20050811,0000,2003
20050812,0000,2077
20050813,0000,m
20050814,0000,1906
20050815,0000,1834
20050816,0000,1900
20050817,0000,1858
20050818,0000,1953
20050819,0000,1659
20050820,0000,1722
20050821,0000,1744
20050822,0000,1704
20050823,0000,1789
20050824,0000,1408
20050825,0000,1370
20050826,0000,1575
20050827,0000,1657
20050828,0000,1643
20050829,0000,1786
20050830,0000,1464
20050831,0000,1455
20050901,0000,1174
20050902,0000,2164
20050903,0000,1834
20050904,0000,1500
20050905,0000,1470
20050906,0000,1515
20050907,0000,1501
20050908,0000,1645
20050909,0000,1720
20050910,0000,1407
20050911,0000,-87
20050912,0000,2993
20050913,0000,1537
20050914,0000,1516
20050915,0000,1416
20050916,0000,1225
20050917,0000,1254
20050918,0000,1221
20050919,0000,1242
20050920,0000,1447
20050921,0000,1254
20050922,0000,1111
20050923,0000,916
20050924,0000,968
20050925,0000,1009
20050926,0000,1027
20050927,0000,1124
20050928,0000,830
20050929,0000,1527
20050930,0000,m
20051001,0000,1048
20051002,0000,659
20051003,0000,667
20051004,0000,724
20051005,0000,652
20051006,0000,702
20051007,0000,899
20051008,0000,924
20051009,0000,789
20051010,0000,906
20051011,0000,794
20051012,0000,663
20051013,0000,666
20051014,0000,744
20051015,0000,692
20051016,0000,-4
20051017,0000,534
20051018,0000,431
20051019,0000,m
20051020,0000,1106
20051021,0000,527
20051022,0000,544
20051023,0000,459
20051024,0000,648
20051025,0000,1044
20051026,0000,816
20051027,0000,396
20051028,0000,-12
20051029,0000,634
20051030,0000,-18
20051031,0000,543
20051101,0000,3
20051102,0000,562
20051103,0000,2
20051104,0000,770
20051105,0000,5
20051106,0000,404
20051107,0000,275
20051108,0000,993
20051109,0000,28
20051110,0000,643
20051111,0000,11
20051112,0000,635
20051113,0000,-16
20051114,0000,638
20051115,0000,-2
20051116,0000,894
20051117,0000,-3
20051118,0000,738
20051119,0000,592
20051120,0000,1
20051121,0000,768
20051122,0000,-5
20051123,0000,683
20051124,0000,0
20051125,0000,689
20051126,0000,529
20051127,0000,-14
20051128,0000,737
20051129,0000,23
20051130,0000,801
20051201,0000,717
20051202,0000,56
20051203,0000,759
20051204,0000,2
20051205,0000,1198
20051206,0000,-2
20051207,0000,2
20051208,0000,-16
20051209,0000,692
20051210,0000,751
20051211,0000,2
20051212,0000,799
20051213,0000,5
20051214,0000,0
20051215,0000,1062
20051216,0000,4
20051217,0000,1728
20051218,0000,806
20051219,0000,1006
20051220,0000,1109
20051221,0000,921
20051222,0000,1691
20051223,0000,1471
20051224,0000,2734
20051225,0000,2464
20051226,0000,2672
20051227,0000,2209
20051228,0000,4320
20051229,0000,4245
20051230,0000,4159
20051231,0000,4636
20060101,0000,4469
20060102,0000,5622
20060103,0000,4255
20060104,0000,6406
20060105,0000,6141
20060106,0000,5324
20060107,0000,4956
20060108,0000,5768
20060109,0000,5937
20060110,0000,4974
20060111,0000,5805
20060112,0000,5679
20060113,0000,5349
20060114,0000,5214
20060115,0000,4505
20060116,0000,4602
20060117,0000,4234
20060118,0000,4193
20060119,0000,3500
20060120,0000,1754
20060121,0000,1254
20060122,0000,1773
20060123,0000,1755
20060124,0000,1565
20060125,0000,1586
20060126,0000,1375
20060127,0000,1437
20060128,0000,1986
20060129,0000,1413
20060130,0000,1778
20060131,0000,1578
20060201,0000,1561
20060202,0000,1629
20060203,0000,1872
20060204,0000,1904
20060205,0000,1727
20060206,0000,330
20060207,0000,2052
20060208,0000,1925
20060209,0000,1944
20060210,0000,2015
20060211,0000,1675
20060212,0000,1444
20060213,0000,1446
20060214,0000,1801
20060215,0000,2094
20060216,0000,1452
20060217,0000,1869
20060218,0000,1547
20060219,0000,1296
20060220,0000,1550
20060221,0000,1891
20060222,0000,1393
20060223,0000,1334
20060224,0000,1008
20060225,0000,1463
20060226,0000,1641
20060227,0000,2293
20060228,0000,3357
20060301,0000,3271
20060302,0000,2809
20060303,0000,3775
20060304,0000,3571
20060305,0000,2890
20060306,0000,3336
20060307,0000,3521
20060308,0000,3204
20060309,0000,3171
20060310,0000,3333
20060311,0000,3523
20060312,0000,3507
20060313,0000,3167
20060314,0000,3056
20060315,0000,2600
20060316,0000,3050
20060317,0000,3121
20060318,0000,2595
20060319,0000,2940
20060320,0000,2977
20060321,0000,3558
20060322,0000,2831
20060323,0000,2594
20060324,0000,1945
20060325,0000,3964
20060326,0000,3007
20060327,0000,3182
20060328,0000,4381
20060329,0000,2030
20060330,0000,2968
20060331,0000,4056
20060401,0000,2569
20060402,0000,3359
20060403,0000,m
20060404,0000,3780
20060405,0000,3261
20060406,0000,4885
20060407,0000,4637
20060408,0000,4714
20060409,0000,3440
20060410,0000,3333
20060411,0000,3387
20060412,0000,3161
20060413,0000,3391
20060414,0000,3552
20060415,0000,3904
20060416,0000,3673
20060417,0000,3836
20060418,0000,4929
20060419,0000,4896
20060420,0000,5284
20060421,0000,5437
20060422,0000,5981
20060423,0000,5791
20060424,0000,5141
20060425,0000,4586
20060426,0000,6408
20060427,0000,5503
20060428,0000,5965
20060429,0000,5454
20060430,0000,6230
20060501,0000,5886
20060502,0000,4773
20060503,0000,6158
20060504,0000,5690
20060505,0000,5565
20060506,0000,5300
20060507,0000,5388
20060508,0000,5184
20060509,0000,6043
20060510,0000,5814
20060511,0000,5824
20060512,0000,5295
20060513,0000,5059
20060514,0000,6129
20060515,0000,5012
20060516,0000,5413
20060517,0000,6096
20060518,0000,4908
20060519,0000,5167
20060520,0000,5366
20060521,0000,5152
20060522,0000,5705
20060523,0000,5236
20060524,0000,4342
20060525,0000,4330
20060526,0000,4695
20060527,0000,5026
20060528,0000,4582
20060529,0000,4725
20060530,0000,4187
20060531,0000,3846
20060601,0000,4500
20060602,0000,3552
20060603,0000,3377
20060604,0000,3020
20060605,0000,3963
20060606,0000,2783
20060607,0000,3303
20060608,0000,2798
20060609,0000,2992
20060610,0000,2719
20060611,0000,2725
20060612,0000,2992
20060613,0000,3290
20060614,0000,2871
20060615,0000,2812
20060616,0000,2921
20060617,0000,2940
20060618,0000,3561
20060619,0000,3162
20060620,0000,3011
20060621,0000,3252
20060622,0000,3057
20060623,0000,3576
20060624,0000,3143
20060625,0000,3196
20060626,0000,3147
20060627,0000,2753
20060628,0000,2870
20060629,0000,2988
20060630,0000,2990
20060701,0000,2749
20060702,0000,3073
20060703,0000,2895
20060704,0000,2704
20060705,0000,2886
20060706,0000,2717
20060707,0000,2834
20060708,0000,2830
20060709,0000,2838
20060710,0000,3330
20060711,0000,2827
20060712,0000,3207
20060713,0000,2828
20060714,0000,2965
20060715,0000,2904
20060716,0000,2743
20060717,0000,2962
20060718,0000,2922
20060719,0000,3530
20060720,0000,2605
20060721,0000,2800
20060722,0000,2957
20060723,0000,3068
20060724,0000,2944
20060725,0000,3403
20060726,0000,2893
20060727,0000,3175
20060728,0000,3083
20060729,0000,3184
20060730,0000,2070
20060731,0000,3142
20060801,0000,2459
20060802,0000,3188
20060803,0000,2959
20060804,0000,3355
20060805,0000,3046
20060806,0000,2807
20060807,0000,3123
20060808,0000,2366
20060809,0000,2848
20060810,0000,2896
20060811,0000,3248
20060812,0000,2772
20060813,0000,2988
20060814,0000,2967
20060815,0000,2551
20060816,0000,2756
20060817,0000,2901
20060818,0000,2811
20060819,0000,1332
20060820,0000,2761
20060821,0000,2609
20060822,0000,2987
20060823,0000,3295
20060824,0000,2925
20060825,0000,2860
20060826,0000,3263
20060827,0000,2926
20060828,0000,2801
20060829,0000,3218
20060830,0000,2946
20060831,0000,2527
20060901,0000,2512
20060902,0000,2800
20060903,0000,2250
20060904,0000,3061
20060905,0000,1985
20060906,0000,745
20060907,0000,2044
20060908,0000,1671
20060909,0000,1568
20060910,0000,2503
20060911,0000,2584
20060912,0000,2893
20060913,0000,2618
20060914,0000,2651
20060915,0000,2313
20060916,0000,2509
20060917,0000,2160
20060918,0000,2482
20060919,0000,2540
20060920,0000,1616
20060921,0000,2434
20060922,0000,2765
20060923,0000,2726
20060924,0000,2800
20060925,0000,2707
20060926,0000,2637
20060927,0000,2656
20060928,0000,2549
20060929,0000,2532
20060930,0000,2532
20061001,0000,2003
20061002,0000,2520
20061003,0000,2692
20061004,0000,2482
20061005,0000,2313
20061006,0000,2371
20061007,0000,2330
20061008,0000,2231
20061009,0000,2220
20061010,0000,2542
20061011,0000,2529
20061012,0000,2772
20061013,0000,2026
20061014,0000,939
20061015,0000,303
20061016,0000,1988
20061017,0000,1301
20061018,0000,2065
20061019,0000,1218
20061020,0000,1393
20061021,0000,1507
20061022,0000,1562
20061023,0000,1195
20061024,0000,1610
20061025,0000,1537
20061026,0000,1555
20061027,0000,1702
20061028,0000,1440
20061029,0000,1180
20061030,0000,1099
20061031,0000,1106
20061101,0000,728
20061102,0000,663
20061103,0000,736
20061104,0000,190
20061105,0000,695
20061106,0000,1011
20061107,0000,202
20061108,0000,992
20061109,0000,931
20061110,0000,756
20061111,0000,743
20061112,0000,175
20061113,0000,755
20061114,0000,898
20061115,0000,137
20061116,0000,-1
20061117,0000,663
20061118,0000,962
20061119,0000,696
20061120,0000,668
20061121,0000,655
20061122,0000,660
20061123,0000,755
20061124,0000,714
20061125,0000,748
20061126,0000,712
20061127,0000,630
20061128,0000,72
20061129,0000,8
20061130,0000,819
20061201,0000,682
20061202,0000,743
20061203,0000,698
20061204,0000,716
20061205,0000,671
20061206,0000,495
20061207,0000,492
20061208,0000,446
20061209,0000,68
20061210,0000,390
20061211,0000,1298
20061212,0000,953
20061213,0000,1337
20061214,0000,569
20061215,0000,1684
20061216,0000,1397
20061217,0000,1386
20061218,0000,843
20061219,0000,1134
20061220,0000,1330
20061221,0000,1334
20061222,0000,1121
20061223,0000,1174
20061224,0000,1126
20061225,0000,1109
20061226,0000,1018
20061227,0000,1478
20061228,0000,1041
20061229,0000,1377
20061230,0000,1303
20061231,0000,1143
20070101,0000,939
20070102,0000,1160
20070103,0000,1021
20070104,0000,1131
20070105,0000,1186
20070106,0000,1221
20070107,0000,1267
20070108,0000,1193
20070109,0000,1226
20070110,0000,1156
20070111,0000,m

