Date,PST,Outflow
19900101,0000,132
19900102,0000,133
19900103,0000,134
19900104,0000,133
19900105,0000,132
19900106,0000,132
19900107,0000,132
19900108,0000,132
19900109,0000,132
19900110,0000,132
19900111,0000,134
19900112,0000,133
19900113,0000,134
19900114,0000,579
19900115,0000,790
19900116,0000,451
19900117,0000,137
19900118,0000,135
19900119,0000,135
19900120,0000,133
19900121,0000,133
19900122,0000,133
19900123,0000,135
19900124,0000,134
19900125,0000,86
19900126,0000,87
19900127,0000,87
19900128,0000,87
19900129,0000,96
19900130,0000,88
19900131,0000,116
19900201,0000,130
19900202,0000,149
19900203,0000,132
19900204,0000,132
19900205,0000,130
19900206,0000,101
19900207,0000,132
19900208,0000,130
19900209,0000,130
19900210,0000,130
19900211,0000,130
19900212,0000,130
19900213,0000,232
19900214,0000,234
19900215,0000,255
19900216,0000,141
19900217,0000,130
19900218,0000,130
19900219,0000,130
19900220,0000,130
19900221,0000,130
19900222,0000,130
19900223,0000,130
19900224,0000,130
19900225,0000,130
19900226,0000,130
19900227,0000,130
19900228,0000,307
19900301,0000,505
19900302,0000,657
19900303,0000,750
19900304,0000,750
19900305,0000,750
19900306,0000,750
19900307,0000,813
19900308,0000,850
19900309,0000,850
19900310,0000,850
19900311,0000,850
19900312,0000,1000
19900313,0000,1000
19900314,0000,1000
19900315,0000,1000
19900316,0000,1000
19900317,0000,1000
19900318,0000,1000
19900319,0000,1365
19900320,0000,1592
19900321,0000,1772
19900322,0000,1915
19900323,0000,2061
19900324,0000,2181
19900325,0000,2164
19900326,0000,2332
19900327,0000,2270
19900328,0000,2234
19900329,0000,2150
19900330,0000,2046
19900331,0000,2048
19900401,0000,2049
19900402,0000,1984
19900403,0000,1930
19900404,0000,1885
19900405,0000,1804
19900406,0000,1786
19900407,0000,1744
19900408,0000,1737
19900409,0000,1677
19900410,0000,1664
19900411,0000,1726
19900412,0000,1724
19900413,0000,1719
19900414,0000,1716
19900415,0000,1715
19900416,0000,1630
19900417,0000,1529
19900418,0000,1679
19900419,0000,1782
19900420,0000,1807
19900421,0000,1870
19900422,0000,1869
19900423,0000,1558
19900424,0000,1186
19900425,0000,1056
19900426,0000,1072
19900427,0000,1209
19900428,0000,1309
19900429,0000,1376
19900430,0000,1379
19900501,0000,1409
19900502,0000,1494
19900503,0000,1588
19900504,0000,1749
19900505,0000,1780
19900506,0000,1783
19900507,0000,1770
19900508,0000,1900
19900509,0000,1895
19900510,0000,1910
19900511,0000,1982
19900512,0000,1580
19900513,0000,2149
19900514,0000,2097
19900515,0000,2086
19900516,0000,1991
19900517,0000,1989
19900518,0000,1853
19900519,0000,1737
19900520,0000,1732
19900521,0000,1707
19900522,0000,1673
19900523,0000,1539
19900524,0000,1428
19900525,0000,1397
19900526,0000,1350
19900527,0000,1349
19900528,0000,830
19900529,0000,665
19900530,0000,645
19900531,0000,662
19900601,0000,694
19900602,0000,835
19900603,0000,902
19900604,0000,1260
19900605,0000,1598
19900606,0000,1689
19900607,0000,1703
19900608,0000,1894
19900609,0000,2049
19900610,0000,2072
19900611,0000,2049
19900929,0000,775
19900930,0000,491
19940101,0000,305
19940102,0000,303
19940103,0000,305
19940104,0000,305
19940105,0000,305
19940106,0000,305
19940107,0000,305
19940108,0000,305
19940109,0000,305
19940110,0000,320
19940111,0000,330
19940112,0000,310
19940113,0000,310
19940114,0000,310
19940115,0000,310
19940116,0000,310
19940117,0000,310
19940118,0000,310
19940119,0000,310
19940120,0000,310
19940121,0000,310
19940122,0000,305
19940123,0000,305
19940124,0000,305
19940125,0000,305
19940126,0000,305
19940127,0000,305
19940128,0000,305
19940129,0000,305
19940130,0000,444
19940131,0000,695
19941101,0000,280
19941102,0000,280
19941103,0000,280
19941104,0000,280
19941105,0000,289
19941106,0000,294
19941107,0000,293
19941108,0000,285
19941109,0000,279
19941110,0000,275
19941111,0000,275
19941112,0000,275
19941113,0000,279
19941114,0000,279
19941115,0000,283
19941116,0000,283
19941117,0000,284
19941118,0000,284
19941119,0000,284
19941120,0000,285
19941121,0000,284
19941122,0000,285
19941123,0000,285
19941124,0000,285
19941125,0000,284
19941126,0000,284
19941127,0000,0
19941128,0000,285
19941129,0000,285
19941130,0000,285
19941201,0000,285
19941202,0000,285
19941203,0000,287
19941204,0000,287
19941205,0000,286
19941206,0000,285
19941207,0000,285
19941208,0000,285
19941209,0000,285
19941210,0000,285
19941211,0000,285
19941212,0000,285
19941213,0000,289
19941214,0000,289
19941215,0000,290
19941216,0000,290
19941217,0000,290
19941218,0000,290
19941219,0000,290
19941220,0000,290
19941221,0000,290
19941222,0000,290
19941223,0000,289
19941224,0000,289
19941225,0000,290
19941226,0000,289
19941227,0000,286
19941228,0000,286
19941229,0000,290
19941230,0000,288
19941231,0000,286
19950101,0000,m
19950102,0000,285
19950103,0000,285
19950104,0000,m
19950105,0000,285
19950106,0000,289
19950107,0000,488
19950108,0000,901
19950109,0000,500
19950110,0000,291
19950111,0000,417
19950112,0000,592
19950113,0000,285
19950114,0000,m
19950115,0000,280
19950116,0000,281
19950117,0000,281
19950118,0000,281
19950119,0000,281
19950120,0000,280
19950121,0000,280
19950122,0000,280
19950123,0000,280
19950124,0000,282
19950125,0000,280
19950126,0000,562
19950127,0000,m
19950128,0000,m
19950129,0000,1750
19950130,0000,1310
19950131,0000,495
19950201,0000,280
19950202,0000,280
19950203,0000,278
19950204,0000,m
19950205,0000,m
19950206,0000,280
19950207,0000,285
19950208,0000,286
19950209,0000,289
19950210,0000,m
19950211,0000,285
19950212,0000,285
19950213,0000,285
19950214,0000,285
19950215,0000,m
19950216,0000,286
19950217,0000,285
19950218,0000,285
19950219,0000,286
19950220,0000,285
19950221,0000,285
19950222,0000,m
19950223,0000,286
19950224,0000,284
19950225,0000,283
19950226,0000,m
19950227,0000,284
19950228,0000,282
19950301,0000,m
19950302,0000,285
19950303,0000,285
19950304,0000,285
19950305,0000,285
19950306,0000,285
19950307,0000,285
19950308,0000,285
19950309,0000,285
19950310,0000,285
19950311,0000,844
19950312,0000,1758
19950313,0000,2276
19950314,0000,1543
19950315,0000,382
19950316,0000,284
19950317,0000,284
19950318,0000,284
19950319,0000,282
19950320,0000,284
19950321,0000,326
19950322,0000,458
19950323,0000,459
19950324,0000,1263
19950325,0000,549
19950326,0000,284
19950327,0000,283
19950328,0000,301
19950329,0000,284
19950330,0000,285
19950331,0000,285
19950401,0000,222
19950402,0000,225
19950403,0000,226
19950404,0000,323
19950405,0000,325
19950406,0000,318
19950407,0000,401
19950408,0000,605
19950409,0000,602
19950410,0000,604
19950411,0000,607
19950412,0000,605
19950413,0000,604
19950414,0000,609
19950415,0000,1237
19950416,0000,1326
19950417,0000,1315
19950418,0000,1351
19950419,0000,1355
19950420,0000,1404
19950421,0000,1464
19950422,0000,1483
19950423,0000,1513
19950424,0000,1557
19950425,0000,1732
19950426,0000,1940
19950427,0000,1814
19950428,0000,1642
19950429,0000,2246
19950430,0000,2388
19950501,0000,2564
19950502,0000,2645
19950503,0000,2657
19950504,0000,2708
19950505,0000,2701
19950506,0000,2744
19950507,0000,2044
19950508,0000,2979
19950509,0000,3127
19950510,0000,2975
19950511,0000,2882
19950512,0000,m
19950513,0000,2947
19950514,0000,2948
19950515,0000,m
19950516,0000,2988
19950517,0000,2986
19950518,0000,2967
19950519,0000,2952
19950520,0000,2954
19950521,0000,2958
19950522,0000,2970
19950523,0000,3025
19950524,0000,3036
19950525,0000,3042
19950526,0000,3268
19950527,0000,3349
19950528,0000,3149
19950529,0000,m
19950530,0000,3067
19950531,0000,3069
19950601,0000,2884
19950602,0000,2597
19950603,0000,2471
19950604,0000,2473
19950605,0000,2474
19950606,0000,2473
19950607,0000,2474
19950608,0000,2473
19950609,0000,2410
19950610,0000,2384
19950611,0000,2385
19950612,0000,2229
19950613,0000,2208
19950614,0000,2185
19950615,0000,1905
19950616,0000,1621
19950617,0000,1559
19950618,0000,1541
19950619,0000,1541
19950620,0000,m
19950621,0000,1537
19950622,0000,1541
19950623,0000,1529
19950624,0000,1526
19950625,0000,1543
19950626,0000,1550
19950627,0000,1562
19950628,0000,1559
19950629,0000,1671
19950630,0000,1746
19950701,0000,1767
19950702,0000,1786
19950703,0000,1803
19950704,0000,1803
19950705,0000,1854
19950706,0000,1864
19950707,0000,1911
19950708,0000,1931
19950709,0000,1932
19950710,0000,m
19950711,0000,749
19950712,0000,1214
19950713,0000,1599
19950714,0000,1609
19950715,0000,1641
19950716,0000,1639
19950717,0000,1644
19950718,0000,1639
19950719,0000,1612
19950720,0000,1621
19950721,0000,1795
19950722,0000,1882
19950723,0000,1876
19950724,0000,m
19950725,0000,1883
19950726,0000,1860
19950727,0000,1846
19950728,0000,m
19950729,0000,1829
19950730,0000,m
19950731,0000,m
19950801,0000,1833
19950802,0000,1856
19950803,0000,1885
19950804,0000,1878
19950805,0000,1881
19950806,0000,1874
19950807,0000,1871
19950808,0000,m
19950809,0000,1872
19950810,0000,m
19950811,0000,m
19950812,0000,m
19950813,0000,2017
19950814,0000,2053
19950815,0000,m
19950816,0000,m
19950817,0000,2050
19950818,0000,1885
19950819,0000,1823
19950820,0000,1823
19950821,0000,1829
19950822,0000,1854
19950823,0000,1875
19950824,0000,1874
19950825,0000,1875
19950826,0000,m
19950827,0000,1871
19950828,0000,1871
19950829,0000,1869
19950830,0000,1875
19950831,0000,1874
19950901,0000,m
19950902,0000,m
19950903,0000,m
19950904,0000,1874
19950905,0000,1875
19950906,0000,1873
19950907,0000,m
19950908,0000,1823
19950909,0000,1821
19950910,0000,1791
19950911,0000,1750
19950912,0000,1748
19950913,0000,1718
19950914,0000,1697
19950915,0000,1667
19950916,0000,1629
19950917,0000,1612
19950918,0000,1477
19950919,0000,1375
19950920,0000,1300
19950921,0000,1272
19950922,0000,1249
19950923,0000,1227
19950924,0000,1221
19950925,0000,1194
19950926,0000,m
19950927,0000,1146
19950928,0000,1131
19950929,0000,892
19950930,0000,785
19951001,0000,m
19951002,0000,797
19951003,0000,789
19951004,0000,786
19951005,0000,789
19951006,0000,m
19951007,0000,790
19951008,0000,790
19951009,0000,790
19951010,0000,794
19951011,0000,1079
19951012,0000,1209
19951013,0000,1942
19951014,0000,2289
19951015,0000,2269
19951016,0000,2236
19951017,0000,m
19951018,0000,1610
19951019,0000,1277
19951020,0000,1180
19951021,0000,1180
19951022,0000,1176
19951023,0000,1153
19951024,0000,1143
19951025,0000,1132
19951026,0000,506
19951027,0000,315
19951028,0000,300
19951029,0000,300
19951030,0000,300
19951031,0000,299
19951101,0000,299
19951102,0000,300
19951103,0000,299
19951104,0000,299
19951105,0000,300
19951106,0000,300
19951107,0000,300
19951108,0000,300
19951109,0000,m
19951110,0000,300
19951111,0000,300
19951112,0000,297
19951113,0000,298
19951114,0000,300
19951115,0000,300
19951116,0000,300
19951117,0000,300
19951118,0000,296
19951119,0000,296
19951120,0000,295
19951121,0000,299
19951122,0000,300
19951123,0000,294
19951124,0000,293
19951125,0000,295
19951126,0000,295
19951127,0000,295
19951128,0000,295
19951129,0000,295
19951130,0000,296
19951201,0000,295
19951202,0000,295
19951203,0000,295
19951204,0000,295
19951205,0000,295
19951206,0000,295
19951207,0000,295
19951208,0000,295
19951209,0000,295
19951210,0000,295
19951211,0000,295
19951212,0000,296
19951213,0000,295
19951214,0000,295
19951215,0000,295
19951216,0000,295
19951217,0000,295
19951218,0000,295
19951219,0000,296
19951220,0000,296
19951221,0000,295
19951222,0000,296
19951223,0000,299
19951224,0000,299
19951225,0000,298
19951226,0000,m
19951227,0000,297
19951228,0000,296
19951229,0000,296
19951230,0000,297
19951231,0000,298
19960101,0000,296
19960102,0000,294
19960103,0000,282
19960104,0000,289
19960105,0000,300
19960106,0000,300
19960107,0000,300
19960108,0000,300
19960109,0000,300
19960110,0000,300
19960111,0000,298
19960112,0000,305
19960113,0000,305
19960114,0000,305
19960115,0000,305
19960116,0000,305
19960117,0000,305
19960118,0000,305
19960119,0000,305
19960120,0000,305
19960121,0000,305
19960122,0000,305
19960123,0000,305
19960124,0000,305
19960125,0000,308
19960126,0000,307
19960127,0000,330
19960128,0000,m
19960129,0000,505
19960130,0000,508
19960131,0000,419
19960201,0000,305
19960202,0000,305
19960203,0000,305
19960204,0000,305
19960205,0000,305
19960206,0000,307
19960207,0000,306
19960208,0000,305
19960209,0000,305
19960210,0000,660
19960211,0000,720
19960212,0000,719
19960213,0000,996
19960214,0000,1286
19960215,0000,1571
19960216,0000,1542
19960217,0000,1605
19960218,0000,1601
19960219,0000,1985
19960220,0000,2558
19960221,0000,2574
19960223,0000,3146
19960224,0000,3291
19960225,0000,3299
19960226,0000,3371
19960227,0000,3402
19960228,0000,3632
19960229,0000,3828
19960301,0000,3960
19960302,0000,3937
19960303,0000,3979
19960304,0000,3959
19960305,0000,3958
19960306,0000,3924
19960307,0000,3949
19960308,0000,3974
19960309,0000,3909
19960310,0000,3912
19960311,0000,3898
19960312,0000,3917
19960313,0000,3892
19960314,0000,3868
19960315,0000,3870
19960317,0000,3845
19960318,0000,3856
19960319,0000,3872
19960320,0000,3872
19960322,0000,3705
19960323,0000,3335
19960324,0000,3134
19960325,0000,2987
19960326,0000,2764
19960327,0000,2713
19960328,0000,2688
19960329,0000,2495
19960330,0000,2420
19960331,0000,2496
19960401,0000,2841
19960402,0000,2954
19960403,0000,2922
19960404,0000,2947
19960405,0000,2971
19960406,0000,2972
19960407,0000,2966
19960408,0000,3068
19960409,0000,3118
19960410,0000,3117
19960411,0000,3105
19960412,0000,2996
19960413,0000,2902
19960414,0000,2878
19960415,0000,2893
19960416,0000,2945
19960417,0000,2903
19960418,0000,2884
19960419,0000,2822
19960420,0000,2795
19960421,0000,3250
19960422,0000,2803
19960423,0000,2764
19960424,0000,2726
19960425,0000,2731
19960426,0000,2747
19960427,0000,2771
19960428,0000,2785
19960429,0000,2799
19960430,0000,2835
19960501,0000,2837
19960502,0000,2827
19960503,0000,2831
19960504,0000,2841
19960505,0000,2832
19960506,0000,2909
19960507,0000,2928
19960508,0000,2927
19960509,0000,3022
19960510,0000,3062
19960511,0000,3054
19960512,0000,3044
19960513,0000,3076
19960514,0000,3098
19960515,0000,3091
19960516,0000,2516
19960517,0000,2143
19960518,0000,2010
19960519,0000,2051
19960520,0000,2073
19960521,0000,2094
19960522,0000,2149
19960523,0000,2022
19960524,0000,1979
19960525,0000,297
19960526,0000,2097
19960527,0000,2104
19960528,0000,2135
19960529,0000,2158
19960530,0000,2157
19960531,0000,m
19960601,0000,2259
19960602,0000,2263
19960603,0000,2280
19960604,0000,2321
19960605,0000,2364
19960606,0000,2372
19960607,0000,2488
19960608,0000,2649
19960609,0000,2638
19960610,0000,2710
19960611,0000,2747
19960612,0000,2747
19960613,0000,2749
19960614,0000,2752
19960615,0000,2661
19960616,0000,2506
19960617,0000,2450
19960618,0000,2453
19960619,0000,2452
19960620,0000,2464
19960621,0000,2463
19960622,0000,2454
19960623,0000,2446
19960624,0000,2453
19960625,0000,2454
19960626,0000,2456
19960627,0000,2455
19960628,0000,2372
19960629,0000,2317
19960630,0000,2306
19960701,0000,2304
19960702,0000,2203
19960703,0000,2094
19960704,0000,2019
19960705,0000,2016
19960706,0000,2015
19960707,0000,2013
19960708,0000,2015
19960709,0000,2081
19960710,0000,2064
19960711,0000,2127
19960712,0000,2212
19960713,0000,2250
19960714,0000,2249
19960715,0000,2314
19960716,0000,2266
19960717,0000,2276
19960718,0000,2308
19960719,0000,2359
19960720,0000,2403
19960721,0000,2354
19960722,0000,2314
19960723,0000,2281
19960724,0000,2258
19960725,0000,2312
19960726,0000,2353
19960727,0000,2387
19960728,0000,2408
19960729,0000,2404
19960730,0000,2409
19960731,0000,2464
19960801,0000,2453
19960802,0000,2393
19960803,0000,2347
19960804,0000,m
19960805,0000,2306
19960806,0000,2265
19960807,0000,2208
19960808,0000,2165
19960809,0000,2137
19960810,0000,2056
19960811,0000,1710
19960812,0000,1977
19960813,0000,2120
19960814,0000,2094
19960815,0000,2071
19960816,0000,2071
19960817,0000,2067
19960818,0000,2062
19960819,0000,2065
19960820,0000,2070
19960821,0000,2070
19960822,0000,1878
19960823,0000,1762
19960824,0000,1745
19960825,0000,1747
19960826,0000,1736
19960827,0000,1728
19960828,0000,1731
19960829,0000,1731
19960830,0000,1704
19960831,0000,1669
19960901,0000,1652
19960902,0000,1640
19960903,0000,1639
19960904,0000,1652
19960905,0000,1717
19960906,0000,1743
19960907,0000,1728
19960908,0000,1731
19960909,0000,1731
19960910,0000,1793
19960911,0000,1827
19960912,0000,1828
19960913,0000,1699
19960914,0000,1636
19960915,0000,1635
19960916,0000,1609
19960917,0000,1497
19960918,0000,1444
19960919,0000,1440
19960920,0000,1405
19960921,0000,1395
19960922,0000,1396
19960923,0000,1392
19960924,0000,1374
19960925,0000,1275
19960926,0000,1182
19960927,0000,1148
19960928,0000,1143
19960929,0000,1142
19960930,0000,1010
19961001,0000,955
19961002,0000,956
19961003,0000,978
19961004,0000,981
19961005,0000,968
19961006,0000,962
19961007,0000,962
19961008,0000,962
19961009,0000,970
19961010,0000,1234
19961011,0000,1884
19961012,0000,2115
19961013,0000,2114
19961014,0000,2117
19961015,0000,1942
19961016,0000,1628
19961017,0000,1178
19961018,0000,929
19961019,0000,913
19961020,0000,865
19961021,0000,796
19961022,0000,768
19961023,0000,629
19961024,0000,492
19961025,0000,m
19961026,0000,429
19961027,0000,430
19961028,0000,430
19961029,0000,430
19961030,0000,453
19961031,0000,462
19961101,0000,448
19961102,0000,443
19961103,0000,432
19961104,0000,423
19961105,0000,419
19961106,0000,419
19961107,0000,417
19961108,0000,m
19961109,0000,419
19961110,0000,416
19961111,0000,418
19961112,0000,711
19961113,0000,915
19961114,0000,916
19961115,0000,919
19961116,0000,1039
19961117,0000,1096
19961118,0000,1101
19961119,0000,1101
19961120,0000,1177
19961121,0000,1231
19961122,0000,1415
19961123,0000,1500
19961124,0000,1499
19961125,0000,1399
19961126,0000,m
19961127,0000,1315
19961128,0000,1317
19961129,0000,1325
19961130,0000,1325
19961201,0000,1326
19961202,0000,1288
19961203,0000,1331
19961204,0000,1744
19961205,0000,2784
19961206,0000,3845
19961207,0000,3860
19961208,0000,3819
19961209,0000,3847
19961210,0000,3917
19961211,0000,3793
19961212,0000,3552
19961213,0000,3487
19961214,0000,3482
19961215,0000,3554
19961216,0000,3576
19961217,0000,3601
19961218,0000,3620
19961219,0000,3640
19961220,0000,3660
19961221,0000,3649
19961222,0000,3721
19961223,0000,3698
19961224,0000,3649
19961225,0000,3616
19961226,0000,3620
19961227,0000,4183
19961228,0000,4900
19961229,0000,4896
19961230,0000,5028
19961231,0000,-9999
19970101,0000,4827
19970102,0000,4267
19970103,0000,5523
19970104,0000,5385
19970105,0000,5220
19970106,0000,5123
19970107,0000,5660
19970108,0000,6455
19970109,0000,6651
19970110,0000,6869
19970111,0000,6950
19970112,0000,6366
19970113,0000,6596
19970114,0000,6926
19970115,0000,6680
19970116,0000,6904
19970117,0000,7113
19970118,0000,7117
19970119,0000,-9999
19970120,0000,-9999
19970121,0000,6094
19970122,0000,5976
19970123,0000,6322
19970124,0000,6874
19970125,0000,6634
19970126,0000,6093
19970127,0000,6816
19970128,0000,7361
19970129,0000,7460
19970130,0000,7451
19970131,0000,7346
19970201,0000,7311
19970202,0000,7356
19970203,0000,7392
19970204,0000,7394
19970205,0000,7404
19970206,0000,7440
19970207,0000,7464
19970208,0000,7480
19970209,0000,7482
19970210,0000,6553
19970211,0000,4586
19970212,0000,4012
19970213,0000,4028
19970214,0000,4051
19970215,0000,4762
19970216,0000,5876
19970217,0000,6558
19970218,0000,6959
19970219,0000,7145
19970220,0000,7056
19970221,0000,7089
19970222,0000,7101
19970223,0000,7117
19970224,0000,7069
19970225,0000,7090
19970226,0000,7157
19970227,0000,7040
19970228,0000,6503
19970301,0000,6205
19970302,0000,6273
19970303,0000,6181
19970304,0000,5660
19970305,0000,5076
19970306,0000,4592
19970307,0000,3880
19970308,0000,2953
19970309,0000,2269
19970310,0000,2109
19970311,0000,2008
19970312,0000,1662
19970313,0000,1807
19970314,0000,1926
19970315,0000,1992
19970316,0000,2030
19970317,0000,2326
19970318,0000,2634
19970319,0000,2749
19970320,0000,2812
19970321,0000,2923
19970322,0000,2823
19970323,0000,2604
19970324,0000,2354
19970325,0000,1986
19970326,0000,1848
19970327,0000,1963
19970328,0000,1992
19970329,0000,1918
19970330,0000,1892
19970331,0000,1887
19970401,0000,1889
19970402,0000,2601
19970403,0000,1893
19970404,0000,1893
19970405,0000,1849
19970406,0000,1727
19970407,0000,1686
19970408,0000,1682
19970409,0000,1673
19970410,0000,1868
19970411,0000,1945
19970412,0000,2137
19970413,0000,2517
19970414,0000,2696
19970415,0000,2735
19970416,0000,2760
19970417,0000,2755
19970418,0000,2837
19970419,0000,3043
19970420,0000,3076
19970421,0000,2954
19970422,0000,2903
19970423,0000,2908
19970424,0000,2747
19970425,0000,2661
19970426,0000,2657
19970427,0000,2709
19970428,0000,2732
19970429,0000,2723
19970430,0000,2757
19970501,0000,2759
19970502,0000,2729
19970503,0000,2681
19970504,0000,2679
19970505,0000,2818
19970506,0000,2870
19970507,0000,2857
19970508,0000,2849
19970509,0000,2845
19970510,0000,2852
19970511,0000,2852
19970512,0000,2862
19970513,0000,2711
19970514,0000,2440
19970515,0000,2906
19970516,0000,2907
19970517,0000,2906
19970518,0000,2901
19970519,0000,2964
19970520,0000,2993
19970521,0000,2999
19970522,0000,2986
19970523,0000,2845
19970524,0000,2686
19970525,0000,2691
19970526,0000,2690
19970527,0000,2927
19970528,0000,3062
19970529,0000,3068
19970530,0000,2834
19970531,0000,2778
19970601,0000,2770
19970602,0000,2950
19970603,0000,2931
19970604,0000,2936
19970605,0000,2951
19970606,0000,2783
19970607,0000,2431
19970608,0000,2255
19970609,0000,2264
19970610,0000,2267
19970611,0000,2276
19970612,0000,2269
19970613,0000,2272
19970614,0000,2261
19970615,0000,2259
19970616,0000,2200
19970617,0000,2164
19970618,0000,2161
19970619,0000,2164
19970620,0000,2169
19970621,0000,2166
19970622,0000,2162
19970623,0000,2266
19970624,0000,2309
19970625,0000,2309
19970626,0000,2264
19970627,0000,2240
19970628,0000,2271
19970629,0000,2272
19970630,0000,2091
19970701,0000,1868
19970702,0000,1852
19970703,0000,1873
19970704,0000,1870
19970705,0000,1871
19970706,0000,1872
19970707,0000,1936
19970708,0000,1971
19970709,0000,1938
19970710,0000,1922
19970711,0000,1923
19970712,0000,1940
19970713,0000,1968
19970714,0000,1968
19970715,0000,1971
19970716,0000,1974
19970717,0000,1970
19970718,0000,1966
19970719,0000,1967
19970720,0000,1966
19970721,0000,1966
19970722,0000,1966
19970723,0000,1963
19970724,0000,1966
19970725,0000,1968
19970726,0000,1973
19970727,0000,1970
19970728,0000,1970
19970729,0000,1966
19970730,0000,1966
19970731,0000,1973
19970801,0000,374
19970802,0000,1967
19970803,0000,1965
19970804,0000,1968
19970805,0000,1968
19970806,0000,1965
19970807,0000,1966
19970808,0000,1967
19970809,0000,1970
19970810,0000,1966
19970811,0000,1966
19970812,0000,1965
19970813,0000,1967
19970814,0000,1963
19970815,0000,1964
19970816,0000,1968
19970817,0000,1971
19970818,0000,1970
19970819,0000,1969
19970820,0000,1971
19970821,0000,1975
19970822,0000,1974
19970823,0000,1970
19970824,0000,1714
19970825,0000,1570
19970826,0000,1580
19970827,0000,1585
19970828,0000,1596
19970829,0000,1540
19970830,0000,1533
19970831,0000,1271
19970901,0000,1123
19970902,0000,1113
19970903,0000,1071
19970904,0000,1086
19970905,0000,1089
19970906,0000,1075
19970907,0000,1070
19970908,0000,1069
19970909,0000,1059
19970910,0000,1048
19970911,0000,1027
19970912,0000,1016
19970913,0000,1011
19970914,0000,1007
19970915,0000,1003
19970916,0000,1024
19970917,0000,1039
19970918,0000,1047
19970919,0000,1066
19970920,0000,1064
19970921,0000,1063
19970922,0000,1300
19970923,0000,1476
19970924,0000,1474
19970925,0000,1472
19970926,0000,1465
19970927,0000,1460
19970928,0000,1451
19970929,0000,1166
19970930,0000,989
19971001,0000,984
19971002,0000,967
19971003,0000,942
19971004,0000,873
19971005,0000,840
19971006,0000,835
19971007,0000,825
19971008,0000,817
19971009,0000,1239
19971010,0000,1619
19971011,0000,1526
19971012,0000,1360
19971013,0000,1295
19971014,0000,1304
19971015,0000,1309
19971016,0000,1306
19971017,0000,1304
19971018,0000,1304
19971019,0000,1302
19971020,0000,1128
19971021,0000,778
19971022,0000,469
19971023,0000,362
19971024,0000,343
19971025,0000,336
19971026,0000,335
19971027,0000,337
19971028,0000,335
19971029,0000,665
19971030,0000,870
19971031,0000,870
19971101,0000,869
19971102,0000,869
19971103,0000,869
19971104,0000,869
19971105,0000,535
19971106,0000,337
19971107,0000,335
19971108,0000,335
19971109,0000,337
19971110,0000,339
19971111,0000,337
19971112,0000,337
19971113,0000,549
19971114,0000,660
19971115,0000,662
19971116,0000,663
19971117,0000,451
19971118,0000,335
19971119,0000,335
19971120,0000,335
19971121,0000,335
19971122,0000,335
19971123,0000,335
19971124,0000,335
19971125,0000,335
19971126,0000,335
19971127,0000,m
19971128,0000,333
19971129,0000,330
19971130,0000,330
19971201,0000,335
19971202,0000,337
19971203,0000,340
19971204,0000,342
19971205,0000,343
19971206,0000,335
19971207,0000,356
19971208,0000,335
19971209,0000,332
19971210,0000,364
19971211,0000,343
19971212,0000,340
19971213,0000,340
19971214,0000,340
19971215,0000,338
19971216,0000,339
19971217,0000,340
19971218,0000,337
19971219,0000,m
19971220,0000,339
19971221,0000,339
19971222,0000,339
19971223,0000,337
19971224,0000,336
19971225,0000,341
19971226,0000,342
19971227,0000,343
19971228,0000,343
19971229,0000,343
19971230,0000,342
19971231,0000,341
19980101,0000,343
19980102,0000,m
19980103,0000,m
19980104,0000,343
19980105,0000,337
19980106,0000,335
19980107,0000,340
19980108,0000,340
19980109,0000,340
19980110,0000,340
19980111,0000,342
19980112,0000,1419
19980113,0000,2100
19980114,0000,1376
19980115,0000,1345
19980116,0000,2165
19980117,0000,1750
19980118,0000,1687
19980119,0000,1713
19980120,0000,1715
19980121,0000,1642
19980122,0000,1485
19980123,0000,1369
19980124,0000,1369
19980125,0000,1369
19980126,0000,1550
19980127,0000,1704
19980128,0000,1706
19980129,0000,2015
19980130,0000,2446
19980131,0000,2460
19980201,0000,2206
19980202,0000,1805
19980203,0000,2233
19980204,0000,3884
19980205,0000,4421
19980206,0000,3744
19980207,0000,3354
19980208,0000,4132
19980209,0000,4663
19980210,0000,4450
19980211,0000,4682
19980212,0000,4310
19980213,0000,4263
19980214,0000,3846
19980215,0000,4194
19980216,0000,4322
19980217,0000,4324
19980218,0000,4549
19980219,0000,3971
19980220,0000,4156
19980221,0000,4002
19980222,0000,4208
19980223,0000,3970
19980224,0000,3796
19980225,0000,3826
19980226,0000,3873
19980227,0000,3841
19980228,0000,3815
19980301,0000,3849
19980302,0000,3558
19980303,0000,3034
19980304,0000,2437
19980305,0000,2143
19980306,0000,2143
19980307,0000,2127
19980308,0000,2111
19980309,0000,2115
19980310,0000,2121
19980311,0000,1969
19980312,0000,1812
19980313,0000,1621
19980314,0000,1534
19980315,0000,1532
19980316,0000,1532
19980317,0000,1531
19980318,0000,1917
19980319,0000,3117
19980320,0000,3619
19980321,0000,3408
19980322,0000,2886
19980323,0000,2661
19980324,0000,2620
19980325,0000,2626
19980326,0000,2215
19980327,0000,1713
19980328,0000,1535
19980329,0000,1531
19980330,0000,1535
19980331,0000,1540
19980401,0000,1542
19980402,0000,1664
19980403,0000,1733
19980404,0000,1731
19980405,0000,m
19980406,0000,1728
19980407,0000,2079
19980408,0000,2263
19980409,0000,2259
19980410,0000,2271
19980411,0000,2266
19980412,0000,2274
19980413,0000,2289
19980414,0000,2287
19980415,0000,2264
19980416,0000,2263
19980417,0000,2271
19980418,0000,2272
19980419,0000,2275
19980420,0000,2327
19980421,0000,2325
19980422,0000,2355
19980423,0000,2385
19980424,0000,889
19980425,0000,2492
19980426,0000,2485
19980427,0000,2523
19980428,0000,2611
19980429,0000,2659
19980430,0000,2823
19980501,0000,2929
19980502,0000,2873
19980503,0000,2817
19980504,0000,2952
19980505,0000,2970
19980506,0000,2922
19980507,0000,2921
19980508,0000,2696
19980509,0000,2510
19980510,0000,2492
19980511,0000,2537
19980512,0000,2499
19980513,0000,2441
19980514,0000,2430
19980515,0000,2424
19980516,0000,2430
19980517,0000,2439
19980518,0000,2439
19980519,0000,2435
19980520,0000,2455
19980521,0000,2567
19980522,0000,2724
19980523,0000,2837
19980524,0000,2940
19980525,0000,2999
19980526,0000,3039
19980527,0000,3080
19980528,0000,3067
19980529,0000,2926
19980530,0000,2910
19980531,0000,2958
19980601,0000,2775
19980602,0000,2529
19980603,0000,2473
19980604,0000,2475
19980605,0000,2621
19980606,0000,2709
19980607,0000,2706
19980608,0000,2908
19980609,0000,2975
19980610,0000,2940
19980611,0000,2943
19980612,0000,2954
19980613,0000,2875
19980614,0000,2859
19980615,0000,2904
19980616,0000,2691
19980617,0000,2680
19980618,0000,3349
19980619,0000,3752
19980620,0000,3777
19980621,0000,3776
19980622,0000,3781
19980623,0000,3762
19980624,0000,3766
19980625,0000,3765
19980626,0000,3731
19980627,0000,3722
19980628,0000,3743
19980629,0000,3774
19980630,0000,3784
19980701,0000,3795
19980702,0000,3812
19980703,0000,3819
19980704,0000,3864
19980705,0000,3887
19980706,0000,3872
19980707,0000,3846
19980708,0000,3849
19980709,0000,3685
19980710,0000,3512
19980711,0000,3826
19980712,0000,3470
19980713,0000,3466
19980714,0000,3467
19980715,0000,3471
19980716,0000,3466
19980717,0000,3439
19980718,0000,3437
19980719,0000,3480
19980720,0000,3486
19980721,0000,3487
19980722,0000,3498
19980723,0000,3481
19980724,0000,3504
19980725,0000,m
19980726,0000,3485
19980727,0000,3467
19980728,0000,3465
19980729,0000,3446
19980730,0000,3434
19980731,0000,3442
19980801,0000,3449
19980802,0000,3453
19980803,0000,3449
19980804,0000,3451
19980805,0000,3456
19980806,0000,3460
19980807,0000,3510
19980808,0000,3534
19980809,0000,3530
19980810,0000,3541
19980811,0000,3550
19980812,0000,3534
19980813,0000,3539
19980814,0000,3572
19980815,0000,3578
19980816,0000,3579
19980817,0000,3568
19980818,0000,3537
19980819,0000,3531
19980820,0000,3536
19980821,0000,3552
19980822,0000,3527
19980823,0000,3533
19980824,0000,3510
19980825,0000,3542
19980826,0000,3531
19980827,0000,3523
19980828,0000,1957
19980829,0000,3551
19980830,0000,3535
19980831,0000,3520
19980901,0000,3504
19980902,0000,3487
19980903,0000,3506
19980904,0000,3454
19980905,0000,3428
19980906,0000,3432
19980907,0000,3444
19980908,0000,2954
19980909,0000,2253
19980910,0000,1840
19980911,0000,1896
19980912,0000,2618
19980913,0000,3142
19980914,0000,3088
19980915,0000,3057
19980916,0000,2962
19980917,0000,2904
19980918,0000,2913
19980919,0000,2917
19980920,0000,2902
19980921,0000,2883
19980922,0000,2833
19980923,0000,2826
19980924,0000,2796
19980925,0000,2796
19980926,0000,2774
19980927,0000,2750
19980928,0000,2777
19980929,0000,2736
19980930,0000,2764
19981001,0000,2801
19981002,0000,2803
19981003,0000,2803
19981004,0000,2801
19981005,0000,2795
19981006,0000,2746
19981007,0000,2735
19981008,0000,2741
19981009,0000,2704
19981010,0000,2700
19981011,0000,2560
19981012,0000,2655
19981013,0000,2715
19981014,0000,2748
19981015,0000,2752
19981016,0000,2754
19981017,0000,2740
19981018,0000,2720
19981019,0000,2694
19981020,0000,2587
19981021,0000,2788
19981022,0000,2971
19981023,0000,2954
19981024,0000,2856
19981025,0000,2719
19981026,0000,2622
19981027,0000,2404
19981028,0000,2334
19981029,0000,1992
19981030,0000,1309
19981031,0000,1009
19981101,0000,1001
19981102,0000,1042
19981103,0000,1062
19981104,0000,982
19981105,0000,984
19981106,0000,982
19981107,0000,980
19981108,0000,980
19981109,0000,917
19981110,0000,904
19981111,0000,920
19981112,0000,911
19981113,0000,909
19981114,0000,908
19981115,0000,908
19981116,0000,908
19981117,0000,m
19981118,0000,959
19981119,0000,931
19981120,0000,954
19981121,0000,956
19981122,0000,958
19981123,0000,955
19981124,0000,950
19981125,0000,984
19981126,0000,1003
19981127,0000,1000
19981128,0000,1003
19981129,0000,1002
19981130,0000,1075
19981201,0000,1155
19981202,0000,1155
19981203,0000,1178
19981204,0000,1203
19981205,0000,1205
19981206,0000,1205
19981207,0000,1218
19981208,0000,1218
19981209,0000,1205
19981210,0000,1214
19981211,0000,1209
19981212,0000,1212
19981213,0000,1209
19981214,0000,1216
19981215,0000,1206
19981216,0000,1221
19981217,0000,1186
19981218,0000,1157
19981219,0000,1157
19981220,0000,1145
19981221,0000,1154
19981222,0000,1151
19981223,0000,1149
19981224,0000,1337
19981225,0000,1437
19981226,0000,1433
19981227,0000,1430
19981228,0000,1433
19981229,0000,1431
19981230,0000,1434
19981231,0000,1436
19990101,0000,1435
19990102,0000,1440
19990103,0000,1436
19990104,0000,1438
19990105,0000,1436
19990106,0000,1291
19990107,0000,894
19990108,0000,764
19990109,0000,764
19990110,0000,765
19990111,0000,760
19990112,0000,758
19990113,0000,760
19990114,0000,767
19990115,0000,996
19990116,0000,1275
19990117,0000,1284
19990118,0000,1284
19990119,0000,1491
19990120,0000,1927
19990121,0000,2535
19990122,0000,2840
19990123,0000,2844
19990124,0000,2838
19990125,0000,2985
19990126,0000,3476
19990127,0000,3706
19990128,0000,3423
19990129,0000,m
19990130,0000,m
19990131,0000,1977
19990201,0000,1712
19990202,0000,1903
19990203,0000,2204
19990204,0000,2752
19990205,0000,2753
19990206,0000,2741
19990207,0000,2762
19990208,0000,2829
19990209,0000,2828
19990210,0000,3291
19990211,0000,3865
19990212,0000,4221
19990213,0000,4219
19990214,0000,4233
19990215,0000,3972
19990216,0000,3409
19990217,0000,3884
19990218,0000,4075
19990219,0000,1897
19990220,0000,4123
19990221,0000,3823
19990222,0000,4067
19990223,0000,4319
19990224,0000,4213
19990225,0000,4161
19990226,0000,4167
19990227,0000,3997
19990228,0000,3760
19990301,0000,3268
19990302,0000,2753
19990303,0000,2740
19990304,0000,2757
19990305,0000,2499
19990306,0000,1977
19990307,0000,1681
19990308,0000,1679
19990309,0000,1682
19990310,0000,1682
19990311,0000,1684
19990312,0000,1682
19990313,0000,1681
19990314,0000,1681
19990315,0000,1690
19990316,0000,1703
19990317,0000,1704
19990318,0000,1817
19990319,0000,1879
19990320,0000,1731
19990321,0000,1544
19990322,0000,1634
19990323,0000,1791
19990324,0000,1799
19990325,0000,1801
19990326,0000,1793
19990327,0000,1804
19990328,0000,1808
19990329,0000,m
19990330,0000,1816
19990331,0000,2086
19990401,0000,2064
19990402,0000,2135
19990403,0000,2164
19990404,0000,2156
19990405,0000,2141
19990406,0000,2072
19990407,0000,2063
19990408,0000,1917
19990409,0000,1792
19990410,0000,1870
19990411,0000,1785
19990412,0000,1794
19990413,0000,1928
19990414,0000,2114
19990415,0000,2323
19990416,0000,2300
19990417,0000,2356
19990418,0000,2408
19990419,0000,2486
19990420,0000,2682
19990421,0000,2765
19990422,0000,2765
19990423,0000,2743
19990424,0000,2699
19990425,0000,2695
19990426,0000,2658
19990427,0000,1970
19990428,0000,2482
19990429,0000,2754
19990430,0000,2762
19990501,0000,2741
19990502,0000,2751
19990503,0000,2708
19990504,0000,2769
19990505,0000,2778
19990506,0000,2949
19990507,0000,2992
19990508,0000,3000
19990509,0000,2991
19990510,0000,2979
19990511,0000,2843
19990512,0000,2887
19990513,0000,2856
19990514,0000,2853
19990515,0000,2858
19990516,0000,2821
19990517,0000,2741
19990518,0000,2805
19990519,0000,2799
19990520,0000,3523
19990521,0000,2846
19990522,0000,2846
19990523,0000,2847
19990524,0000,2847
19990525,0000,2926
19990526,0000,2962
19990527,0000,2949
19990528,0000,2755
19990529,0000,2611
19990530,0000,2635
19990531,0000,2636
19990601,0000,2793
19990602,0000,2839
19990603,0000,2826
19990604,0000,2822
19990605,0000,2812
19990606,0000,2818
19990607,0000,2814
19990608,0000,2822
19990609,0000,2818
19990610,0000,2808
19990611,0000,2820
19990612,0000,2823
19990613,0000,2841
19990614,0000,2829
19990615,0000,2834
19990616,0000,2847
19990617,0000,2857
19990618,0000,2853
19990619,0000,2860
19990620,0000,2873
19990621,0000,2867
19990622,0000,2867
19990623,0000,2765
19990624,0000,2530
19990625,0000,2497
19990626,0000,2500
19990627,0000,2500
19990628,0000,2454
19990629,0000,2401
19990630,0000,2423
19990701,0000,2404
19990702,0000,2400
19990703,0000,2398
19990704,0000,2385
19990705,0000,2383
19990706,0000,2241
19990707,0000,2192
19990708,0000,2186
19990709,0000,m
19990710,0000,2210
19990711,0000,2211
19990712,0000,2209
19990713,0000,2226
19990714,0000,2225
19990715,0000,2224
19990716,0000,2224
19990717,0000,2219
19990718,0000,2212
19990719,0000,2210
19990720,0000,2204
19990721,0000,2211
19990722,0000,2202
19990723,0000,2199
19990724,0000,2195
19990725,0000,2194
19990726,0000,2183
19990727,0000,2200
19990728,0000,2248
19990729,0000,2231
19990730,0000,2220
19990731,0000,2221
19990801,0000,2219
19990802,0000,2087
19990803,0000,2007
19990804,0000,2012
19990805,0000,1942
19990806,0000,m
19990807,0000,2045
19990808,0000,2023
19990809,0000,2054
19990810,0000,2051
19990811,0000,2051
19990812,0000,2038
19990813,0000,2031
19990814,0000,2031
19990815,0000,2027
19990816,0000,2027
19990817,0000,2027
19990818,0000,2029
19990819,0000,2026
19990820,0000,2037
19990821,0000,2049
19990822,0000,2045
19990823,0000,2044
19990824,0000,2042
19990825,0000,2032
19990826,0000,2033
19990827,0000,m
19990828,0000,2052
19990829,0000,2052
19990830,0000,2047
19990831,0000,2037
19990901,0000,1873
19990902,0000,1793
19990903,0000,1731
19990904,0000,1700
19990905,0000,1685
19990906,0000,1669
19990907,0000,1647
19990908,0000,1633
19990909,0000,1621
19990910,0000,1602
19990911,0000,1577
19990912,0000,1588
19990913,0000,1535
19990914,0000,1597
19990915,0000,1625
19990916,0000,1624
19990917,0000,1626
19990918,0000,1625
19990919,0000,1615
19990920,0000,1582
19990921,0000,1639
19990922,0000,1674
19990923,0000,1681
19990924,0000,1698
19990925,0000,1713
19990926,0000,1720
19990927,0000,1543
19990928,0000,1454
19990929,0000,1446
19990930,0000,1190
19991001,0000,984
19991002,0000,965
19991003,0000,964
19991004,0000,963
19991005,0000,973
19991006,0000,965
19991007,0000,965
19991008,0000,949
19991009,0000,946
19991010,0000,1199
19991011,0000,1137
19991012,0000,1086
19991013,0000,726
19991014,0000,605
19991015,0000,587
19991016,0000,448
19991017,0000,335
19991018,0000,340
19991019,0000,338
19991020,0000,337
19991021,0000,343
19991022,0000,339
19991023,0000,338
19991024,0000,338
19991025,0000,337
19991026,0000,340
19991027,0000,415
19991028,0000,435
19991029,0000,413
19991030,0000,413
19991031,0000,412
19991101,0000,415
19991102,0000,422
19991103,0000,430
19991104,0000,426
19991105,0000,423
19991106,0000,419
19991107,0000,417
19991108,0000,417
19991109,0000,406
19991110,0000,408
19991111,0000,410
19991112,0000,410
19991113,0000,410
19991114,0000,408
19991115,0000,402
19991116,0000,394
19991117,0000,395
19991118,0000,392
19991119,0000,392
19991120,0000,395
19991121,0000,395
19991122,0000,399
19991123,0000,403
19991124,0000,405
19991125,0000,405
19991126,0000,405
19991127,0000,404
19991128,0000,404
19991129,0000,403
19991130,0000,402
19991201,0000,403
19991202,0000,404
19991203,0000,404
19991204,0000,404
19991205,0000,404
19991206,0000,403
19991207,0000,393
19991208,0000,400
19991209,0000,403
19991210,0000,392
19991211,0000,376
19991212,0000,376
19991213,0000,377
19991214,0000,379
19991215,0000,379
19991216,0000,383
19991217,0000,380
19991218,0000,378
19991219,0000,377
19991220,0000,376
19991221,0000,376
19991222,0000,380
19991223,0000,355
19991224,0000,357
19991225,0000,361
19991226,0000,360
19991227,0000,360
19991228,0000,361
19991229,0000,362
19991230,0000,359
19991231,0000,358
20000101,0000,357
20000102,0000,356
20000103,0000,358
20000104,0000,356
20000105,0000,370
20000106,0000,381
20000107,0000,529
20000108,0000,612
20000109,0000,611
20000110,0000,610
20000111,0000,708
20000112,0000,802
20000113,0000,802
20000114,0000,802
20000115,0000,803
20000116,0000,804
20000117,0000,803
20000118,0000,787
20000119,0000,792
20000120,0000,794
20000121,0000,526
20000122,0000,351
20000123,0000,349
20000124,0000,336
20000125,0000,302
20000126,0000,285
20000127,0000,12
20000128,0000,285
20000129,0000,605
20000130,0000,784
20000131,0000,558
20000201,0000,305
20000202,0000,320
20000203,0000,318
20000204,0000,301
20000205,0000,300
20000206,0000,300
20000207,0000,299
20000208,0000,596
20000209,0000,296
20000210,0000,297
20000211,0000,286
20000212,0000,372
20000213,0000,448
20000214,0000,1081
20000215,0000,1578
20000216,0000,1692
20000217,0000,1699
20000218,0000,1297
20000219,0000,2796
20000220,0000,2823
20000221,0000,2827
20000222,0000,2807
20000223,0000,2762
20000224,0000,2593
20000225,0000,2488
20000226,0000,2472
20000227,0000,2474
20000228,0000,2983
20000229,0000,3467
20000301,0000,3437
20000302,0000,3427
20000303,0000,3429
20000304,0000,3431
20000305,0000,3440
20000306,0000,3428
20000307,0000,3338
20000308,0000,3398
20000309,0000,3164
20000310,0000,2956
20000311,0000,2947
20000312,0000,2737
20000313,0000,2226
20000314,0000,1716
20000315,0000,1492
20000316,0000,1481
20000317,0000,1493
20000318,0000,1492
20000319,0000,1492
20000320,0000,924
20000321,0000,786
20000322,0000,775
20000323,0000,784
20000324,0000,773
20000325,0000,774
20000326,0000,1192
20000327,0000,1420
20000328,0000,1628
20000329,0000,1824
20000330,0000,1890
20000331,0000,1930
20000401,0000,1999
20000402,0000,2024
20000403,0000,2033
20000404,0000,2069
20000405,0000,2124
20000406,0000,2128
20000407,0000,2141
20000408,0000,2148
20000409,0000,2130
20000410,0000,2165
20000411,0000,2454
20000412,0000,2565
20000413,0000,2722
20000414,0000,2802
20000415,0000,2604
20000416,0000,2584
20000417,0000,2306
20000418,0000,1715
20000419,0000,1395
20000420,0000,1740
20000421,0000,1979
20000422,0000,1944
20000423,0000,1990
20000424,0000,2268
20000425,0000,2519
20000426,0000,2600
20000427,0000,2665
20000428,0000,2717
20000429,0000,2740
20000430,0000,2770
20000501,0000,2775
20000502,0000,2751
20000503,0000,2778
20000504,0000,2905
20000505,0000,2989
20000506,0000,3071
20000507,0000,3081
20000508,0000,2993
20000509,0000,2979
20000510,0000,2999
20000511,0000,2845
20000512,0000,2772
20000513,0000,2734
20000514,0000,2741
20000515,0000,2719
20000516,0000,2664
20000517,0000,2600
20000518,0000,2592
20000519,0000,2638
20000520,0000,2611
20000521,0000,2520
20000522,0000,2735
20000523,0000,2769
20000524,0000,2843
20000525,0000,2859
20000526,0000,2906
20000527,0000,3007
20000528,0000,3004
20000529,0000,3003
20000530,0000,3012
20000531,0000,3015
20000601,0000,3007
20000602,0000,3041
20000603,0000,3041
20000604,0000,3043
20000605,0000,3060
20000606,0000,3009
20000607,0000,3077
20000608,0000,3100
20000609,0000,3087
20000610,0000,3068
20000611,0000,3052
20000612,0000,2907
20000613,0000,2702
20000614,0000,2435
20000615,0000,2385
20000616,0000,m
20000617,0000,2327
20000618,0000,2229
20000619,0000,2017
20000620,0000,1906
20000621,0000,1896
20000622,0000,1932
20000623,0000,1957
20000624,0000,1965
20000625,0000,1991
20000626,0000,1976
20000627,0000,1987
20000628,0000,2021
20000629,0000,2021
20000630,0000,2020
20000701,0000,2078
20000702,0000,2103
20000703,0000,2102
20000704,0000,2121
20000705,0000,2075
20000706,0000,2091
20000707,0000,2094
20000708,0000,2078
20000709,0000,2064
20000710,0000,2059
20000711,0000,2056
20000712,0000,1949
20000713,0000,1942
20000714,0000,1982
20000715,0000,1940
20000716,0000,1916
20000717,0000,1905
20000718,0000,1924
20000719,0000,1925
20000720,0000,1899
20000721,0000,1985
20000722,0000,2030
20000723,0000,2060
20000724,0000,2074
20000725,0000,2074
20000726,0000,2085
20000727,0000,2073
20000728,0000,2071
20000729,0000,2084
20000730,0000,2089
20000731,0000,2086
20000801,0000,2195
20000802,0000,2106
20000803,0000,2129
20000804,0000,2156
20000805,0000,2145
20000806,0000,2138
20000807,0000,2136
20000808,0000,2127
20000809,0000,2118
20000810,0000,2096
20000811,0000,2069
20000812,0000,2120
20000813,0000,2122
20000814,0000,2125
20000815,0000,2110
20000816,0000,2106
20000817,0000,2109
20000818,0000,2123
20000819,0000,2053
20000820,0000,2015
20000821,0000,1991
20000822,0000,1811
20000823,0000,1679
20000824,0000,1692
20000825,0000,1676
20000826,0000,1688
20000827,0000,1690
20000828,0000,1641
20000829,0000,1692
20000830,0000,1673
20000831,0000,1653
20000901,0000,1630
20000902,0000,1612
20000903,0000,1611
20000904,0000,1595
20000905,0000,1588
20000906,0000,1594
20000907,0000,1596
20000908,0000,1579
20000909,0000,1548
20000910,0000,1520
20000911,0000,1511
20000912,0000,1607
20000913,0000,1505
20000914,0000,1509
20000915,0000,1492
20000916,0000,1497
20000917,0000,1496
20000918,0000,1426
20000919,0000,1385
20000920,0000,1379
20000921,0000,1372
20000922,0000,1370
20000923,0000,1344
20000924,0000,1343
20000925,0000,1348
20000926,0000,1444
20000927,0000,1507
20000928,0000,1495
20000929,0000,1234
20000930,0000,988
20001001,0000,913
20001002,0000,912
20001003,0000,899
20001004,0000,894
20001005,0000,894
20001006,0000,903
20001007,0000,903
20001008,0000,905
20001009,0000,898
20001010,0000,836
20001011,0000,731
20001012,0000,871
20001013,0000,287
20001014,0000,285
20001015,0000,284
20001016,0000,285
20001017,0000,629
20001018,0000,1038
20001019,0000,1053
20001020,0000,1056
20001021,0000,1058
20001022,0000,1004
20001023,0000,803
20001024,0000,601
20001025,0000,435
20001026,0000,350
20001027,0000,349
20001028,0000,348
20001029,0000,398
20001030,0000,375
20001031,0000,381
20001101,0000,416
20001102,0000,418
20001103,0000,410
20001104,0000,414
20001105,0000,412
20001106,0000,411
20001107,0000,412
20001108,0000,415
20001109,0000,413
20001110,0000,410
20001111,0000,408
20001112,0000,407
20001113,0000,405
20001114,0000,407
20001115,0000,413
20001116,0000,412
20001117,0000,410
20001118,0000,411
20001119,0000,410
20001120,0000,412
20001121,0000,417
20001122,0000,412
20001123,0000,414
20001124,0000,415
20001125,0000,416
20001126,0000,416
20001127,0000,413
20001128,0000,410
20001129,0000,411
20001130,0000,411
20001201,0000,415
20001202,0000,413
20001203,0000,411
20001204,0000,411
20001205,0000,413
20001206,0000,415
20001207,0000,397
20001208,0000,414
20001209,0000,415
20001210,0000,416
20001211,0000,415
20001212,0000,413
20001213,0000,411
20001214,0000,411
20001215,0000,412
20001216,0000,413
20001217,0000,413
20001218,0000,413
20001219,0000,408
20001220,0000,400
20001221,0000,398
20001222,0000,395
20001223,0000,380
20001224,0000,384
20001225,0000,381
20001226,0000,380
20001227,0000,380
20001228,0000,372
20001229,0000,360
20001230,0000,359
20001231,0000,359
20010101,0000,362
20010102,0000,358
20010103,0000,356
20010104,0000,355
20010105,0000,361
20010106,0000,359
20010107,0000,360
20010108,0000,350
20010109,0000,351
20010110,0000,320
20010111,0000,316
20010112,0000,312
20010113,0000,306
20010114,0000,305
20010115,0000,305
20010116,0000,304
20010117,0000,332
20010118,0000,344
20010119,0000,332
20010120,0000,320
20010121,0000,326
20010122,0000,327
20010123,0000,329
20010124,0000,319
20010125,0000,315
20010126,0000,297
20010127,0000,287
20010128,0000,284
20010129,0000,304
20010130,0000,306
20010131,0000,290
20010201,0000,315
20010202,0000,309
20010203,0000,319
20010204,0000,319
20010205,0000,319
20010206,0000,321
20010207,0000,323
20010208,0000,322
20010209,0000,318
20010210,0000,318
20010211,0000,314
20010212,0000,296
20010213,0000,286
20010214,0000,289
20010215,0000,302
20010216,0000,301
20010217,0000,297
20010218,0000,295
20010219,0000,289
20010220,0000,283
20010221,0000,274
20010222,0000,238
20010223,0000,272
20010224,0000,265
20010225,0000,270
20010226,0000,262
20010227,0000,264
20010228,0000,269
20010301,0000,267
20010302,0000,267
20010303,0000,267
20010304,0000,264
20010305,0000,249
20010306,0000,262
20010307,0000,267
20010308,0000,269
20010309,0000,268
20010310,0000,269
20010311,0000,268
20010312,0000,268
20010313,0000,280
20010314,0000,299
20010315,0000,288
20010316,0000,269
20010317,0000,271
20010318,0000,276
20010319,0000,526
20010320,0000,687
20010321,0000,691
20010322,0000,795
20010323,0000,1991
20010324,0000,850
20010325,0000,532
20010326,0000,517
20010327,0000,1188
20010328,0000,1375
20010329,0000,1446
20010330,0000,1541
20010331,0000,1727
20010401,0000,1717
20010402,0000,1677
20010403,0000,1666
20010404,0000,213
20010405,0000,1880
20010406,0000,1833
20010407,0000,1690
20010408,0000,1628
20010409,0000,1568
20010410,0000,1551
20010411,0000,1577
20010412,0000,1638
20010413,0000,1681
20010414,0000,1660
20010415,0000,1764
20010416,0000,1792
20010417,0000,1603
20010418,0000,2005
20010419,0000,2661
20010420,0000,2487
20010421,0000,2208
20010422,0000,2171
20010423,0000,2130
20010424,0000,2074
20010425,0000,2154
20010426,0000,2302
20010427,0000,2369
20010428,0000,2448
20010429,0000,2462
20010430,0000,2503
20010501,0000,2582
20010502,0000,2604
20010503,0000,2635
20010504,0000,2692
20010505,0000,2767
20010506,0000,2841
20010507,0000,2839
20010508,0000,2975
20010509,0000,3097
20010510,0000,3049
20010511,0000,3071
20010512,0000,3109
20010513,0000,3125
20010514,0000,3145
20010515,0000,3148
20010516,0000,3129
20010517,0000,3138
20010518,0000,3174
20010519,0000,2902
20010520,0000,2194
20010521,0000,2426
20010522,0000,2080
20010523,0000,2053
20010524,0000,2061
20010525,0000,2103
20010526,0000,2138
20010527,0000,2168
20010528,0000,2156
20010529,0000,2144
20010530,0000,2160
20010531,0000,2148
20010601,0000,2163
20010602,0000,2173
20010603,0000,2164
20010604,0000,2089
20010605,0000,2058
20010606,0000,2051
20010607,0000,2080
20010608,0000,2099
20010609,0000,2104
20010610,0000,2073
20010611,0000,2059
20010612,0000,2095
20010613,0000,2123
20010614,0000,2132
20010615,0000,2237
20010616,0000,2332
20010617,0000,2338
20010618,0000,2349
20010619,0000,2405
20010620,0000,2420
20010621,0000,2413
20010622,0000,2387
20010623,0000,2387
20010624,0000,2390
20010625,0000,2398
20010626,0000,2406
20010627,0000,2017
20010628,0000,2239
20010629,0000,2150
20010630,0000,2123
20010701,0000,2126
20010702,0000,2112
20010703,0000,2111
20010704,0000,2115
20010705,0000,2111
20010706,0000,2158
20010707,0000,2178
20010708,0000,2183
20010709,0000,2191
20010710,0000,2214
20010711,0000,2232
20010712,0000,2234
20010713,0000,2219
20010714,0000,2040
20010715,0000,2205
20010716,0000,2130
20010717,0000,2086
20010718,0000,2060
20010719,0000,2046
20010720,0000,2028
20010721,0000,2002
20010722,0000,1933
20010723,0000,2000
20010724,0000,2002
20010725,0000,2006
20010726,0000,2009
20010727,0000,2021
20010728,0000,2020
20010729,0000,2022
20010730,0000,2009
20010731,0000,1998
20010801,0000,2015
20010802,0000,2013
20010803,0000,2013
20010804,0000,2005
20010805,0000,1997
20010806,0000,1995
20010807,0000,2004
20010808,0000,2018
20010809,0000,1890
20010810,0000,1793
20010811,0000,1802
20010812,0000,1814
20010813,0000,1815
20010814,0000,1806
20010815,0000,1806
20010816,0000,1810
20010817,0000,1762
20010818,0000,1810
20010819,0000,1804
20010820,0000,1772
20010821,0000,1837
20010822,0000,1878
20010823,0000,1878
20010824,0000,1888
20010825,0000,1855
20010826,0000,1899
20010827,0000,1890
20010828,0000,1889
20010829,0000,1889
20010830,0000,1876
20010831,0000,1836
20010901,0000,1816
20010902,0000,1790
20010903,0000,1778
20010904,0000,1772
20010905,0000,1652
20010906,0000,1556
20010907,0000,1527
20010908,0000,1501
20010909,0000,1498
20010910,0000,1496
20010911,0000,1507
20010912,0000,1497
20010913,0000,1482
20010914,0000,1439
20010915,0000,1417
20010916,0000,1397
20010917,0000,1390
20010918,0000,1381
20010919,0000,1340
20010920,0000,1233
20010921,0000,1235
20010922,0000,1271
20010923,0000,1289
20010924,0000,1308
20010925,0000,1289
20010926,0000,1268
20010927,0000,1225
20010928,0000,1208
20010929,0000,1169
20010930,0000,987
20011001,0000,837
20011002,0000,842
20011003,0000,838
20011004,0000,861
20011005,0000,853
20011006,0000,861
20011007,0000,861
20011008,0000,848
20011009,0000,828
20011010,0000,821
20011011,0000,792
20011012,0000,520
20011013,0000,293
20011014,0000,295
20011015,0000,291
20011016,0000,292
20011017,0000,290
20011018,0000,293
20011019,0000,320
20011020,0000,966
20011021,0000,1025
20011022,0000,1025
20011023,0000,1025
20011024,0000,1023
20011025,0000,1010
20011026,0000,1002
20011027,0000,1003
20011028,0000,918
20011029,0000,380
20011030,0000,374
20011031,0000,378
20011101,0000,372
20011102,0000,381
20011103,0000,377
20011104,0000,378
20011105,0000,979
20011106,0000,380
20011107,0000,381
20011108,0000,380
20011109,0000,381
20011110,0000,381
20011111,0000,378
20011112,0000,371
20011113,0000,364
20011114,0000,359
20011115,0000,355
20011116,0000,355
20011117,0000,352
20011118,0000,m
20011119,0000,353
20011120,0000,355
20011121,0000,355
20011122,0000,354
20011123,0000,354
20011124,0000,355
20011125,0000,350
20011126,0000,349
20011127,0000,348
20011128,0000,346
20011129,0000,342
20011130,0000,338
20011201,0000,332
20011202,0000,330
20011203,0000,332
20011204,0000,338
20011205,0000,361
20011206,0000,367
20011207,0000,359
20011208,0000,370
20011209,0000,369
20011210,0000,366
20011211,0000,365
20011212,0000,357
20011213,0000,376
20011214,0000,363
20011215,0000,363
20011216,0000,363
20011217,0000,365
20011218,0000,366
20011219,0000,365
20011220,0000,349
20011221,0000,308
20011222,0000,290
20011223,0000,290
20011224,0000,289
20011225,0000,290
20011226,0000,292
20011227,0000,289
20011228,0000,279
20011229,0000,271
20011230,0000,279
20011231,0000,283
20020101,0000,284
20020102,0000,273
20020103,0000,277
20020104,0000,285
20020105,0000,287
20020106,0000,287
20020107,0000,289
20020108,0000,277
20020109,0000,293
20020110,0000,292
20020111,0000,302
20020112,0000,339
20020113,0000,354
20020114,0000,352
20020115,0000,355
20020116,0000,345
20020117,0000,339
20020118,0000,341
20020119,0000,336
20020120,0000,340
20020121,0000,340
20020122,0000,337
20020123,0000,339
20020124,0000,338
20020125,0000,337
20020126,0000,332
20020127,0000,337
20020128,0000,336
20020129,0000,297
20020130,0000,305
20020131,0000,336
20020201,0000,329
20020202,0000,314
20020203,0000,312
20020204,0000,365
20020205,0000,531
20020206,0000,525
20020207,0000,519
20020208,0000,520
20020209,0000,519
20020210,0000,520
20020211,0000,531
20020212,0000,539
20020213,0000,538
20020214,0000,541
20020215,0000,538
20020216,0000,543
20020217,0000,544
20020218,0000,549
20020219,0000,520
20020220,0000,517
20020221,0000,516
20020222,0000,516
20020223,0000,515
20020224,0000,516
20020225,0000,512
20020226,0000,524
20020227,0000,516
20020228,0000,529
20020301,0000,531
20020302,0000,531
20020303,0000,531
20020304,0000,526
20020305,0000,521
20020306,0000,514
20020307,0000,508
20020308,0000,465
20020309,0000,463
20020310,0000,466
20020311,0000,466
20020312,0000,479
20020313,0000,513
20020314,0000,806
20020315,0000,1161
20020316,0000,1277
20020317,0000,1277
20020318,0000,1285
20020319,0000,1286
20020320,0000,1280
20020321,0000,1255
20020322,0000,1260
20020323,0000,1200
20020324,0000,1215
20020325,0000,1244
20020326,0000,1276
20020327,0000,1112
20020328,0000,985
20020329,0000,1105
20020330,0000,1167
20020331,0000,1265
20020401,0000,1339
20020402,0000,1575
20020403,0000,1739
20020404,0000,1782
20020405,0000,1719
20020406,0000,1852
20020407,0000,1694
20020408,0000,1813
20020409,0000,1814
20020410,0000,1828
20020411,0000,1812
20020412,0000,1986
20020413,0000,2706
20020414,0000,2605
20020415,0000,2603
20020416,0000,2647
20020417,0000,2736
20020418,0000,2770
20020419,0000,2783
20020420,0000,2815
20020421,0000,2808
20020422,0000,2800
20020423,0000,2839
20020424,0000,2262
20020425,0000,2156
20020426,0000,2110
20020427,0000,2020
20020428,0000,2008
20020429,0000,2007
20020430,0000,1880
20020501,0000,1820
20020502,0000,1875
20020503,0000,1858
20020504,0000,1877
20020505,0000,1880
20020506,0000,1876
20020507,0000,1892
20020508,0000,1977
20020509,0000,2457
20020510,0000,2462
20020511,0000,2418
20020512,0000,2346
20020513,0000,2425
20020514,0000,2491
20020515,0000,2506
20020516,0000,2551
20020517,0000,2577
20020518,0000,2597
20020519,0000,2587
20020520,0000,2561
20020521,0000,2290
20020522,0000,2239
20020523,0000,2306
20020524,0000,2320
20020525,0000,2340
20020526,0000,2341
20020527,0000,2389
20020528,0000,2305
20020529,0000,2219
20020530,0000,2044
20020531,0000,1964
20020601,0000,1952
20020602,0000,1940
20020603,0000,1962
20020604,0000,1921
20020605,0000,1903
20020606,0000,1898
20020607,0000,1891
20020608,0000,1905
20020609,0000,1980
20020610,0000,2019
20020611,0000,2055
20020612,0000,2051
20020613,0000,2011
20020614,0000,2033
20020615,0000,2069
20020616,0000,2061
20020617,0000,2058
20020618,0000,1965
20020619,0000,1923
20020620,0000,1920
20020621,0000,1935
20020622,0000,1921
20020623,0000,1941
20020624,0000,1923
20020625,0000,1922
20020626,0000,1918
20020627,0000,1897
20020628,0000,1950
20020629,0000,2002
20020630,0000,2024
20020701,0000,1932
20020702,0000,1922
20020703,0000,2062
20020704,0000,2033
20020705,0000,2025
20020706,0000,2026
20020707,0000,2032
20020708,0000,2040
20020709,0000,2046
20020710,0000,2138
20020711,0000,2227
20020712,0000,2252
20020713,0000,2261
20020714,0000,2252
20020715,0000,2207
20020716,0000,2144
20020717,0000,2141
20020718,0000,2113
20020719,0000,2111
20020720,0000,2107
20020721,0000,2111
20020722,0000,2112
20020723,0000,2101
20020724,0000,2059
20020725,0000,2030
20020726,0000,1974
20020727,0000,1982
20020728,0000,2007
20020729,0000,2019
20020730,0000,2011
20020731,0000,1908
20020801,0000,1970
20020802,0000,1923
20020803,0000,1906
20020804,0000,1903
20020805,0000,1880
20020806,0000,1870
20020807,0000,1919
20020808,0000,1930
20020809,0000,1956
20020810,0000,1963
20020811,0000,1973
20020812,0000,1967
20020813,0000,1866
20020814,0000,1809
20020815,0000,1784
20020816,0000,1178
20020817,0000,1745
20020818,0000,1735
20020819,0000,1739
20020820,0000,1724
20020821,0000,1733
20020822,0000,1733
20020823,0000,1744
20020824,0000,1702
20020825,0000,1683
20020826,0000,1690
20020827,0000,1660
20020828,0000,1647
20020829,0000,1705
20020830,0000,1638
20020831,0000,1648
20020901,0000,1655
20020902,0000,1625
20020903,0000,1609
20020904,0000,1609
20020905,0000,1609
20020906,0000,1621
20020907,0000,1517
20020908,0000,1441
20020909,0000,1433
20020910,0000,1365
20020911,0000,1326
20020912,0000,1296
20020913,0000,1301
20020914,0000,1288
20020915,0000,1282
20020916,0000,1353
20020917,0000,1417
20020918,0000,1417
20020919,0000,1425
20020920,0000,1425
20020921,0000,1410
20020922,0000,1398
20020923,0000,1368
20020924,0000,1332
20020925,0000,1404
20020926,0000,1432
20020927,0000,1367
20020928,0000,1355
20020929,0000,1346
20020930,0000,1038
20021001,0000,898
20021002,0000,899
20021003,0000,875
20021004,0000,841
20021005,0000,809
20021006,0000,824
20021007,0000,886
20021008,0000,904
20021009,0000,892
20021010,0000,884
20021011,0000,855
20021012,0000,800
20021013,0000,717
20021014,0000,332
20021015,0000,288
20021016,0000,290
20021017,0000,285
20021018,0000,283
20021019,0000,277
20021020,0000,331
20021021,0000,553
20021022,0000,688
20021023,0000,688
20021024,0000,684
20021025,0000,691
20021026,0000,694
20021027,0000,685
20021028,0000,542
20021029,0000,355
20021030,0000,302
20021031,0000,302
20021101,0000,304
20021102,0000,304
20021103,0000,304
20021104,0000,306
20021105,0000,307
20021106,0000,303
20021107,0000,316
20021108,0000,314
20021109,0000,319
20021110,0000,317
20021111,0000,319
20021112,0000,329
20021113,0000,325
20021114,0000,323
20021115,0000,323
20021116,0000,317
20021117,0000,321
20021118,0000,317
20021119,0000,318
20021120,0000,317
20021121,0000,318
20021122,0000,317
20021123,0000,318
20021124,0000,318
20021125,0000,318
20021126,0000,319
20021127,0000,315
20021128,0000,313
20021129,0000,314
20021130,0000,314
20021201,0000,300
20021202,0000,292
20021203,0000,293
20021204,0000,292
20021205,0000,294
20021206,0000,295
20021207,0000,295
20021208,0000,296
20021209,0000,294
20021210,0000,294
20021211,0000,293
20021212,0000,285
20021213,0000,290
20021214,0000,287
20021215,0000,289
20021216,0000,280
20021217,0000,381
20021218,0000,290
20021219,0000,269
20021220,0000,266
20021221,0000,267
20021222,0000,268
20021223,0000,270
20021224,0000,270
20021225,0000,270
20021226,0000,269
20021227,0000,269
20021228,0000,268
20021229,0000,265
20021230,0000,69
20021231,0000,272
20030101,0000,258
20030102,0000,241
20030103,0000,242
20030104,0000,241
20030105,0000,244
20030106,0000,241
20030107,0000,246
20030108,0000,249
20030109,0000,254
20030110,0000,247
20030111,0000,255
20030112,0000,246
20030113,0000,241
20030114,0000,242
20030115,0000,242
20030116,0000,242
20030117,0000,244
20030118,0000,251
20030119,0000,251
20030120,0000,251
20030121,0000,253
20030122,0000,254
20030123,0000,253
20030124,0000,274
20030125,0000,286
20030126,0000,280
20030127,0000,795
20030128,0000,913
20030129,0000,459
20030130,0000,338
20030131,0000,417
20030201,0000,467
20030202,0000,466
20030203,0000,508
20030204,0000,507
20030205,0000,531
20030206,0000,571
20030207,0000,587
20030208,0000,585
20030209,0000,582
20030210,0000,581
20030211,0000,583
20030212,0000,561
20030213,0000,552
20030214,0000,549
20030215,0000,551
20030216,0000,551
20030217,0000,550
20030218,0000,555
20030219,0000,554
20030220,0000,534
20030221,0000,507
20030222,0000,511
20030223,0000,511
20030224,0000,509
20030225,0000,506
20030226,0000,491
20030227,0000,480
20030228,0000,476
20030301,0000,m
20030302,0000,476
20030303,0000,712
20030304,0000,867
20030305,0000,868
20030306,0000,947
20030307,0000,1008
20030308,0000,1010
20030309,0000,1010
20030310,0000,1015
20030311,0000,1018
20030312,0000,1013
20030313,0000,1024
20030314,0000,1032
20030315,0000,1022
20030316,0000,1162
20030317,0000,1206
20030318,0000,1179
20030319,0000,1214
20030320,0000,966
20030321,0000,1306
20030322,0000,1414
20030323,0000,1446
20030324,0000,1361
20030325,0000,1310
20030326,0000,1320
20030327,0000,1351
20030328,0000,1390
20030329,0000,1428
20030330,0000,1522
20030331,0000,1742
20030401,0000,1683
20030402,0000,1425
20030403,0000,1272
20030404,0000,1228
20030405,0000,1261
20030406,0000,1293
20030407,0000,1411
20030408,0000,1520
20030409,0000,1599
20030410,0000,1623
20030411,0000,1656
20030412,0000,1668
20030413,0000,1481
20030414,0000,1453
20030415,0000,1427
20030416,0000,1419
20030417,0000,1491
20030418,0000,1549
20030419,0000,1579
20030420,0000,1571
20030421,0000,1582
20030422,0000,1586
20030423,0000,1723
20030424,0000,2081
20030425,0000,2161
20030426,0000,2037
20030427,0000,2085
20030428,0000,2037
20030429,0000,3979
20030430,0000,2018
20030501,0000,2035
20030502,0000,1991
20030503,0000,1747
20030504,0000,1446
20030505,0000,1156
20030506,0000,1215
20030507,0000,1305
20030508,0000,1373
20030509,0000,1455
20030510,0000,1536
20030511,0000,1587
20030512,0000,1626
20030513,0000,1719
20030514,0000,1917
20030515,0000,2126
20030516,0000,2116
20030517,0000,2252
20030518,0000,2334
20030519,0000,2324
20030520,0000,2367
20030521,0000,2183
20030522,0000,2081
20030523,0000,2080
20030524,0000,2068
20030525,0000,2069
20030526,0000,2061
20030527,0000,2204
20030528,0000,2493
20030529,0000,2479
20030530,0000,2421
20030531,0000,2402
20030601,0000,2387
20030602,0000,2368
20030603,0000,2297
20030604,0000,2319
20030605,0000,2386
20030606,0000,2550
20030607,0000,2551
20030608,0000,2541
20030609,0000,2537
20030610,0000,2533
20030611,0000,2593
20030612,0000,2561
20030613,0000,2672
20030614,0000,2748
20030615,0000,2724
20030616,0000,2714
20030617,0000,2719
20030618,0000,2743
20030619,0000,2738
20030620,0000,2731
20030621,0000,2759
20030622,0000,1974
20030623,0000,2734
20030624,0000,2674
20030625,0000,2644
20030626,0000,2691
20030627,0000,2774
20030628,0000,2819
20030629,0000,2833
20030630,0000,2642
20030701,0000,2305
20030702,0000,2318
20030703,0000,2230
20030704,0000,2178
20030705,0000,2204
20030706,0000,2228
20030707,0000,2192
20030708,0000,2106
20030709,0000,2068
20030710,0000,2080
20030711,0000,2008
20030712,0000,1994
20030713,0000,1979
20030714,0000,1943
20030715,0000,1930
20030716,0000,1975
20030717,0000,2051
20030718,0000,2055
20030719,0000,m
20030720,0000,3231
20030721,0000,2071
20030722,0000,2057
20030723,0000,2099
20030724,0000,2116
20030725,0000,2140
20030726,0000,2158
20030727,0000,2164
20030728,0000,2185
20030729,0000,2162
20030730,0000,2163
20030731,0000,2168
20030801,0000,2172
20030802,0000,2151
20030803,0000,2080
20030804,0000,1970
20030805,0000,1966
20030806,0000,1898
20030807,0000,1864
20030808,0000,1876
20030809,0000,1874
20030810,0000,1868
20030811,0000,1840
20030812,0000,1750
20030813,0000,1713
20030814,0000,1695
20030815,0000,1713
20030816,0000,1712
20030817,0000,1075
20030818,0000,1690
20030819,0000,1690
20030820,0000,1712
20030821,0000,1711
20030822,0000,1704
20030823,0000,1691
20030824,0000,1659
20030825,0000,1675
20030826,0000,1782
20030827,0000,1830
20030828,0000,1808
20030829,0000,1677
20030830,0000,1593
20030831,0000,1591
20030901,0000,1607
20030902,0000,1366
20030903,0000,1189
20030904,0000,1176
20030905,0000,1164
20030906,0000,1149
20030907,0000,1099
20030908,0000,1076
20030909,0000,1046
20030910,0000,1010
20030911,0000,1281
20030912,0000,1440
20030913,0000,1433
20030914,0000,1449
20030915,0000,1441
20030916,0000,1421
20030917,0000,1441
20030918,0000,1446
20030919,0000,1435
20030920,0000,1409
20030921,0000,1403
20030922,0000,1236
20030923,0000,956
20030924,0000,851
20030925,0000,828
20030926,0000,823
20030927,0000,825
20030928,0000,840
20030929,0000,836
20030930,0000,839
20031001,0000,834
20031002,0000,832
20031003,0000,818
20031004,0000,785
20031005,0000,754
20031006,0000,752
20031007,0000,751
20031008,0000,743
20031009,0000,749
20031010,0000,747
20031011,0000,778
20031012,0000,786
20031013,0000,771
20031014,0000,649
20031015,0000,263
20031016,0000,247
20031017,0000,245
20031018,0000,237
20031019,0000,352
20031020,0000,866
20031021,0000,918
20031022,0000,921
20031023,0000,919
20031024,0000,937
20031025,0000,954
20031026,0000,949
20031027,0000,955
20031028,0000,975
20031029,0000,891
20031030,0000,538
20031031,0000,324
20031101,0000,319
20031102,0000,323
20031103,0000,320
20031104,0000,328
20031105,0000,336
20031106,0000,337
20031107,0000,332
20031108,0000,330
20031109,0000,318
20031110,0000,315
20031111,0000,311
20031112,0000,313
20031113,0000,313
20031114,0000,293
20031115,0000,298
20031116,0000,298
20031117,0000,298
20031118,0000,298
20031119,0000,297
20031120,0000,299
20031121,0000,304
20031122,0000,315
20031123,0000,315
20031124,0000,307
20031125,0000,283
20031126,0000,285
20031127,0000,283
20031128,0000,284
20031129,0000,279
20031130,0000,279
20031201,0000,277
20031202,0000,275
20031203,0000,279
20031204,0000,282
20031205,0000,279
20031206,0000,278
20031207,0000,264
20031208,0000,264
20031209,0000,261
20031210,0000,260
20031211,0000,261
20031212,0000,261
20031213,0000,261
20031214,0000,260
20031215,0000,257
20031216,0000,243
20031217,0000,245
20031218,0000,248
20031219,0000,247
20031220,0000,244
20031221,0000,243
20031222,0000,244
20031223,0000,243
20031224,0000,237
20031225,0000,236
20031226,0000,241
20031227,0000,246
20031228,0000,244
20031229,0000,238
20031230,0000,240
20031231,0000,243
20040101,0000,228
20040102,0000,237
20040103,0000,244
20040104,0000,241
20040105,0000,238
20040106,0000,234
20040107,0000,230
20040108,0000,234
20040109,0000,234
20040110,0000,232
20040111,0000,233
20040112,0000,233
20040113,0000,232
20040114,0000,233
20040115,0000,230
20040116,0000,232
20040117,0000,233
20040118,0000,232
20040119,0000,232
20040120,0000,232
20040121,0000,233
20040122,0000,230
20040123,0000,229
20040124,0000,229
20040125,0000,234
20040126,0000,230
20040127,0000,229
20040128,0000,232
20040129,0000,235
20040130,0000,233
20040131,0000,233
20040201,0000,226
20040202,0000,223
20040203,0000,221
20040204,0000,224
20040205,0000,225
20040206,0000,225
20040207,0000,262
20040208,0000,327
20040209,0000,357
20040210,0000,362
20040211,0000,401
20040212,0000,465
20040213,0000,449
20040214,0000,446
20040215,0000,447
20040216,0000,445
20040217,0000,445
20040218,0000,432
20040219,0000,437
20040220,0000,444
20040221,0000,444
20040222,0000,443
20040223,0000,416
20040224,0000,334
20040225,0000,276
20040226,0000,220
20040227,0000,217
20040228,0000,439
20040229,0000,220
20040301,0000,219
20040302,0000,219
20040303,0000,222
20040304,0000,219
20040305,0000,220
20040306,0000,226
20040307,0000,224
20040308,0000,344
20040309,0000,361
20040310,0000,383
20040311,0000,375
20040312,0000,366
20040313,0000,485
20040314,0000,590
20040315,0000,705
20040316,0000,823
20040317,0000,991
20040318,0000,1130
20040319,0000,938
20040320,0000,1270
20040321,0000,1401
20040322,0000,1489
20040323,0000,1385
20040324,0000,1415
20040325,0000,1447
20040326,0000,1320
20040327,0000,1289
20040328,0000,1269
20040329,0000,1262
20040330,0000,1226
20040331,0000,1400
20040401,0000,1472
20040402,0000,1441
20040403,0000,1363
20040404,0000,1239
20040405,0000,1335
20040406,0000,1351
20040407,0000,1379
20040408,0000,1477
20040409,0000,1593
20040410,0000,1628
20040411,0000,1635
20040412,0000,1499
20040413,0000,1542
20040414,0000,1788
20040415,0000,1870
20040416,0000,1833
20040417,0000,1831
20040418,0000,1827
20040419,0000,1723
20040420,0000,1581
20040421,0000,1657
20040422,0000,1849
20040423,0000,1855
20040424,0000,2714
20040425,0000,2715
20040426,0000,2699
20040427,0000,2686
20040428,0000,2665
20040429,0000,2641
20040430,0000,2659
20040501,0000,2628
20040502,0000,2500
20040503,0000,2370
20040504,0000,2232
20040505,0000,m
20040506,0000,2244
20040507,0000,m
20040508,0000,m
20040509,0000,2231
20040510,0000,2212
20040511,0000,2144
20040512,0000,2205
20040513,0000,2413
20040514,0000,2631
20040515,0000,2981
20040516,0000,3029
20040517,0000,3019
20040518,0000,3005
20040519,0000,2769
20040520,0000,2478
20040521,0000,2227
20040522,0000,2022
20040523,0000,2005
20040524,0000,1935
20040525,0000,1834
20040526,0000,1843
20040527,0000,1927
20040528,0000,1956
20040529,0000,1952
20040530,0000,1946
20040531,0000,1952
20040601,0000,1959
20040602,0000,1981
20040603,0000,1992
20040604,0000,1970
20040605,0000,1962
20040606,0000,1837
20040607,0000,1780
20040608,0000,1812
20040609,0000,1807
20040610,0000,1862
20040611,0000,1904
20040612,0000,1890
20040613,0000,1945
20040614,0000,2065
20040615,0000,2035
20040616,0000,2055
20040617,0000,2206
20040618,0000,2418
20040619,0000,2545
20040620,0000,2541
20040621,0000,2518
20040622,0000,2485
20040623,0000,2523
20040624,0000,2520
20040625,0000,2466
20040626,0000,2474
20040627,0000,2492
20040628,0000,2365
20040629,0000,2285
20040630,0000,2289
20040701,0000,575
20040702,0000,2208
20040703,0000,2155
20040704,0000,2168
20040705,0000,2168
20040706,0000,2133
20040707,0000,2112
20040708,0000,2065
20040709,0000,2050
20040710,0000,2077
20040711,0000,2098
20040712,0000,2089
20040713,0000,2043
20040714,0000,2030
20040715,0000,2041
20040716,0000,2083
20040717,0000,2249
20040718,0000,2263
20040719,0000,2250
20040720,0000,2250
20040721,0000,2161
20040722,0000,2098
20040723,0000,2141
20040724,0000,2115
20040725,0000,2079
20040726,0000,2076
20040727,0000,2093
20040728,0000,2085
20040729,0000,2067
20040730,0000,2050
20040731,0000,1974
20040801,0000,1934
20040802,0000,1916
20040803,0000,1901
20040804,0000,1908
20040805,0000,1936
20040806,0000,1926
20040807,0000,1930
20040808,0000,1913
20040809,0000,1883
20040810,0000,1897
20040811,0000,1938
20040812,0000,1947
20040813,0000,1951
20040814,0000,1932
20040815,0000,1889
20040816,0000,1830
20040817,0000,1683
20040818,0000,1605
20040819,0000,1574
20040820,0000,1571
20040821,0000,1590
20040822,0000,1465
20040823,0000,1467
20040824,0000,1269
20040825,0000,1350
20040826,0000,1375
20040827,0000,1379
20040828,0000,1497
20040829,0000,1562
20040830,0000,1546
20040831,0000,1503
20040901,0000,1462
20040902,0000,1399
20040903,0000,1463
20040904,0000,1538
20040905,0000,1552
20040906,0000,1549
20040907,0000,1526
20040908,0000,1506
20040909,0000,1495
20040910,0000,1482
20040911,0000,1471
20040912,0000,1472
20040913,0000,1379
20040914,0000,1105
20040915,0000,958
20040916,0000,855
20040917,0000,846
20040918,0000,858
20040919,0000,855
20040920,0000,840
20040921,0000,921
20040922,0000,952
20040923,0000,970
20040924,0000,914
20040925,0000,877
20040926,0000,872
20040927,0000,855
20040928,0000,1087
20040929,0000,1047
20040930,0000,570
20041001,0000,659
20041002,0000,720
20041003,0000,767
20041004,0000,786
20041005,0000,789
20041006,0000,796
20041007,0000,785
20041008,0000,758
20041009,0000,744
20041010,0000,698
20041011,0000,618
20041012,0000,429
20041013,0000,320
20041014,0000,387
20041015,0000,283
20041016,0000,284
20041017,0000,282
20041018,0000,284
20041019,0000,276
20041020,0000,273
20041021,0000,268
20041022,0000,254
20041023,0000,252
20041024,0000,326
20041025,0000,695
20041026,0000,719
20041027,0000,702
20041028,0000,688
20041029,0000,681
20041030,0000,371
20041031,0000,259
20041101,0000,259
20041102,0000,250
20041103,0000,256
20041104,0000,260
20041105,0000,261
20041106,0000,259
20041107,0000,259
20041108,0000,258
20041109,0000,291
20041110,0000,311
20041111,0000,286
20041112,0000,284
20041113,0000,289
20041114,0000,285
20041115,0000,284
20041116,0000,287
20041117,0000,285
20041118,0000,287
20041119,0000,287
20041120,0000,292
20041121,0000,292
20041122,0000,288
20041123,0000,285
20041124,0000,283
20041125,0000,278
20041126,0000,274
20041127,0000,273
20041128,0000,278
20041129,0000,277
20041130,0000,279
20041201,0000,276
20041202,0000,277
20041203,0000,277
20041204,0000,279
20041205,0000,280
20041206,0000,277
20041207,0000,263
20041208,0000,248
20041209,0000,255
20041210,0000,255
20041211,0000,255
20041212,0000,254
20041213,0000,254
20041214,0000,255
20041215,0000,252
20041216,0000,257
20041217,0000,258
20041218,0000,262
20041219,0000,261
20041220,0000,258
20041221,0000,259
20041222,0000,258
20041223,0000,255
20041224,0000,255
20041225,0000,254
20041226,0000,254
20041227,0000,252
20041228,0000,247
20041229,0000,253
20041230,0000,248
20041231,0000,238
20050101,0000,215
20050102,0000,m
20050103,0000,204
20050104,0000,231
20050105,0000,237
20050106,0000,235
20050107,0000,229
20050108,0000,226
20050109,0000,226
20050110,0000,212
20050111,0000,210
20050112,0000,223
20050113,0000,230
20050114,0000,238
20050115,0000,244
20050116,0000,246
20050117,0000,245
20050118,0000,245
20050119,0000,245
20050120,0000,245
20050121,0000,242
20050122,0000,242
20050123,0000,243
20050124,0000,244
20050125,0000,243
20050126,0000,233
20050127,0000,242
20050128,0000,229
20050129,0000,242
20050130,0000,245
20050131,0000,248
20050201,0000,250
20050202,0000,251
20050203,0000,247
20050204,0000,246
20050205,0000,246
20050206,0000,247
20050207,0000,243
20050208,0000,245
20050209,0000,271
20050210,0000,317
20050211,0000,316
20050212,0000,311
20050213,0000,308
20050214,0000,308
20050215,0000,301
20050216,0000,265
20050217,0000,245
20050218,0000,245
20050219,0000,245
20050220,0000,241
20050221,0000,244
20050222,0000,248
20050223,0000,249
20050224,0000,252
20050225,0000,250
20050226,0000,251
20050227,0000,230
20050228,0000,240
20050301,0000,247
20050302,0000,247
20050303,0000,245
20050304,0000,242
20050305,0000,248
20050306,0000,248
20050307,0000,247
20050308,0000,247
20050309,0000,246
20050310,0000,251
20050311,0000,251
20050312,0000,252
20050313,0000,250
20050314,0000,252
20050315,0000,250
20050316,0000,252
20050317,0000,m
20050318,0000,251
20050319,0000,247
20050320,0000,247
20050321,0000,391
20050322,0000,451
20050323,0000,292
20050324,0000,315
20050325,0000,578
20050326,0000,576
20050327,0000,576
20050328,0000,563
20050329,0000,566
20050330,0000,386
20050331,0000,249
20050401,0000,250
20050402,0000,250
20050403,0000,247
20050404,0000,532
20050405,0000,843
20050406,0000,952
20050407,0000,950
20050408,0000,914
20050409,0000,897
20050410,0000,888
20050411,0000,863
20050412,0000,835
20050413,0000,829
20050414,0000,841
20050415,0000,932
20050416,0000,1020
20050417,0000,1179
20050418,0000,1251
20050419,0000,1259
20050420,0000,1301
20050421,0000,1371
20050422,0000,1434
20050423,0000,1429
20050424,0000,1374
20050425,0000,1333
20050426,0000,1443
20050427,0000,1511
20050428,0000,1498
20050429,0000,2366
20050430,0000,2552
20050501,0000,2638
20050502,0000,2675
20050503,0000,2718
20050504,0000,2763
20050505,0000,2690
20050506,0000,2274
20050507,0000,2037
20050508,0000,2058
20050509,0000,1952
20050510,0000,1881
20050511,0000,2023
20050512,0000,2152
20050513,0000,2204
20050514,0000,2230
20050515,0000,2244
20050516,0000,2279
20050517,0000,2385
20050518,0000,2551
20050519,0000,2568
20050520,0000,2550
20050521,0000,2559
20050522,0000,2550
20050523,0000,2553
20050524,0000,2546
20050525,0000,2672
20050526,0000,2696
20050527,0000,2697
20050528,0000,2734
20050529,0000,2719
20050530,0000,2678
20050531,0000,2646
20050601,0000,2633
20050602,0000,2625
20050603,0000,2537
20050604,0000,2449
20050605,0000,2348
20050606,0000,2235
20050607,0000,1998
20050608,0000,1839
20050609,0000,1724
20050610,0000,1628
20050611,0000,1603
20050612,0000,1627
20050613,0000,1647
20050614,0000,1626
20050615,0000,1532
20050616,0000,1448
20050617,0000,1490
20050618,0000,1517
20050619,0000,1525
20050620,0000,1520
20050621,0000,1509
20050622,0000,1495
20050623,0000,1548
20050624,0000,1609
20050625,0000,1616
20050626,0000,1617
20050627,0000,1605
20050628,0000,1588
20050629,0000,1625
20050630,0000,1691
20050701,0000,1703
20050702,0000,1704
20050703,0000,1716
20050704,0000,1710
20050705,0000,1705
20050706,0000,1673
20050707,0000,1677
20050708,0000,1698
20050709,0000,1693
20050710,0000,1691
20050711,0000,1704
20050712,0000,1749
20050713,0000,1764
20050714,0000,1854
20050715,0000,1874
20050716,0000,1870
20050717,0000,1865
20050718,0000,1874
20050719,0000,1881
20050720,0000,1906
20050721,0000,1879
20050722,0000,1853
20050723,0000,1863
20050724,0000,1878
20050725,0000,1889
20050726,0000,1873
20050727,0000,1872
20050728,0000,1895
20050729,0000,1902
20050730,0000,1916
20050731,0000,1918
20050801,0000,1921
20050802,0000,1908
20050803,0000,1895
20050804,0000,1835
20050805,0000,415
20050806,0000,1869
20050807,0000,1872
20050808,0000,1887
20050809,0000,1890
20050810,0000,1885
20050811,0000,1886
20050812,0000,1874
20050813,0000,m
20050814,0000,1871
20050815,0000,1865
20050816,0000,1864
20050817,0000,1894
20050818,0000,1783
20050819,0000,1737
20050820,0000,1728
20050821,0000,1691
20050822,0000,1683
20050823,0000,1578
20050824,0000,1539
20050825,0000,1541
20050826,0000,1527
20050827,0000,1526
20050828,0000,1508
20050829,0000,1494
20050830,0000,1597
20050831,0000,1634
20050901,0000,1613
20050902,0000,1613
20050903,0000,1588
20050904,0000,1606
20050905,0000,1613
20050906,0000,1570
20050907,0000,1612
20050908,0000,1590
20050909,0000,1536
20050910,0000,1523
20050911,0000,1532
20050912,0000,1554
20050913,0000,1607
20050914,0000,1588
20050915,0000,1578
20050916,0000,1463
20050917,0000,1401
20050918,0000,1379
20050919,0000,1322
20050920,0000,1267
20050921,0000,1273
20050922,0000,1151
20050923,0000,1191
20050924,0000,1206
20050925,0000,1213
20050926,0000,1163
20050927,0000,1083
20050928,0000,1095
20050929,0000,1086
20050930,0000,m
20051001,0000,911
20051002,0000,876
20051003,0000,861
20051004,0000,904
20051005,0000,902
20051006,0000,891
20051007,0000,884
20051008,0000,886
20051009,0000,863
20051010,0000,846
20051011,0000,843
20051012,0000,764
20051013,0000,676
20051014,0000,396
20051015,0000,385
20051016,0000,387
20051017,0000,386
20051018,0000,575
20051019,0000,m
20051020,0000,938
20051021,0000,928
20051022,0000,924
20051023,0000,928
20051024,0000,927
20051025,0000,939
20051026,0000,756
20051027,0000,519
20051028,0000,481
20051029,0000,401
20051030,0000,395
20051031,0000,399
20051101,0000,397
20051102,0000,395
20051103,0000,398
20051104,0000,396
20051105,0000,392
20051106,0000,391
20051107,0000,390
20051108,0000,389
20051109,0000,388
20051110,0000,385
20051111,0000,393
20051112,0000,401
20051113,0000,400
20051114,0000,404
20051115,0000,396
20051116,0000,396
20051117,0000,394
20051118,0000,392
20051119,0000,392
20051120,0000,394
20051121,0000,391
20051122,0000,396
20051123,0000,390
20051124,0000,393
20051125,0000,396
20051126,0000,400
20051127,0000,397
20051128,0000,395
20051129,0000,393
20051130,0000,393
20051201,0000,380
20051202,0000,375
20051203,0000,377
20051204,0000,375
20051205,0000,383
20051206,0000,392
20051207,0000,393
20051208,0000,398
20051209,0000,399
20051210,0000,399
20051211,0000,395
20051212,0000,381
20051213,0000,377
20051214,0000,370
20051215,0000,372
20051216,0000,629
20051217,0000,862
20051218,0000,860
20051219,0000,1065
20051220,0000,1412
20051221,0000,1402
20051222,0000,1383
20051223,0000,1707
20051224,0000,2426
20051225,0000,2334
20051226,0000,2323
20051227,0000,3034
20051228,0000,4457
20051229,0000,4301
20051230,0000,4259
20051231,0000,4402
20060101,0000,4409
20060102,0000,4493
20060103,0000,4961
20060104,0000,5840
20060105,0000,5847
20060106,0000,5844
20060107,0000,5608
20060108,0000,5529
20060109,0000,5525
20060110,0000,5566
20060111,0000,5642
20060112,0000,5678
20060113,0000,5106
20060114,0000,4802
20060115,0000,4672
20060116,0000,4753
20060117,0000,4165
20060118,0000,3755
20060119,0000,2896
20060120,0000,1826
20060121,0000,1825
20060122,0000,1825
20060123,0000,1700
20060124,0000,1656
20060125,0000,1645
20060126,0000,1657
20060127,0000,1657
20060128,0000,1659
20060129,0000,1663
20060130,0000,1657
20060131,0000,1653
20060201,0000,1657
20060202,0000,1661
20060203,0000,1682
20060204,0000,1673
20060205,0000,1666
20060206,0000,1667
20060207,0000,1672
20060208,0000,1676
20060209,0000,1689
20060210,0000,1690
20060211,0000,1688
20060212,0000,1687
20060213,0000,1686
20060214,0000,1684
20060215,0000,1689
20060216,0000,1673
20060217,0000,1675
20060218,0000,1677
20060219,0000,1674
20060220,0000,1673
20060221,0000,1680
20060222,0000,1407
20060223,0000,941
20060224,0000,944
20060225,0000,1310
20060226,0000,1725
20060227,0000,2331
20060228,0000,2952
20060301,0000,3041
20060302,0000,3141
20060303,0000,3336
20060304,0000,3346
20060305,0000,3322
20060306,0000,3324
20060307,0000,3340
20060308,0000,3342
20060309,0000,3347
20060310,0000,3344
20060311,0000,3350
20060312,0000,3355
20060313,0000,3360
20060314,0000,2974
20060315,0000,2866
20060316,0000,2857
20060317,0000,2863
20060318,0000,2870
20060319,0000,2860
20060320,0000,2866
20060321,0000,2879
20060322,0000,2877
20060323,0000,2878
20060324,0000,2861
20060325,0000,2861
20060326,0000,2882
20060327,0000,3088
20060328,0000,3161
20060329,0000,3144
20060330,0000,m
20060331,0000,3153
20060401,0000,3147
20060402,0000,3165
20060403,0000,m
20060404,0000,3329
20060405,0000,4489
20060406,0000,5096
20060407,0000,5343
20060408,0000,4079
20060409,0000,3236
20060410,0000,3129
20060411,0000,3172
20060412,0000,3492
20060413,0000,3629
20060414,0000,3604
20060415,0000,3579
20060416,0000,3525
20060417,0000,4375
20060418,0000,5156
20060419,0000,5099
20060420,0000,5074
20060421,0000,5183
20060422,0000,5194
20060423,0000,5300
20060424,0000,5501
20060425,0000,5513
20060426,0000,5609
20060427,0000,5624
20060428,0000,5666
20060429,0000,5639
20060430,0000,5715
20060501,0000,5605
20060502,0000,5623
20060503,0000,5680
20060504,0000,5593
20060505,0000,5514
20060506,0000,5289
20060507,0000,5450
20060508,0000,5413
20060509,0000,5441
20060510,0000,5499
20060511,0000,5550
20060512,0000,5567
20060513,0000,5555
20060514,0000,5327
20060515,0000,5192
20060516,0000,5235
20060517,0000,5252
20060518,0000,5236
20060519,0000,5238
20060520,0000,5237
20060521,0000,5212
20060522,0000,5215
20060523,0000,4867
20060524,0000,4725
20060525,0000,4729
20060526,0000,4655
20060527,0000,4654
20060528,0000,4433
20060529,0000,4249
20060530,0000,4286
20060531,0000,3973
20060601,0000,3904
20060602,0000,3670
20060603,0000,3577
20060604,0000,3583
20060605,0000,3305
20060606,0000,2983
20060607,0000,2880
20060608,0000,2880
20060609,0000,2898
20060610,0000,2899
20060611,0000,2916
20060612,0000,2925
20060613,0000,2927
20060614,0000,2937
20060615,0000,2965
20060616,0000,3052
20060617,0000,3155
20060618,0000,3156
20060619,0000,3156
20060620,0000,3163
20060621,0000,3156
20060622,0000,3164
20060623,0000,3193
20060624,0000,3189
20060625,0000,3170
20060626,0000,2987
20060627,0000,2871
20060628,0000,2881
20060629,0000,2883
20060630,0000,2936
20060701,0000,2863
20060702,0000,2837
20060703,0000,2828
20060704,0000,2833
20060705,0000,2830
20060706,0000,2792
20060707,0000,2896
20060708,0000,2969
20060709,0000,2981
20060710,0000,3001
20060711,0000,2936
20060712,0000,2934
20060713,0000,2913
20060714,0000,2936
20060715,0000,2938
20060716,0000,2973
20060717,0000,2986
20060718,0000,2990
20060719,0000,2983
20060720,0000,2987
20060721,0000,2987
20060722,0000,2963
20060723,0000,2962
20060724,0000,2964
20060725,0000,3021
20060726,0000,3064
20060727,0000,3011
20060728,0000,3015
20060729,0000,3024
20060730,0000,2123
20060731,0000,3017
20060801,0000,3034
20060802,0000,3013
20060803,0000,3003
20060804,0000,2966
20060805,0000,2940
20060806,0000,2937
20060807,0000,2887
20060808,0000,2863
20060809,0000,2861
20060810,0000,2878
20060811,0000,2882
20060812,0000,2880
20060813,0000,2862
20060814,0000,2820
20060815,0000,2773
20060816,0000,2762
20060817,0000,2742
20060818,0000,2731
20060819,0000,1815
20060820,0000,2776
20060821,0000,2878
20060822,0000,2966
20060823,0000,2953
20060824,0000,2923
20060825,0000,2963
20060826,0000,3340
20060827,0000,2863
20060828,0000,2836
20060829,0000,2721
20060830,0000,2655
20060831,0000,2658
20060901,0000,2688
20060902,0000,2658
20060903,0000,2604
20060904,0000,2613
20060905,0000,2214
20060906,0000,1683
20060907,0000,1723
20060908,0000,1720
20060909,0000,1692
20060910,0000,2097
20060911,0000,2571
20060912,0000,2520
20060913,0000,2458
20060914,0000,2514
20060915,0000,2444
20060916,0000,2460
20060917,0000,2459
20060918,0000,2489
20060919,0000,2657
20060920,0000,2750
20060921,0000,2755
20060922,0000,2744
20060923,0000,2730
20060924,0000,2739
20060925,0000,2730
20060926,0000,2664
20060927,0000,2614
20060928,0000,2592
20060929,0000,2580
20060930,0000,2581
20061001,0000,2562
20061002,0000,2536
20061003,0000,2490
20061004,0000,2508
20061005,0000,2555
20061006,0000,2582
20061007,0000,2600
20061008,0000,2573
20061009,0000,2499
20061010,0000,2497
20061011,0000,2410
20061012,0000,1812
20061013,0000,1507
20061014,0000,1499
20061015,0000,1494
20061016,0000,1492
20061017,0000,1495
20061018,0000,1496
20061019,0000,1508
20061020,0000,1527
20061021,0000,1525
20061022,0000,1526
20061023,0000,1533
20061024,0000,1530
20061025,0000,1522
20061026,0000,1525
20061027,0000,1535
20061028,0000,1518
20061029,0000,1518
20061030,0000,1329
20061031,0000,1095
20061101,0000,826
20061102,0000,650
20061103,0000,649
20061104,0000,649
20061105,0000,647
20061106,0000,647
20061107,0000,649
20061108,0000,644
20061109,0000,636
20061110,0000,640
20061111,0000,641
20061112,0000,641
20061113,0000,637
20061114,0000,647
20061115,0000,651
20061116,0000,644
20061117,0000,634
20061118,0000,625
20061119,0000,615
20061120,0000,613
20061121,0000,605
20061122,0000,605
20061123,0000,612
20061124,0000,605
20061125,0000,605
20061126,0000,609
20061127,0000,608
20061128,0000,612
20061129,0000,609
20061130,0000,619
20061201,0000,616
20061202,0000,620
20061203,0000,629
20061204,0000,620
20061205,0000,625
20061206,0000,619
20061207,0000,616
20061208,0000,611
20061209,0000,609
20061210,0000,606
20061211,0000,735
20061212,0000,780
20061213,0000,1023
20061214,0000,1156
20061215,0000,1166
20061216,0000,1167
20061217,0000,1173
20061218,0000,1171
20061219,0000,1167
20061220,0000,1164
20061221,0000,1174
20061222,0000,1184
20061223,0000,1190
20061224,0000,1192
20061225,0000,1195
20061226,0000,1191
20061227,0000,1180
20061228,0000,1192
20061229,0000,1190
20061230,0000,1193
20061231,0000,1190
20070101,0000,1179
20070102,0000,1186
20070103,0000,1179
20070104,0000,1179
20070105,0000,1176
20070106,0000,1149
20070107,0000,1113
20070108,0000,1117
20070109,0000,1118
20070110,0000,1123
20070111,0000,m

